/*--------------------------------*- C++ -*----------------------------------*\
  =========                 |
  \\      /  F ield         | OpenFOAM: The Open Source CFD Toolbox
   \\    /   O peration     | Website:  https://openfoam.org
    \\  /    A nd           | Version:  12
     \\/     M anipulation  |
\*---------------------------------------------------------------------------*/
FoamFile
{
    format      ascii;
    class       volVectorField::Internal;
    location    "0.85";
    object      cloud:UTrans;
}
// * * * * * * * * * * * * * * * * * * * * * * * * * * * * * * * * * * * * * //

dimensions      [1 1 -1 0 0 0 0];

value           nonuniform List<vector> 
3750
(
(1.75295e-11 -9.28812e-10 0)
(-9.37639e-12 -1.01906e-09 0)
(-2.54726e-11 -9.05318e-10 0)
(-3.14699e-11 -8.80512e-10 0)
(-2.32745e-11 -8.84428e-10 0)
(-1.26533e-11 -9.6536e-10 0)
(9.1751e-12 -1.43532e-09 0)
(-5.49813e-11 -1.40897e-09 0)
(2.6392e-11 -7.71218e-10 0)
(-1.01399e-11 -8.69785e-10 0)
(6.26911e-12 -9.18851e-10 0)
(1.89863e-11 -9.11115e-10 0)
(2.87234e-11 -9.39357e-10 0)
(1.39062e-11 -9.88591e-10 0)
(2.63914e-11 -1.00422e-09 0)
(8.2234e-12 -1.0042e-09 0)
(-4.85845e-11 -2.16143e-09 0)
(-3.67796e-11 -8.92116e-10 0)
(1.8186e-11 -8.18786e-10 0)
(5.35671e-12 -1.85242e-09 0)
(0 0 0)
(2.40938e-11 -8.1863e-10 0)
(0 0 0)
(3.82527e-11 -2.06615e-09 0)
(-5.28747e-11 -8.07606e-10 0)
(-4.67934e-11 -8.7391e-10 0)
(-7.27873e-12 -9.24355e-10 0)
(6.82262e-11 -1.07789e-09 0)
(-6.6545e-11 -1.00445e-09 0)
(-1.34967e-11 -8.89129e-10 0)
(5.74122e-12 -9.26806e-10 0)
(2.99893e-11 -8.53606e-10 0)
(6.79722e-13 -7.91406e-10 0)
(0 0 0)
(-7.309e-11 -8.00629e-10 0)
(-1.41087e-10 -2.34846e-09 0)
(-2.3784e-11 -9.19541e-10 0)
(-1.17235e-10 -1.90667e-09 0)
(-3.14222e-10 -2.51376e-09 0)
(1.71036e-11 -1.01049e-09 0)
(1.18393e-11 -9.78354e-10 0)
(1.60556e-12 -1.01869e-09 0)
(0 0 0)
(1.1627e-10 -1.9335e-09 0)
(-8.59873e-12 -7.1107e-10 0)
(0 0 0)
(0 0 0)
(0 0 0)
(0 0 0)
(0 0 0)
(0 0 0)
(0 0 0)
(0 0 0)
(0 0 0)
(0 0 0)
(0 0 0)
(0 0 0)
(0 0 0)
(0 0 0)
(0 0 0)
(0 0 0)
(0 0 0)
(0 0 0)
(0 0 0)
(0 0 0)
(0 0 0)
(0 0 0)
(0 0 0)
(0 0 0)
(0 0 0)
(0 0 0)
(0 0 0)
(0 0 0)
(0 0 0)
(0 0 0)
(3.31618e-11 -9.90596e-10 0)
(0 0 0)
(0 0 0)
(0 0 0)
(-7.73143e-11 -9.1393e-10 0)
(-3.93141e-11 -9.19967e-10 0)
(-2.26297e-10 -2.8459e-09 0)
(-3.37545e-11 -9.85103e-10 0)
(-4.53104e-11 -1.14288e-09 0)
(-1.44375e-11 -2.59887e-09 0)
(2.67622e-13 -2.89296e-09 0)
(0 0 0)
(0 0 0)
(0 0 0)
(1.63897e-11 -1.03228e-09 0)
(0 0 0)
(4.712e-11 -9.32241e-10 0)
(1.03613e-11 -1.99926e-09 0)
(-2.4995e-13 -1.95229e-09 0)
(2.44735e-11 -7.72989e-10 0)
(3.06089e-12 -7.9764e-10 0)
(5.68e-11 -9.41585e-10 0)
(0 0 0)
(0 0 0)
(-8.21827e-11 -8.76979e-10 0)
(0 0 0)
(-1.9126e-10 -1.87543e-09 0)
(-5.14279e-10 -6.72125e-09 0)
(3.55782e-12 -1.0261e-09 0)
(0 0 0)
(0 0 0)
(3.31786e-11 -8.70075e-10 0)
(0 0 0)
(-1.11789e-10 -1.84215e-09 0)
(-1.07552e-10 -9.51209e-10 0)
(-1.17922e-10 -1.03751e-09 0)
(1.31995e-10 -1.06144e-09 0)
(3.61527e-11 -9.95374e-10 0)
(6.12911e-12 -9.84587e-10 0)
(-6.39753e-11 -2.46989e-09 0)
(0 0 0)
(0 0 0)
(0 0 0)
(0 0 0)
(0 0 0)
(0 0 0)
(0 0 0)
(0 0 0)
(0 0 0)
(0 0 0)
(0 0 0)
(0 0 0)
(0 0 0)
(0 0 0)
(0 0 0)
(0 0 0)
(0 0 0)
(0 0 0)
(0 0 0)
(0 0 0)
(0 0 0)
(0 0 0)
(0 0 0)
(0 0 0)
(0 0 0)
(0 0 0)
(0 0 0)
(0 0 0)
(0 0 0)
(0 0 0)
(0 0 0)
(0 0 0)
(0 0 0)
(0 0 0)
(0 0 0)
(7.21965e-11 -2.1217e-09 0)
(-5.69213e-11 -1.02334e-09 0)
(-4.71004e-12 -9.11912e-10 0)
(0 0 0)
(0 0 0)
(0 0 0)
(-1.31912e-10 -9.3191e-10 0)
(-5.83434e-11 -2.12041e-09 0)
(0 0 0)
(4.0055e-11 -9.00865e-10 0)
(4.96935e-12 -1.20518e-10 0)
(1.05759e-10 -1.5249e-09 0)
(1.25382e-10 -9.27815e-10 0)
(6.2532e-11 -9.82402e-10 0)
(4.74798e-11 -1.03177e-09 0)
(-1.79421e-11 -2.16747e-09 0)
(-2.7102e-11 -1.00154e-09 0)
(-9.03734e-11 -2.24168e-09 0)
(-9.46045e-11 -1.3743e-09 0)
(-5.01779e-11 -1.83004e-09 0)
(-4.9318e-11 -8.27791e-10 0)
(0 0 0)
(-4.53707e-11 -9.35767e-10 0)
(-4.95227e-12 -1.01655e-09 0)
(-6.69887e-11 -2.14923e-09 0)
(-5.04299e-11 -8.48112e-10 0)
(-2.61663e-10 -1.79893e-09 0)
(-1.63202e-10 -9.8485e-10 0)
(0 0 0)
(8.59542e-11 -9.97384e-10 0)
(3.71269e-11 -8.84136e-10 0)
(-2.24563e-11 -1.88309e-09 0)
(-1.93234e-11 -7.83722e-10 0)
(-1.56747e-10 -1.83018e-09 0)
(-1.12562e-10 -1.01875e-09 0)
(-1.98164e-10 -1.759e-09 0)
(1.20193e-11 -8.84049e-10 0)
(0 0 0)
(0 0 0)
(0 0 0)
(0 0 0)
(0 0 0)
(0 0 0)
(0 0 0)
(0 0 0)
(0 0 0)
(0 0 0)
(0 0 0)
(0 0 0)
(0 0 0)
(0 0 0)
(0 0 0)
(0 0 0)
(0 0 0)
(0 0 0)
(0 0 0)
(0 0 0)
(0 0 0)
(0 0 0)
(0 0 0)
(0 0 0)
(0 0 0)
(0 0 0)
(0 0 0)
(0 0 0)
(0 0 0)
(0 0 0)
(0 0 0)
(0 0 0)
(0 0 0)
(0 0 0)
(0 0 0)
(0 0 0)
(0 0 0)
(0 0 0)
(5.46767e-11 -2.25342e-09 0)
(0 0 0)
(-2.32374e-11 -9.53798e-10 0)
(0 0 0)
(3.42272e-11 -1.01368e-09 0)
(-2.89862e-10 -2.30281e-09 0)
(-9.50412e-11 -1.93893e-09 0)
(1.47899e-11 -8.13999e-10 0)
(2.04494e-11 -8.37182e-10 0)
(-8.92838e-12 -8.82513e-10 0)
(1.72203e-11 -8.65338e-10 0)
(-2.99089e-11 -7.53557e-10 0)
(-1.30731e-10 -3.65024e-09 0)
(-6.83204e-12 -8.14559e-10 0)
(4.15783e-11 -3.79749e-09 0)
(3.76643e-11 -8.7956e-10 0)
(2.20212e-11 -9.1148e-10 0)
(-1.69283e-11 -9.59674e-10 0)
(-3.66171e-11 -9.25846e-10 0)
(-3.12365e-11 -8.95955e-10 0)
(-3.5019e-11 -8.44971e-10 0)
(-8.02942e-11 -8.50935e-10 0)
(0 0 0)
(-4.58953e-11 -9.21064e-10 0)
(5.41817e-11 -1.09788e-09 0)
(-1.27657e-11 -1.1157e-09 0)
(-7.29143e-11 -1.26694e-09 0)
(-6.51543e-11 -1.87488e-09 0)
(3.19737e-11 -9.38297e-10 0)
(7.58317e-12 -9.92265e-10 0)
(0 0 0)
(-4.36931e-12 -9.6997e-10 0)
(-4.39779e-11 -8.11103e-10 0)
(-2.44579e-10 -1.89084e-09 0)
(-1.16755e-10 -8.01789e-10 0)
(0 0 0)
(0 0 0)
(0 0 0)
(0 0 0)
(0 0 0)
(0 0 0)
(0 0 0)
(0 0 0)
(0 0 0)
(0 0 0)
(0 0 0)
(0 0 0)
(0 0 0)
(0 0 0)
(0 0 0)
(0 0 0)
(0 0 0)
(0 0 0)
(0 0 0)
(0 0 0)
(0 0 0)
(0 0 0)
(0 0 0)
(0 0 0)
(0 0 0)
(0 0 0)
(0 0 0)
(0 0 0)
(0 0 0)
(0 0 0)
(0 0 0)
(0 0 0)
(0 0 0)
(0 0 0)
(0 0 0)
(0 0 0)
(0 0 0)
(0 0 0)
(0 0 0)
(0 0 0)
(-2.26039e-11 -5.55212e-10 0)
(3.12412e-11 -1.07942e-09 0)
(1.77621e-11 -9.15696e-10 0)
(0 0 0)
(-6.06087e-11 -1.09392e-09 0)
(0 0 0)
(-1.07909e-10 -2.11764e-09 0)
(-5.93369e-11 -8.07718e-10 0)
(-8.51057e-11 -2.01358e-09 0)
(-6.07771e-11 -8.15909e-10 0)
(-1.05964e-10 -2.05395e-09 0)
(-1.65788e-10 -1.94704e-09 0)
(0 0 0)
(1.02832e-11 -8.90037e-10 0)
(-1.95036e-11 -9.25117e-10 0)
(4.66784e-11 -9.62511e-10 0)
(8.98227e-11 -1.11032e-09 0)
(-4.11568e-14 -3.00577e-10 0)
(-8.18803e-13 -5.24708e-10 0)
(3.05702e-11 -9.36834e-10 0)
(-7.45102e-12 -2.25298e-09 0)
(-6.9736e-11 -7.94962e-10 0)
(-6.63548e-11 -7.61771e-10 0)
(-3.8117e-11 -8.40775e-10 0)
(-1.53921e-11 -2.68412e-09 0)
(1.13415e-11 -1.00943e-09 0)
(-4.95131e-12 -8.55885e-10 0)
(-4.07311e-12 -8.87789e-10 0)
(0 0 0)
(0 0 0)
(0 0 0)
(0 0 0)
(-6.89792e-12 -2.13302e-09 0)
(-7.6509e-11 -8.45157e-10 0)
(-8.07565e-11 -8.70615e-10 0)
(-1.06051e-10 -8.97038e-10 0)
(0 0 0)
(0 0 0)
(0 0 0)
(0 0 0)
(0 0 0)
(0 0 0)
(0 0 0)
(0 0 0)
(0 0 0)
(0 0 0)
(0 0 0)
(0 0 0)
(0 0 0)
(0 0 0)
(0 0 0)
(0 0 0)
(0 0 0)
(0 0 0)
(0 0 0)
(0 0 0)
(0 0 0)
(0 0 0)
(0 0 0)
(0 0 0)
(0 0 0)
(0 0 0)
(0 0 0)
(0 0 0)
(0 0 0)
(0 0 0)
(0 0 0)
(0 0 0)
(0 0 0)
(0 0 0)
(0 0 0)
(0 0 0)
(0 0 0)
(0 0 0)
(0 0 0)
(-3.19245e-11 -9.92111e-10 0)
(2.23737e-11 -9.99506e-10 0)
(3.34828e-11 -9.36178e-10 0)
(0 0 0)
(-8.97584e-11 -1.05653e-09 0)
(2.49676e-11 -1.0702e-09 0)
(-5.61045e-11 -8.76236e-10 0)
(-4.54749e-11 -8.27472e-10 0)
(-7.36169e-11 -8.77807e-10 0)
(-8.60331e-11 -9.19501e-10 0)
(-8.37787e-11 -9.19454e-10 0)
(-5.95322e-11 -8.89981e-10 0)
(-5.96231e-11 -8.86435e-10 0)
(-5.01582e-11 -9.52754e-10 0)
(6.45757e-12 -9.77869e-10 0)
(-9.71765e-12 -8.94323e-10 0)
(4.50868e-12 -1.15019e-09 0)
(3.85489e-11 -1.06411e-09 0)
(5.69917e-11 -8.96836e-10 0)
(6.33738e-11 -1.01948e-09 0)
(4.20507e-11 -1.07821e-09 0)
(-3.13936e-11 -8.35015e-10 0)
(-5.46242e-11 -7.77866e-10 0)
(-9.88422e-11 -9.10505e-10 0)
(-8.51697e-11 -1.05417e-09 0)
(-1.6537e-12 -1.02812e-09 0)
(1.9518e-11 -9.59438e-10 0)
(1.51133e-11 -9.33218e-10 0)
(2.8686e-11 -9.42443e-10 0)
(3.34531e-11 -1.02134e-09 0)
(-1.46459e-11 -1.02404e-09 0)
(1.45051e-11 -9.47454e-10 0)
(-3.06442e-11 -9.63306e-10 0)
(0 0 0)
(-6.48252e-11 -1.0169e-09 0)
(0 0 0)
(0 0 0)
(0 0 0)
(0 0 0)
(0 0 0)
(0 0 0)
(0 0 0)
(0 0 0)
(0 0 0)
(0 0 0)
(0 0 0)
(0 0 0)
(0 0 0)
(0 0 0)
(0 0 0)
(0 0 0)
(0 0 0)
(0 0 0)
(0 0 0)
(0 0 0)
(0 0 0)
(0 0 0)
(0 0 0)
(0 0 0)
(0 0 0)
(0 0 0)
(0 0 0)
(0 0 0)
(0 0 0)
(0 0 0)
(0 0 0)
(0 0 0)
(0 0 0)
(0 0 0)
(0 0 0)
(0 0 0)
(0 0 0)
(0 0 0)
(0 0 0)
(0 0 0)
(-3.33891e-12 -9.14587e-10 0)
(2.64336e-11 -8.14317e-10 0)
(-2.25388e-10 -3.11825e-09 0)
(-1.61022e-10 -2.00108e-09 0)
(-8.08787e-11 -1.8295e-09 0)
(4.23925e-12 -1.85492e-09 0)
(-5.7324e-11 -2.04117e-09 0)
(-5.79768e-11 -9.0555e-10 0)
(-6.34263e-11 -9.33245e-10 0)
(-6.73069e-12 -1.98308e-10 0)
(-1.90789e-11 -5.43334e-10 0)
(-6.77287e-11 -9.34446e-10 0)
(-5.20572e-11 -9.5097e-10 0)
(-2.66628e-11 -9.37923e-10 0)
(-6.30219e-12 -9.53779e-10 0)
(0 0 0)
(-1.10736e-10 -2.34432e-09 0)
(4.22002e-11 -9.2848e-10 0)
(5.89734e-11 -8.31907e-10 0)
(2.40817e-12 -9.54504e-10 0)
(3.93971e-11 -1.14708e-09 0)
(0 0 0)
(3.15617e-11 -9.32521e-10 0)
(-7.92254e-11 -8.90683e-10 0)
(-6.84274e-11 -9.59306e-10 0)
(-1.16901e-11 -1.00919e-09 0)
(-3.82278e-11 -1.36732e-09 0)
(-1.12042e-11 -1.57673e-09 0)
(-6.4577e-12 -8.515e-10 0)
(4.69917e-11 -2.26057e-09 0)
(-5.33459e-11 -9.96809e-10 0)
(-3.74834e-11 -8.9222e-10 0)
(-2.86038e-12 -8.93037e-10 0)
(0 0 0)
(-5.75209e-11 -9.21286e-10 0)
(0 0 0)
(0 0 0)
(0 0 0)
(0 0 0)
(0 0 0)
(0 0 0)
(0 0 0)
(0 0 0)
(0 0 0)
(0 0 0)
(0 0 0)
(0 0 0)
(0 0 0)
(0 0 0)
(0 0 0)
(0 0 0)
(0 0 0)
(0 0 0)
(0 0 0)
(0 0 0)
(0 0 0)
(0 0 0)
(0 0 0)
(0 0 0)
(0 0 0)
(0 0 0)
(0 0 0)
(0 0 0)
(0 0 0)
(0 0 0)
(0 0 0)
(0 0 0)
(0 0 0)
(0 0 0)
(0 0 0)
(0 0 0)
(0 0 0)
(0 0 0)
(0 0 0)
(0 0 0)
(-1.11671e-10 -1.89677e-09 0)
(-1.03305e-10 -1.98668e-09 0)
(-8.20181e-11 -8.05043e-10 0)
(-3.08904e-11 -9.4908e-10 0)
(0 0 0)
(-2.4536e-11 -9.88812e-10 0)
(0 0 0)
(-3.93908e-11 -9.43351e-10 0)
(-4.72677e-11 -9.33269e-10 0)
(0 0 0)
(-4.18199e-11 -9.03355e-10 0)
(-5.25167e-11 -9.60113e-10 0)
(-2.38015e-11 -9.53489e-10 0)
(-1.77904e-11 -9.57348e-10 0)
(-1.54634e-12 -7.55556e-11 0)
(5.30309e-12 -1.99791e-09 0)
(-2.78997e-11 -9.35813e-10 0)
(2.26977e-11 -9.21837e-10 0)
(2.55861e-11 -9.13334e-10 0)
(0 0 0)
(-4.41457e-11 -1.06422e-09 0)
(6.39848e-11 -1.0167e-09 0)
(1.86234e-11 -9.75912e-10 0)
(0 0 0)
(-2.80273e-11 -9.57501e-10 0)
(-4.94301e-11 -9.85491e-10 0)
(-5.22589e-11 -9.83437e-10 0)
(-6.04028e-11 -9.65784e-10 0)
(-4.81057e-11 -9.34431e-10 0)
(-5.46062e-11 -2.51538e-09 0)
(-1.75379e-12 -9.16629e-10 0)
(-1.33305e-11 -9.42171e-10 0)
(-4.45345e-12 -9.52185e-10 0)
(-4.61375e-11 -1.93602e-09 0)
(0 0 0)
(0 0 0)
(0 0 0)
(0 0 0)
(0 0 0)
(0 0 0)
(0 0 0)
(0 0 0)
(0 0 0)
(0 0 0)
(0 0 0)
(0 0 0)
(0 0 0)
(0 0 0)
(0 0 0)
(0 0 0)
(0 0 0)
(0 0 0)
(0 0 0)
(0 0 0)
(0 0 0)
(0 0 0)
(0 0 0)
(0 0 0)
(0 0 0)
(0 0 0)
(0 0 0)
(0 0 0)
(0 0 0)
(0 0 0)
(0 0 0)
(0 0 0)
(0 0 0)
(0 0 0)
(0 0 0)
(0 0 0)
(0 0 0)
(0 0 0)
(0 0 0)
(0 0 0)
(0 0 0)
(-1.50177e-10 -2.64741e-09 0)
(-3.52911e-11 -8.05112e-10 0)
(-4.78347e-11 -8.36418e-10 0)
(-1.5793e-11 -9.75209e-10 0)
(0 0 0)
(-1.48583e-11 -1.01711e-09 0)
(0 0 0)
(-3.46157e-11 -9.52331e-10 0)
(-2.17708e-11 -9.51174e-10 0)
(-2.65816e-11 -9.65167e-10 0)
(-1.22106e-11 -9.66782e-10 0)
(-4.61461e-12 -2.29651e-10 0)
(-1.05238e-11 -5.2994e-10 0)
(-3.19297e-11 -1.3612e-09 0)
(-2.13157e-11 -1.53533e-09 0)
(8.38393e-12 -9.18037e-10 0)
(3.72527e-11 -9.0121e-10 0)
(-8.07931e-12 -9.38341e-10 0)
(-6.08227e-13 -2.13431e-10 0)
(-7.75177e-12 -1.75835e-09 0)
(0 0 0)
(3.85311e-11 -9.79074e-10 0)
(2.57732e-11 -1.00172e-09 0)
(2.92129e-13 -1.83886e-10 0)
(6.18574e-13 -6.36319e-10 0)
(0 0 0)
(0 0 0)
(-1.20343e-11 -9.74888e-10 0)
(-6.71128e-11 -1.01847e-09 0)
(-5.95459e-11 -1.08223e-09 0)
(-1.06592e-12 -1.04572e-09 0)
(3.47387e-11 -8.30126e-10 0)
(-8.4107e-12 -8.66067e-10 0)
(-5.51718e-11 -1.30113e-09 0)
(-2.27267e-11 -1.65317e-09 0)
(0 0 0)
(0 0 0)
(0 0 0)
(0 0 0)
(0 0 0)
(0 0 0)
(0 0 0)
(0 0 0)
(0 0 0)
(0 0 0)
(0 0 0)
(0 0 0)
(0 0 0)
(0 0 0)
(0 0 0)
(0 0 0)
(0 0 0)
(0 0 0)
(0 0 0)
(0 0 0)
(0 0 0)
(0 0 0)
(0 0 0)
(0 0 0)
(0 0 0)
(0 0 0)
(0 0 0)
(0 0 0)
(0 0 0)
(0 0 0)
(0 0 0)
(0 0 0)
(0 0 0)
(0 0 0)
(0 0 0)
(0 0 0)
(0 0 0)
(0 0 0)
(0 0 0)
(0 0 0)
(-1.52124e-11 -3.21783e-10 0)
(-1.28572e-11 -2.7162e-10 0)
(-3.02512e-11 -8.52535e-10 0)
(-2.65661e-11 -9.9865e-10 0)
(0 0 0)
(-5.75907e-11 -1.03471e-09 0)
(0 0 0)
(-5.25012e-12 -9.13389e-10 0)
(0 0 0)
(-1.38531e-11 -9.86754e-10 0)
(-7.58923e-12 -9.30055e-10 0)
(0 0 0)
(-5.39961e-11 -2.19001e-09 0)
(-9.14487e-12 -8.32583e-10 0)
(1.34636e-12 -8.29064e-10 0)
(2.24137e-11 -8.59924e-10 0)
(1.06478e-10 -2.25432e-09 0)
(-4.83959e-11 -8.78563e-10 0)
(1.31059e-11 -8.42524e-10 0)
(0 0 0)
(1.01204e-10 -9.09658e-10 0)
(1.95956e-11 -9.49283e-10 0)
(0 0 0)
(3.83376e-11 -9.74297e-10 0)
(-4.27368e-12 -1.01376e-09 0)
(-1.21412e-12 -1.50295e-10 0)
(-3.78916e-11 -1.68471e-09 0)
(-1.82643e-11 -1.0059e-09 0)
(0 0 0)
(-1.26187e-11 -1.07599e-09 0)
(0 0 0)
(0 0 0)
(3.50167e-12 -4.20932e-10 0)
(2.61847e-12 -2.94703e-10 0)
(-9.92749e-11 -2.11919e-09 0)
(4.30751e-12 -8.71199e-10 0)
(-2.26147e-11 -8.64484e-10 0)
(0 0 0)
(0 0 0)
(0 0 0)
(0 0 0)
(0 0 0)
(0 0 0)
(0 0 0)
(0 0 0)
(0 0 0)
(0 0 0)
(0 0 0)
(0 0 0)
(0 0 0)
(0 0 0)
(0 0 0)
(0 0 0)
(0 0 0)
(0 0 0)
(0 0 0)
(0 0 0)
(0 0 0)
(0 0 0)
(0 0 0)
(0 0 0)
(0 0 0)
(0 0 0)
(0 0 0)
(0 0 0)
(0 0 0)
(0 0 0)
(0 0 0)
(0 0 0)
(0 0 0)
(0 0 0)
(0 0 0)
(0 0 0)
(0 0 0)
(0 0 0)
(0 0 0)
(-1.08078e-10 -2.1216e-09 0)
(-3.88924e-11 -8.43267e-10 0)
(-3.09992e-11 -7.58942e-10 0)
(-1.64487e-11 -1.03998e-09 0)
(9.92614e-12 -1.06325e-09 0)
(0 0 0)
(1.23314e-11 -8.8065e-10 0)
(3.22667e-11 -7.72718e-10 0)
(-4.69403e-11 -8.67861e-10 0)
(0 0 0)
(3.47612e-11 -9.38849e-10 0)
(0 0 0)
(3.2125e-11 -9.17095e-10 0)
(-1.98345e-11 -9.51709e-10 0)
(0 0 0)
(-9.80651e-12 -9.55649e-10 0)
(-1.53285e-11 -2.03937e-09 0)
(5.48953e-12 -1.86953e-09 0)
(3.71621e-11 -8.12882e-10 0)
(7.65739e-11 -2.17896e-09 0)
(0 0 0)
(8.52704e-11 -9.22217e-10 0)
(1.00726e-11 -1.03107e-09 0)
(-6.4208e-11 -1.03066e-09 0)
(0 0 0)
(-3.86078e-11 -8.25421e-10 0)
(0 0 0)
(1.90825e-12 -9.73285e-10 0)
(4.0049e-11 -1.04361e-09 0)
(0 0 0)
(-8.2879e-12 -1.14432e-09 0)
(-1.13789e-11 -7.18398e-10 0)
(0 0 0)
(-7.16301e-11 -1.07031e-09 0)
(-1.35929e-10 -2.16502e-09 0)
(0 0 0)
(-6.99816e-12 -7.44897e-10 0)
(0 0 0)
(0 0 0)
(0 0 0)
(0 0 0)
(0 0 0)
(0 0 0)
(0 0 0)
(0 0 0)
(0 0 0)
(0 0 0)
(0 0 0)
(0 0 0)
(0 0 0)
(0 0 0)
(0 0 0)
(0 0 0)
(0 0 0)
(0 0 0)
(0 0 0)
(0 0 0)
(0 0 0)
(0 0 0)
(0 0 0)
(0 0 0)
(0 0 0)
(0 0 0)
(0 0 0)
(0 0 0)
(0 0 0)
(0 0 0)
(0 0 0)
(0 0 0)
(0 0 0)
(0 0 0)
(0 0 0)
(0 0 0)
(0 0 0)
(6.84475e-11 -2.32747e-09 0)
(-2.06999e-11 -9.94039e-10 0)
(-2.03738e-11 -1.89945e-09 0)
(4.55995e-12 -8.14968e-10 0)
(-8.15832e-11 -2.09615e-09 0)
(5.49889e-11 -1.06724e-09 0)
(7.90639e-11 -9.58075e-10 0)
(3.93939e-11 -8.49575e-10 0)
(-2.24572e-11 -2.08667e-09 0)
(0 0 0)
(2.55998e-11 -9.0587e-10 0)
(9.29687e-12 -8.61711e-10 0)
(0 0 0)
(2.00946e-11 -8.54822e-10 0)
(4.64963e-12 -1.00532e-09 0)
(-8.79022e-11 -1.05012e-09 0)
(-8.00305e-11 -1.03247e-09 0)
(2.23385e-11 -9.96826e-10 0)
(-1.39755e-11 -8.67849e-10 0)
(1.73079e-11 -8.69787e-10 0)
(2.93553e-11 -1.02661e-09 0)
(1.42831e-10 -1.90737e-09 0)
(1.19379e-10 -9.54733e-10 0)
(3.84199e-11 -1.0384e-09 0)
(-8.18836e-11 -1.06758e-09 0)
(0 0 0)
(0 0 0)
(-1.31975e-11 -9.29509e-10 0)
(-2.71995e-11 -9.31366e-10 0)
(2.11304e-11 -2.59029e-09 0)
(0 0 0)
(0 0 0)
(-6.96381e-11 -9.0058e-10 0)
(-1.74986e-11 -2.60099e-09 0)
(-5.01743e-11 -9.60587e-10 0)
(-4.72077e-11 -8.24048e-10 0)
(-4.46546e-11 -1.85756e-09 0)
(0 0 0)
(0 0 0)
(0 0 0)
(0 0 0)
(0 0 0)
(0 0 0)
(0 0 0)
(0 0 0)
(0 0 0)
(0 0 0)
(0 0 0)
(0 0 0)
(0 0 0)
(0 0 0)
(0 0 0)
(0 0 0)
(0 0 0)
(0 0 0)
(0 0 0)
(0 0 0)
(0 0 0)
(0 0 0)
(0 0 0)
(0 0 0)
(0 0 0)
(0 0 0)
(0 0 0)
(0 0 0)
(0 0 0)
(0 0 0)
(0 0 0)
(0 0 0)
(0 0 0)
(0 0 0)
(0 0 0)
(0 0 0)
(0 0 0)
(0 0 0)
(-5.14878e-11 -1.06811e-09 0)
(0 0 0)
(0 0 0)
(-7.06223e-12 -9.59906e-10 0)
(-1.74083e-11 -9.73677e-10 0)
(7.22736e-11 -2.08349e-09 0)
(7.50594e-11 -1.08592e-09 0)
(7.25073e-11 -1.74276e-09 0)
(-4.13821e-12 -8.69741e-10 0)
(2.49224e-11 -9.24668e-10 0)
(9.45921e-11 -1.84357e-09 0)
(-6.16047e-13 -1.87458e-09 0)
(-2.83589e-11 -8.16873e-10 0)
(-4.06413e-11 -9.19896e-10 0)
(-3.36182e-11 -1.10663e-09 0)
(0 0 0)
(-3.74241e-11 -9.63748e-10 0)
(-2.38017e-11 -9.44392e-10 0)
(-1.56405e-11 -9.43317e-10 0)
(-4.26621e-12 -9.08865e-10 0)
(1.39348e-11 -8.67071e-10 0)
(4.49604e-11 -8.22682e-10 0)
(1.96456e-10 -2.54653e-09 0)
(-6.46997e-12 -1.16491e-09 0)
(0 0 0)
(-1.12781e-11 -9.29496e-10 0)
(4.94736e-12 -9.05225e-10 0)
(1.42407e-12 -2.76542e-10 0)
(1.64318e-12 -3.92135e-10 0)
(-5.62855e-11 -1.01599e-09 0)
(5.10464e-11 -1.0247e-09 0)
(-2.20458e-11 -9.33759e-10 0)
(0 0 0)
(-1.06077e-10 -1.06633e-09 0)
(-1.25174e-11 -1.1107e-09 0)
(0 0 0)
(0 0 0)
(0 0 0)
(0 0 0)
(0 0 0)
(0 0 0)
(0 0 0)
(0 0 0)
(0 0 0)
(0 0 0)
(0 0 0)
(0 0 0)
(0 0 0)
(0 0 0)
(0 0 0)
(0 0 0)
(0 0 0)
(0 0 0)
(0 0 0)
(0 0 0)
(0 0 0)
(0 0 0)
(0 0 0)
(0 0 0)
(0 0 0)
(0 0 0)
(0 0 0)
(0 0 0)
(0 0 0)
(0 0 0)
(0 0 0)
(0 0 0)
(0 0 0)
(0 0 0)
(0 0 0)
(0 0 0)
(0 0 0)
(0 0 0)
(0 0 0)
(0 0 0)
(-1.77279e-11 -1.06526e-09 0)
(1.47028e-11 -9.74761e-10 0)
(4.33246e-11 -2.03058e-09 0)
(-6.02275e-11 -2.19938e-09 0)
(-2.53794e-11 -8.54491e-10 0)
(-2.97197e-11 -9.14838e-10 0)
(0 0 0)
(-6.9162e-12 -9.48114e-10 0)
(-1.17888e-11 -9.28286e-10 0)
(-5.03846e-11 -1.90856e-09 0)
(-8.82652e-11 -1.83486e-09 0)
(-4.32409e-11 -8.56658e-10 0)
(-3.255e-11 -8.58271e-10 0)
(-6.02358e-11 -8.77492e-10 0)
(-5.60284e-11 -9.61103e-10 0)
(3.25501e-11 -9.94497e-10 0)
(5.34464e-12 -9.44951e-10 0)
(-3.04746e-11 -9.24136e-10 0)
(-1.45155e-11 -9.18291e-10 0)
(-3.56868e-13 -8.92907e-10 0)
(-9.5353e-13 -8.96446e-10 0)
(-2.85052e-11 -9.59936e-10 0)
(5.65244e-12 -4.92676e-10 0)
(6.70611e-11 -1.53741e-09 0)
(9.1708e-11 -1.01421e-09 0)
(4.1008e-11 -8.92117e-10 0)
(1.28083e-11 -1.16392e-09 0)
(1.50814e-11 -1.6789e-09 0)
(0 0 0)
(0 0 0)
(1.4884e-11 -9.91411e-10 0)
(-3.86398e-11 -1.02347e-09 0)
(-4.26528e-12 -1.01391e-09 0)
(-9.4826e-11 -2.4256e-09 0)
(-4.92885e-11 -8.91805e-10 0)
(-1.83965e-11 -1.92726e-09 0)
(0 0 0)
(0 0 0)
(0 0 0)
(0 0 0)
(0 0 0)
(0 0 0)
(0 0 0)
(0 0 0)
(0 0 0)
(0 0 0)
(0 0 0)
(0 0 0)
(0 0 0)
(0 0 0)
(0 0 0)
(0 0 0)
(0 0 0)
(0 0 0)
(0 0 0)
(0 0 0)
(0 0 0)
(0 0 0)
(0 0 0)
(0 0 0)
(0 0 0)
(0 0 0)
(0 0 0)
(0 0 0)
(0 0 0)
(0 0 0)
(0 0 0)
(0 0 0)
(0 0 0)
(0 0 0)
(0 0 0)
(0 0 0)
(0 0 0)
(0 0 0)
(0 0 0)
(2.51692e-11 -9.56294e-10 0)
(0 0 0)
(7.83275e-11 -9.17294e-10 0)
(-2.71393e-11 -1.08174e-09 0)
(-6.37449e-12 -9.88402e-10 0)
(0 0 0)
(-2.31945e-11 -1.77276e-09 0)
(-5.72557e-11 -1.04019e-09 0)
(-2.01471e-11 -8.69802e-10 0)
(-2.64931e-11 -8.5361e-10 0)
(-7.683e-11 -2.03456e-09 0)
(-3.65856e-11 -8.73903e-10 0)
(-1.33969e-11 -9.11315e-10 0)
(-2.96614e-11 -8.96664e-10 0)
(-1.97957e-11 -2.17774e-09 0)
(-9.74822e-12 -8.90522e-10 0)
(7.27042e-12 -8.59666e-10 0)
(-1.3328e-11 -9.06736e-10 0)
(0 0 0)
(1.73954e-11 -9.20632e-10 0)
(1.62428e-11 -9.11575e-10 0)
(2.5041e-11 -8.95658e-10 0)
(2.28553e-11 -9.86001e-10 0)
(9.86908e-11 -1.07526e-09 0)
(7.09101e-11 -1.08502e-09 0)
(4.35165e-11 -9.94243e-10 0)
(1.54404e-11 -9.72459e-10 0)
(0 0 0)
(7.9794e-11 -8.09462e-10 0)
(4.54823e-11 -2.21151e-09 0)
(-7.51004e-11 -2.28774e-09 0)
(-5.19697e-11 -8.35098e-10 0)
(-8.88049e-11 -1.53161e-09 0)
(-9.80306e-11 -1.49412e-09 0)
(0 0 0)
(0 0 0)
(0 0 0)
(0 0 0)
(0 0 0)
(0 0 0)
(0 0 0)
(0 0 0)
(0 0 0)
(0 0 0)
(0 0 0)
(0 0 0)
(0 0 0)
(0 0 0)
(0 0 0)
(0 0 0)
(0 0 0)
(0 0 0)
(0 0 0)
(0 0 0)
(0 0 0)
(0 0 0)
(0 0 0)
(0 0 0)
(0 0 0)
(0 0 0)
(0 0 0)
(0 0 0)
(0 0 0)
(0 0 0)
(0 0 0)
(0 0 0)
(0 0 0)
(0 0 0)
(0 0 0)
(0 0 0)
(0 0 0)
(0 0 0)
(0 0 0)
(0 0 0)
(0 0 0)
(9.33967e-12 -9.80603e-10 0)
(7.61848e-11 -8.62041e-10 0)
(3.84608e-11 -1.05442e-09 0)
(0 0 0)
(0 0 0)
(4.10135e-11 -9.11579e-10 0)
(-2.56907e-11 -9.82595e-10 0)
(0 0 0)
(-4.45481e-11 -9.30311e-10 0)
(-4.08207e-11 -9.44015e-10 0)
(0 0 0)
(-3.08647e-11 -9.33975e-10 0)
(-5.17799e-11 -2.05262e-09 0)
(-3.41654e-11 -8.69777e-10 0)
(-1.01555e-10 -1.96927e-09 0)
(-2.46003e-11 -1.87098e-09 0)
(8.6736e-12 -1.87921e-09 0)
(0 0 0)
(2.43646e-11 -8.30975e-10 0)
(4.14268e-11 -8.51959e-10 0)
(-3.45323e-12 -8.66323e-10 0)
(-1.32246e-11 -8.5316e-10 0)
(6.25445e-11 -9.84264e-10 0)
(6.20721e-11 -1.12617e-09 0)
(7.91039e-11 -1.06942e-09 0)
(4.92553e-11 -1.01523e-09 0)
(-7.9086e-11 -1.80074e-09 0)
(1.30673e-11 -9.82335e-10 0)
(2.63295e-11 -1.85969e-09 0)
(-5.97983e-11 -2.34846e-09 0)
(-3.58883e-11 -9.39172e-10 0)
(-1.36058e-13 -8.79945e-10 0)
(0 0 0)
(0 0 0)
(0 0 0)
(0 0 0)
(0 0 0)
(0 0 0)
(0 0 0)
(0 0 0)
(0 0 0)
(0 0 0)
(0 0 0)
(0 0 0)
(0 0 0)
(0 0 0)
(0 0 0)
(0 0 0)
(0 0 0)
(0 0 0)
(0 0 0)
(0 0 0)
(0 0 0)
(0 0 0)
(0 0 0)
(0 0 0)
(0 0 0)
(0 0 0)
(0 0 0)
(0 0 0)
(0 0 0)
(0 0 0)
(0 0 0)
(0 0 0)
(0 0 0)
(0 0 0)
(0 0 0)
(0 0 0)
(0 0 0)
(0 0 0)
(0 0 0)
(0 0 0)
(0 0 0)
(0 0 0)
(0 0 0)
(5.56544e-12 -9.62007e-10 0)
(1.74423e-11 -9.49306e-10 0)
(1.47853e-12 -2.86501e-11 0)
(1.03399e-10 -2.16657e-09 0)
(9.40617e-11 -1.1039e-09 0)
(5.50841e-11 -9.14456e-10 0)
(1.02684e-11 -9.5228e-10 0)
(0 0 0)
(-1.45095e-11 -9.25601e-10 0)
(0 0 0)
(-2.30505e-11 -9.54981e-10 0)
(-9.1803e-11 -9.17651e-10 0)
(-8.90098e-11 -8.86734e-10 0)
(-1.76256e-10 -2.14617e-09 0)
(-6.57294e-11 -8.24082e-10 0)
(-9.26717e-11 -1.3791e-09 0)
(-6.71823e-11 -1.1664e-09 0)
(1.69146e-11 -2.01521e-09 0)
(-2.6149e-11 -8.7385e-10 0)
(-4.25971e-12 -2.07828e-09 0)
(-1.49918e-11 -7.84839e-10 0)
(3.77787e-12 -8.37328e-10 0)
(-1.17513e-11 -9.09673e-10 0)
(-4.42643e-12 -1.06137e-09 0)
(3.06706e-11 -1.07141e-09 0)
(-2.86639e-11 -1.20576e-09 0)
(0 0 0)
(-2.40901e-11 -8.91096e-10 0)
(-1.97733e-10 -1.88621e-09 0)
(-1.73263e-10 -2.39783e-09 0)
(9.73708e-12 -1.63608e-09 0)
(3.0727e-11 -2.39465e-09 0)
(0 0 0)
(0 0 0)
(0 0 0)
(0 0 0)
(0 0 0)
(0 0 0)
(0 0 0)
(0 0 0)
(0 0 0)
(0 0 0)
(0 0 0)
(0 0 0)
(0 0 0)
(0 0 0)
(0 0 0)
(0 0 0)
(0 0 0)
(0 0 0)
(0 0 0)
(0 0 0)
(0 0 0)
(0 0 0)
(0 0 0)
(0 0 0)
(0 0 0)
(0 0 0)
(0 0 0)
(0 0 0)
(0 0 0)
(0 0 0)
(0 0 0)
(0 0 0)
(0 0 0)
(0 0 0)
(0 0 0)
(0 0 0)
(0 0 0)
(0 0 0)
(0 0 0)
(0 0 0)
(0 0 0)
(0 0 0)
(0 0 0)
(1.07948e-11 -9.66851e-10 0)
(2.10784e-11 -1.00029e-09 0)
(0 0 0)
(-2.55995e-11 -1.03514e-09 0)
(2.81202e-11 -1.14409e-09 0)
(2.13752e-11 -1.00465e-09 0)
(2.52381e-11 -8.32892e-10 0)
(-1.82382e-12 -8.68395e-10 0)
(-2.64461e-11 -9.80839e-10 0)
(0 0 0)
(-1.25968e-10 -2.1972e-09 0)
(-3.51556e-11 -8.41368e-10 0)
(-5.1147e-11 -9.28034e-10 0)
(0 0 0)
(-7.3516e-12 -8.7826e-10 0)
(-1.86666e-11 -9.03357e-10 0)
(0 0 0)
(-1.58026e-11 -1.01687e-09 0)
(0 0 0)
(1.0413e-11 -8.52236e-10 0)
(1.51097e-12 -1.89157e-09 0)
(-5.90842e-12 -1.19589e-09 0)
(-1.42907e-11 -1.26065e-09 0)
(-3.49716e-11 -8.722e-10 0)
(0 0 0)
(-8.944e-11 -1.17604e-09 0)
(-9.40193e-12 -1.0104e-09 0)
(-8.53428e-11 -2.07654e-09 0)
(-6.2978e-11 -8.09292e-10 0)
(-1.13179e-10 -2.10696e-09 0)
(-3.80898e-11 -8.95454e-10 0)
(-3.61088e-11 -1.13913e-09 0)
(1.14493e-10 -2.05893e-09 0)
(0 0 0)
(0 0 0)
(0 0 0)
(0 0 0)
(0 0 0)
(0 0 0)
(0 0 0)
(0 0 0)
(0 0 0)
(0 0 0)
(0 0 0)
(0 0 0)
(0 0 0)
(0 0 0)
(0 0 0)
(0 0 0)
(0 0 0)
(0 0 0)
(0 0 0)
(0 0 0)
(0 0 0)
(0 0 0)
(0 0 0)
(0 0 0)
(0 0 0)
(0 0 0)
(0 0 0)
(0 0 0)
(0 0 0)
(0 0 0)
(0 0 0)
(0 0 0)
(0 0 0)
(0 0 0)
(0 0 0)
(0 0 0)
(0 0 0)
(0 0 0)
(0 0 0)
(0 0 0)
(0 0 0)
(0 0 0)
(3.94403e-11 -9.32983e-10 0)
(3.21707e-11 -9.77002e-10 0)
(3.40044e-11 -9.89505e-10 0)
(0 0 0)
(-2.05427e-11 -2.29523e-09 0)
(5.38345e-11 -9.40799e-10 0)
(2.90021e-11 -8.84459e-10 0)
(6.30206e-12 -2.54904e-10 0)
(1.11181e-11 -4.43733e-10 0)
(0 0 0)
(-2.9044e-12 -9.34011e-10 0)
(0 0 0)
(-6.05502e-11 -9.33885e-10 0)
(-3.48156e-11 -9.94398e-10 0)
(0 0 0)
(-1.94077e-11 -9.37493e-10 0)
(0 0 0)
(0 0 0)
(-1.02788e-11 -9.43086e-10 0)
(-3.24121e-11 -3.24971e-09 0)
(-1.02846e-10 -1.77738e-09 0)
(-1.35626e-10 -1.76025e-09 0)
(-1.73295e-10 -1.89018e-09 0)
(-1.60041e-11 -1.01688e-09 0)
(-4.63217e-11 -1.24618e-09 0)
(-1.58046e-11 -1.00654e-09 0)
(-1.37873e-11 -8.84368e-10 0)
(-2.89101e-11 -8.27685e-10 0)
(-4.509e-11 -8.70653e-10 0)
(-7.24283e-11 -9.36035e-10 0)
(-5.72864e-11 -9.69612e-10 0)
(-4.27561e-11 -9.76026e-10 0)
(-2.26571e-12 -9.69166e-10 0)
(0 0 0)
(0 0 0)
(0 0 0)
(0 0 0)
(0 0 0)
(0 0 0)
(0 0 0)
(0 0 0)
(0 0 0)
(0 0 0)
(0 0 0)
(0 0 0)
(0 0 0)
(0 0 0)
(0 0 0)
(0 0 0)
(0 0 0)
(0 0 0)
(0 0 0)
(0 0 0)
(0 0 0)
(0 0 0)
(0 0 0)
(0 0 0)
(0 0 0)
(0 0 0)
(0 0 0)
(0 0 0)
(0 0 0)
(0 0 0)
(0 0 0)
(0 0 0)
(0 0 0)
(0 0 0)
(0 0 0)
(0 0 0)
(0 0 0)
(0 0 0)
(0 0 0)
(0 0 0)
(0 0 0)
(0 0 0)
(4.29607e-11 -9.89432e-10 0)
(3.17611e-11 -9.80157e-10 0)
(2.56857e-11 -9.97616e-10 0)
(2.22646e-11 -9.98827e-10 0)
(-5.67759e-12 -1.00385e-09 0)
(2.28253e-11 -1.00314e-09 0)
(0 0 0)
(1.75453e-11 -8.90894e-10 0)
(2.04106e-11 -9.69163e-10 0)
(2.81792e-11 -9.09049e-10 0)
(-6.20503e-12 -9.6267e-10 0)
(0 0 0)
(-7.77631e-11 -9.45654e-10 0)
(-6.05591e-11 -9.9041e-10 0)
(-5.0317e-11 -9.46891e-10 0)
(-3.58358e-11 -9.73249e-10 0)
(0 0 0)
(-3.35729e-11 -9.66478e-10 0)
(-1.13394e-10 -2.01066e-09 0)
(-1.44907e-10 -1.79018e-09 0)
(-1.46928e-10 -1.77367e-09 0)
(-7.17517e-11 -8.65771e-10 0)
(-8.59355e-11 -8.96328e-10 0)
(-5.44526e-11 -9.09114e-10 0)
(-8.20537e-11 -1.06994e-09 0)
(-1.64111e-11 -1.10618e-09 0)
(-1.43201e-11 -8.79477e-10 0)
(1.6977e-12 -9.311e-10 0)
(-5.69248e-11 -9.62564e-10 0)
(-5.05303e-11 -9.28589e-10 0)
(-3.54367e-11 -8.79434e-10 0)
(-2.3656e-11 -9.12612e-10 0)
(0 0 0)
(3.35035e-11 -8.05075e-10 0)
(7.83184e-11 -9.2701e-10 0)
(6.98817e-11 -8.9523e-10 0)
(0 0 0)
(0 0 0)
(0 0 0)
(0 0 0)
(0 0 0)
(0 0 0)
(0 0 0)
(0 0 0)
(0 0 0)
(0 0 0)
(0 0 0)
(0 0 0)
(0 0 0)
(0 0 0)
(0 0 0)
(0 0 0)
(0 0 0)
(0 0 0)
(0 0 0)
(0 0 0)
(0 0 0)
(0 0 0)
(0 0 0)
(0 0 0)
(0 0 0)
(0 0 0)
(0 0 0)
(0 0 0)
(0 0 0)
(0 0 0)
(0 0 0)
(0 0 0)
(0 0 0)
(0 0 0)
(0 0 0)
(0 0 0)
(0 0 0)
(0 0 0)
(0 0 0)
(5.62877e-11 -9.54571e-10 0)
(3.49635e-11 -9.9263e-10 0)
(2.16974e-11 -9.97043e-10 0)
(3.22713e-11 -1.02329e-09 0)
(2.75229e-12 -1.06665e-09 0)
(0 0 0)
(1.75075e-11 -8.99943e-10 0)
(4.58187e-11 -1.96836e-09 0)
(0 0 0)
(6.0125e-11 -1.02624e-09 0)
(-1.3364e-10 -2.48898e-09 0)
(-3.27823e-11 -8.25363e-10 0)
(0 0 0)
(-2.88576e-11 -9.65478e-10 0)
(0 0 0)
(-5.09067e-11 -9.19106e-10 0)
(-1.18966e-10 -2.05199e-09 0)
(-6.72896e-11 -8.44127e-10 0)
(-1.6428e-10 -2.03098e-09 0)
(-8.73649e-11 -8.54401e-10 0)
(-8.01216e-11 -8.83879e-10 0)
(-7.13856e-11 -8.85474e-10 0)
(-4.09845e-11 -9.05618e-10 0)
(-7.07344e-11 -9.2096e-10 0)
(-9.48485e-11 -2.12917e-09 0)
(-1.42888e-12 -2.08911e-09 0)
(-5.68084e-12 -9.87699e-10 0)
(0 0 0)
(-3.77345e-11 -9.4276e-10 0)
(-1.54484e-11 -8.92509e-10 0)
(3.00226e-12 -4.90601e-10 0)
(8.38221e-13 -1.26764e-10 0)
(0 0 0)
(4.43735e-11 -1.02374e-09 0)
(6.06154e-11 -2.22449e-09 0)
(-1.32774e-12 -8.44036e-10 0)
(-1.56845e-12 -8.41288e-10 0)
(0 0 0)
(0 0 0)
(0 0 0)
(0 0 0)
(0 0 0)
(0 0 0)
(0 0 0)
(0 0 0)
(0 0 0)
(0 0 0)
(0 0 0)
(0 0 0)
(0 0 0)
(0 0 0)
(0 0 0)
(0 0 0)
(0 0 0)
(0 0 0)
(0 0 0)
(0 0 0)
(0 0 0)
(0 0 0)
(0 0 0)
(0 0 0)
(0 0 0)
(0 0 0)
(0 0 0)
(0 0 0)
(0 0 0)
(0 0 0)
(0 0 0)
(0 0 0)
(0 0 0)
(0 0 0)
(0 0 0)
(0 0 0)
(0 0 0)
(0 0 0)
(-3.30466e-11 -2.28884e-09 0)
(5.40831e-11 -9.60747e-10 0)
(7.27074e-11 -9.8541e-10 0)
(-1.65389e-12 -1.04577e-09 0)
(0 0 0)
(-3.06243e-11 -9.87547e-10 0)
(2.15775e-11 -1.88072e-09 0)
(-2.19416e-11 -8.06471e-10 0)
(-1.85309e-12 -8.79926e-10 0)
(-6.65654e-11 -2.52953e-09 0)
(-2.08043e-11 -9.51118e-10 0)
(-1.21763e-11 -8.95224e-10 0)
(1.0042e-11 -8.36841e-10 0)
(-1.83856e-12 -8.80005e-10 0)
(1.75758e-12 -2.89642e-10 0)
(-1.29691e-11 -1.2739e-09 0)
(-3.85483e-11 -9.32572e-10 0)
(-6.25007e-11 -9.39748e-10 0)
(-7.52771e-11 -9.39214e-10 0)
(-4.28193e-11 -9.57994e-10 0)
(0 0 0)
(-7.2464e-11 -9.13284e-10 0)
(-5.15936e-11 -9.52649e-10 0)
(0 0 0)
(-2.5288e-11 -9.65085e-10 0)
(-1.48357e-11 -1.00091e-09 0)
(-1.28962e-11 -1.02883e-09 0)
(0 0 0)
(5.62009e-11 -9.78279e-10 0)
(2.02389e-11 -9.99056e-10 0)
(0 0 0)
(0 0 0)
(5.8405e-11 -1.0221e-09 0)
(4.39796e-11 -1.05634e-09 0)
(-3.82625e-13 -1.09645e-09 0)
(0 0 0)
(0 0 0)
(0 0 0)
(0 0 0)
(0 0 0)
(0 0 0)
(0 0 0)
(0 0 0)
(0 0 0)
(0 0 0)
(0 0 0)
(0 0 0)
(0 0 0)
(0 0 0)
(0 0 0)
(0 0 0)
(0 0 0)
(0 0 0)
(0 0 0)
(0 0 0)
(0 0 0)
(0 0 0)
(0 0 0)
(0 0 0)
(0 0 0)
(0 0 0)
(0 0 0)
(0 0 0)
(0 0 0)
(0 0 0)
(0 0 0)
(0 0 0)
(0 0 0)
(0 0 0)
(0 0 0)
(0 0 0)
(0 0 0)
(0 0 0)
(0 0 0)
(0 0 0)
(-4.04632e-11 -8.95888e-10 0)
(4.43175e-11 -8.39371e-10 0)
(8.05924e-11 -1.07996e-09 0)
(1.01177e-11 -1.22498e-09 0)
(0 0 0)
(-3.34387e-11 -1.90953e-09 0)
(-8.10908e-11 -1.82165e-09 0)
(-4.89356e-11 -8.08863e-10 0)
(-1.57714e-10 -1.89344e-09 0)
(-4.72863e-11 -9.68721e-10 0)
(-3.14101e-11 -1.0297e-09 0)
(1.91195e-12 -7.76876e-10 0)
(1.89537e-11 -8.19898e-10 0)
(4.00767e-12 -2.08445e-10 0)
(1.12213e-11 -5.64188e-10 0)
(1.10585e-11 -1.01074e-09 0)
(0 0 0)
(-3.54433e-11 -9.77639e-10 0)
(0 0 0)
(-2.39907e-11 -9.30742e-10 0)
(-4.43654e-11 -9.82704e-10 0)
(0 0 0)
(0 0 0)
(-1.56585e-11 -9.74365e-10 0)
(-1.57965e-11 -1.04866e-09 0)
(1.05976e-11 -1.00115e-09 0)
(-5.72349e-12 -1.0263e-09 0)
(0 0 0)
(1.56136e-11 -9.65553e-10 0)
(5.82817e-11 -9.69132e-10 0)
(7.35744e-11 -1.00793e-09 0)
(5.88978e-11 -1.06079e-09 0)
(0 0 0)
(5.04509e-11 -9.84197e-10 0)
(2.30894e-11 -1.0644e-09 0)
(-3.28332e-11 -1.99558e-09 0)
(8.35244e-12 -8.2115e-10 0)
(0 0 0)
(0 0 0)
(0 0 0)
(0 0 0)
(0 0 0)
(0 0 0)
(0 0 0)
(0 0 0)
(0 0 0)
(0 0 0)
(0 0 0)
(0 0 0)
(0 0 0)
(0 0 0)
(0 0 0)
(0 0 0)
(0 0 0)
(0 0 0)
(0 0 0)
(0 0 0)
(0 0 0)
(0 0 0)
(0 0 0)
(0 0 0)
(0 0 0)
(0 0 0)
(0 0 0)
(0 0 0)
(0 0 0)
(0 0 0)
(0 0 0)
(0 0 0)
(0 0 0)
(0 0 0)
(0 0 0)
(0 0 0)
(0 0 0)
(0 0 0)
(-1.23803e-10 -3.06664e-09 0)
(-4.90227e-12 -8.09199e-10 0)
(3.3821e-12 -9.29247e-10 0)
(6.83565e-11 -2.42151e-09 0)
(9.64939e-11 -3.01652e-09 0)
(6.71574e-11 -1.07227e-09 0)
(-3.10098e-11 -8.24554e-10 0)
(-4.96718e-11 -9.05909e-10 0)
(-2.42769e-13 -4.0983e-11 0)
(-6.81137e-13 -2.47334e-09 0)
(0 0 0)
(0 0 0)
(6.64952e-11 -8.74586e-10 0)
(8.9472e-11 -8.80323e-10 0)
(0 0 0)
(4.70321e-11 -8.46603e-10 0)
(3.19994e-11 -9.21173e-10 0)
(0 0 0)
(7.81052e-13 -9.47552e-10 0)
(0 0 0)
(-2.27604e-11 -9.75253e-10 0)
(0 0 0)
(-3.18107e-11 -9.54519e-10 0)
(-3.56572e-11 -9.56194e-10 0)
(1.34325e-11 -9.98382e-10 0)
(0 0 0)
(-6.80356e-14 -1.01641e-09 0)
(2.46582e-11 -9.9282e-10 0)
(2.81807e-11 -9.15249e-10 0)
(2.44761e-11 -9.08018e-10 0)
(7.43306e-11 -9.40478e-10 0)
(5.06114e-11 -1.00815e-09 0)
(5.75924e-11 -9.85196e-10 0)
(-2.34443e-11 -1.04431e-09 0)
(-1.44508e-10 -2.44081e-09 0)
(-2.74336e-11 -8.7453e-10 0)
(0 0 0)
(0 0 0)
(0 0 0)
(0 0 0)
(0 0 0)
(0 0 0)
(0 0 0)
(0 0 0)
(0 0 0)
(0 0 0)
(0 0 0)
(0 0 0)
(0 0 0)
(0 0 0)
(0 0 0)
(0 0 0)
(0 0 0)
(0 0 0)
(0 0 0)
(0 0 0)
(0 0 0)
(0 0 0)
(0 0 0)
(0 0 0)
(0 0 0)
(0 0 0)
(0 0 0)
(0 0 0)
(0 0 0)
(0 0 0)
(0 0 0)
(0 0 0)
(0 0 0)
(0 0 0)
(0 0 0)
(0 0 0)
(0 0 0)
(0 0 0)
(0 0 0)
(-1.12721e-10 -2.04829e-09 0)
(-4.50344e-11 -1.82848e-09 0)
(-4.31048e-11 -1.81569e-09 0)
(-3.21016e-11 -1.96783e-09 0)
(-1.14121e-11 -9.5445e-10 0)
(-1.57603e-11 -8.50608e-10 0)
(-5.57016e-11 -8.86127e-10 0)
(0 0 0)
(0 0 0)
(-1.96831e-11 -1.05644e-09 0)
(0 0 0)
(6.66436e-11 -8.56589e-10 0)
(3.19708e-11 -8.52622e-10 0)
(4.73062e-11 -8.11768e-10 0)
(1.05461e-10 -2.0302e-09 0)
(2.28107e-11 -8.55991e-10 0)
(2.3702e-11 -2.0163e-09 0)
(-5.72509e-13 -8.39648e-11 0)
(-1.15295e-11 -1.89616e-09 0)
(-2.42354e-12 -2.21814e-10 0)
(-9.86644e-12 -1.42055e-09 0)
(-6.74348e-12 -9.82325e-10 0)
(0 0 0)
(2.01882e-11 -9.11771e-10 0)
(-1.11689e-11 -9.49388e-10 0)
(0 0 0)
(2.02601e-11 -9.89639e-10 0)
(2.61824e-11 -9.22212e-10 0)
(7.14957e-11 -1.98344e-09 0)
(-4.07531e-12 -7.89021e-10 0)
(2.53042e-11 -8.66853e-10 0)
(6.00319e-11 -9.84209e-10 0)
(-3.04251e-11 -1.09609e-09 0)
(-1.06133e-10 -2.4755e-09 0)
(1.42503e-11 -9.49192e-10 0)
(0 0 0)
(0 0 0)
(0 0 0)
(0 0 0)
(0 0 0)
(0 0 0)
(0 0 0)
(0 0 0)
(0 0 0)
(0 0 0)
(0 0 0)
(0 0 0)
(0 0 0)
(0 0 0)
(0 0 0)
(0 0 0)
(0 0 0)
(0 0 0)
(0 0 0)
(0 0 0)
(0 0 0)
(0 0 0)
(0 0 0)
(0 0 0)
(0 0 0)
(0 0 0)
(0 0 0)
(0 0 0)
(0 0 0)
(0 0 0)
(0 0 0)
(0 0 0)
(0 0 0)
(0 0 0)
(0 0 0)
(0 0 0)
(0 0 0)
(0 0 0)
(0 0 0)
(0 0 0)
(0 0 0)
(-1.47918e-11 -9.01751e-10 0)
(-1.45832e-10 -2.0811e-09 0)
(-1.31347e-10 -2.02195e-09 0)
(-6.27811e-11 -1.98765e-09 0)
(-1.37761e-12 -9.2554e-10 0)
(3.06438e-12 -9.27561e-10 0)
(0 0 0)
(-1.28868e-11 -3.49326e-10 0)
(-1.16719e-11 -2.97144e-10 0)
(3.79425e-11 -8.17531e-10 0)
(1.59452e-10 -2.10777e-09 0)
(9.13129e-11 -2.13795e-09 0)
(4.25945e-11 -8.9137e-10 0)
(2.25809e-11 -9.26752e-10 0)
(4.56687e-11 -1.01827e-09 0)
(0 0 0)
(5.54084e-12 -8.86462e-10 0)
(0 0 0)
(4.50376e-11 -9.5865e-10 0)
(8.45594e-12 -3.84815e-10 0)
(5.21537e-12 -2.39593e-10 0)
(-7.83638e-11 -1.96232e-09 0)
(2.9235e-11 -8.75092e-10 0)
(-4.04103e-12 -8.62449e-10 0)
(-2.74556e-11 -2.08352e-09 0)
(-5.43394e-11 -8.26582e-10 0)
(-4.261e-11 -8.4856e-10 0)
(4.85321e-12 -2.01293e-09 0)
(1.45607e-11 -8.19516e-10 0)
(1.74042e-12 -8.8083e-10 0)
(1.11017e-11 -1.18544e-09 0)
(0 0 0)
(-4.3109e-11 -9.53569e-10 0)
(0 0 0)
(0 0 0)
(0 0 0)
(0 0 0)
(0 0 0)
(0 0 0)
(0 0 0)
(0 0 0)
(0 0 0)
(0 0 0)
(0 0 0)
(0 0 0)
(0 0 0)
(0 0 0)
(0 0 0)
(0 0 0)
(0 0 0)
(0 0 0)
(0 0 0)
(0 0 0)
(0 0 0)
(0 0 0)
(0 0 0)
(0 0 0)
(0 0 0)
(0 0 0)
(0 0 0)
(0 0 0)
(0 0 0)
(0 0 0)
(0 0 0)
(0 0 0)
(0 0 0)
(0 0 0)
(0 0 0)
(0 0 0)
(0 0 0)
(0 0 0)
(0 0 0)
(0 0 0)
(0 0 0)
(-4.31049e-11 -9.3777e-10 0)
(-1.00236e-10 -9.11338e-10 0)
(-1.08358e-10 -8.5301e-10 0)
(-1.09225e-10 -9.63232e-10 0)
(-7.33421e-11 -1.0484e-09 0)
(-5.37631e-11 -9.78648e-10 0)
(-8.77456e-12 -8.59942e-10 0)
(2.56863e-13 -1.93416e-09 0)
(1.13693e-11 -1.92255e-09 0)
(6.69601e-11 -1.97685e-09 0)
(0 0 0)
(0 0 0)
(6.25854e-11 -9.69049e-10 0)
(9.02758e-11 -1.05491e-09 0)
(0 0 0)
(2.94569e-11 -1.03787e-09 0)
(0 0 0)
(2.09897e-11 -9.47831e-10 0)
(7.82914e-11 -9.72292e-10 0)
(4.72094e-11 -1.00024e-09 0)
(-5.16907e-11 -2.21848e-09 0)
(-4.01236e-11 -1.96939e-09 0)
(-1.21787e-13 -7.88027e-10 0)
(-8.75739e-12 -1.9415e-09 0)
(-1.31844e-11 -8.67553e-10 0)
(-4.9842e-11 -2.1479e-09 0)
(1.42691e-11 -8.84837e-10 0)
(-3.3291e-11 -8.72889e-10 0)
(-1.84761e-11 -9.59409e-10 0)
(4.30031e-12 -4.08414e-10 0)
(1.64933e-12 -1.64335e-10 0)
(2.32991e-11 -1.05757e-09 0)
(-1.72035e-11 -1.08516e-09 0)
(0 0 0)
(1.84127e-11 -9.64016e-10 0)
(0 0 0)
(0 0 0)
(0 0 0)
(0 0 0)
(0 0 0)
(0 0 0)
(0 0 0)
(0 0 0)
(0 0 0)
(0 0 0)
(0 0 0)
(0 0 0)
(0 0 0)
(0 0 0)
(0 0 0)
(0 0 0)
(0 0 0)
(0 0 0)
(0 0 0)
(0 0 0)
(0 0 0)
(0 0 0)
(0 0 0)
(0 0 0)
(0 0 0)
(0 0 0)
(0 0 0)
(0 0 0)
(0 0 0)
(0 0 0)
(0 0 0)
(0 0 0)
(0 0 0)
(0 0 0)
(0 0 0)
(0 0 0)
(0 0 0)
(0 0 0)
(0 0 0)
(0 0 0)
(-2.2835e-10 -3.19496e-09 0)
(-3.71277e-11 -8.09702e-10 0)
(-6.29361e-11 -8.81451e-10 0)
(-5.86763e-11 -9.51684e-10 0)
(0 0 0)
(-2.88402e-11 -9.61976e-10 0)
(-4.391e-11 -9.41655e-10 0)
(-3.11441e-11 -9.47809e-10 0)
(-4.94301e-11 -1.95192e-09 0)
(-5.5386e-12 -3.22719e-09 0)
(5.52654e-11 -7.88051e-10 0)
(1.46947e-10 -1.63999e-09 0)
(7.46819e-12 -8.40152e-11 0)
(1.39816e-10 -1.00498e-09 0)
(8.31257e-11 -9.4627e-10 0)
(1.55095e-10 -2.36203e-09 0)
(3.8916e-12 -8.99651e-10 0)
(-3.41035e-11 -9.27647e-10 0)
(2.83278e-11 -9.18458e-10 0)
(8.6657e-11 -1.07938e-09 0)
(0 0 0)
(1.78801e-11 -9.23538e-10 0)
(-8.23467e-12 -8.45923e-10 0)
(-2.43016e-11 -1.89237e-09 0)
(1.23863e-11 -8.84541e-10 0)
(-5.70382e-11 -8.73527e-10 0)
(1.17314e-11 -9.57818e-10 0)
(0 0 0)
(-2.90394e-11 -9.42677e-10 0)
(-3.5618e-11 -8.92239e-10 0)
(-5.02463e-11 -9.68443e-10 0)
(-2.7512e-12 -1.18104e-09 0)
(0 0 0)
(1.14363e-10 -2.02717e-09 0)
(3.29869e-11 -8.27728e-10 0)
(0 0 0)
(0 0 0)
(0 0 0)
(0 0 0)
(0 0 0)
(0 0 0)
(0 0 0)
(0 0 0)
(0 0 0)
(0 0 0)
(0 0 0)
(0 0 0)
(0 0 0)
(0 0 0)
(0 0 0)
(0 0 0)
(0 0 0)
(0 0 0)
(0 0 0)
(0 0 0)
(0 0 0)
(0 0 0)
(0 0 0)
(0 0 0)
(0 0 0)
(0 0 0)
(0 0 0)
(0 0 0)
(0 0 0)
(0 0 0)
(0 0 0)
(0 0 0)
(0 0 0)
(0 0 0)
(0 0 0)
(0 0 0)
(0 0 0)
(0 0 0)
(0 0 0)
(0 0 0)
(0 0 0)
(-6.71037e-11 -9.17228e-10 0)
(0 0 0)
(-6.3891e-11 -9.68549e-10 0)
(0 0 0)
(-1.05787e-10 -2.12207e-09 0)
(-7.19312e-11 -2.08918e-09 0)
(0 0 0)
(0 0 0)
(-5.56344e-11 -8.67871e-10 0)
(4.18911e-11 -1.96916e-09 0)
(8.85723e-11 -8.36911e-10 0)
(0 0 0)
(1.49943e-10 -1.06184e-09 0)
(7.11139e-11 -1.0402e-09 0)
(6.29747e-11 -8.99996e-10 0)
(0 0 0)
(-2.31128e-11 -9.07288e-10 0)
(5.79247e-12 -8.67338e-10 0)
(9.79961e-12 -2.44954e-09 0)
(1.35276e-11 -9.08759e-10 0)
(1.698e-11 -1.9319e-09 0)
(1.29462e-11 -1.16441e-09 0)
(-1.92381e-12 -4.63529e-10 0)
(-1.00859e-10 -3.45064e-09 0)
(2.50275e-12 -8.07572e-10 0)
(0 0 0)
(0 0 0)
(-3.22813e-11 -2.05563e-09 0)
(6.73512e-12 -8.75853e-10 0)
(-4.4371e-11 -1.00942e-09 0)
(0 0 0)
(4.34202e-11 -9.91764e-10 0)
(0 0 0)
(0 0 0)
(0 0 0)
(6.79971e-11 -2.03951e-09 0)
(-1.83775e-11 -8.16471e-10 0)
(0 0 0)
(0 0 0)
(0 0 0)
(0 0 0)
(0 0 0)
(0 0 0)
(0 0 0)
(0 0 0)
(0 0 0)
(0 0 0)
(0 0 0)
(0 0 0)
(0 0 0)
(0 0 0)
(0 0 0)
(0 0 0)
(0 0 0)
(0 0 0)
(0 0 0)
(0 0 0)
(0 0 0)
(0 0 0)
(0 0 0)
(0 0 0)
(0 0 0)
(0 0 0)
(0 0 0)
(0 0 0)
(0 0 0)
(0 0 0)
(0 0 0)
(0 0 0)
(0 0 0)
(0 0 0)
(0 0 0)
(0 0 0)
(0 0 0)
(-4.89131e-11 -2.32147e-09 0)
(-9.9001e-12 -2.19758e-10 0)
(-5.72023e-11 -9.32199e-10 0)
(-7.35417e-11 -8.77156e-10 0)
(-1.07273e-10 -2.06088e-09 0)
(0 0 0)
(-9.41634e-11 -8.73502e-10 0)
(-7.85857e-12 -9.62852e-10 0)
(0 0 0)
(3.18258e-12 -9.11075e-10 0)
(0 0 0)
(0 0 0)
(9.51122e-11 -9.84337e-10 0)
(4.2336e-11 -2.52612e-09 0)
(8.11954e-11 -8.97071e-10 0)
(5.66679e-11 -7.74729e-10 0)
(9.16469e-11 -2.39394e-09 0)
(3.06357e-11 -9.08875e-10 0)
(8.45291e-11 -8.88787e-10 0)
(-5.69828e-11 -1.0483e-09 0)
(3.33299e-11 -9.33283e-10 0)
(2.50478e-11 -8.67106e-10 0)
(1.07165e-11 -8.94816e-10 0)
(2.48425e-11 -9.25154e-10 0)
(3.31147e-11 -9.39255e-10 0)
(9.63953e-12 -8.6852e-10 0)
(3.95533e-11 -8.90678e-10 0)
(1.42613e-12 -1.48462e-10 0)
(6.48226e-12 -6.4226e-10 0)
(5.10926e-11 -8.93668e-10 0)
(1.14381e-11 -9.19337e-10 0)
(-4.21989e-12 -9.47404e-10 0)
(0 0 0)
(0 0 0)
(0 0 0)
(-4.28242e-11 -2.12302e-09 0)
(-8.17348e-11 -2.03794e-09 0)
(0 0 0)
(0 0 0)
(0 0 0)
(0 0 0)
(0 0 0)
(0 0 0)
(0 0 0)
(0 0 0)
(0 0 0)
(0 0 0)
(0 0 0)
(0 0 0)
(0 0 0)
(0 0 0)
(0 0 0)
(0 0 0)
(0 0 0)
(0 0 0)
(0 0 0)
(0 0 0)
(0 0 0)
(0 0 0)
(0 0 0)
(0 0 0)
(0 0 0)
(0 0 0)
(0 0 0)
(0 0 0)
(0 0 0)
(0 0 0)
(0 0 0)
(0 0 0)
(0 0 0)
(0 0 0)
(0 0 0)
(0 0 0)
(0 0 0)
(0 0 0)
(1.14761e-11 -6.84357e-10 0)
(-7.44061e-11 -9.04669e-10 0)
(-6.62664e-12 -7.42823e-11 0)
(-9.77055e-11 -2.00181e-09 0)
(2.58872e-12 -8.73984e-10 0)
(-2.18719e-11 -8.90858e-10 0)
(0 0 0)
(-2.44792e-11 -8.93342e-10 0)
(1.08623e-11 -9.52225e-10 0)
(2.49585e-11 -9.14486e-10 0)
(6.56023e-13 -9.34109e-10 0)
(0 0 0)
(-1.52924e-11 -9.28682e-10 0)
(0 0 0)
(5.79448e-11 -9.534e-10 0)
(1.72225e-10 -2.08673e-09 0)
(-1.51237e-11 -2.15433e-09 0)
(5.22755e-11 -8.78435e-10 0)
(1.09125e-10 -2.19284e-09 0)
(-1.90968e-11 -8.58148e-10 0)
(5.64465e-11 -1.40655e-09 0)
(3.21249e-11 -1.35718e-09 0)
(2.65772e-11 -8.64108e-10 0)
(9.57915e-12 -8.77537e-10 0)
(2.1178e-11 -1.012e-09 0)
(0 0 0)
(-7.93815e-12 -9.54552e-10 0)
(-1.74422e-11 -9.65336e-10 0)
(4.62274e-11 -2.01514e-09 0)
(3.22758e-11 -8.72121e-10 0)
(4.33701e-11 -9.19994e-10 0)
(-5.3966e-12 -1.55462e-09 0)
(-1.93139e-12 -1.36643e-09 0)
(0 0 0)
(2.45326e-11 -9.7296e-10 0)
(0 0 0)
(0 0 0)
(0 0 0)
(0 0 0)
(0 0 0)
(0 0 0)
(0 0 0)
(0 0 0)
(0 0 0)
(0 0 0)
(0 0 0)
(0 0 0)
(0 0 0)
(0 0 0)
(0 0 0)
(0 0 0)
(0 0 0)
(0 0 0)
(0 0 0)
(0 0 0)
(0 0 0)
(0 0 0)
(0 0 0)
(0 0 0)
(0 0 0)
(0 0 0)
(0 0 0)
(0 0 0)
(0 0 0)
(0 0 0)
(0 0 0)
(0 0 0)
(0 0 0)
(0 0 0)
(0 0 0)
(0 0 0)
(0 0 0)
(0 0 0)
(0 0 0)
(0 0 0)
(-2.95057e-12 -8.73625e-10 0)
(0 0 0)
(-8.4828e-11 -1.90405e-09 0)
(-9.11226e-11 -8.63725e-10 0)
(-1.61101e-11 -9.44483e-10 0)
(0 0 0)
(-5.83651e-11 -2.09998e-09 0)
(-1.39301e-11 -8.79006e-10 0)
(3.22001e-11 -9.17909e-10 0)
(2.81575e-11 -9.44705e-10 0)
(0 0 0)
(2.05406e-11 -9.12251e-10 0)
(-6.37513e-12 -8.90999e-10 0)
(3.22321e-11 -1.96361e-09 0)
(2.2024e-11 -1.96121e-09 0)
(1.7735e-12 -7.69616e-10 0)
(-4.2088e-11 -2.03561e-09 0)
(-8.30699e-12 -1.97923e-09 0)
(2.59135e-11 -2.091e-09 0)
(1.30913e-12 -8.70179e-10 0)
(2.53916e-11 -8.69206e-10 0)
(-1.98041e-12 -9.36868e-10 0)
(1.41935e-11 -9.1773e-10 0)
(1.56499e-12 -3.76681e-10 0)
(9.16984e-13 -2.41306e-10 0)
(3.71192e-11 -1.00587e-09 0)
(1.96714e-11 -9.44744e-10 0)
(4.69814e-11 -9.9085e-10 0)
(0 0 0)
(1.89939e-10 -2.0506e-09 0)
(5.92811e-11 -9.16602e-10 0)
(7.33304e-11 -8.97621e-10 0)
(1.24122e-11 -8.381e-10 0)
(2.16394e-11 -8.52608e-10 0)
(-3.34755e-11 -9.65376e-10 0)
(0 0 0)
(0 0 0)
(0 0 0)
(0 0 0)
(0 0 0)
(0 0 0)
(0 0 0)
(0 0 0)
(0 0 0)
(0 0 0)
(0 0 0)
(0 0 0)
(0 0 0)
(0 0 0)
(0 0 0)
(0 0 0)
(0 0 0)
(0 0 0)
(0 0 0)
(0 0 0)
(0 0 0)
(0 0 0)
(0 0 0)
(0 0 0)
(0 0 0)
(0 0 0)
(0 0 0)
(0 0 0)
(0 0 0)
(0 0 0)
(0 0 0)
(0 0 0)
(0 0 0)
(0 0 0)
(0 0 0)
(0 0 0)
(0 0 0)
(0 0 0)
(0 0 0)
(0 0 0)
(7.22668e-12 -1.09688e-09 0)
(-4.80281e-11 -2.90042e-09 0)
(1.03504e-11 -8.43743e-10 0)
(0 0 0)
(-1.52335e-11 -8.70615e-10 0)
(1.4691e-11 -1.04973e-09 0)
(0 0 0)
(4.68955e-11 -9.07049e-10 0)
(4.33614e-11 -9.14663e-10 0)
(2.2177e-11 -9.62845e-10 0)
(2.59145e-11 -9.01544e-10 0)
(-8.58496e-11 -2.0287e-09 0)
(-1.70334e-10 -1.87389e-09 0)
(-9.74259e-11 -1.76939e-09 0)
(4.8156e-11 -1.92598e-09 0)
(3.36734e-11 -2.04738e-09 0)
(-3.68377e-11 -8.56419e-10 0)
(-8.48653e-12 -8.54656e-10 0)
(-1.00388e-11 -8.86444e-10 0)
(-2.75582e-11 -8.9559e-10 0)
(1.20777e-11 -9.12524e-10 0)
(1.05978e-11 -9.27447e-10 0)
(2.7756e-11 -9.41995e-10 0)
(5.24436e-11 -9.75514e-10 0)
(3.05637e-11 -9.64391e-10 0)
(5.30386e-11 -9.68577e-10 0)
(3.32495e-11 -9.37842e-10 0)
(0 0 0)
(4.41574e-11 -9.68334e-10 0)
(1.07174e-10 -2.28476e-09 0)
(2.97555e-11 -8.82488e-10 0)
(1.97327e-11 -2.07984e-09 0)
(1.69973e-11 -8.63842e-10 0)
(0 0 0)
(0 0 0)
(0 0 0)
(0 0 0)
(0 0 0)
(0 0 0)
(0 0 0)
(0 0 0)
(0 0 0)
(0 0 0)
(0 0 0)
(0 0 0)
(0 0 0)
(0 0 0)
(0 0 0)
(0 0 0)
(0 0 0)
(0 0 0)
(0 0 0)
(0 0 0)
(0 0 0)
(0 0 0)
(0 0 0)
(0 0 0)
(0 0 0)
(0 0 0)
(0 0 0)
(0 0 0)
(0 0 0)
(0 0 0)
(0 0 0)
(0 0 0)
(0 0 0)
(0 0 0)
(0 0 0)
(0 0 0)
(0 0 0)
(0 0 0)
(0 0 0)
(0 0 0)
(0 0 0)
(0 0 0)
(-2.03968e-10 -1.94808e-09 0)
(0 0 0)
(1.10279e-11 -8.43286e-10 0)
(0 0 0)
(-1.71034e-11 -1.90052e-09 0)
(1.6214e-11 -9.40035e-10 0)
(9.3793e-11 -9.07857e-10 0)
(2.26248e-11 -8.7829e-10 0)
(-3.02712e-11 -9.02387e-10 0)
(-2.97782e-11 -9.53968e-10 0)
(7.85197e-12 -1.00661e-09 0)
(0 0 0)
(0 0 0)
(0 0 0)
(0 0 0)
(4.20921e-13 -4.11946e-10 0)
(-9.61094e-11 -1.45618e-09 0)
(-1.57953e-10 -2.02123e-09 0)
(-6.75209e-11 -1.87041e-09 0)
(3.12574e-11 -1.15784e-09 0)
(4.70938e-11 -1.66116e-09 0)
(5.02081e-11 -8.60879e-10 0)
(3.78416e-11 -8.85943e-10 0)
(5.38466e-11 -9.31394e-10 0)
(7.51251e-11 -1.36234e-09 0)
(5.97356e-11 -1.68006e-09 0)
(3.56867e-11 -9.2042e-10 0)
(0 0 0)
(4.73807e-11 -8.86137e-10 0)
(1.03253e-10 -2.18278e-09 0)
(2.18085e-11 -8.79394e-10 0)
(4.11664e-12 -9.07868e-10 0)
(-3.86821e-12 -8.78759e-10 0)
(2.04535e-12 -8.73774e-10 0)
(0 0 0)
(0 0 0)
(0 0 0)
(0 0 0)
(0 0 0)
(0 0 0)
(0 0 0)
(0 0 0)
(0 0 0)
(0 0 0)
(0 0 0)
(0 0 0)
(0 0 0)
(0 0 0)
(0 0 0)
(0 0 0)
(0 0 0)
(0 0 0)
(0 0 0)
(0 0 0)
(0 0 0)
(0 0 0)
(0 0 0)
(0 0 0)
(0 0 0)
(0 0 0)
(0 0 0)
(0 0 0)
(0 0 0)
(0 0 0)
(0 0 0)
(0 0 0)
(0 0 0)
(0 0 0)
(0 0 0)
(0 0 0)
(0 0 0)
(0 0 0)
(0 0 0)
(0 0 0)
(0 0 0)
(-7.63996e-12 -9.09271e-10 0)
(-4.07942e-12 -9.66073e-10 0)
(0 0 0)
(-3.10857e-11 -9.163e-10 0)
(-1.88042e-11 -9.20651e-10 0)
(5.6656e-11 -2.05624e-09 0)
(3.71471e-11 -8.54329e-10 0)
(0 0 0)
(0 0 0)
(0 0 0)
(-9.59972e-12 -1.09068e-09 0)
(-3.59306e-11 -9.48915e-10 0)
(-1.93406e-11 -7.82606e-10 0)
(1.65397e-11 -7.12139e-10 0)
(-6.80271e-11 -8.40373e-10 0)
(-4.61509e-11 -4.9398e-09 0)
(0 0 0)
(-2.32925e-11 -5.73327e-10 0)
(-2.68761e-11 -8.53332e-10 0)
(8.51516e-12 -8.88825e-10 0)
(1.68194e-12 -8.5709e-10 0)
(9.2344e-11 -3.29369e-09 0)
(2.55192e-11 -7.53944e-10 0)
(6.21768e-11 -8.64579e-10 0)
(6.79116e-11 -9.43632e-10 0)
(3.25467e-11 -9.55406e-10 0)
(3.94734e-11 -9.35586e-10 0)
(8.28815e-11 -2.01803e-09 0)
(8.0297e-11 -1.55288e-09 0)
(4.49132e-11 -1.225e-09 0)
(-2.72482e-11 -1.11334e-09 0)
(0 0 0)
(-1.24516e-10 -2.04088e-09 0)
(-8.65137e-12 -8.40621e-10 0)
(0 0 0)
(0 0 0)
(0 0 0)
(0 0 0)
(0 0 0)
(0 0 0)
(0 0 0)
(0 0 0)
(0 0 0)
(0 0 0)
(0 0 0)
(0 0 0)
(0 0 0)
(0 0 0)
(0 0 0)
(0 0 0)
(0 0 0)
(0 0 0)
(0 0 0)
(0 0 0)
(0 0 0)
(0 0 0)
(0 0 0)
(0 0 0)
(0 0 0)
(0 0 0)
(0 0 0)
(0 0 0)
(0 0 0)
(0 0 0)
(0 0 0)
(0 0 0)
(0 0 0)
(0 0 0)
(0 0 0)
(0 0 0)
(0 0 0)
(0 0 0)
(0 0 0)
(0 0 0)
(0 0 0)
(6.05279e-11 -9.07654e-10 0)
(0 0 0)
(-9.64512e-11 -2.057e-09 0)
(-5.817e-11 -8.54275e-10 0)
(-1.08057e-10 -1.847e-09 0)
(-4.56056e-11 -8.1034e-10 0)
(-1.90523e-11 -8.16939e-10 0)
(6.01079e-12 -2.45698e-09 0)
(-4.3016e-11 -1.02477e-09 0)
(0 0 0)
(-6.12674e-11 -9.60177e-10 0)
(-5.69813e-12 -1.01046e-09 0)
(-3.40391e-11 -8.27199e-10 0)
(-6.28796e-11 -7.94204e-10 0)
(-4.29978e-11 -1.01754e-09 0)
(-1.73804e-10 -2.30599e-09 0)
(1.3669e-10 -9.69383e-10 0)
(2.81402e-11 -8.3868e-10 0)
(1.56129e-11 -9.30158e-10 0)
(1.21442e-12 -1.26644e-10 0)
(7.33618e-12 -7.16517e-10 0)
(0 0 0)
(6.1814e-11 -9.02803e-10 0)
(7.01559e-11 -9.62174e-10 0)
(1.23001e-11 -2.26691e-09 0)
(1.45813e-11 -8.13943e-10 0)
(6.89456e-11 -1.86934e-09 0)
(1.1312e-11 -7.93476e-10 0)
(1.0506e-10 -1.96639e-09 0)
(1.16455e-11 -1.0496e-09 0)
(-4.07683e-11 -1.17741e-09 0)
(0 0 0)
(-1.65169e-11 -8.89025e-10 0)
(4.12584e-12 -9.09166e-10 0)
(0 0 0)
(0 0 0)
(0 0 0)
(0 0 0)
(0 0 0)
(0 0 0)
(0 0 0)
(0 0 0)
(0 0 0)
(0 0 0)
(0 0 0)
(0 0 0)
(0 0 0)
(0 0 0)
(0 0 0)
(0 0 0)
(0 0 0)
(0 0 0)
(0 0 0)
(0 0 0)
(0 0 0)
(0 0 0)
(0 0 0)
(0 0 0)
(0 0 0)
(0 0 0)
(0 0 0)
(0 0 0)
(0 0 0)
(0 0 0)
(0 0 0)
(0 0 0)
(0 0 0)
(0 0 0)
(0 0 0)
(0 0 0)
(0 0 0)
(0 0 0)
(0 0 0)
(0 0 0)
(0 0 0)
(8.23969e-11 -9.60855e-10 0)
(7.16643e-12 -2.5974e-09 0)
(-5.02473e-11 -9.03652e-10 0)
(-5.12736e-11 -8.09227e-10 0)
(-5.58408e-11 -8.00953e-10 0)
(-6.71001e-11 -1.91806e-09 0)
(-1.56013e-11 -8.13377e-10 0)
(-4.46174e-11 -9.53547e-10 0)
(-1.86791e-11 -1.00085e-09 0)
(-7.50059e-12 -9.77255e-10 0)
(-2.04162e-11 -9.64509e-10 0)
(4.54763e-12 -8.17797e-10 0)
(-1.67875e-11 -1.94968e-09 0)
(-7.50125e-11 -8.11634e-10 0)
(-7.6648e-11 -9.49756e-10 0)
(0 0 0)
(-1.14234e-11 -9.83499e-10 0)
(9.26104e-12 -9.51942e-10 0)
(7.30946e-11 -9.99558e-10 0)
(0 0 0)
(-2.25283e-11 -2.21913e-09 0)
(-2.78956e-12 -8.54472e-10 0)
(-4.43858e-12 -8.1727e-10 0)
(-2.95102e-11 -2.38785e-09 0)
(-3.12424e-11 -8.87789e-10 0)
(1.37891e-11 -7.82468e-10 0)
(-5.80154e-12 -8.50396e-10 0)
(1.93696e-11 -8.46293e-10 0)
(1.04852e-11 -8.3417e-10 0)
(-2.50011e-13 -2.61381e-09 0)
(-8.07836e-12 -1.13241e-09 0)
(7.46835e-11 -9.07968e-10 0)
(3.46548e-11 -8.8436e-10 0)
(2.50881e-11 -9.39354e-10 0)
(0 0 0)
(0 0 0)
(0 0 0)
(0 0 0)
(0 0 0)
(0 0 0)
(0 0 0)
(0 0 0)
(0 0 0)
(0 0 0)
(0 0 0)
(0 0 0)
(0 0 0)
(0 0 0)
(0 0 0)
(0 0 0)
(0 0 0)
(0 0 0)
(0 0 0)
(0 0 0)
(0 0 0)
(0 0 0)
(0 0 0)
(0 0 0)
(0 0 0)
(0 0 0)
(0 0 0)
(0 0 0)
(0 0 0)
(0 0 0)
(0 0 0)
(0 0 0)
(0 0 0)
(0 0 0)
(0 0 0)
(0 0 0)
(0 0 0)
(0 0 0)
(0 0 0)
(0 0 0)
(0 0 0)
(-7.48177e-11 -1.99405e-09 0)
(1.15579e-11 -1.08793e-09 0)
(4.30574e-11 -8.4935e-10 0)
(5.16055e-12 -7.67682e-10 0)
(-2.7044e-11 -7.84029e-10 0)
(-6.01756e-11 -8.01652e-10 0)
(-1.22157e-11 -2.03537e-09 0)
(8.61413e-12 -9.63311e-10 0)
(-1.23286e-11 -9.48962e-10 0)
(-6.21015e-11 -2.01781e-09 0)
(-4.21629e-11 -2.53877e-09 0)
(4.69898e-12 -1.21391e-09 0)
(5.60979e-12 -7.67615e-10 0)
(-6.3249e-11 -9.59914e-10 0)
(0 0 0)
(-5.35142e-12 -9.74264e-10 0)
(0 0 0)
(0 0 0)
(2.85502e-11 -8.15294e-10 0)
(7.14055e-11 -2.46483e-09 0)
(2.35832e-11 -9.12005e-10 0)
(-2.48733e-11 -8.07142e-10 0)
(-2.55383e-11 -2.00195e-09 0)
(-1.96137e-11 -9.1101e-10 0)
(4.93785e-11 -9.33811e-10 0)
(0 0 0)
(4.52434e-11 -8.33996e-10 0)
(2.81051e-11 -8.86292e-10 0)
(1.55683e-11 -9.29586e-10 0)
(-2.51697e-13 -1.1073e-09 0)
(1.32433e-12 -1.11916e-09 0)
(4.09656e-11 -9.78891e-10 0)
(6.77601e-11 -9.20871e-10 0)
(2.75424e-11 -9.33957e-10 0)
(0 0 0)
(0 0 0)
(0 0 0)
(0 0 0)
(0 0 0)
(0 0 0)
(0 0 0)
(0 0 0)
(0 0 0)
(0 0 0)
(0 0 0)
(0 0 0)
(0 0 0)
(0 0 0)
(0 0 0)
(0 0 0)
(0 0 0)
(0 0 0)
(0 0 0)
(0 0 0)
(0 0 0)
(0 0 0)
(0 0 0)
(0 0 0)
(0 0 0)
(0 0 0)
(0 0 0)
(0 0 0)
(0 0 0)
(0 0 0)
(0 0 0)
(0 0 0)
(0 0 0)
(0 0 0)
(0 0 0)
(0 0 0)
(0 0 0)
(0 0 0)
(0 0 0)
(0 0 0)
(0 0 0)
(-7.46432e-11 -9.45973e-10 0)
(-6.40128e-12 -1.04126e-09 0)
(5.39168e-11 -1.00045e-09 0)
(3.52298e-11 -8.9047e-10 0)
(2.05609e-11 -8.20508e-10 0)
(-1.47532e-11 -8.63408e-10 0)
(-3.47229e-11 -1.96247e-09 0)
(3.85526e-11 -1.02615e-09 0)
(-5.80599e-11 -9.60047e-10 0)
(-6.97888e-11 -8.45911e-10 0)
(4.72552e-12 -8.15946e-10 0)
(0 0 0)
(0 0 0)
(0 0 0)
(9.93685e-12 -8.61266e-10 0)
(0 0 0)
(4.8231e-11 -2.10363e-09 0)
(2.85356e-11 -8.22857e-10 0)
(-1.65802e-11 -8.53196e-10 0)
(-8.5414e-11 -2.25137e-09 0)
(5.56375e-11 -9.30418e-10 0)
(0 0 0)
(-1.01497e-10 -2.09972e-09 0)
(-7.98708e-12 -8.14094e-10 0)
(1.94764e-11 -8.60216e-10 0)
(9.30565e-11 -2.12408e-09 0)
(7.58766e-12 -7.91142e-10 0)
(9.34129e-11 -1.95134e-09 0)
(1.04081e-11 -8.59713e-10 0)
(5.59661e-12 -2.6203e-09 0)
(7.45704e-11 -9.6847e-10 0)
(8.42671e-11 -8.71296e-10 0)
(8.56334e-11 -9.41257e-10 0)
(3.82252e-11 -9.31784e-10 0)
(0 0 0)
(0 0 0)
(0 0 0)
(0 0 0)
(0 0 0)
(0 0 0)
(0 0 0)
(0 0 0)
(0 0 0)
(0 0 0)
(0 0 0)
(0 0 0)
(0 0 0)
(0 0 0)
(0 0 0)
(0 0 0)
(0 0 0)
(0 0 0)
(0 0 0)
(0 0 0)
(0 0 0)
(0 0 0)
(0 0 0)
(0 0 0)
(0 0 0)
(0 0 0)
(0 0 0)
(0 0 0)
(0 0 0)
(0 0 0)
(0 0 0)
(0 0 0)
(0 0 0)
(0 0 0)
(0 0 0)
(0 0 0)
(0 0 0)
(0 0 0)
(0 0 0)
(0 0 0)
(0 0 0)
(-4.40904e-11 -9.63933e-10 0)
(-1.38072e-11 -9.81551e-10 0)
(9.29708e-11 -2.21037e-09 0)
(-1.23087e-11 -8.31079e-10 0)
(-1.77329e-11 -9.04032e-10 0)
(0 0 0)
(-6.29046e-11 -8.64501e-10 0)
(-3.71177e-11 -2.61931e-09 0)
(-3.73589e-11 -9.58783e-10 0)
(-2.17619e-11 -7.60293e-10 0)
(-9.11528e-11 -8.55006e-10 0)
(-3.40895e-11 -9.00028e-10 0)
(0 0 0)
(-8.24787e-15 -8.8133e-10 0)
(1.71005e-11 -8.83821e-10 0)
(3.7878e-11 -9.80093e-10 0)
(4.23831e-11 -9.62922e-10 0)
(7.28548e-12 -1.01984e-09 0)
(-4.28539e-11 -1.0065e-09 0)
(-5.93703e-12 -3.03985e-10 0)
(-7.83339e-12 -4.22073e-10 0)
(3.20794e-11 -2.23483e-09 0)
(0 0 0)
(6.38537e-12 -9.36753e-10 0)
(6.92238e-12 -9.05635e-10 0)
(-2.69449e-12 -1.95973e-09 0)
(0 0 0)
(0 0 0)
(3.22526e-11 -9.15885e-10 0)
(-8.30916e-11 -2.55686e-09 0)
(1.19477e-10 -9.10612e-10 0)
(1.47724e-10 -8.80183e-10 0)
(1.22886e-10 -1.02097e-09 0)
(-5.09065e-12 -1.04975e-09 0)
(2.72575e-11 -9.31976e-10 0)
(-4.62462e-12 -9.33251e-10 0)
(0 0 0)
(0 0 0)
(0 0 0)
(0 0 0)
(0 0 0)
(0 0 0)
(0 0 0)
(0 0 0)
(0 0 0)
(0 0 0)
(0 0 0)
(0 0 0)
(0 0 0)
(0 0 0)
(0 0 0)
(0 0 0)
(0 0 0)
(0 0 0)
(0 0 0)
(0 0 0)
(0 0 0)
(0 0 0)
(0 0 0)
(0 0 0)
(0 0 0)
(0 0 0)
(0 0 0)
(0 0 0)
(0 0 0)
(0 0 0)
(0 0 0)
(0 0 0)
(0 0 0)
(0 0 0)
(0 0 0)
(0 0 0)
(0 0 0)
(0 0 0)
(0 0 0)
(-1.76747e-11 -9.86119e-10 0)
(-1.63428e-11 -9.89543e-10 0)
(5.68438e-13 -9.64375e-10 0)
(-3.46885e-11 -2.15045e-09 0)
(-1.7166e-11 -8.67947e-10 0)
(-1.98204e-11 -8.80826e-10 0)
(0 0 0)
(-7.3895e-13 -4.39577e-10 0)
(4.87835e-13 -2.89357e-10 0)
(6.5425e-11 -2.06121e-09 0)
(0 0 0)
(-1.98509e-11 -8.96175e-10 0)
(2.18704e-11 -2.00434e-09 0)
(1.09575e-11 -8.26281e-10 0)
(1.90627e-11 -7.96484e-10 0)
(1.62432e-11 -8.25555e-10 0)
(8.69523e-11 -2.1031e-09 0)
(4.7114e-11 -9.57101e-10 0)
(-5.64635e-11 -9.11089e-10 0)
(-8.81249e-12 -4.59757e-10 0)
(-1.31497e-12 -6.5613e-11 0)
(0 0 0)
(-3.80314e-11 -9.31358e-10 0)
(-2.87165e-11 -9.70526e-10 0)
(0 0 0)
(-7.55196e-11 -1.96539e-09 0)
(-1.00842e-11 -8.7059e-10 0)
(4.24385e-12 -1.02809e-09 0)
(2.20479e-11 -2.33419e-09 0)
(4.55695e-11 -9.27039e-10 0)
(7.58681e-11 -8.26602e-10 0)
(2.09559e-10 -2.13793e-09 0)
(-3.47804e-11 -2.61967e-09 0)
(-1.68677e-11 -8.55609e-10 0)
(3.0685e-11 -7.73725e-10 0)
(4.9121e-11 -8.13421e-10 0)
(0 0 0)
(0 0 0)
(0 0 0)
(0 0 0)
(0 0 0)
(0 0 0)
(0 0 0)
(0 0 0)
(0 0 0)
(0 0 0)
(0 0 0)
(0 0 0)
(0 0 0)
(0 0 0)
(0 0 0)
(0 0 0)
(0 0 0)
(0 0 0)
(0 0 0)
(0 0 0)
(0 0 0)
(0 0 0)
(0 0 0)
(0 0 0)
(0 0 0)
(0 0 0)
(0 0 0)
(0 0 0)
(0 0 0)
(0 0 0)
(0 0 0)
(0 0 0)
(0 0 0)
(0 0 0)
(0 0 0)
(0 0 0)
(0 0 0)
(0 0 0)
(0 0 0)
(-1.16941e-11 -9.70383e-10 0)
(-2.98728e-11 -1.00384e-09 0)
(-2.24112e-11 -1.01165e-09 0)
(0 0 0)
(-1.58719e-10 -3.08222e-09 0)
(-5.39994e-11 -1.84552e-09 0)
(-3.03002e-11 -8.13174e-10 0)
(9.82173e-12 -1.04162e-09 0)
(0 0 0)
(7.29084e-12 -9.86685e-10 0)
(0 0 0)
(7.27684e-12 -1.86114e-09 0)
(2.16211e-11 -1.94904e-09 0)
(4.36567e-11 -8.29809e-10 0)
(7.74117e-12 -8.15991e-10 0)
(1.75711e-12 -9.96977e-10 0)
(-6.97398e-11 -9.46484e-10 0)
(-9.02397e-11 -2.44804e-09 0)
(-9.04698e-12 -8.99538e-10 0)
(5.62597e-12 -7.96881e-10 0)
(1.92269e-11 -8.17306e-10 0)
(1.51377e-11 -9.30304e-10 0)
(7.22063e-12 -9.0624e-10 0)
(-3.22327e-11 -9.56046e-10 0)
(-1.90352e-11 -9.86794e-10 0)
(-5.15838e-11 -8.71231e-10 0)
(-4.19483e-11 -8.82155e-10 0)
(-3.67654e-11 -9.60026e-10 0)
(-6.63938e-12 -9.44993e-10 0)
(6.15522e-11 -9.48216e-10 0)
(6.34754e-11 -9.29283e-10 0)
(9.92763e-12 -2.66019e-09 0)
(3.29665e-11 -1.05289e-09 0)
(1.23401e-10 -8.62045e-10 0)
(8.13865e-11 -8.72171e-10 0)
(5.00493e-11 -9.30161e-10 0)
(4.94802e-11 -8.21549e-10 0)
(0 0 0)
(0 0 0)
(0 0 0)
(0 0 0)
(0 0 0)
(0 0 0)
(0 0 0)
(0 0 0)
(0 0 0)
(0 0 0)
(0 0 0)
(0 0 0)
(0 0 0)
(0 0 0)
(0 0 0)
(0 0 0)
(0 0 0)
(0 0 0)
(0 0 0)
(0 0 0)
(0 0 0)
(0 0 0)
(0 0 0)
(0 0 0)
(0 0 0)
(0 0 0)
(0 0 0)
(0 0 0)
(0 0 0)
(0 0 0)
(0 0 0)
(0 0 0)
(0 0 0)
(0 0 0)
(0 0 0)
(0 0 0)
(0 0 0)
(0 0 0)
(0 0 0)
(0 0 0)
(-4.21807e-11 -1.01438e-09 0)
(-6.86932e-12 -1.0254e-09 0)
(0 0 0)
(-6.83155e-12 -2.09768e-09 0)
(-7.49619e-12 -8.99935e-10 0)
(2.03437e-11 -9.70163e-10 0)
(2.64959e-11 -9.88766e-10 0)
(7.5988e-12 -1.00205e-09 0)
(-5.92852e-12 -9.34125e-10 0)
(0 0 0)
(0 0 0)
(2.69557e-11 -8.98058e-10 0)
(0 0 0)
(1.45975e-11 -9.72476e-10 0)
(-3.85778e-11 -1.03045e-09 0)
(-2.88349e-11 -1.04628e-09 0)
(-1.61709e-11 -9.76054e-10 0)
(7.08299e-11 -2.26388e-09 0)
(-1.06285e-11 -8.6468e-10 0)
(-2.13417e-12 -8.89155e-10 0)
(0 0 0)
(-2.14805e-12 -8.40379e-10 0)
(1.59401e-11 -9.94448e-10 0)
(-1.98956e-11 -9.92966e-10 0)
(-4.55787e-11 -9.88872e-10 0)
(0 0 0)
(-1.14515e-11 -9.57665e-10 0)
(-5.60746e-12 -9.6078e-10 0)
(-1.09957e-11 -9.95484e-10 0)
(-4.2438e-11 -1.07617e-09 0)
(2.69584e-11 -1.11897e-09 0)
(6.40253e-11 -1.01648e-09 0)
(9.12314e-11 -2.18745e-09 0)
(2.63955e-11 -8.68259e-10 0)
(0 0 0)
(0 0 0)
(0 0 0)
(0 0 0)
(0 0 0)
(0 0 0)
(0 0 0)
(0 0 0)
(0 0 0)
(0 0 0)
(0 0 0)
(0 0 0)
(0 0 0)
(0 0 0)
(0 0 0)
(0 0 0)
(0 0 0)
(0 0 0)
(0 0 0)
(0 0 0)
(0 0 0)
(0 0 0)
(0 0 0)
(0 0 0)
(0 0 0)
(0 0 0)
(0 0 0)
(0 0 0)
(0 0 0)
(0 0 0)
(0 0 0)
(0 0 0)
(0 0 0)
(0 0 0)
(0 0 0)
(0 0 0)
(0 0 0)
(0 0 0)
(0 0 0)
(3.3098e-11 -1.02849e-09 0)
(-5.22663e-11 -1.01404e-09 0)
(0 0 0)
(3.28564e-12 -9.7918e-10 0)
(-2.05124e-12 -9.48319e-10 0)
(-9.52988e-12 -9.39479e-10 0)
(2.35319e-12 -9.32057e-10 0)
(7.2388e-12 -9.30848e-10 0)
(-1.23626e-11 -2.18865e-09 0)
(-2.77742e-11 -9.21985e-10 0)
(0 0 0)
(0 0 0)
(2.18326e-11 -1.9996e-09 0)
(1.50264e-11 -7.64298e-10 0)
(4.5375e-11 -8.06809e-10 0)
(0 0 0)
(-8.79164e-11 -1.04745e-09 0)
(-1.01952e-10 -9.50979e-10 0)
(-2.01568e-11 -9.35264e-10 0)
(0 0 0)
(1.9217e-11 -8.01314e-10 0)
(0 0 0)
(-9.62006e-13 -9.57536e-10 0)
(4.95272e-11 -2.15166e-09 0)
(2.59752e-11 -9.71447e-10 0)
(-5.06251e-11 -9.89867e-10 0)
(0 0 0)
(-3.38e-11 -9.13728e-10 0)
(-8.61736e-11 -2.11563e-09 0)
(-1.71815e-11 -8.36812e-10 0)
(3.53964e-13 -9.38862e-10 0)
(-5.39691e-12 -1.01554e-09 0)
(1.46418e-11 -1.04701e-09 0)
(2.69709e-11 -1.02026e-09 0)
(3.05878e-11 -9.73777e-10 0)
(7.77583e-11 -8.74818e-10 0)
(-3.20158e-11 -9.55666e-10 0)
(0 0 0)
(0 0 0)
(0 0 0)
(0 0 0)
(0 0 0)
(0 0 0)
(0 0 0)
(0 0 0)
(0 0 0)
(0 0 0)
(0 0 0)
(0 0 0)
(0 0 0)
(0 0 0)
(0 0 0)
(0 0 0)
(0 0 0)
(0 0 0)
(0 0 0)
(0 0 0)
(0 0 0)
(0 0 0)
(0 0 0)
(0 0 0)
(0 0 0)
(0 0 0)
(0 0 0)
(0 0 0)
(0 0 0)
(0 0 0)
(0 0 0)
(0 0 0)
(0 0 0)
(0 0 0)
(0 0 0)
(0 0 0)
(0 0 0)
(0 0 0)
(-3.47515e-11 -3.83674e-09 0)
(5.07383e-11 -2.07084e-09 0)
(-9.00395e-11 -1.77378e-09 0)
(1.0355e-11 -8.02505e-10 0)
(-1.77684e-11 -8.77287e-10 0)
(-2.66479e-11 -9.10504e-10 0)
(8.33291e-12 -9.59696e-10 0)
(3.62466e-11 -1.00202e-09 0)
(2.95738e-11 -1.0796e-09 0)
(-5.16722e-11 -1.01991e-09 0)
(0 0 0)
(4.47857e-12 -8.86103e-10 0)
(-7.8528e-12 -8.49639e-10 0)
(1.23328e-11 -7.64562e-10 0)
(-6.94019e-12 -7.82884e-10 0)
(-4.56424e-11 -2.47443e-09 0)
(-5.13132e-11 -1.03434e-09 0)
(0 0 0)
(-1.19302e-11 -1.00758e-09 0)
(0 0 0)
(1.68106e-11 -9.24842e-10 0)
(1.88461e-11 -8.86275e-10 0)
(-2.3004e-11 -1.96034e-09 0)
(3.61435e-11 -1.99265e-09 0)
(3.82925e-11 -2.31233e-09 0)
(-2.55729e-11 -8.92149e-10 0)
(1.20165e-11 -8.32017e-10 0)
(0 0 0)
(-3.2896e-11 -8.86799e-10 0)
(-1.6296e-11 -9.11518e-10 0)
(2.11224e-11 -2.14711e-09 0)
(2.51443e-11 -1.03658e-09 0)
(0 0 0)
(1.28176e-11 -2.73951e-10 0)
(1.98042e-11 -3.97223e-10 0)
(9.32857e-11 -1.73991e-09 0)
(3.18107e-12 -5.15519e-11 0)
(4.36981e-11 -9.49265e-10 0)
(4.23048e-11 -9.29314e-10 0)
(0 0 0)
(0 0 0)
(0 0 0)
(0 0 0)
(0 0 0)
(0 0 0)
(0 0 0)
(0 0 0)
(0 0 0)
(0 0 0)
(0 0 0)
(0 0 0)
(0 0 0)
(0 0 0)
(0 0 0)
(0 0 0)
(0 0 0)
(0 0 0)
(0 0 0)
(0 0 0)
(0 0 0)
(0 0 0)
(0 0 0)
(0 0 0)
(0 0 0)
(0 0 0)
(0 0 0)
(0 0 0)
(0 0 0)
(0 0 0)
(0 0 0)
(0 0 0)
(0 0 0)
(0 0 0)
(0 0 0)
(0 0 0)
(0 0 0)
(5.35036e-11 -2.18427e-09 0)
(3.76653e-11 -7.66798e-10 0)
(4.1525e-11 -7.65603e-10 0)
(0 0 0)
(4.03334e-12 -2.27477e-10 0)
(1.00518e-11 -5.36957e-10 0)
(1.8567e-11 -9.2832e-10 0)
(-1.38863e-11 -2.63931e-09 0)
(2.72233e-11 -9.83688e-10 0)
(3.5619e-11 -8.22335e-10 0)
(-7.08878e-12 -8.02964e-10 0)
(-5.05958e-11 -8.59965e-10 0)
(-1.62463e-11 -1.93401e-09 0)
(-4.11829e-11 -8.20466e-10 0)
(-3.92807e-11 -1.06597e-09 0)
(0 0 0)
(2.45269e-11 -9.14023e-10 0)
(1.11091e-11 -9.06336e-10 0)
(-2.7663e-12 -8.98451e-10 0)
(5.24346e-12 -8.07796e-10 0)
(1.32524e-11 -1.98193e-09 0)
(0 0 0)
(-1.20706e-10 -1.83145e-09 0)
(-7.46001e-11 -1.19772e-09 0)
(1.13508e-11 -9.35673e-10 0)
(1.6265e-11 -8.8352e-10 0)
(3.68448e-11 -1.67869e-09 0)
(1.4686e-12 -1.54937e-10 0)
(-5.48028e-11 -9.15777e-10 0)
(-5.69833e-11 -9.12483e-10 0)
(-3.95337e-11 -2.6229e-09 0)
(6.14963e-11 -9.74494e-10 0)
(6.69733e-11 -8.78327e-10 0)
(4.22914e-11 -8.93861e-10 0)
(3.50127e-11 -8.88748e-10 0)
(4.28664e-11 -9.69081e-10 0)
(0 0 0)
(9.48101e-11 -9.33453e-10 0)
(3.4773e-11 -9.16748e-10 0)
(0 0 0)
(0 0 0)
(0 0 0)
(0 0 0)
(0 0 0)
(0 0 0)
(0 0 0)
(0 0 0)
(0 0 0)
(0 0 0)
(0 0 0)
(0 0 0)
(0 0 0)
(0 0 0)
(0 0 0)
(0 0 0)
(0 0 0)
(0 0 0)
(0 0 0)
(0 0 0)
(0 0 0)
(0 0 0)
(0 0 0)
(0 0 0)
(0 0 0)
(0 0 0)
(0 0 0)
(0 0 0)
(0 0 0)
(0 0 0)
(0 0 0)
(0 0 0)
(0 0 0)
(0 0 0)
(0 0 0)
(4.42505e-13 -9.7354e-10 0)
(0 0 0)
(1.42157e-11 -2.09878e-10 0)
(7.49175e-11 -1.35938e-09 0)
(3.56461e-11 -8.49068e-10 0)
(0 0 0)
(3.11008e-11 -9.80431e-10 0)
(-7.59848e-12 -9.97759e-10 0)
(-6.59032e-11 -1.06717e-09 0)
(-1.18833e-11 -1.0578e-09 0)
(1.54051e-11 -9.72703e-10 0)
(-3.46049e-12 -2.00304e-09 0)
(-6.09396e-11 -7.61668e-10 0)
(0 0 0)
(-3.94076e-11 -1.93447e-09 0)
(-5.52586e-11 -8.60317e-10 0)
(-1.01988e-11 -1.99545e-09 0)
(4.05407e-11 -1.89612e-09 0)
(1.84595e-11 -1.83561e-09 0)
(3.59928e-11 -1.81611e-09 0)
(0 0 0)
(3.91961e-11 -9.74408e-10 0)
(0 0 0)
(-9.34002e-11 -9.94915e-10 0)
(0 0 0)
(-2.61758e-11 -9.95409e-10 0)
(-1.19944e-11 -9.08302e-10 0)
(0 0 0)
(-1.21046e-11 -1.07295e-09 0)
(-5.84733e-11 -1.06155e-09 0)
(0 0 0)
(0 0 0)
(0 0 0)
(0 0 0)
(1.30612e-11 -1.06988e-09 0)
(4.8175e-11 -9.44703e-10 0)
(6.28489e-11 -9.30741e-10 0)
(6.8091e-11 -9.44797e-10 0)
(8.58407e-11 -2.05442e-09 0)
(0 0 0)
(0 0 0)
(0 0 0)
(0 0 0)
(0 0 0)
(0 0 0)
(0 0 0)
(0 0 0)
(0 0 0)
(0 0 0)
(0 0 0)
(0 0 0)
(0 0 0)
(0 0 0)
(0 0 0)
(0 0 0)
(0 0 0)
(0 0 0)
(0 0 0)
(0 0 0)
(0 0 0)
(0 0 0)
(0 0 0)
(0 0 0)
(0 0 0)
(0 0 0)
(0 0 0)
(0 0 0)
(0 0 0)
(0 0 0)
(0 0 0)
(0 0 0)
(0 0 0)
(0 0 0)
(0 0 0)
(0 0 0)
(0 0 0)
(-1.02659e-10 -9.18509e-10 0)
(-1.04987e-10 -7.91218e-10 0)
(1.45534e-10 -1.94669e-09 0)
(-2.12666e-11 -1.9813e-09 0)
(-2.12116e-11 -8.2218e-10 0)
(3.21604e-11 -9.71524e-10 0)
(0 0 0)
(0 0 0)
(-6.74886e-11 -1.36154e-09 0)
(-1.27848e-11 -6.43829e-10 0)
(-1.20554e-11 -1.28846e-09 0)
(-8.27056e-12 -3.98926e-10 0)
(-4.67265e-11 -9.04857e-10 0)
(-5.84777e-11 -9.43564e-10 0)
(-2.64121e-11 -9.79682e-10 0)
(0 0 0)
(-2.01969e-11 -9.10448e-10 0)
(1.66698e-11 -9.53575e-10 0)
(0 0 0)
(2.99558e-11 -9.04937e-10 0)
(7.30155e-11 -9.49292e-10 0)
(-1.45193e-11 -9.39239e-10 0)
(3.53724e-12 -9.27308e-10 0)
(1.41052e-11 -9.57296e-10 0)
(3.15776e-11 -8.79539e-10 0)
(1.26202e-10 -3.23177e-09 0)
(1.91464e-11 -8.40157e-10 0)
(-9.73067e-11 -1.00742e-09 0)
(-1.01484e-10 -8.98161e-10 0)
(0 0 0)
(0 0 0)
(0 0 0)
(1.02869e-10 -2.63557e-09 0)
(6.6795e-11 -9.22034e-10 0)
(5.09626e-11 -8.1016e-10 0)
(0 0 0)
(2.37917e-11 -9.47598e-10 0)
(0 0 0)
(8.42822e-11 -2.07401e-09 0)
(-1.79395e-11 -9.96494e-10 0)
(4.00581e-11 -1.97463e-09 0)
(-1.53996e-11 -8.8848e-10 0)
(0 0 0)
(0 0 0)
(0 0 0)
(0 0 0)
(0 0 0)
(0 0 0)
(0 0 0)
(0 0 0)
(0 0 0)
(0 0 0)
(0 0 0)
(0 0 0)
(0 0 0)
(0 0 0)
(0 0 0)
(0 0 0)
(0 0 0)
(0 0 0)
(0 0 0)
(0 0 0)
(0 0 0)
(0 0 0)
(0 0 0)
(0 0 0)
(0 0 0)
(0 0 0)
(0 0 0)
(0 0 0)
(0 0 0)
(0 0 0)
(0 0 0)
(0 0 0)
(2.1378e-11 -9.50239e-10 0)
(2.07513e-11 -9.00649e-10 0)
(4.56556e-11 -7.47213e-10 0)
(7.14742e-11 -3.47741e-09 0)
(8.86579e-12 -8.9547e-10 0)
(-5.18382e-12 -7.256e-10 0)
(9.0283e-11 -8.47369e-10 0)
(8.18419e-12 -9.91564e-10 0)
(3.96307e-11 -2.2255e-09 0)
(-6.2414e-11 -1.91245e-09 0)
(-3.43024e-11 -8.83835e-10 0)
(0 0 0)
(0 0 0)
(0 0 0)
(0 0 0)
(1.09646e-11 -9.54816e-10 0)
(-3.24919e-11 -1.02918e-09 0)
(-2.76764e-11 -8.88871e-10 0)
(1.01529e-11 -8.63047e-10 0)
(1.23008e-11 -9.26862e-10 0)
(3.13857e-12 -8.99449e-10 0)
(-7.58214e-11 -2.10025e-09 0)
(-3.62293e-11 -9.49784e-10 0)
(0 0 0)
(0 0 0)
(1.70094e-11 -8.95022e-10 0)
(-1.09821e-11 -9.22841e-10 0)
(-5.04059e-11 -2.67539e-09 0)
(0 0 0)
(-1.85675e-10 -3.18651e-09 0)
(0 0 0)
(0 0 0)
(-1.036e-11 -9.16266e-10 0)
(-2.25288e-11 -1.02694e-09 0)
(2.39054e-10 -2.30252e-09 0)
(6.35217e-11 -9.34876e-10 0)
(4.92925e-11 -9.4206e-10 0)
(5.78415e-11 -9.67532e-10 0)
(5.53625e-11 -9.40497e-10 0)
(3.23209e-12 -9.09315e-10 0)
(3.84588e-11 -2.16707e-09 0)
(3.59425e-11 -9.40527e-10 0)
(-2.25586e-11 -1.75505e-09 0)
(-1.61273e-12 -1.67776e-09 0)
(8.0911e-11 -7.93175e-10 0)
(0 0 0)
(0 0 0)
(0 0 0)
(0 0 0)
(0 0 0)
(0 0 0)
(0 0 0)
(0 0 0)
(0 0 0)
(0 0 0)
(0 0 0)
(0 0 0)
(0 0 0)
(0 0 0)
(0 0 0)
(0 0 0)
(0 0 0)
(0 0 0)
(0 0 0)
(0 0 0)
(0 0 0)
(0 0 0)
(0 0 0)
(0 0 0)
(0 0 0)
(0 0 0)
(0 0 0)
(0 0 0)
(0 0 0)
(0 0 0)
(-1.84249e-11 -8.60605e-10 0)
(-1.54861e-11 -1.34724e-09 0)
(-1.38457e-12 -2.79069e-10 0)
(-1.74462e-11 -9.30635e-10 0)
(2.88961e-11 -9.55983e-10 0)
(2.19065e-11 -8.85416e-10 0)
(-1.42441e-11 -4.05536e-10 0)
(-9.78915e-12 -2.68095e-10 0)
(-2.99399e-12 -1.10619e-09 0)
(-1.33819e-11 -9.3472e-10 0)
(-1.19831e-11 -8.82469e-10 0)
(-3.04979e-12 -8.94201e-10 0)
(7.66757e-12 -9.30881e-10 0)
(-7.42337e-12 -9.49194e-10 0)
(-1.00631e-11 -9.50154e-10 0)
(1.24e-11 -9.10071e-10 0)
(-1.04879e-11 -1.6027e-09 0)
(-1.05263e-12 -9.76608e-10 0)
(0 0 0)
(-2.49364e-11 -9.12717e-10 0)
(0 0 0)
(-5.71476e-11 -9.701e-10 0)
(-1.27687e-11 -9.97302e-10 0)
(1.42481e-11 -9.99547e-10 0)
(2.39014e-11 -9.4602e-10 0)
(-3.44154e-11 -1.92571e-09 0)
(-2.50152e-11 -8.14169e-10 0)
(-4.23557e-11 -8.64872e-10 0)
(0 0 0)
(5.23081e-11 -9.25523e-10 0)
(-8.70866e-12 -8.8373e-10 0)
(-1.83321e-11 -8.01975e-10 0)
(-8.4694e-12 -8.0039e-10 0)
(-7.97426e-13 -8.90446e-10 0)
(2.2122e-11 -9.12664e-10 0)
(9.64208e-12 -9.26765e-10 0)
(1.20147e-11 -8.94098e-10 0)
(1.55122e-11 -9.76881e-10 0)
(-4.95655e-12 -8.6266e-10 0)
(1.14125e-11 -9.65143e-10 0)
(-5.16949e-12 -9.91894e-10 0)
(0 0 0)
(2.27134e-11 -9.61415e-10 0)
(-8.73415e-12 -9.26998e-10 0)
(1.52044e-11 -9.05499e-10 0)
(7.83701e-11 -8.68688e-10 0)
(0 0 0)
(0 0 0)
(0 0 0)
(0 0 0)
(0 0 0)
(0 0 0)
(0 0 0)
(0 0 0)
(0 0 0)
(0 0 0)
(0 0 0)
(0 0 0)
(0 0 0)
(0 0 0)
(0 0 0)
(0 0 0)
(0 0 0)
(0 0 0)
(0 0 0)
(0 0 0)
(0 0 0)
(0 0 0)
(0 0 0)
(0 0 0)
(0 0 0)
(0 0 0)
(0 0 0)
(0 0 0)
(0 0 0)
)
;


// ************************************************************************* //
