/*--------------------------------*- C++ -*----------------------------------*\
  =========                 |
  \\      /  F ield         | OpenFOAM: The Open Source CFD Toolbox
   \\    /   O peration     | Website:  https://openfoam.org
    \\  /    A nd           | Version:  12
     \\/     M anipulation  |
\*---------------------------------------------------------------------------*/
FoamFile
{
    format      ascii;
    class       volVectorField::Internal;
    location    "0.75";
    object      cloud:UTrans;
}
// * * * * * * * * * * * * * * * * * * * * * * * * * * * * * * * * * * * * * //

dimensions      [1 1 -1 0 0 0 0];

value           nonuniform List<vector> 
3750
(
(-9.80633e-10 4.62947e-09 0)
(6.88e-10 4.05694e-11 0)
(2.24946e-10 -8.36726e-10 0)
(1.36842e-11 -5.44667e-10 0)
(3.34913e-11 -9.67442e-10 0)
(2.08875e-11 -4.98899e-10 0)
(2.95762e-12 -4.89431e-10 0)
(1.41393e-11 -5.17325e-10 0)
(2.73066e-12 -4.93866e-10 0)
(-5.68694e-13 -4.83337e-10 0)
(0 0 0)
(1.92923e-11 -4.87282e-10 0)
(0 0 0)
(1.46442e-11 -1.07745e-09 0)
(0 0 0)
(-9.72595e-12 -1.12216e-09 0)
(-6.83984e-12 -4.68788e-10 0)
(-8.2422e-12 -9.35587e-10 0)
(-1.19768e-11 -9.20879e-10 0)
(-1.65154e-11 -4.42255e-10 0)
(-2.41655e-12 -5.14837e-10 0)
(-2.86592e-12 -4.97096e-10 0)
(-6.00374e-12 -4.86835e-10 0)
(-1.50682e-11 -4.46454e-10 0)
(2.84707e-11 -6.89921e-10 0)
(2.39935e-11 -5.23565e-10 0)
(3.58075e-11 -4.30551e-10 0)
(0 0 0)
(0 0 0)
(9.5143e-11 -6.60652e-10 0)
(-3.26422e-11 -6.65013e-10 0)
(-2.36616e-11 -5.11823e-10 0)
(-9.45789e-12 -4.36073e-10 0)
(0 0 0)
(0 0 0)
(1.5807e-11 -5.30019e-10 0)
(-7.62419e-13 -5.20899e-10 0)
(0 0 0)
(-8.0619e-12 -5.05215e-10 0)
(0 0 0)
(-2.06199e-11 -9.79587e-10 0)
(-2.90214e-11 -9.42877e-10 0)
(2.71578e-11 -5.31071e-10 0)
(5.88757e-12 -5.60674e-10 0)
(-1.73712e-11 -5.58904e-10 0)
(-1.83356e-11 -5.6042e-10 0)
(-2.51782e-11 -5.38288e-10 0)
(-2.26102e-11 -1.09259e-09 0)
(1.11607e-11 -4.88452e-10 0)
(-1.00712e-11 -1.05037e-09 0)
(0 0 0)
(1.50237e-11 -1.02378e-09 0)
(1.91272e-11 -5.38337e-10 0)
(3.08346e-11 -5.36635e-10 0)
(-1.48216e-11 -5.20986e-10 0)
(-2.05871e-11 -4.91144e-10 0)
(-7.67546e-12 -4.6681e-10 0)
(-3.60672e-11 -1.02594e-09 0)
(-5.4234e-12 -4.0875e-10 0)
(-1.79884e-10 -2.15961e-09 0)
(6.57342e-11 -6.01283e-10 0)
(0 0 0)
(3.5933e-12 -4.76629e-10 0)
(5.66215e-12 -4.95145e-10 0)
(7.10841e-11 -1.10591e-09 0)
(1.35521e-11 -4.91581e-10 0)
(1.15774e-11 -1.03771e-09 0)
(-1.38935e-12 -4.41773e-10 0)
(0 0 0)
(6.42282e-11 -4.99554e-10 0)
(4.0358e-11 -4.34964e-10 0)
(7.54112e-12 -4.25229e-10 0)
(0 0 0)
(-1.88732e-11 -4.48626e-10 0)
(-1.33171e-11 -5.36129e-10 0)
(-1.41347e-08 1.40758e-08 0)
(-1.1446e-09 2.59557e-10 0)
(-3.12571e-11 -1.99967e-10 0)
(1.61263e-11 -9.84835e-10 0)
(2.14147e-11 -5.07739e-10 0)
(1.68104e-11 -5.20209e-10 0)
(4.59282e-12 -5.22533e-10 0)
(8.86738e-12 -1.09145e-09 0)
(3.08754e-11 -4.95231e-10 0)
(8.2702e-12 -4.9023e-10 0)
(-3.04458e-12 -4.70121e-10 0)
(1.01889e-11 -4.63103e-10 0)
(0 0 0)
(0 0 0)
(-3.75103e-12 -5.16622e-10 0)
(0 0 0)
(-2.44189e-11 -1.16281e-09 0)
(-5.84039e-12 -4.7993e-10 0)
(-3.75642e-11 -4.62935e-10 0)
(0 0 0)
(-1.2298e-11 -5.14615e-10 0)
(0 0 0)
(-1.39765e-11 -4.7736e-10 0)
(-2.30624e-11 -4.77645e-10 0)
(0 0 0)
(1.09007e-10 -6.182e-10 0)
(6.31707e-11 -4.98652e-10 0)
(0 0 0)
(-3.24684e-12 -6.41533e-11 0)
(-2.28598e-12 -1.44426e-09 0)
(4.99649e-11 -1.36724e-09 0)
(2.63882e-11 -4.48806e-10 0)
(2.7518e-11 -1.05197e-09 0)
(2.96137e-12 -5.17665e-10 0)
(0 0 0)
(1.60207e-11 -5.16616e-10 0)
(0 0 0)
(0 0 0)
(-5.87729e-11 -1.02466e-09 0)
(-4.73991e-11 -1.09925e-09 0)
(-4.46384e-11 -4.23894e-10 0)
(-2.40694e-11 -9.56459e-10 0)
(-2.73329e-11 -4.36155e-10 0)
(0 0 0)
(0 0 0)
(0 0 0)
(0 0 0)
(0 0 0)
(1.69965e-11 -1.27289e-09 0)
(0 0 0)
(-4.91912e-11 -5.48874e-10 0)
(-2.23443e-11 -5.22692e-10 0)
(9.34607e-12 -5.51537e-10 0)
(1.06346e-10 -1.34441e-09 0)
(0 0 0)
(-4.55915e-11 -5.20407e-10 0)
(0 0 0)
(0 0 0)
(-4.79776e-11 -5.03461e-10 0)
(-1.27765e-10 -1.34968e-09 0)
(5.93436e-11 -6.19557e-10 0)
(9.57992e-11 -1.16008e-09 0)
(-2.67563e-11 -4.74366e-10 0)
(0 0 0)
(4.10457e-11 -4.88372e-10 0)
(1.71795e-12 -6.33027e-10 0)
(-1.24249e-10 -1.31366e-09 0)
(-2.69984e-10 -2.16085e-09 0)
(1.5148e-10 -1.04681e-09 0)
(5.21261e-11 -4.30857e-10 0)
(0 0 0)
(3.57996e-11 -4.55457e-10 0)
(0 0 0)
(-1.51018e-11 -4.73421e-10 0)
(-3.1122e-11 -1.14289e-09 0)
(-8.50044e-10 1.36289e-08 0)
(-6.16413e-11 -7.40644e-10 0)
(4.01942e-11 -5.74241e-10 0)
(4.67577e-12 -4.87627e-10 0)
(1.23333e-11 -5.08037e-10 0)
(2.90385e-11 -5.035e-10 0)
(2.15811e-11 -5.02482e-10 0)
(1.92086e-11 -4.92904e-10 0)
(1.2874e-11 -1.06813e-09 0)
(0 0 0)
(2.17898e-11 -4.6267e-10 0)
(6.38684e-12 -4.34821e-10 0)
(2.84721e-11 -4.18903e-10 0)
(0 0 0)
(-2.01239e-11 -5.05549e-10 0)
(1.25378e-11 -1.00751e-09 0)
(-7.34515e-12 -4.63456e-10 0)
(-4.61537e-11 -4.10304e-10 0)
(-4.10699e-11 -1.04495e-09 0)
(0 0 0)
(-9.39191e-12 -4.62283e-10 0)
(-6.76019e-12 -4.56334e-10 0)
(-4.8331e-11 -1.60008e-09 0)
(-2.20887e-11 -4.40291e-10 0)
(7.06738e-12 -5.46721e-10 0)
(0 0 0)
(0 0 0)
(5.61714e-11 -4.98457e-10 0)
(-1.29439e-11 -5.7071e-10 0)
(0 0 0)
(0 0 0)
(9.12801e-12 -5.2812e-10 0)
(8.22889e-11 -1.11704e-09 0)
(2.4127e-11 -4.48217e-10 0)
(0 0 0)
(-1.00663e-11 -5.17481e-10 0)
(5.9691e-13 -1.08698e-09 0)
(-3.37911e-11 -4.92715e-10 0)
(-3.42497e-11 -4.34246e-10 0)
(-5.29625e-11 -9.97726e-10 0)
(-3.72107e-11 -9.54606e-10 0)
(-4.12245e-11 -4.25335e-10 0)
(-2.34965e-10 -1.21734e-09 0)
(-1.03188e-11 -5.56146e-10 0)
(0 0 0)
(1.44277e-12 -5.41746e-10 0)
(-2.36645e-11 -5.69111e-10 0)
(-3.8799e-11 -5.90415e-10 0)
(-3.74859e-12 -1.09018e-09 0)
(0 0 0)
(0 0 0)
(-2.3182e-11 -5.02006e-10 0)
(-4.58098e-11 -4.52065e-10 0)
(-1.28406e-11 -1.37759e-09 0)
(-1.45259e-11 -1.15319e-09 0)
(-2.20946e-11 -3.67119e-10 0)
(-2.55603e-11 -4.01143e-10 0)
(0 0 0)
(-1.11483e-10 -1.79211e-09 0)
(0 0 0)
(9.35257e-11 -1.20701e-09 0)
(-7.53035e-12 -5.46551e-10 0)
(-2.50155e-11 -5.24013e-10 0)
(-1.49363e-11 -2.44244e-10 0)
(-1.55063e-12 -2.46062e-11 0)
(-9.92656e-11 -2.49154e-09 0)
(1.0219e-12 -5.63494e-10 0)
(1.78271e-11 -4.96144e-10 0)
(9.88039e-11 -1.15031e-09 0)
(0 0 0)
(4.59191e-11 -4.70664e-10 0)
(3.4633e-11 -5.31111e-10 0)
(-4.04468e-12 -4.73337e-10 0)
(0 0 0)
(0 0 0)
(-2.31874e-09 1.56964e-08 0)
(4.52529e-10 5.95048e-10 0)
(-2.35734e-11 -4.09489e-11 0)
(1.3632e-11 -4.8073e-10 0)
(2.8785e-12 -4.53437e-10 0)
(9.12993e-12 -4.81479e-10 0)
(-1.66089e-11 -5.00225e-10 0)
(-3.89653e-11 -1.0604e-09 0)
(-1.29351e-10 -1.65705e-09 0)
(-3.01665e-11 -1.13882e-09 0)
(1.72601e-11 -8.6083e-10 0)
(0 0 0)
(2.16466e-11 -4.92517e-10 0)
(3.67355e-11 -9.79497e-10 0)
(1.29351e-11 -1.01674e-09 0)
(4.22955e-12 -4.8452e-10 0)
(-3.92463e-12 -4.68234e-10 0)
(1.51853e-11 -4.76342e-10 0)
(-7.62689e-12 -4.99618e-10 0)
(-3.99145e-12 -4.68559e-10 0)
(0 0 0)
(-3.80089e-11 -1.06635e-09 0)
(2.23797e-11 -4.74715e-10 0)
(0 0 0)
(2.67198e-13 -5.51418e-10 0)
(2.22691e-11 -5.65624e-10 0)
(1.8923e-11 -5.34239e-10 0)
(0 0 0)
(1.51117e-11 -5.59988e-10 0)
(1.99357e-12 -5.6536e-10 0)
(1.28451e-10 -1.23653e-09 0)
(1.33557e-10 -1.10889e-09 0)
(0 0 0)
(1.13237e-10 -5.05084e-10 0)
(-2.35467e-11 -5.38454e-10 0)
(-6.0264e-11 -5.0672e-10 0)
(-1.94624e-11 -4.6522e-10 0)
(1.11774e-11 -1.0017e-09 0)
(-1.90273e-11 -4.05572e-10 0)
(-9.95973e-12 -5.03062e-10 0)
(-1.51998e-11 -5.41343e-10 0)
(-3.60966e-11 -6.05139e-10 0)
(0 0 0)
(-6.00028e-11 -9.59359e-10 0)
(-2.69171e-12 -1.05426e-09 0)
(2.9554e-11 -5.02019e-10 0)
(5.0877e-12 -4.73181e-10 0)
(1.65558e-11 -1.06367e-09 0)
(-1.45775e-11 -5.1336e-10 0)
(-5.98124e-11 -1.02321e-09 0)
(-4.20552e-11 -4.70517e-10 0)
(-2.58979e-11 -4.36837e-10 0)
(-6.35769e-11 -9.48344e-10 0)
(-8.19387e-11 -4.93585e-10 0)
(0 0 0)
(0 0 0)
(-9.80105e-12 -4.249e-10 0)
(-1.70798e-11 -4.74172e-10 0)
(-8.73951e-12 -5.43842e-10 0)
(1.8297e-12 -1.2535e-09 0)
(-3.33204e-13 -5.00206e-10 0)
(-2.43463e-11 -5.78356e-10 0)
(-4.46833e-11 -4.86888e-10 0)
(-1.80245e-11 -4.66999e-10 0)
(-3.57949e-11 -5.05084e-10 0)
(-3.65044e-11 -5.42066e-10 0)
(1.65335e-11 -5.37232e-10 0)
(3.2069e-11 -5.25964e-10 0)
(3.09931e-11 -4.82614e-10 0)
(4.1309e-11 -4.78213e-10 0)
(0 0 0)
(1.74879e-11 -5.18878e-10 0)
(5.27453e-12 -4.86661e-10 0)
(-1.06684e-11 -4.98217e-10 0)
(6.15066e-13 -4.45874e-10 0)
(-2.18093e-09 1.61874e-08 0)
(-1.63224e-10 1.06205e-09 0)
(4.6008e-11 -2.50509e-10 0)
(7.47757e-11 -5.20717e-10 0)
(6.99102e-12 -1.08409e-09 0)
(1.52676e-11 -5.28565e-10 0)
(1.42893e-11 -5.05857e-10 0)
(0 0 0)
(0 0 0)
(-3.8346e-11 -5.00941e-10 0)
(-1.91011e-11 -4.55108e-10 0)
(-1.17219e-11 -4.49597e-10 0)
(4.36326e-11 -1.05798e-09 0)
(4.93939e-12 -4.68226e-10 0)
(-6.2795e-12 -4.89737e-10 0)
(5.08047e-12 -4.98565e-10 0)
(1.35486e-11 -5.24081e-10 0)
(0 0 0)
(1.85427e-11 -1.21318e-09 0)
(0 0 0)
(-9.67031e-12 -4.95565e-10 0)
(-2.62434e-12 -4.88633e-10 0)
(-4.37191e-12 -5.07965e-10 0)
(3.63134e-12 -5.30299e-10 0)
(9.98086e-12 -5.02798e-10 0)
(2.31679e-11 -4.82934e-10 0)
(3.09448e-11 -5.15055e-10 0)
(3.7136e-11 -5.43068e-10 0)
(1.25749e-11 -5.4748e-10 0)
(7.0227e-11 -1.25963e-09 0)
(2.80371e-11 -5.06726e-10 0)
(2.44723e-11 -4.89958e-10 0)
(2.92661e-11 -5.33432e-10 0)
(7.26105e-11 -6.29081e-10 0)
(-1.10249e-10 -2.16994e-09 0)
(-1.79883e-11 -4.26968e-10 0)
(1.41219e-11 -5.18332e-10 0)
(0 0 0)
(-3.38051e-11 -1.14487e-09 0)
(-9.158e-12 -5.14585e-10 0)
(-4.20591e-12 -5.45034e-10 0)
(0 0 0)
(6.15135e-11 -1.13006e-09 0)
(-2.31177e-11 -4.0583e-10 0)
(-9.63226e-12 -3.7428e-10 0)
(-1.02299e-11 -4.14567e-10 0)
(6.66043e-12 -5.1788e-10 0)
(1.48847e-11 -5.25837e-10 0)
(-3.31711e-11 -1.10778e-09 0)
(-1.54856e-12 -4.67426e-10 0)
(-2.48901e-11 -5.10843e-10 0)
(-6.98449e-11 -1.04798e-09 0)
(-5.11648e-11 -1.07689e-09 0)
(0 0 0)
(1.18706e-11 -5.51182e-10 0)
(0 0 0)
(-5.77336e-11 -1.15613e-09 0)
(0 0 0)
(-8.07895e-12 -1.06746e-09 0)
(-7.54118e-12 -5.15464e-10 0)
(4.18657e-11 -5.77297e-10 0)
(-7.19711e-11 -1.38683e-09 0)
(-4.92383e-11 -5.31656e-10 0)
(-3.50948e-11 -4.38284e-10 0)
(-1.01661e-11 -1.1814e-09 0)
(-3.13413e-11 -4.74464e-10 0)
(2.71508e-12 -5.41499e-10 0)
(0 0 0)
(3.33451e-11 -5.40532e-10 0)
(5.71446e-11 -4.9329e-10 0)
(0 0 0)
(1.77475e-11 -5.12372e-10 0)
(0 0 0)
(1.76493e-11 -1.15568e-09 0)
(1.18448e-11 -4.68209e-10 0)
(-1.64277e-09 1.87735e-08 0)
(5.73672e-09 -4.397e-10 0)
(-2.08583e-10 -5.13669e-10 0)
(7.7036e-11 -5.1821e-10 0)
(2.13289e-11 -4.98776e-10 0)
(0 0 0)
(-2.36675e-11 -1.20202e-09 0)
(-1.23609e-11 -5.52475e-10 0)
(-4.08233e-11 -5.12569e-10 0)
(-4.83794e-11 -4.51088e-10 0)
(-1.2416e-11 -1.11082e-09 0)
(-2.31901e-11 -4.30785e-10 0)
(-6.54766e-12 -4.67795e-10 0)
(-6.55984e-12 -5.1392e-10 0)
(-9.2554e-13 -5.13697e-10 0)
(-3.42641e-12 -5.30194e-10 0)
(1.4289e-11 -5.32399e-10 0)
(9.35126e-12 -5.37072e-10 0)
(0 0 0)
(2.35392e-11 -4.71473e-10 0)
(7.04622e-12 -5.11205e-10 0)
(1.26063e-11 -1.09298e-09 0)
(2.29173e-12 -4.69674e-10 0)
(2.21096e-11 -4.95517e-10 0)
(3.47829e-11 -1.114e-09 0)
(2.5907e-11 -4.72709e-10 0)
(3.93931e-11 -5.1275e-10 0)
(4.28114e-11 -5.49086e-10 0)
(1.97024e-11 -5.38512e-10 0)
(3.40646e-11 -5.8012e-10 0)
(3.4479e-11 -6.05861e-10 0)
(-4.01831e-12 -2.85623e-10 0)
(0 0 0)
(-2.10962e-11 -1.65541e-09 0)
(0 0 0)
(0 0 0)
(0 0 0)
(0 0 0)
(0 0 0)
(-4.81368e-12 -5.38784e-10 0)
(0 0 0)
(1.10148e-11 -5.22097e-10 0)
(9.67897e-11 -1.15146e-09 0)
(0 0 0)
(-2.84175e-11 -4.65815e-10 0)
(-2.13152e-12 -5.02643e-10 0)
(6.74883e-12 -5.19857e-10 0)
(1.26235e-11 -5.20181e-10 0)
(1.29754e-11 -5.31277e-10 0)
(-5.6475e-11 -1.22061e-09 0)
(-1.09336e-11 -4.98597e-10 0)
(-2.96257e-11 -5.11843e-10 0)
(-6.0319e-11 -5.38589e-10 0)
(-3.90873e-11 -5.152e-10 0)
(-2.29585e-11 -4.97612e-10 0)
(-1.6155e-11 -5.11566e-10 0)
(0 0 0)
(-8.08107e-12 -4.72726e-10 0)
(-3.31834e-12 -4.62281e-10 0)
(1.18907e-11 -5.14175e-10 0)
(-7.89655e-12 -6.82769e-10 0)
(-1.78234e-11 -6.04461e-10 0)
(1.75143e-12 -3.95805e-10 0)
(-4.10163e-11 -3.94109e-10 0)
(0 0 0)
(-1.43717e-11 -5.17362e-10 0)
(0 0 0)
(2.10876e-11 -5.4485e-10 0)
(0 0 0)
(4.21779e-11 -5.22298e-10 0)
(8.77713e-11 -1.11665e-09 0)
(2.61678e-11 -5.28005e-10 0)
(0 0 0)
(2.3174e-11 -5.08987e-10 0)
(1.66868e-11 -5.06546e-10 0)
(-6.85225e-10 2.02324e-08 0)
(4.10172e-10 3.74255e-10 0)
(-7.35219e-11 -4.55353e-10 0)
(7.14897e-11 -5.30262e-10 0)
(4.95878e-11 -4.90004e-10 0)
(1.36486e-11 -5.28668e-10 0)
(0 0 0)
(-7.1933e-12 -5.28422e-10 0)
(-7.41937e-12 -5.00674e-10 0)
(0 0 0)
(-2.40426e-12 -4.46977e-10 0)
(-2.96898e-12 -4.16736e-10 0)
(-2.68204e-11 -4.40749e-10 0)
(-2.27501e-11 -4.86577e-10 0)
(-1.59958e-12 -4.99727e-10 0)
(0 0 0)
(1.40764e-11 -5.08409e-10 0)
(2.66027e-11 -5.38505e-10 0)
(0 0 0)
(1.73526e-11 -5.16878e-10 0)
(1.3146e-11 -1.16336e-09 0)
(4.10789e-12 -4.73552e-10 0)
(8.2852e-13 -4.61553e-10 0)
(8.58152e-11 -1.0908e-09 0)
(2.10442e-12 -4.6698e-10 0)
(1.76972e-11 -4.78055e-10 0)
(0 0 0)
(2.53721e-11 -5.54409e-10 0)
(5.11482e-11 -5.32638e-10 0)
(0 0 0)
(0 0 0)
(-8.35194e-13 -5.42928e-11 0)
(-1.0303e-10 -1.19893e-09 0)
(-7.33926e-11 -5.27982e-10 0)
(4.78656e-11 -6.59897e-10 0)
(6.65656e-11 -1.11903e-09 0)
(2.90465e-11 -4.22893e-10 0)
(-5.02561e-13 -1.046e-09 0)
(-2.7941e-11 -1.05765e-09 0)
(-1.23142e-11 -1.10002e-09 0)
(-2.15401e-12 -1.09415e-09 0)
(1.60385e-12 -4.62408e-10 0)
(-2.19359e-13 -5.00103e-10 0)
(-4.28571e-12 -4.96511e-10 0)
(-1.18974e-11 -4.81438e-10 0)
(5.28451e-13 -4.57417e-10 0)
(0 0 0)
(-9.11715e-12 -4.75919e-10 0)
(4.42932e-11 -5.61154e-10 0)
(-1.01317e-10 -8.56862e-10 0)
(-1.20324e-11 -8.46937e-10 0)
(0 0 0)
(-6.37321e-11 -6.27622e-10 0)
(-4.43071e-11 -5.359e-10 0)
(-7.3033e-12 -4.60919e-10 0)
(-2.28736e-12 -4.85071e-10 0)
(-1.68876e-11 -5.07242e-10 0)
(-4.12566e-11 -4.46676e-10 0)
(-3.92837e-11 -1.12019e-09 0)
(-5.02346e-11 -4.78378e-10 0)
(-1.30282e-10 -1.29028e-09 0)
(3.86619e-11 -6.09951e-10 0)
(3.37211e-11 -1.13664e-09 0)
(-1.65477e-11 -4.48962e-10 0)
(-9.2064e-12 -5.13021e-10 0)
(0 0 0)
(1.54871e-11 -5.31867e-10 0)
(3.8955e-11 -5.50889e-10 0)
(3.04571e-11 -5.40154e-10 0)
(0 0 0)
(1.03441e-11 -4.60355e-10 0)
(3.74035e-11 -4.95624e-10 0)
(5.65275e-11 -4.91951e-10 0)
(3.34894e-11 -5.02364e-10 0)
(2.30552e-11 -5.12005e-10 0)
(3.6083e-10 1.77315e-08 0)
(4.31309e-10 -4.75943e-11 0)
(-9.73073e-11 -1.34822e-10 0)
(9.00837e-12 -2.44239e-10 0)
(1.52157e-12 -4.0307e-11 0)
(2.80508e-11 -5.3686e-10 0)
(0 0 0)
(3.56753e-12 -5.42801e-10 0)
(0 0 0)
(1.60837e-11 -4.62547e-10 0)
(-5.05069e-13 -4.60804e-10 0)
(1.70294e-11 -4.82445e-10 0)
(-2.47747e-11 -1.13571e-09 0)
(-1.8422e-11 -5.03196e-10 0)
(-8.92459e-12 -5.30169e-10 0)
(0 0 0)
(3.62625e-12 -5.06873e-10 0)
(2.14247e-11 -5.20529e-10 0)
(2.66771e-11 -5.28351e-10 0)
(2.51198e-11 -5.18391e-10 0)
(0 0 0)
(1.3239e-11 -4.69234e-10 0)
(-8.44047e-12 -4.34753e-10 0)
(-1.30658e-11 -1.15857e-09 0)
(0 0 0)
(1.35748e-11 -4.93421e-10 0)
(3.10812e-11 -5.37711e-10 0)
(2.5233e-11 -5.55772e-10 0)
(0 0 0)
(4.77128e-11 -5.11786e-10 0)
(1.48336e-11 -2.62876e-09 0)
(-9.73824e-12 -5.86846e-10 0)
(0 0 0)
(-2.10135e-11 -5.19886e-10 0)
(2.03394e-11 -5.62345e-10 0)
(3.07288e-11 -5.31977e-10 0)
(-3.48095e-12 -5.0307e-10 0)
(6.42677e-12 -4.93267e-10 0)
(-4.60347e-12 -4.8595e-10 0)
(3.9185e-12 -4.88601e-10 0)
(0 0 0)
(-6.88414e-12 -5.18143e-10 0)
(-1.18025e-11 -4.99682e-10 0)
(7.80665e-12 -4.92101e-10 0)
(-5.65138e-12 -1.0602e-09 0)
(2.75712e-12 -4.39093e-10 0)
(-2.02833e-11 -1.09071e-09 0)
(-3.50266e-11 -4.39423e-10 0)
(-4.90176e-11 -1.47829e-09 0)
(0 0 0)
(-1.86501e-11 -4.36561e-10 0)
(-2.88003e-11 -1.44953e-09 0)
(0 0 0)
(1.88116e-11 -4.4046e-10 0)
(1.19682e-11 -4.43549e-10 0)
(2.49575e-12 -4.76964e-10 0)
(-3.71966e-11 -1.11669e-09 0)
(-1.41311e-11 -4.96286e-10 0)
(3.71086e-12 -5.06129e-10 0)
(0 0 0)
(-4.55045e-11 -5.60823e-10 0)
(-3.35518e-12 -5.75308e-10 0)
(0 0 0)
(1.99049e-11 -5.06864e-10 0)
(-9.66297e-13 -5.07432e-10 0)
(-5.09018e-12 -5.29562e-10 0)
(9.6175e-12 -5.40228e-10 0)
(1.76286e-11 -5.38574e-10 0)
(3.20122e-11 -6.91024e-10 0)
(6.26619e-11 -8.50834e-10 0)
(1.978e-11 -5.20711e-10 0)
(2.10753e-11 -4.68355e-10 0)
(2.77969e-11 -4.85499e-10 0)
(0 0 0)
(9.39846e-12 -5.50576e-10 0)
(4.18385e-11 1.61638e-08 0)
(9.94093e-10 -2.11415e-09 0)
(-4.98759e-10 -8.7706e-10 0)
(1.83649e-11 -4.92967e-10 0)
(0 0 0)
(2.4395e-11 -5.65175e-10 0)
(2.25143e-11 -5.02778e-10 0)
(3.89027e-11 -5.08469e-10 0)
(5.55442e-11 -4.95315e-10 0)
(0 0 0)
(3.11294e-11 -5.0144e-10 0)
(0 0 0)
(-3.56275e-12 -5.06093e-10 0)
(0 0 0)
(5.46705e-12 -5.32826e-10 0)
(0 0 0)
(0 0 0)
(1.68234e-11 -5.37764e-10 0)
(1.49715e-11 -5.82728e-10 0)
(3.10437e-11 -5.40081e-10 0)
(1.81489e-11 -4.78414e-10 0)
(8.76632e-11 -1.84372e-09 0)
(1.73618e-11 -4.83881e-10 0)
(-2.73571e-11 -9.30465e-10 0)
(5.17606e-12 -4.78906e-10 0)
(8.41393e-13 -4.98402e-10 0)
(1.40825e-11 -5.18523e-10 0)
(2.31152e-11 -5.45593e-10 0)
(1.21343e-11 -8.90641e-10 0)
(-7.57756e-11 -8.11012e-10 0)
(-3.61834e-11 -6.83235e-10 0)
(1.68953e-11 -5.86441e-10 0)
(1.73267e-11 -1.19238e-09 0)
(-1.10073e-12 -5.20701e-10 0)
(1.86714e-11 -5.20266e-10 0)
(1.76321e-11 -1.17973e-09 0)
(1.00159e-11 -5.36883e-10 0)
(0 0 0)
(-2.76698e-12 -5.20408e-10 0)
(-1.19767e-11 -4.92857e-10 0)
(4.21961e-12 -1.16455e-09 0)
(-1.34212e-11 -4.65879e-10 0)
(-1.06622e-11 -4.99227e-10 0)
(-2.50565e-11 -5.35935e-10 0)
(-1.92931e-11 -5.03603e-10 0)
(-2.15075e-11 -5.08486e-10 0)
(-3.67192e-11 -5.10157e-10 0)
(-5.65385e-11 -5.28125e-10 0)
(-8.56947e-11 -5.15755e-10 0)
(1.92043e-11 -5.44003e-10 0)
(0 0 0)
(-1.01591e-10 -1.22474e-09 0)
(5.97823e-11 -6.67181e-10 0)
(5.0119e-11 -4.322e-10 0)
(7.32245e-12 -1.12908e-09 0)
(5.39805e-12 -4.77692e-10 0)
(1.262e-11 -4.64296e-10 0)
(-5.35637e-12 -5.26911e-10 0)
(0 0 0)
(-9.20988e-12 -5.36386e-10 0)
(0 0 0)
(-1.20732e-11 -5.60669e-10 0)
(-1.10258e-11 -5.61567e-10 0)
(3.60763e-13 -5.23183e-10 0)
(-1.11695e-11 -5.33534e-10 0)
(-1.03889e-11 -5.30538e-10 0)
(8.03745e-12 -1.17287e-09 0)
(2.6934e-11 -4.64353e-10 0)
(5.24404e-11 -4.59294e-10 0)
(2.16939e-11 -5.40515e-10 0)
(8.40261e-11 -1.15274e-09 0)
(7.47489e-11 -1.02181e-09 0)
(2.27498e-11 -1.0071e-09 0)
(0 0 0)
(-1.47849e-11 -5.35562e-10 0)
(-4.79365e-09 2.10929e-08 0)
(-5.15053e-10 -3.41323e-09 0)
(-6.10072e-12 -1.1828e-09 0)
(4.42183e-11 -2.11603e-10 0)
(2.64208e-12 -4.52221e-10 0)
(0 0 0)
(4.49944e-11 -6.05457e-10 0)
(1.43892e-10 -1.21507e-09 0)
(4.6935e-11 -5.14242e-10 0)
(0 0 0)
(0 0 0)
(3.44343e-11 -5.21295e-10 0)
(1.44317e-11 -5.14064e-10 0)
(2.32127e-12 -5.03697e-10 0)
(0 0 0)
(1.28886e-11 -4.80933e-10 0)
(0 0 0)
(1.05739e-11 -4.57189e-10 0)
(6.24403e-11 -1.13871e-09 0)
(8.82027e-11 -1.16102e-09 0)
(4.83671e-11 -4.82167e-10 0)
(0 0 0)
(0 0 0)
(-4.89852e-11 -4.47573e-10 0)
(-3.55864e-11 -4.2342e-10 0)
(-4.16611e-11 -9.86527e-10 0)
(8.702e-13 -1.11074e-09 0)
(1.00656e-11 -1.1241e-09 0)
(8.57237e-12 -1.09026e-09 0)
(-2.86909e-11 -5.03666e-10 0)
(-4.27148e-11 -5.84672e-10 0)
(-1.62774e-11 -5.80165e-10 0)
(1.47766e-12 -5.36829e-10 0)
(1.52197e-11 -4.88138e-10 0)
(-2.35883e-12 -5.06945e-10 0)
(2.8596e-11 -5.03392e-10 0)
(1.09875e-11 -5.09185e-10 0)
(5.00854e-11 -1.13161e-09 0)
(1.24483e-11 -4.78782e-10 0)
(4.41217e-12 -4.99317e-10 0)
(-6.59816e-13 -5.21579e-10 0)
(0 0 0)
(0 0 0)
(-1.05677e-11 -5.10841e-10 0)
(-1.01816e-11 -5.03047e-10 0)
(-6.49194e-12 -4.93431e-10 0)
(-1.98985e-11 -5.29503e-10 0)
(-3.32413e-11 -5.56425e-10 0)
(-5.9087e-11 -5.61835e-10 0)
(-4.27072e-11 -5.71218e-10 0)
(-5.11839e-13 -5.09087e-10 0)
(-1.30249e-11 -5.03304e-10 0)
(1.47281e-11 -4.90546e-10 0)
(1.52127e-10 -1.24028e-09 0)
(-1.55753e-12 -4.77816e-10 0)
(4.3887e-12 -4.49654e-10 0)
(1.16494e-11 -4.90079e-10 0)
(-8.66398e-12 -5.17903e-10 0)
(-2.04984e-11 -5.29382e-10 0)
(-9.71473e-12 -5.33311e-10 0)
(-1.78758e-12 -5.5651e-10 0)
(0 0 0)
(-6.67723e-12 -5.51617e-10 0)
(-1.78183e-11 -5.27701e-10 0)
(6.54582e-12 -5.33809e-10 0)
(-1.29271e-11 -4.98894e-10 0)
(2.37787e-11 -1.06652e-09 0)
(4.49156e-12 -4.38582e-10 0)
(2.62989e-11 -8.12366e-10 0)
(-6.16765e-12 -6.79512e-10 0)
(-2.67035e-11 -1.1276e-09 0)
(-1.6846e-11 -1.80424e-09 0)
(-1.10614e-11 -9.61089e-10 0)
(1.17909e-11 -1.01456e-09 0)
(8.30603e-12 -4.57886e-10 0)
(-3.77221e-09 1.47634e-08 0)
(-1.73914e-09 -2.88837e-10 0)
(1.81326e-10 -4.7882e-10 0)
(1.63072e-11 -4.34357e-10 0)
(3.47612e-11 -4.76601e-10 0)
(0 0 0)
(0 0 0)
(9.54609e-11 -5.27377e-10 0)
(0 0 0)
(4.61349e-11 -4.78765e-10 0)
(1.09312e-10 -1.16356e-09 0)
(3.38496e-11 -4.80737e-10 0)
(4.8292e-11 -1.08922e-09 0)
(7.01811e-11 -9.62523e-10 0)
(2.77362e-11 -3.94414e-10 0)
(-4.91122e-12 -1.07575e-09 0)
(2.29713e-11 -4.13116e-10 0)
(-2.22338e-12 -4.46369e-10 0)
(6.17385e-12 -5.02577e-10 0)
(0 0 0)
(5.39392e-11 -4.84656e-10 0)
(9.53914e-12 -3.6941e-10 0)
(1.05006e-10 -2.21148e-09 0)
(-1.03387e-11 -1.18906e-09 0)
(-2.57513e-11 -9.24111e-10 0)
(-1.02413e-11 -3.66652e-10 0)
(0 0 0)
(1.10649e-11 -4.86832e-10 0)
(-3.54182e-11 -5.47311e-10 0)
(2.20629e-11 -5.64572e-10 0)
(-6.28984e-11 -6.36904e-10 0)
(0 0 0)
(-2.14525e-11 -5.58597e-10 0)
(0 0 0)
(2.25444e-12 -5.53425e-10 0)
(2.03614e-12 -1.22108e-09 0)
(1.56318e-11 -4.93721e-10 0)
(9.72329e-12 -4.95968e-10 0)
(1.9082e-11 -5.19497e-10 0)
(1.00589e-11 -5.05334e-10 0)
(2.97274e-12 -5.48063e-10 0)
(0 0 0)
(-8.7698e-12 -1.21364e-09 0)
(3.37569e-12 -4.57164e-10 0)
(-5.16856e-12 -4.41617e-10 0)
(-1.08152e-11 -4.92716e-10 0)
(-9.44977e-12 -5.47604e-10 0)
(0 0 0)
(-3.48407e-11 -5.78881e-10 0)
(-3.27764e-11 -5.45785e-10 0)
(-2.27191e-11 -1.1345e-09 0)
(-6.68466e-12 -4.26177e-10 0)
(3.26594e-12 -4.33504e-10 0)
(5.97208e-12 -5.22475e-10 0)
(3.33462e-11 -5.48322e-10 0)
(-1.46174e-12 -5.02452e-10 0)
(-1.51733e-11 -5.06941e-10 0)
(1.49084e-12 -5.404e-10 0)
(-5.53747e-13 -5.45305e-10 0)
(6.72327e-12 -5.44598e-10 0)
(0 0 0)
(-1.00447e-12 -5.35602e-10 0)
(-1.43403e-11 -5.61864e-10 0)
(-2.49701e-12 -5.16347e-10 0)
(-2.29422e-12 -5.30206e-10 0)
(0 0 0)
(-3.65443e-12 -4.79373e-10 0)
(-4.18094e-12 -4.63117e-10 0)
(-9.40578e-12 -4.54923e-10 0)
(0 0 0)
(-1.54453e-11 -5.28724e-10 0)
(-3.77088e-11 -4.90804e-10 0)
(-5.4999e-11 -1.09809e-09 0)
(-6.21066e-11 -1.0158e-09 0)
(-3.42758e-11 -1.79242e-09 0)
(-3.87956e-09 1.66057e-08 0)
(-1.05071e-10 7.32598e-10 0)
(-1.05536e-10 -5.06969e-11 0)
(3.48087e-11 -4.76615e-10 0)
(3.10721e-11 -3.84715e-10 0)
(1.40951e-10 -1.07163e-09 0)
(6.90097e-11 -4.28084e-10 0)
(0 0 0)
(1.66602e-10 -1.22228e-09 0)
(3.09037e-11 -4.62837e-10 0)
(2.58119e-11 -4.78696e-10 0)
(1.81305e-11 -1.17898e-09 0)
(2.31398e-11 -4.36808e-10 0)
(2.45131e-11 -4.52419e-10 0)
(3.91824e-11 -1.17703e-09 0)
(2.55496e-11 -4.34153e-10 0)
(1.81542e-11 -4.3296e-10 0)
(-8.97672e-12 -4.71341e-10 0)
(-7.9394e-12 -4.58445e-10 0)
(2.14947e-11 -4.92383e-10 0)
(-3.81843e-13 -5.10944e-10 0)
(-3.3992e-11 -4.69579e-10 0)
(-2.29557e-11 -4.81151e-10 0)
(2.82242e-11 -5.57966e-10 0)
(1.04622e-11 -4.23643e-10 0)
(0 0 0)
(-1.00993e-11 -4.42217e-10 0)
(2.96434e-11 -5.58804e-10 0)
(0 0 0)
(-1.49222e-11 -6.14549e-10 0)
(-1.6469e-11 -6.35111e-10 0)
(-4.52087e-12 -1.21969e-09 0)
(6.63379e-12 -4.63024e-10 0)
(1.32172e-11 -5.69522e-10 0)
(0 0 0)
(9.43632e-12 -5.28115e-10 0)
(1.48873e-11 -5.29672e-10 0)
(1.86172e-11 -5.21445e-10 0)
(1.95022e-11 -5.15875e-10 0)
(1.73287e-11 -5.17104e-10 0)
(1.02927e-11 -5.19619e-10 0)
(1.59255e-11 -5.02394e-10 0)
(1.25183e-12 -5.15772e-10 0)
(1.50805e-11 -4.88097e-10 0)
(1.01332e-12 -4.78886e-10 0)
(-7.07513e-12 -5.06553e-10 0)
(1.21241e-12 -5.4166e-10 0)
(-3.6843e-12 -5.54718e-10 0)
(-7.7188e-13 -5.57897e-10 0)
(5.33815e-12 -5.24466e-10 0)
(-2.06231e-11 -1.13566e-09 0)
(6.74729e-12 -4.55766e-10 0)
(-2.08897e-11 -4.507e-10 0)
(7.25091e-13 -5.40168e-10 0)
(2.63571e-12 -5.26906e-10 0)
(2.51952e-12 -5.20292e-10 0)
(-1.91705e-12 -5.33963e-10 0)
(-2.98567e-12 -5.49857e-10 0)
(0 0 0)
(4.35141e-12 -5.50519e-10 0)
(0 0 0)
(1.84185e-11 -1.18083e-09 0)
(-3.1068e-13 -6.65071e-10 0)
(-8.93298e-13 -1.02997e-09 0)
(3.47903e-12 -4.94108e-10 0)
(0 0 0)
(-3.45837e-11 -1.08392e-09 0)
(-2.23379e-11 -4.82739e-10 0)
(-4.04615e-11 -5.0244e-10 0)
(4.68425e-12 -5.11435e-10 0)
(-3.83817e-11 -1.22147e-09 0)
(-2.83581e-11 -5.28782e-10 0)
(-3.28444e-11 -5.42793e-10 0)
(-2.96557e-11 -5.51473e-10 0)
(-3.70139e-11 -5.37899e-10 0)
(1.87027e-09 2.21602e-08 0)
(2.39533e-10 5.39535e-10 0)
(3.41432e-10 -4.23689e-10 0)
(1.1642e-10 -4.47555e-10 0)
(0 0 0)
(1.22537e-10 -9.29529e-10 0)
(6.18165e-11 -4.72356e-10 0)
(1.29105e-11 -5.25403e-10 0)
(9.90476e-12 -1.2302e-09 0)
(3.36102e-11 -5.11555e-10 0)
(2.05059e-11 -5.22057e-10 0)
(1.20782e-11 -5.31477e-10 0)
(1.96855e-11 -4.83938e-10 0)
(2.66043e-11 -1.11515e-09 0)
(1.17758e-11 -4.56766e-10 0)
(1.13861e-11 -4.54556e-10 0)
(6.01131e-12 -5.00848e-10 0)
(-4.27191e-11 -1.10161e-09 0)
(-2.86906e-12 -4.19759e-10 0)
(2.75531e-11 -4.6071e-10 0)
(-2.79007e-11 -1.13052e-09 0)
(8.56604e-12 -4.80016e-10 0)
(1.53009e-11 -5.0477e-10 0)
(6.22984e-11 -5.54563e-10 0)
(2.9342e-12 -8.36463e-11 0)
(1.0764e-11 -3.02823e-10 0)
(0 0 0)
(-8.89287e-11 -2.42483e-09 0)
(0 0 0)
(0 0 0)
(4.63867e-11 -5.60746e-10 0)
(3.28759e-11 -5.6171e-10 0)
(7.30433e-11 -1.07763e-09 0)
(1.53768e-11 -5.61375e-10 0)
(4.06742e-11 -5.66208e-10 0)
(1.47156e-11 -5.3975e-10 0)
(2.51835e-11 -5.24853e-10 0)
(1.81067e-11 -4.99193e-10 0)
(5.28482e-12 -4.98404e-10 0)
(8.73474e-12 -5.33178e-10 0)
(2.05087e-11 -5.24505e-10 0)
(6.13542e-12 -5.32161e-10 0)
(2.02577e-13 -5.02072e-10 0)
(7.41437e-12 -5.00146e-10 0)
(5.60378e-12 -1.11224e-09 0)
(-4.14066e-12 -4.95286e-10 0)
(-1.69126e-11 -5.32278e-10 0)
(1.47273e-12 -5.31336e-10 0)
(-6.81452e-13 -1.25639e-09 0)
(1.46705e-12 -5.05037e-10 0)
(-2.1133e-11 -4.79782e-10 0)
(-1.31481e-11 -4.86945e-10 0)
(-1.72899e-12 -3.04397e-11 0)
(-4.50588e-11 -1.08046e-09 0)
(1.67838e-12 -4.98614e-10 0)
(1.04698e-11 -5.04074e-10 0)
(8.59718e-12 -5.23492e-10 0)
(9.97331e-12 -5.29396e-10 0)
(9.06901e-13 -5.14153e-10 0)
(-2.43772e-12 -5.35905e-10 0)
(0 0 0)
(1.24175e-11 -5.2018e-10 0)
(9.68442e-12 -5.10264e-10 0)
(0 0 0)
(6.62694e-12 -4.89448e-10 0)
(1.80182e-11 -5.22135e-10 0)
(-9.77757e-12 -5.36966e-10 0)
(-5.11876e-12 -5.39117e-10 0)
(0 0 0)
(0 0 0)
(0 0 0)
(0 0 0)
(0 0 0)
(0 0 0)
(-2.51165e-11 -5.66962e-10 0)
(-1.0907e-08 1.7243e-08 0)
(4.65112e-10 3.47751e-10 0)
(4.79329e-10 -2.26971e-10 0)
(9.94611e-11 -9.89201e-10 0)
(6.53421e-11 -3.95445e-10 0)
(0 0 0)
(-1.56035e-11 -1.22127e-09 0)
(-2.9393e-11 -5.70354e-10 0)
(0 0 0)
(4.87024e-12 -5.29502e-10 0)
(8.5324e-12 -5.27048e-10 0)
(2.59396e-11 -4.99668e-10 0)
(5.47682e-11 -1.10531e-09 0)
(2.00886e-12 -4.82327e-10 0)
(6.85929e-13 -4.9592e-10 0)
(-1.5716e-11 -4.91933e-10 0)
(-1.57698e-11 -1.19362e-09 0)
(1.41138e-12 -4.60912e-10 0)
(-7.719e-12 -4.31305e-10 0)
(-9.39154e-12 -5.02706e-10 0)
(-9.09214e-12 -4.74972e-10 0)
(1.19187e-12 -4.60561e-10 0)
(1.02988e-11 -5.17618e-10 0)
(0 0 0)
(2.65143e-11 -5.587e-10 0)
(0 0 0)
(0 0 0)
(0 0 0)
(6.78558e-12 -6.93814e-10 0)
(1.14438e-11 -6.09914e-10 0)
(0 0 0)
(0 0 0)
(0 0 0)
(3.20122e-11 -5.85807e-10 0)
(1.20956e-12 -5.29602e-10 0)
(-1.52178e-11 -5.39755e-10 0)
(-1.33548e-12 -1.16411e-09 0)
(1.43987e-12 -5.02072e-10 0)
(4.29592e-12 -5.45604e-10 0)
(0 0 0)
(1.73689e-14 -5.43131e-10 0)
(2.76174e-12 -5.347e-10 0)
(-3.55948e-12 -5.36041e-10 0)
(-6.68723e-12 -5.33345e-10 0)
(-1.5754e-11 -5.09949e-10 0)
(2.41155e-13 -5.16375e-10 0)
(1.14582e-11 -5.76931e-10 0)
(1.63254e-12 -5.48137e-10 0)
(-3.722e-11 -5.16352e-10 0)
(-2.10107e-11 -5.09877e-10 0)
(-2.56544e-11 -4.89382e-10 0)
(-2.64544e-11 -4.92314e-10 0)
(-2.95986e-11 -4.91359e-10 0)
(-3.75247e-11 -4.99379e-10 0)
(-3.01594e-11 -5.10742e-10 0)
(-3.7041e-12 -5.1053e-10 0)
(4.48706e-12 -4.85022e-10 0)
(1.26788e-11 -1.15715e-09 0)
(1.67049e-11 -4.95608e-10 0)
(1.69999e-11 -5.14088e-10 0)
(2.01059e-11 -5.32382e-10 0)
(8.81863e-12 -5.43792e-10 0)
(1.7509e-11 -5.31751e-10 0)
(1.77335e-12 -4.92227e-10 0)
(1.38294e-11 -4.96605e-10 0)
(1.50805e-11 -5.54211e-10 0)
(0 0 0)
(1.35752e-11 -5.49942e-10 0)
(-1.47888e-11 -5.42844e-10 0)
(-2.22513e-11 -5.29759e-10 0)
(-9.21474e-12 -5.29823e-10 0)
(0 0 0)
(-2.67478e-12 -5.16085e-10 0)
(2.09308e-11 -5.95615e-10 0)
(-3.77193e-11 -6.256e-10 0)
(9.81213e-09 3.16675e-08 0)
(4.14575e-10 8.2951e-10 0)
(1.16915e-10 -5.12184e-10 0)
(1.07218e-11 -1.12075e-10 0)
(1.8434e-11 -1.8351e-10 0)
(7.80991e-11 -5.02889e-10 0)
(-4.45741e-11 -5.93911e-10 0)
(0 0 0)
(-2.64544e-12 -4.90333e-10 0)
(1.10856e-11 -5.27516e-10 0)
(1.30827e-11 -5.34308e-10 0)
(4.62534e-12 -5.10747e-10 0)
(-4.44638e-12 -4.89477e-10 0)
(-1.43837e-11 -5.08029e-10 0)
(-1.36836e-11 -5.15742e-10 0)
(-2.29605e-11 -5.05415e-10 0)
(-2.77749e-11 -5.08911e-10 0)
(-3.91994e-12 -5.0481e-10 0)
(5.26933e-12 -1.08962e-09 0)
(-1.16718e-12 -4.81057e-10 0)
(0 0 0)
(-1.97607e-12 -5.13694e-10 0)
(-2.51838e-12 -5.228e-10 0)
(5.66292e-12 -5.46088e-10 0)
(0 0 0)
(6.30188e-12 -5.4133e-10 0)
(-2.17092e-11 -5.69863e-10 0)
(-1.3407e-11 -6.5243e-10 0)
(0 0 0)
(3.47274e-11 -5.73653e-10 0)
(4.10727e-11 -5.65078e-10 0)
(4.8795e-11 -5.50354e-10 0)
(5.92445e-11 -5.27018e-10 0)
(2.06154e-10 -2.22439e-09 0)
(-1.0486e-11 -5.47784e-10 0)
(-2.26688e-11 -4.92257e-10 0)
(0 0 0)
(-1.52412e-11 -5.17563e-10 0)
(8.24073e-12 -5.22715e-10 0)
(1.93484e-11 -5.271e-10 0)
(7.39616e-12 -5.41399e-10 0)
(6.35573e-12 -5.12569e-10 0)
(-8.45036e-13 -5.15497e-10 0)
(0 0 0)
(-1.25461e-11 -4.82415e-10 0)
(-1.43923e-11 -5.02525e-10 0)
(4.53259e-11 -5.4368e-10 0)
(4.76853e-11 -5.75379e-10 0)
(0 0 0)
(-3.80665e-11 -5.44894e-10 0)
(-2.44515e-11 -5.07401e-10 0)
(0 0 0)
(-7.5109e-12 -5.08569e-10 0)
(0 0 0)
(0 0 0)
(4.75437e-12 -4.68824e-10 0)
(-4.29698e-12 -5.25296e-10 0)
(1.93585e-11 -5.05561e-10 0)
(3.15893e-11 -5.16326e-10 0)
(-2.20735e-11 -5.76068e-10 0)
(-5.24478e-11 -1.14544e-09 0)
(5.06177e-12 -5.20505e-10 0)
(2.65848e-11 -1.23442e-09 0)
(0 0 0)
(3.96406e-11 -5.13252e-10 0)
(2.85149e-11 -5.62072e-10 0)
(0 0 0)
(2.29818e-11 -5.53762e-10 0)
(0 0 0)
(0 0 0)
(-6.35891e-11 -1.93568e-09 0)
(-3.5926e-12 -4.24569e-10 0)
(-1.2274e-11 -4.47851e-10 0)
(4.12289e-11 -5.72579e-10 0)
(-8.41045e-11 -6.25901e-10 0)
(-1.22985e-09 2.03181e-08 0)
(4.18864e-10 -5.64419e-10 0)
(1.17102e-10 -4.52437e-11 0)
(6.25692e-11 -3.74016e-10 0)
(3.89068e-11 -4.44337e-10 0)
(2.02854e-11 -6.82003e-10 0)
(0 0 0)
(5.22416e-12 -5.70996e-10 0)
(1.2994e-11 -5.13515e-10 0)
(2.83668e-11 -5.09729e-10 0)
(2.42298e-11 -5.22386e-10 0)
(1.53741e-11 -5.33108e-10 0)
(-6.82481e-12 -5.26739e-10 0)
(-1.88663e-11 -5.17424e-10 0)
(-2.26596e-11 -5.23996e-10 0)
(-2.91781e-11 -5.03785e-10 0)
(-1.98912e-11 -4.99778e-10 0)
(-9.80945e-12 -4.81765e-10 0)
(-6.61842e-12 -4.61828e-10 0)
(1.57826e-11 -4.73377e-10 0)
(2.26253e-12 -4.94059e-10 0)
(0 0 0)
(2.18231e-12 -4.88739e-10 0)
(0 0 0)
(3.30743e-11 -5.4327e-10 0)
(4.8342e-11 -5.78007e-10 0)
(3.28652e-11 -5.84189e-10 0)
(7.11011e-13 -5.96852e-10 0)
(-4.18467e-11 -1.28388e-09 0)
(3.35879e-11 -5.03335e-10 0)
(8.72488e-11 -1.13121e-09 0)
(3.55195e-11 -4.1373e-10 0)
(1.13464e-11 -1.21187e-09 0)
(3.76518e-11 -6.20407e-10 0)
(2.40652e-11 -5.48727e-10 0)
(0 0 0)
(1.50655e-11 -4.69042e-10 0)
(3.68605e-12 -5.17222e-10 0)
(2.43923e-11 -4.79554e-10 0)
(1.29728e-11 -5.09309e-10 0)
(6.87448e-12 -1.16984e-09 0)
(5.34825e-12 -4.48795e-10 0)
(-4.42054e-12 -4.83769e-10 0)
(-4.13862e-12 -5.21168e-10 0)
(0 0 0)
(0 0 0)
(0 0 0)
(3.97019e-11 -1.57354e-09 0)
(0 0 0)
(-3.22502e-11 -5.32915e-10 0)
(-1.07682e-11 -4.75131e-10 0)
(-8.52233e-14 -5.1115e-10 0)
(0 0 0)
(7.81125e-13 -5.16923e-10 0)
(-8.29986e-12 -5.21976e-10 0)
(1.16395e-11 -1.19861e-09 0)
(0 0 0)
(5.05884e-11 -1.16087e-09 0)
(2.89598e-11 -6.06631e-10 0)
(-1.42531e-10 -1.39993e-09 0)
(-2.80126e-11 -4.98033e-10 0)
(-1.10776e-11 -4.91294e-10 0)
(1.0464e-11 -5.12084e-10 0)
(2.32116e-11 -5.17768e-10 0)
(3.08945e-11 -5.17138e-10 0)
(1.7687e-11 -5.23194e-10 0)
(2.84002e-11 -5.42691e-10 0)
(2.6054e-11 -5.61316e-10 0)
(3.13584e-11 -5.63116e-10 0)
(0 0 0)
(0 0 0)
(-5.70617e-11 -1.0525e-09 0)
(0 0 0)
(-8.35235e-11 -1.61242e-09 0)
(-5.47829e-11 -5.91725e-10 0)
(7.79407e-09 5.23753e-10 0)
(7.59214e-10 -1.56746e-10 0)
(1.75435e-10 -2.24893e-10 0)
(3.80162e-11 -4.171e-10 0)
(-2.4164e-11 -5.11762e-10 0)
(0 0 0)
(3.45762e-11 -6.49278e-10 0)
(7.76276e-11 -5.66792e-10 0)
(2.50899e-11 -5.2954e-10 0)
(1.74833e-11 -5.15235e-10 0)
(1.48009e-11 -4.96917e-10 0)
(7.22121e-12 -5.27033e-10 0)
(-8.79828e-12 -5.2222e-10 0)
(-1.10036e-11 -5.1814e-10 0)
(-4.03325e-11 -1.18985e-09 0)
(0 0 0)
(-2.93532e-11 -5.05282e-10 0)
(-4.35119e-12 -4.78573e-10 0)
(-1.05032e-12 -5.61674e-11 0)
(-6.92642e-12 -3.79515e-10 0)
(1.01264e-11 -5.08693e-10 0)
(2.1079e-11 -5.25001e-10 0)
(0 0 0)
(2.34747e-11 -5.25969e-10 0)
(2.20208e-11 -5.18386e-10 0)
(2.34622e-11 -5.28819e-10 0)
(6.58131e-11 -6.5354e-10 0)
(-8.53116e-11 -1.56024e-09 0)
(-2.5055e-11 -4.81641e-10 0)
(1.45832e-11 -1.11751e-09 0)
(1.43524e-11 -4.24971e-10 0)
(2.49437e-11 -4.19739e-10 0)
(0 0 0)
(-1.69317e-11 -5.47261e-10 0)
(2.38183e-11 -5.61792e-10 0)
(1.15335e-10 -1.1725e-09 0)
(2.85016e-11 -4.604e-10 0)
(2.81915e-11 -1.17205e-09 0)
(-9.80344e-12 -4.8044e-10 0)
(3.11975e-11 -1.12013e-09 0)
(-2.62985e-11 -5.03376e-10 0)
(7.81782e-12 -1.03205e-09 0)
(-6.72676e-12 -4.70579e-10 0)
(-2.61183e-12 -4.83977e-10 0)
(-3.35419e-12 -4.83593e-10 0)
(-9.01152e-12 -4.96489e-10 0)
(0 0 0)
(-5.46107e-11 -6.14458e-10 0)
(0 0 0)
(3.61863e-11 -1.12042e-09 0)
(0 0 0)
(-9.74971e-13 -4.86319e-10 0)
(1.73201e-12 -4.92256e-10 0)
(6.42587e-12 -5.06299e-10 0)
(1.88062e-12 -5.04657e-10 0)
(-1.21451e-11 -4.8055e-10 0)
(-1.94961e-12 -4.7932e-10 0)
(-1.94446e-11 -4.46456e-10 0)
(-2.58049e-12 -7.08774e-10 0)
(0 0 0)
(-6.23254e-11 -1.09232e-09 0)
(-1.35385e-11 -4.41753e-10 0)
(1.26204e-12 -4.92536e-10 0)
(2.49371e-11 -4.91683e-10 0)
(5.65306e-11 -1.15517e-09 0)
(2.49971e-11 -5.30622e-10 0)
(2.62754e-11 -5.21755e-10 0)
(3.16698e-11 -5.39606e-10 0)
(2.92806e-11 -5.16638e-10 0)
(2.98554e-11 -6.13157e-10 0)
(-1.58358e-10 -1.23022e-09 0)
(-5.89239e-11 -4.425e-10 0)
(-7.65904e-11 -4.90073e-10 0)
(-1.35952e-10 -6.11648e-10 0)
(-3.42216e-11 -6.44337e-10 0)
(6.27723e-09 1.32862e-08 0)
(3.11807e-10 -1.071e-09 0)
(1.75151e-10 -1.92846e-10 0)
(2.68631e-11 -4.45139e-10 0)
(-3.04149e-12 -4.81952e-10 0)
(0 0 0)
(3.54452e-11 -4.75065e-10 0)
(1.19573e-10 -1.38527e-09 0)
(-3.06547e-11 -5.10047e-10 0)
(-8.32775e-12 -4.58769e-10 0)
(-5.83819e-12 -4.68792e-10 0)
(-5.88665e-12 -1.1365e-09 0)
(9.04875e-13 -4.77879e-10 0)
(-3.36154e-12 -5.01269e-10 0)
(0 0 0)
(-2.16196e-11 -5.04396e-10 0)
(-1.82614e-11 -4.95079e-10 0)
(-1.8339e-11 -5.06448e-10 0)
(0 0 0)
(5.63185e-14 -4.74838e-10 0)
(0 0 0)
(1.10002e-11 -4.92827e-10 0)
(8.81624e-12 -5.41502e-10 0)
(-1.82892e-11 -5.94133e-10 0)
(-2.81759e-11 -1.12773e-09 0)
(-2.26393e-11 -5.35656e-10 0)
(5.06778e-11 -7.42152e-10 0)
(0 0 0)
(-8.20529e-11 -1.24845e-09 0)
(-1.27733e-11 -3.96013e-10 0)
(1.94706e-11 -4.45242e-10 0)
(-1.23016e-12 -5.16845e-10 0)
(-9.92102e-12 -5.50439e-10 0)
(1.3287e-11 -5.60641e-10 0)
(1.78567e-11 -5.59002e-10 0)
(2.59757e-11 -5.65847e-10 0)
(1.34913e-11 -5.77654e-10 0)
(-2.4616e-11 -6.03982e-10 0)
(-8.57129e-11 -1.18032e-09 0)
(-7.63015e-11 -1.20687e-09 0)
(-1.61215e-11 -4.72356e-10 0)
(-2.1578e-11 -1.01915e-09 0)
(-1.10825e-11 -1.10974e-09 0)
(5.61108e-12 -4.69536e-10 0)
(2.47856e-12 -4.54896e-10 0)
(-1.32636e-11 -4.42678e-10 0)
(-4.64526e-11 -1.16138e-09 0)
(-7.92905e-12 -5.1768e-10 0)
(0 0 0)
(3.198e-11 -4.53735e-10 0)
(1.53988e-11 -4.89447e-10 0)
(-1.49323e-11 -4.20431e-10 0)
(-4.09301e-11 -1.04563e-09 0)
(4.3987e-12 -1.0281e-09 0)
(-1.03346e-11 -4.80106e-10 0)
(-1.05205e-11 -5.09171e-10 0)
(4.5162e-12 -5.0303e-10 0)
(-3.75111e-11 -5.26e-10 0)
(-3.11652e-11 -6.65282e-10 0)
(0 0 0)
(9.82812e-12 -4.72187e-10 0)
(1.26002e-11 -4.28872e-10 0)
(-2.30057e-11 -4.50305e-10 0)
(3.02679e-11 -1.02159e-09 0)
(8.2559e-11 -9.84376e-10 0)
(4.13159e-11 -5.08331e-10 0)
(1.56387e-11 -4.77562e-10 0)
(3.55295e-11 -1.11675e-09 0)
(-3.02899e-11 -4.23367e-10 0)
(-3.05285e-11 -1.61175e-09 0)
(0 0 0)
(-4.18463e-11 -5.70645e-10 0)
(-1.15433e-10 -9.85517e-10 0)
(-5.65504e-11 -5.41269e-10 0)
(0 0 0)
(7.40052e-09 1.47968e-08 0)
(5.27449e-10 -1.7619e-10 0)
(2.04183e-10 -5.07048e-10 0)
(5.92666e-11 -4.69769e-10 0)
(3.10228e-11 -4.99144e-10 0)
(3.79198e-11 -4.96587e-10 0)
(2.57649e-12 -4.97756e-10 0)
(-8.2507e-12 -1.30912e-09 0)
(-1.17921e-11 -5.21734e-10 0)
(-2.64501e-11 -4.01557e-10 0)
(-2.49044e-11 -9.94297e-10 0)
(-7.07629e-12 -4.8355e-10 0)
(8.08531e-12 -5.01174e-10 0)
(-1.1653e-11 -4.99211e-10 0)
(5.81764e-13 -5.18887e-10 0)
(2.79584e-13 -2.04263e-11 0)
(7.04433e-12 -4.92521e-10 0)
(-2.00754e-12 -4.90929e-10 0)
(8.36263e-13 -4.59419e-10 0)
(-1.00288e-11 -4.85139e-10 0)
(0 0 0)
(-2.70934e-11 -1.14081e-09 0)
(-1.2898e-11 -5.36574e-10 0)
(-1.38395e-11 -5.18746e-10 0)
(-2.41158e-11 -4.92161e-10 0)
(-4.14552e-11 -4.97821e-10 0)
(0 0 0)
(6.95859e-11 -7.4268e-10 0)
(0 0 0)
(1.03202e-11 -4.37612e-10 0)
(1.88166e-11 -4.70131e-10 0)
(5.82043e-12 -5.54554e-10 0)
(1.06133e-11 -5.34656e-10 0)
(1.38423e-11 -1.31252e-09 0)
(4.71598e-11 -5.46882e-10 0)
(3.19281e-11 -6.10081e-10 0)
(0 0 0)
(-5.39488e-11 -6.49788e-10 0)
(-7.21174e-11 -5.67984e-10 0)
(-4.64333e-11 -5.23209e-10 0)
(-2.71761e-11 -5.29889e-10 0)
(-2.62641e-11 -5.11514e-10 0)
(-2.95389e-11 -5.10651e-10 0)
(-5.72799e-12 -5.23113e-10 0)
(2.14552e-12 -4.92353e-10 0)
(-1.20652e-11 -1.08691e-09 0)
(0 0 0)
(1.69999e-12 -1.15758e-09 0)
(-2.93728e-11 -1.03255e-09 0)
(-6.23061e-12 -1.00307e-09 0)
(-1.11845e-11 -1.6e-09 0)
(-1.1235e-11 -4.58391e-10 0)
(-3.76439e-11 -4.29565e-10 0)
(4.88388e-12 -4.49904e-10 0)
(1.84832e-12 -1.32868e-10 0)
(4.21629e-12 -2.97151e-10 0)
(2.84253e-13 -5.12352e-10 0)
(-1.37076e-11 -5.35091e-10 0)
(0 0 0)
(-2.50973e-12 -6.38365e-10 0)
(-2.00595e-11 -5.0775e-10 0)
(-7.75771e-12 -1.08543e-09 0)
(-7.0604e-12 -4.29512e-10 0)
(1.1826e-11 -4.27673e-10 0)
(7.29006e-11 -1.65158e-09 0)
(1.29396e-10 -1.14727e-09 0)
(6.01361e-11 -4.71783e-10 0)
(-9.9133e-11 -1.1072e-09 0)
(-1.20963e-11 -4.59238e-10 0)
(-4.78439e-11 -1.06336e-09 0)
(-2.72156e-12 -1.89989e-10 0)
(2.66814e-11 -6.04193e-10 0)
(-4.48799e-11 -5.17104e-10 0)
(0 0 0)
(-2.37699e-11 -5.29305e-10 0)
(8.87931e-09 7.69522e-09 0)
(-1.86669e-10 -5.05539e-10 0)
(1.75022e-10 -4.89014e-10 0)
(3.74554e-11 -4.58283e-10 0)
(-1.61193e-11 -1.07631e-09 0)
(-7.57871e-12 -1.02095e-09 0)
(-2.92449e-11 -4.55855e-10 0)
(-3.76992e-11 -5.43438e-10 0)
(4.3119e-11 -5.85564e-10 0)
(5.09433e-11 -5.32448e-10 0)
(2.24789e-11 -5.18089e-10 0)
(7.19697e-12 -5.16089e-10 0)
(1.16849e-11 -1.13789e-09 0)
(9.91727e-12 -4.58069e-10 0)
(2.2366e-11 -4.92937e-10 0)
(3.17749e-11 -5.17624e-10 0)
(1.88719e-11 -5.18649e-10 0)
(1.76191e-11 -4.96837e-10 0)
(8.93696e-12 -4.68401e-10 0)
(0 0 0)
(-2.67083e-12 -1.07665e-09 0)
(-7.10054e-12 -4.89687e-10 0)
(-4.06237e-12 -5.0861e-10 0)
(-4.26033e-13 -5.0841e-10 0)
(-9.58539e-12 -5.18326e-10 0)
(0 0 0)
(-2.25109e-11 -5.51654e-10 0)
(7.61466e-11 -6.78301e-10 0)
(0 0 0)
(5.16336e-11 -4.60017e-10 0)
(9.30306e-11 -1.15957e-09 0)
(4.62423e-11 -5.18262e-10 0)
(0 0 0)
(-2.94276e-11 -5.23981e-10 0)
(1.19603e-12 -5.21572e-10 0)
(0 0 0)
(1.05203e-12 -7.06285e-10 0)
(0 0 0)
(-4.61508e-11 -5.18502e-10 0)
(-6.04324e-12 -4.75059e-10 0)
(-1.36012e-11 -5.26013e-10 0)
(-1.52468e-11 -5.45498e-10 0)
(0 0 0)
(-1.23172e-11 -5.58971e-10 0)
(0 0 0)
(3.03401e-12 -5.44156e-10 0)
(0 0 0)
(-1.71215e-11 -5.76327e-10 0)
(0 0 0)
(0 0 0)
(0 0 0)
(6.17011e-12 -5.39198e-10 0)
(0 0 0)
(0 0 0)
(-2.72894e-12 -5.13422e-10 0)
(4.83632e-12 -4.8488e-10 0)
(3.53469e-11 -1.00636e-09 0)
(0 0 0)
(4.05771e-11 -6.06959e-10 0)
(-1.52446e-11 -1.50395e-09 0)
(0 0 0)
(0 0 0)
(0 0 0)
(0 0 0)
(0 0 0)
(-4.31071e-11 -5.79594e-10 0)
(-3.02857e-11 -1.47965e-09 0)
(-1.55577e-11 -5.18158e-10 0)
(-1.11646e-10 -9.736e-10 0)
(-7.35954e-12 -6.18154e-10 0)
(0 0 0)
(6.8368e-11 -6.03029e-10 0)
(-3.95215e-11 -5.73996e-10 0)
(-1.89147e-11 -5.47163e-10 0)
(0 0 0)
(5.27878e-09 8.65068e-10 0)
(-1.10759e-09 -1.7575e-09 0)
(-1.86127e-10 -7.8655e-10 0)
(-5.83047e-12 -3.91612e-10 0)
(-3.08644e-11 -4.97924e-10 0)
(-2.97091e-11 -5.12815e-10 0)
(-2.50963e-11 -5.01525e-10 0)
(-7.71745e-12 -4.94771e-10 0)
(-1.02071e-11 -5.27043e-10 0)
(4.40808e-11 -4.91415e-10 0)
(4.50138e-11 -5.85971e-10 0)
(2.28984e-11 -5.26499e-10 0)
(9.20671e-12 -4.99775e-10 0)
(1.85748e-11 -4.70337e-10 0)
(2.27866e-11 -4.81329e-10 0)
(3.5223e-11 -4.99002e-10 0)
(3.31207e-11 -5.10082e-10 0)
(3.62014e-11 -5.04478e-10 0)
(3.84143e-11 -4.80129e-10 0)
(3.98695e-11 -1.05814e-09 0)
(8.85076e-13 -4.86727e-10 0)
(2.15571e-12 -4.78703e-10 0)
(-6.85328e-12 -5.22379e-10 0)
(-1.47749e-11 -5.26872e-10 0)
(-5.9341e-12 -5.11101e-10 0)
(-3.05401e-11 -1.20289e-09 0)
(-1.52753e-11 -5.19239e-10 0)
(0 0 0)
(1.38781e-10 -1.19806e-09 0)
(3.38758e-11 -4.77744e-10 0)
(3.29226e-11 -4.94735e-10 0)
(3.85625e-11 -5.40984e-10 0)
(5.7267e-11 -5.61015e-10 0)
(-6.08357e-11 -5.85498e-10 0)
(0 0 0)
(-9.5067e-11 -1.54157e-09 0)
(-4.76284e-11 -7.0695e-10 0)
(-2.46823e-13 -6.61282e-10 0)
(2.26037e-11 -4.51723e-10 0)
(1.13151e-11 -5.18089e-10 0)
(0 0 0)
(0 0 0)
(-1.20972e-11 -4.88535e-10 0)
(-4.78843e-12 -1.16367e-09 0)
(0 0 0)
(5.55588e-13 -5.33247e-10 0)
(0 0 0)
(-7.54296e-12 -5.23505e-10 0)
(9.74934e-12 -5.01104e-10 0)
(0 0 0)
(-3.82793e-11 -5.59028e-10 0)
(-2.4815e-11 -5.22797e-10 0)
(-2.80951e-11 -5.28029e-10 0)
(-4.00073e-11 -5.23147e-10 0)
(-4.64828e-11 -5.13063e-10 0)
(0 0 0)
(-3.3985e-11 -4.82508e-10 0)
(-4.0642e-11 -1.05115e-09 0)
(-1.34511e-10 -2.40839e-09 0)
(-1.21984e-11 -1.34199e-09 0)
(1.36658e-11 -3.84379e-10 0)
(3.37538e-12 -1.01576e-09 0)
(-1.02497e-11 -3.77066e-10 0)
(-2.77949e-11 -8.69793e-10 0)
(-2.65952e-11 -1.41646e-09 0)
(-7.68839e-11 -5.84907e-10 0)
(-2.10089e-10 -1.1393e-09 0)
(-1.99217e-11 -1.17762e-09 0)
(-3.24658e-11 -4.43435e-10 0)
(-1.22837e-10 -1.2044e-09 0)
(6.92953e-11 -5.7606e-10 0)
(1.49809e-11 -6.14363e-10 0)
(0 0 0)
(-1.1854e-11 -5.06241e-10 0)
(1.93028e-11 -4.75665e-10 0)
(-4.69873e-08 -3.40067e-09 0)
(-5.13894e-09 -2.93928e-09 0)
(-5.43867e-10 -4.1176e-11 0)
(-4.00082e-11 -5.59095e-10 0)
(0 0 0)
(-3.44424e-11 -5.20234e-10 0)
(-1.34583e-11 -4.90864e-10 0)
(-2.91553e-12 -1.14803e-09 0)
(3.02743e-11 -4.48855e-10 0)
(5.6334e-11 -4.94424e-10 0)
(0 0 0)
(-4.92322e-12 -6.30443e-10 0)
(1.45029e-11 -5.32936e-10 0)
(1.68923e-12 -1.02731e-09 0)
(0 0 0)
(2.20012e-11 -5.27137e-10 0)
(9.98678e-12 -5.35539e-10 0)
(5.19086e-11 -1.09032e-09 0)
(3.82388e-11 -4.35849e-10 0)
(4.18276e-11 -1.06157e-09 0)
(2.18343e-11 -4.68351e-10 0)
(-2.82285e-14 -5.0478e-10 0)
(-6.84391e-11 -1.21633e-09 0)
(2.53986e-12 -4.57724e-10 0)
(2.63336e-12 -4.81496e-10 0)
(-9.71927e-13 -1.98836e-10 0)
(-4.34636e-12 -5.44122e-10 0)
(5.40011e-12 -4.62858e-10 0)
(3.69791e-12 -4.97225e-10 0)
(2.75967e-11 -5.25992e-10 0)
(2.27215e-11 -5.19465e-10 0)
(2.3189e-11 -5.11445e-10 0)
(-7.25117e-11 -1.67651e-09 0)
(-3.22585e-11 -5.86513e-10 0)
(-7.52328e-11 -4.25494e-10 0)
(-9.04308e-11 -4.92467e-10 0)
(-1.67071e-11 -5.85725e-10 0)
(6.00182e-11 -5.84727e-10 0)
(4.08525e-11 -4.69135e-10 0)
(2.32179e-11 -5.11866e-10 0)
(0 0 0)
(-1.48052e-12 -5.30646e-10 0)
(0 0 0)
(-5.54172e-12 -5.16802e-10 0)
(2.82485e-11 -5.05955e-10 0)
(0 0 0)
(2.73207e-12 -1.07428e-09 0)
(-4.64895e-13 -1.09631e-09 0)
(5.49519e-11 -1.04881e-09 0)
(-1.7322e-11 -5.24794e-10 0)
(-1.64032e-11 -5.01427e-10 0)
(8.43226e-12 -4.88838e-10 0)
(-2.53515e-12 -4.59405e-10 0)
(-4.2815e-11 -4.88018e-10 0)
(-2.31546e-11 -4.25861e-10 0)
(-7.05916e-11 -1.69653e-09 0)
(-4.9577e-11 -4.23998e-10 0)
(-8.61773e-11 -4.98908e-10 0)
(-6.00095e-11 -5.80189e-10 0)
(6.041e-11 -5.38444e-10 0)
(6.41891e-11 -1.04065e-09 0)
(-1.48113e-11 -3.93514e-10 0)
(-3.79835e-11 -9.62772e-10 0)
(-5.08719e-11 -3.97604e-10 0)
(-9.26803e-11 -5.20459e-10 0)
(-2.58074e-11 -6.40146e-10 0)
(-3.27946e-11 -5.99892e-10 0)
(-6.72022e-11 -5.64401e-10 0)
(-1.00865e-10 -1.13875e-09 0)
(-7.38883e-11 -1.16314e-09 0)
(5.07425e-12 -5.05416e-10 0)
(1.27898e-11 -6.01604e-10 0)
(1.42098e-10 -1.35858e-09 0)
(4.79199e-11 -4.5925e-10 0)
(4.2918e-11 -4.77772e-10 0)
(-2.03316e-08 4.90573e-08 0)
(-9.57639e-10 6.64766e-10 0)
(-3.76383e-10 -1.40766e-10 0)
(0 0 0)
(0 0 0)
(-1.64187e-11 -4.7782e-10 0)
(-3.81314e-11 -1.06987e-09 0)
(-2.18867e-11 -4.0273e-10 0)
(2.14168e-11 -9.2682e-10 0)
(3.51615e-11 -4.52977e-10 0)
(1.23941e-10 -1.55833e-09 0)
(0 0 0)
(6.5084e-11 -5.01533e-10 0)
(0 0 0)
(3.50987e-11 -5.3023e-10 0)
(1.32451e-11 -5.22529e-10 0)
(3.08056e-12 -5.1667e-10 0)
(1.75207e-11 -4.70025e-10 0)
(4.32484e-11 -1.08594e-09 0)
(3.20619e-11 -4.44697e-10 0)
(3.60927e-11 -4.95545e-10 0)
(-5.49567e-11 -5.61273e-10 0)
(-4.61623e-11 -5.15721e-10 0)
(0 0 0)
(1.60533e-11 -1.10566e-09 0)
(4.28418e-11 -1.04548e-09 0)
(-3.58693e-12 -4.5043e-10 0)
(-1.07677e-11 -4.58382e-10 0)
(0 0 0)
(1.03323e-11 -4.65979e-10 0)
(5.5142e-12 -5.07601e-10 0)
(6.11362e-11 -5.66327e-10 0)
(-8.69134e-11 -6.82453e-10 0)
(-2.92239e-11 -6.82694e-10 0)
(-3.19214e-11 -5.33929e-10 0)
(0 0 0)
(2.85604e-11 -6.0532e-10 0)
(0 0 0)
(5.87891e-11 -5.22372e-10 0)
(9.18421e-11 -1.21553e-09 0)
(0 0 0)
(-5.13383e-11 -1.1403e-09 0)
(1.42421e-11 -4.56472e-10 0)
(-4.84637e-13 -5.14413e-10 0)
(-2.02037e-11 -1.09328e-09 0)
(-7.78247e-12 -9.71684e-10 0)
(-1.8836e-11 -4.62271e-10 0)
(-2.08626e-11 -4.5088e-10 0)
(-9.1949e-12 -4.76253e-10 0)
(2.91961e-11 -5.04069e-10 0)
(0 0 0)
(-4.20129e-11 -1.05916e-09 0)
(-3.87274e-11 -1.16326e-09 0)
(-3.35369e-11 -9.8923e-10 0)
(-2.23889e-11 -4.53272e-10 0)
(-3.53442e-11 -4.97907e-10 0)
(-3.45507e-11 -4.97764e-10 0)
(0 0 0)
(-3.52627e-11 -5.15009e-10 0)
(-1.38506e-11 -5.46562e-10 0)
(1.82121e-11 -5.53986e-10 0)
(-2.57312e-11 -4.87172e-10 0)
(-5.14872e-11 -4.90102e-10 0)
(-2.44547e-11 -5.12272e-10 0)
(-2.74666e-11 -5.61689e-10 0)
(0 0 0)
(4.4309e-11 -6.2224e-10 0)
(-5.1935e-11 -6.11172e-10 0)
(-1.57287e-11 -2.11898e-10 0)
(-1.03831e-11 -1.36548e-10 0)
(-7.44005e-11 -1.14406e-09 0)
(-1.89026e-11 -1.22475e-09 0)
(5.94146e-11 -5.03438e-10 0)
(1.54624e-10 -1.15917e-09 0)
(0 0 0)
(1.00658e-08 3.07645e-08 0)
(1.36769e-10 3.9894e-10 0)
(-3.7079e-10 4.56031e-10 0)
(-6.83078e-11 -9.08655e-10 0)
(1.51395e-11 -9.76545e-10 0)
(-4.43326e-12 -4.41165e-10 0)
(2.45636e-11 -1.01356e-09 0)
(5.09595e-13 -4.1694e-10 0)
(-1.3611e-11 -4.22354e-10 0)
(-1.6417e-11 -4.63801e-10 0)
(-2.16677e-11 -5.8095e-10 0)
(6.41702e-11 -6.36702e-10 0)
(5.99783e-11 -4.8426e-10 0)
(5.25227e-11 -4.9302e-10 0)
(3.79869e-11 -5.33796e-10 0)
(-7.83367e-12 -1.23118e-09 0)
(8.12972e-12 -4.55822e-10 0)
(-2.68463e-12 -4.23402e-10 0)
(-5.18679e-12 -4.11559e-10 0)
(3.38004e-13 -4.03283e-10 0)
(-3.06305e-11 -1.484e-09 0)
(-5.28946e-11 -5.90732e-10 0)
(0 0 0)
(8.7675e-12 -4.65818e-10 0)
(-5.08706e-12 -4.81369e-10 0)
(1.22377e-12 -2.61494e-11 0)
(6.96095e-12 -1.01295e-09 0)
(5.70216e-12 -4.80795e-10 0)
(-2.7836e-11 -1.07972e-09 0)
(-6.39124e-12 -5.0029e-10 0)
(0 0 0)
(-4.15678e-11 -1.72311e-09 0)
(-3.87351e-11 -6.97295e-10 0)
(2.27e-12 -5.08444e-10 0)
(1.34995e-12 -2.33901e-10 0)
(3.72111e-13 -5.8826e-11 0)
(3.32387e-11 -1.16976e-09 0)
(3.98384e-11 -5.37978e-10 0)
(0 0 0)
(5.73683e-11 -6.56995e-10 0)
(-2.31229e-11 -6.7801e-10 0)
(-7.75574e-11 -1.14769e-09 0)
(-5.07529e-12 -4.29248e-10 0)
(-3.53362e-11 -1.1387e-09 0)
(0 0 0)
(7.68795e-12 -4.18335e-10 0)
(-1.25589e-11 -1.11296e-09 0)
(0 0 0)
(-1.85144e-11 -4.66614e-10 0)
(-1.44635e-11 -4.82794e-10 0)
(1.3394e-11 -1.07509e-09 0)
(-1.37502e-11 -4.92301e-10 0)
(-2.01094e-11 -5.13689e-10 0)
(-8.79301e-12 -5.20563e-10 0)
(-1.01419e-11 -4.93885e-10 0)
(-4.92506e-11 -1.17518e-09 0)
(-1.80106e-11 -4.8065e-10 0)
(-2.87211e-11 -4.92383e-10 0)
(-3.28662e-11 -5.25277e-10 0)
(-2.5176e-11 -5.28371e-10 0)
(-6.02321e-12 -5.44268e-10 0)
(0 0 0)
(-2.4375e-11 -4.74198e-10 0)
(-2.47264e-11 -5.0299e-10 0)
(1.44802e-12 -5.10537e-10 0)
(7.68955e-11 -6.01027e-10 0)
(0 0 0)
(-1.16959e-10 -6.9132e-10 0)
(0 0 0)
(0 0 0)
(-2.10157e-11 -5.40295e-10 0)
(0 0 0)
(2.20452e-11 -5.59568e-10 0)
(5.20583e-11 -5.61604e-10 0)
(7.16667e-11 -5.81085e-10 0)
(2.32737e-08 1.36562e-08 0)
(1.90616e-09 4.20635e-10 0)
(9.83681e-12 -1.18213e-10 0)
(-6.12704e-11 -9.86917e-10 0)
(-1.18056e-11 -4.27454e-10 0)
(-1.69397e-11 -4.54763e-10 0)
(-1.94151e-12 -4.3179e-10 0)
(2.34468e-11 -4.40378e-10 0)
(-2.32655e-12 -4.46805e-10 0)
(-1.55675e-11 -5.80865e-10 0)
(-6.18278e-12 -1.06384e-09 0)
(6.48581e-11 -4.97975e-10 0)
(3.28012e-11 -4.35194e-10 0)
(6.9552e-11 -5.17361e-10 0)
(1.35334e-10 -1.24917e-09 0)
(-4.11398e-11 -5.6496e-10 0)
(-8.42002e-12 -4.92279e-10 0)
(-1.10655e-11 -4.72888e-10 0)
(-2.25194e-11 -4.53015e-10 0)
(-4.2734e-11 -4.91679e-10 0)
(-6.81673e-11 -6.0783e-10 0)
(2.72516e-11 -5.76604e-10 0)
(0 0 0)
(1.00865e-11 -4.77254e-10 0)
(3.71138e-11 -1.09901e-09 0)
(1.51367e-11 -4.59092e-10 0)
(0 0 0)
(-2.2023e-12 -5.324e-10 0)
(-7.97829e-12 -5.04293e-10 0)
(-3.45943e-12 -5.79328e-10 0)
(0 0 0)
(-2.86135e-11 -5.89624e-10 0)
(9.1503e-11 -7.29554e-10 0)
(2.64271e-11 -6.2357e-10 0)
(1.78347e-11 -5.11381e-10 0)
(0 0 0)
(5.44621e-11 -5.20789e-10 0)
(9.41744e-12 -5.23875e-10 0)
(-5.93961e-13 -4.7491e-10 0)
(7.56117e-12 -1.59604e-09 0)
(3.8796e-11 -5.92928e-10 0)
(3.71469e-12 -4.40326e-10 0)
(1.9057e-12 -4.98323e-10 0)
(0 0 0)
(-2.97936e-11 -1.09327e-09 0)
(0 0 0)
(5.28972e-12 -1.74114e-09 0)
(-2.34145e-11 -9.21597e-10 0)
(-2.64625e-11 -5.3239e-10 0)
(0 0 0)
(-6.14918e-12 -5.12148e-10 0)
(-1.91069e-11 -5.07014e-10 0)
(-1.58494e-11 -5.13612e-10 0)
(-2.02604e-11 -5.18513e-10 0)
(-6.02894e-11 -1.10592e-09 0)
(-4.58486e-11 -4.82925e-10 0)
(-2.90346e-11 -5.23784e-10 0)
(-2.91199e-11 -5.33445e-10 0)
(-3.1731e-11 -5.39806e-10 0)
(-3.699e-11 -5.40115e-10 0)
(-4.82687e-11 -5.33646e-10 0)
(-7.55671e-11 -1.09617e-09 0)
(-3.3064e-11 -4.4567e-10 0)
(-1.86541e-11 -4.59363e-10 0)
(-3.36808e-12 -4.38671e-10 0)
(0 0 0)
(7.81011e-12 -1.89323e-09 0)
(-3.80845e-11 -6.18614e-10 0)
(-9.58334e-12 -4.13564e-10 0)
(9.58238e-12 -4.2961e-10 0)
(0 0 0)
(-1.15199e-11 -4.82109e-10 0)
(-2.92515e-11 -1.03398e-09 0)
(-3.5986e-11 -4.78069e-10 0)
(1.38325e-11 -6.40436e-10 0)
(1.49709e-08 1.30588e-08 0)
(3.6787e-09 -2.40156e-09 0)
(8.7495e-11 -2.51151e-10 0)
(-3.7417e-11 -4.44977e-10 0)
(6.87915e-13 -4.64836e-10 0)
(-3.89294e-12 -4.58682e-10 0)
(5.10188e-12 -7.56517e-10 0)
(1.30106e-11 -6.51153e-10 0)
(0 0 0)
(2.22159e-11 -4.75696e-10 0)
(3.05892e-11 -1.10554e-09 0)
(1.01427e-10 -1.12708e-09 0)
(2.51647e-11 -4.12908e-10 0)
(1.72009e-11 -4.02436e-10 0)
(-4.61616e-12 -1.42282e-09 0)
(0 0 0)
(2.36906e-11 -4.66747e-10 0)
(-5.0788e-12 -4.61276e-10 0)
(-1.60418e-11 -4.78409e-10 0)
(-4.42438e-11 -5.40556e-10 0)
(0 0 0)
(0 0 0)
(1.52207e-11 -1.08424e-09 0)
(-1.08613e-11 -4.02729e-10 0)
(-9.83108e-12 -4.4954e-10 0)
(9.32105e-12 -4.77194e-10 0)
(1.70123e-11 -1.20325e-09 0)
(0 0 0)
(6.50492e-12 -5.28701e-10 0)
(1.12139e-12 -5.24182e-10 0)
(2.30188e-11 -5.10561e-10 0)
(6.07218e-12 -5.62723e-10 0)
(8.70913e-11 -6.90399e-10 0)
(1.94167e-11 -6.45536e-10 0)
(1.40768e-12 -4.85763e-10 0)
(-1.34321e-11 -5.13077e-10 0)
(-1.47248e-11 -6.44336e-10 0)
(7.18626e-12 -5.58434e-10 0)
(-1.68692e-11 -4.43841e-10 0)
(-4.2504e-11 -5.35064e-10 0)
(4.47734e-11 -5.75346e-10 0)
(0 0 0)
(0 0 0)
(1.15615e-12 -5.05446e-10 0)
(0 0 0)
(-1.21667e-11 -4.92871e-10 0)
(-3.16348e-11 -5.26254e-10 0)
(0 0 0)
(-1.7893e-11 -5.32737e-10 0)
(-1.25664e-11 -5.30571e-10 0)
(-1.90589e-11 -5.20939e-10 0)
(-4.76656e-12 -5.21365e-10 0)
(-2.85495e-11 -5.19411e-10 0)
(-3.33848e-11 -5.24558e-10 0)
(-2.69788e-11 -5.20544e-10 0)
(0 0 0)
(0 0 0)
(0 0 0)
(-2.43075e-11 -5.28296e-10 0)
(-2.93379e-11 -5.70798e-10 0)
(0 0 0)
(0 0 0)
(0 0 0)
(-3.04385e-11 -4.61319e-10 0)
(-1.01211e-10 -9.90483e-10 0)
(-2.04781e-10 -1.23404e-09 0)
(-9.04324e-11 -6.30686e-10 0)
(0 0 0)
(1.93294e-10 -1.24362e-09 0)
(1.86891e-11 -1.081e-09 0)
(2.29043e-13 -4.27968e-10 0)
(5.49768e-12 -4.4056e-10 0)
(0 0 0)
(-6.11336e-11 -5.00067e-10 0)
(0 0 0)
(1.96154e-08 2.23136e-08 0)
(5.77062e-10 -2.9948e-09 0)
(2.05073e-10 -7.54256e-10 0)
(4.76442e-11 -4.62387e-10 0)
(4.26766e-11 -4.69765e-10 0)
(5.12342e-11 -1.01589e-09 0)
(2.4745e-11 -4.05042e-10 0)
(-8.66759e-12 -4.42104e-10 0)
(1.64928e-11 -4.82497e-10 0)
(3.06286e-12 -5.26316e-10 0)
(-4.27029e-12 -5.08068e-10 0)
(-1.4882e-11 -4.8899e-10 0)
(-9.97013e-12 -4.69989e-10 0)
(-1.69956e-11 -1.06747e-09 0)
(-3.36312e-11 -5.847e-10 0)
(6.47729e-11 -5.9389e-10 0)
(3.34154e-11 -4.97766e-10 0)
(0 0 0)
(-3.11744e-12 -4.98253e-10 0)
(0 0 0)
(0 0 0)
(2.06932e-11 -1.1414e-09 0)
(-8.52928e-12 -5.02605e-10 0)
(-2.83497e-12 -4.42621e-10 0)
(4.89581e-12 -4.466e-10 0)
(3.1077e-11 -4.85671e-10 0)
(0 0 0)
(9.10071e-12 -5.70987e-10 0)
(6.728e-12 -5.24063e-10 0)
(5.53688e-13 -4.92102e-10 0)
(-6.8821e-11 -1.21926e-09 0)
(-3.00429e-11 -4.64451e-10 0)
(7.44801e-11 -1.67563e-09 0)
(-2.88514e-12 -5.8494e-10 0)
(1.70874e-11 -3.87691e-10 0)
(-1.10911e-11 -4.59789e-10 0)
(-3.92339e-11 -5.54147e-10 0)
(1.49011e-12 -6.34253e-10 0)
(5.01884e-11 -1.11214e-09 0)
(1.61172e-11 -5.25499e-10 0)
(0 0 0)
(5.19026e-11 -5.52103e-10 0)
(3.9682e-12 -1.69838e-10 0)
(4.20414e-12 -1.80478e-10 0)
(6.19337e-12 -4.98889e-10 0)
(0 0 0)
(-5.18655e-12 -5.26662e-10 0)
(2.89644e-12 -5.18602e-10 0)
(-1.36057e-11 -5.33942e-10 0)
(-1.22013e-12 -5.29331e-10 0)
(0 0 0)
(-8.57233e-13 -5.20972e-10 0)
(0 0 0)
(-3.07437e-11 -4.41955e-10 0)
(-2.48346e-11 -5.31519e-10 0)
(-1.62717e-11 -5.52763e-10 0)
(-1.31481e-11 -5.52128e-10 0)
(0 0 0)
(0 0 0)
(0 0 0)
(-2.80675e-11 -5.59104e-10 0)
(-5.27898e-11 -5.46549e-10 0)
(-3.51149e-11 -5.33372e-10 0)
(-5.60932e-11 -5.17026e-10 0)
(0 0 0)
(0 0 0)
(-1.47516e-10 -1.3579e-09 0)
(7.86013e-11 -5.82672e-10 0)
(4.82502e-11 -6.58317e-10 0)
(-1.97444e-11 -1.21762e-09 0)
(-1.24254e-11 -4.62193e-10 0)
(-4.74322e-11 -1.06831e-09 0)
(-2.29835e-11 -5.04808e-10 0)
(0 0 0)
(-2.85335e-11 -5.54637e-10 0)
(-4.31891e-09 -1.09086e-08 0)
(-3.44378e-10 -1.07206e-09 0)
(4.62538e-10 -6.76439e-10 0)
(2.29447e-10 -1.07632e-09 0)
(3.67895e-11 -4.57919e-10 0)
(3.21556e-11 -4.45522e-10 0)
(6.34432e-11 -1.05218e-09 0)
(0 0 0)
(0 0 0)
(-2.76826e-12 -4.70378e-10 0)
(-2.13895e-12 -5.16029e-10 0)
(-9.129e-12 -5.26575e-10 0)
(-6.29008e-12 -5.13444e-10 0)
(-2.33394e-11 -5.11352e-10 0)
(-2.51291e-11 -5.57624e-10 0)
(2.70646e-11 -5.80116e-10 0)
(6.28737e-11 -5.41585e-10 0)
(3.81891e-11 -5.09136e-10 0)
(2.92369e-11 -5.22979e-10 0)
(0 0 0)
(7.23013e-12 -5.4721e-10 0)
(7.69165e-12 -5.74888e-10 0)
(2.32479e-12 -5.15964e-10 0)
(8.68282e-12 -4.98628e-10 0)
(0 0 0)
(1.1072e-11 -4.8093e-10 0)
(2.01716e-11 -5.78339e-10 0)
(7.47358e-12 -5.68178e-10 0)
(-1.24186e-11 -1.1963e-09 0)
(-1.42064e-11 -4.81925e-10 0)
(-2.40744e-11 -4.89817e-10 0)
(-3.8257e-11 -5.1526e-10 0)
(-1.23667e-10 -1.44655e-09 0)
(6.14079e-11 -5.86085e-10 0)
(4.90496e-11 -5.00453e-10 0)
(1.07553e-11 -5.64612e-10 0)
(2.16066e-12 -1.34153e-09 0)
(2.5671e-12 -4.96879e-10 0)
(-7.02234e-13 -4.58585e-10 0)
(2.56019e-12 -5.10737e-10 0)
(1.34767e-11 -5.44384e-10 0)
(2.752e-11 -5.46964e-10 0)
(3.44126e-11 -5.18892e-10 0)
(2.84312e-11 -1.06319e-09 0)
(2.45782e-12 -4.62951e-10 0)
(2.81277e-11 -1.0823e-09 0)
(1.17344e-11 -1.05607e-09 0)
(-4.54609e-12 -4.7438e-10 0)
(-2.3437e-12 -4.51402e-10 0)
(3.3913e-11 -1.1669e-09 0)
(0 0 0)
(-4.46115e-12 -1.83657e-09 0)
(-1.1678e-11 -4.69886e-10 0)
(-1.31715e-11 -4.94407e-10 0)
(0 0 0)
(-1.04288e-11 -5.12737e-10 0)
(2.2401e-12 -5.16247e-10 0)
(3.63497e-12 -5.17325e-10 0)
(1.1328e-11 -5.47508e-10 0)
(4.50619e-11 -5.79762e-10 0)
(-1.2287e-10 -1.408e-09 0)
(-5.19805e-11 -4.57119e-10 0)
(-5.06682e-11 -4.74788e-10 0)
(-6.04207e-11 -5.35438e-10 0)
(0 0 0)
(-6.00924e-11 -5.32201e-10 0)
(-7.11522e-11 -5.21029e-10 0)
(-1.11595e-11 -1.2369e-09 0)
(1.05644e-11 -6.87585e-10 0)
(3.59678e-11 -5.86634e-10 0)
(0 0 0)
(-2.73212e-11 -4.98157e-10 0)
(-2.02523e-11 -5.23793e-10 0)
(-4.04214e-11 -5.50568e-10 0)
(-4.62755e-11 -5.48746e-10 0)
(2.12942e-08 -2.27113e-09 0)
(1.5766e-09 -2.01634e-09 0)
(7.6283e-10 -1.21937e-09 0)
(3.87211e-11 -5.07998e-10 0)
(5.10416e-11 -5.20751e-10 0)
(4.26023e-11 -4.85036e-10 0)
(1.97694e-11 -4.3859e-10 0)
(-1.95081e-12 -4.74175e-10 0)
(1.40981e-11 -4.64763e-10 0)
(5.88065e-12 -5.05633e-10 0)
(0 0 0)
(-1.54407e-12 -4.83592e-10 0)
(-7.69762e-12 -5.52399e-10 0)
(-1.20869e-11 -5.67469e-10 0)
(2.30041e-12 -5.91427e-10 0)
(2.85259e-11 -5.74674e-10 0)
(4.21315e-11 -5.44512e-10 0)
(3.50023e-11 -5.41869e-10 0)
(0 0 0)
(6.18145e-11 -1.15135e-09 0)
(9.57068e-12 -5.25621e-10 0)
(2.27079e-11 -5.33735e-10 0)
(0 0 0)
(0 0 0)
(1.48739e-11 -1.09059e-09 0)
(-2.17163e-11 -4.87138e-10 0)
(-3.16057e-11 -5.18485e-10 0)
(-8.97619e-12 -1.21232e-09 0)
(0 0 0)
(-1.22527e-11 -5.29268e-10 0)
(-4.82774e-11 -5.14452e-10 0)
(-5.87942e-11 -8.05381e-10 0)
(-4.4943e-11 -1.00927e-09 0)
(1.74413e-11 -5.24021e-10 0)
(2.02113e-11 -5.29561e-10 0)
(1.94056e-11 -5.55168e-10 0)
(6.27961e-12 -5.75399e-10 0)
(1.88301e-11 -1.25622e-09 0)
(-8.22959e-12 -4.58229e-10 0)
(-1.43497e-12 -4.79952e-10 0)
(0 0 0)
(1.79159e-11 -5.14937e-10 0)
(3.23214e-12 -1.10242e-09 0)
(3.60613e-11 -1.06974e-09 0)
(-8.31105e-12 -4.67509e-10 0)
(-1.46133e-11 -5.17431e-10 0)
(3.30622e-12 -4.76667e-10 0)
(-1.00149e-11 -5.07358e-10 0)
(4.38314e-12 -5.06749e-10 0)
(0 0 0)
(1.24886e-11 -1.06863e-09 0)
(-1.36251e-13 -4.83836e-10 0)
(0 0 0)
(0 0 0)
(-4.17179e-12 -5.08797e-10 0)
(-5.9043e-12 -5.14622e-10 0)
(-5.4479e-12 -5.17399e-10 0)
(5.06421e-12 -4.92385e-10 0)
(1.17876e-11 -4.78779e-10 0)
(5.27633e-11 -1.60902e-09 0)
(-3.33222e-11 -5.88346e-10 0)
(0 0 0)
(-5.28273e-11 -5.05203e-10 0)
(-7.1012e-11 -5.59026e-10 0)
(0 0 0)
(-2.87871e-10 -1.75541e-09 0)
(-4.50662e-11 -4.15402e-10 0)
(-2.95371e-11 -4.64751e-10 0)
(1.87676e-11 -5.82718e-10 0)
(8.88348e-11 -5.30984e-10 0)
(0 0 0)
(1.92839e-11 -5.19261e-10 0)
(-1.20843e-11 -5.35316e-10 0)
(0 0 0)
(0 0 0)
(1.11184e-08 9.70837e-09 0)
(2.08595e-09 -2.90036e-09 0)
(3.3017e-12 -7.76337e-10 0)
(0 0 0)
(4.04166e-11 -5.54245e-10 0)
(3.2168e-11 -5.05941e-10 0)
(5.77e-12 -4.75697e-10 0)
(0 0 0)
(0 0 0)
(-2.03201e-11 -1.09506e-09 0)
(2.05098e-12 -1.15469e-09 0)
(1.0668e-11 -5.09555e-10 0)
(3.33267e-12 -1.77844e-10 0)
(4.0757e-12 -2.14767e-10 0)
(1.58005e-11 -5.59342e-10 0)
(1.30739e-11 -5.39391e-10 0)
(4.02483e-11 -5.23025e-10 0)
(3.49821e-11 -5.29634e-10 0)
(2.36197e-11 -5.0376e-10 0)
(5.01814e-12 -5.32914e-10 0)
(2.71832e-11 -5.24593e-10 0)
(2.59798e-11 -5.06664e-10 0)
(1.95112e-11 -5.00918e-10 0)
(4.83038e-11 -1.09406e-09 0)
(-1.08469e-11 -4.72518e-10 0)
(-2.07092e-11 -5.18998e-10 0)
(-6.49501e-11 -1.21957e-09 0)
(-1.15754e-11 -4.83123e-10 0)
(-9.91689e-12 -4.91003e-10 0)
(-1.72222e-11 -5.56107e-10 0)
(-2.43086e-11 -5.70017e-10 0)
(-5.91572e-12 -5.85078e-10 0)
(-2.15444e-11 -5.57333e-10 0)
(-1.4798e-11 -5.30186e-10 0)
(-7.93354e-13 -5.3806e-10 0)
(8.63047e-12 -5.58596e-10 0)
(7.21128e-11 -1.27444e-09 0)
(-1.79586e-11 -5.68898e-10 0)
(-4.52644e-11 -5.3619e-10 0)
(-1.53747e-11 -4.83538e-10 0)
(3.56485e-13 -5.06936e-10 0)
(1.46685e-11 -1.13402e-09 0)
(-1.32668e-11 -4.9072e-10 0)
(-1.31956e-11 -4.98137e-10 0)
(-8.55573e-12 -4.86239e-10 0)
(-1.48259e-11 -4.97821e-10 0)
(-1.60469e-11 -4.93353e-10 0)
(-3.3374e-12 -5.04656e-10 0)
(5.90995e-12 -5.08206e-10 0)
(1.85957e-12 -5.37105e-10 0)
(4.0933e-12 -5.23362e-10 0)
(0 0 0)
(7.5169e-12 -5.396e-10 0)
(-2.62374e-12 -5.18276e-10 0)
(-1.75444e-11 -5.19016e-10 0)
(-1.26065e-11 -5.06403e-10 0)
(-1.80988e-11 -4.98169e-10 0)
(-1.54282e-11 -4.81672e-10 0)
(-2.53328e-11 -4.78609e-10 0)
(-1.99406e-11 -5.98016e-10 0)
(7.42196e-11 -7.01352e-10 0)
(0 0 0)
(-8.38556e-11 -1.14033e-09 0)
(-1.30115e-10 -6.05163e-10 0)
(-6.68171e-11 -4.46704e-10 0)
(-1.51125e-10 -9.84958e-10 0)
(-3.60397e-11 -4.1344e-10 0)
(-3.74704e-11 -4.45211e-10 0)
(1.98746e-11 -5.81313e-10 0)
(4.66779e-11 -5.21751e-10 0)
(4.42759e-11 -5.82167e-10 0)
(0 0 0)
(0 0 0)
(-3.08343e-11 -5.63961e-10 0)
(-4.72058e-11 -1.1986e-09 0)
(-1.95377e-08 -3.74593e-09 0)
(1.93247e-10 -8.85963e-10 0)
(-7.67663e-11 -4.47302e-10 0)
(1.89391e-11 -5.80399e-10 0)
(1.25124e-11 -5.35424e-10 0)
(2.85281e-11 -5.14191e-10 0)
(0 0 0)
(1.40013e-11 -4.95565e-10 0)
(0 0 0)
(9.0218e-13 -4.90137e-10 0)
(-8.31266e-12 -5.16088e-10 0)
(1.29225e-11 -5.07647e-10 0)
(1.37746e-11 -4.95851e-10 0)
(7.53385e-12 -5.27111e-10 0)
(4.29128e-11 -1.26641e-09 0)
(1.69701e-11 -5.23791e-10 0)
(2.93884e-11 -5.64366e-10 0)
(8.10952e-12 -2.74727e-10 0)
(2.19922e-12 -7.22708e-11 0)
(0 0 0)
(0 0 0)
(1.61454e-11 -6.58723e-10 0)
(3.07539e-11 -9.05148e-10 0)
(-5.1667e-12 -4.91398e-10 0)
(-1.77227e-11 -5.09535e-10 0)
(-2.25561e-11 -5.43541e-10 0)
(-1.4344e-11 -5.41314e-10 0)
(-2.40698e-11 -4.94696e-10 0)
(-2.52145e-11 -5.12392e-10 0)
(4.28642e-12 -5.51258e-10 0)
(4.80241e-13 -5.60589e-10 0)
(1.95983e-11 -5.92072e-10 0)
(-5.15566e-11 -5.99581e-10 0)
(-5.3781e-11 -5.58736e-10 0)
(-4.258e-11 -1.15018e-09 0)
(4.63836e-12 -5.22161e-10 0)
(2.22175e-11 -6.23378e-10 0)
(-1.02955e-10 -1.46122e-09 0)
(-2.93538e-11 -4.44419e-10 0)
(-1.0635e-11 -4.45027e-10 0)
(-1.23095e-11 -4.92966e-10 0)
(-9.63291e-12 -5.16461e-10 0)
(1.14204e-13 -5.17121e-10 0)
(-2.94224e-12 -5.09858e-10 0)
(-4.27864e-12 -5.06528e-10 0)
(-3.67854e-12 -5.112e-10 0)
(-1.92863e-12 -5.04564e-10 0)
(1.90593e-11 -5.13026e-10 0)
(1.01274e-11 -5.30472e-10 0)
(9.78498e-12 -5.4214e-10 0)
(2.84676e-13 -5.30193e-10 0)
(-1.05026e-11 -5.27e-10 0)
(-7.79487e-13 -4.88325e-10 0)
(-8.01798e-12 -5.11653e-10 0)
(-1.85971e-11 -4.75844e-10 0)
(-1.34593e-11 -4.85079e-10 0)
(-2.03638e-11 -4.97977e-10 0)
(-1.90485e-11 -4.99548e-10 0)
(-4.11179e-11 -4.63452e-10 0)
(8.52002e-13 -5.4706e-10 0)
(3.00949e-11 -7.54986e-10 0)
(0 0 0)
(3.29181e-12 -6.84388e-10 0)
(-4.01302e-11 -5.71122e-10 0)
(-2.30534e-11 -4.08409e-10 0)
(-5.51478e-11 -3.72635e-10 0)
(-5.0145e-11 -9.47554e-10 0)
(-3.09993e-11 -3.79508e-10 0)
(1.90241e-11 -4.63892e-10 0)
(0 0 0)
(4.22576e-11 -5.70767e-10 0)
(5.07089e-11 -6.60684e-10 0)
(-6.21081e-11 -1.25706e-09 0)
(-2.30341e-11 -5.07946e-10 0)
(-2.32764e-11 -4.84383e-10 0)
(-3.45093e-08 1.75257e-08 0)
(-9.16189e-10 -5.53154e-10 0)
(4.19859e-12 -4.85056e-10 0)
(0 0 0)
(5.18212e-11 -5.4599e-10 0)
(4.26634e-11 -5.56141e-10 0)
(0 0 0)
(1.51663e-11 -5.10467e-10 0)
(1.31752e-11 -5.18139e-10 0)
(1.90176e-11 -1.09103e-09 0)
(-1.83442e-11 -4.77132e-10 0)
(-9.46476e-13 -5.05923e-10 0)
(2.79907e-11 -1.09525e-09 0)
(7.81862e-12 -4.57112e-10 0)
(5.02071e-11 -1.21009e-09 0)
(1.91222e-11 -4.67217e-10 0)
(2.14846e-11 -4.905e-10 0)
(4.8482e-11 -5.4086e-10 0)
(4.58618e-11 -5.45492e-10 0)
(2.40914e-11 -5.06913e-10 0)
(2.16277e-11 -1.07958e-09 0)
(1.4566e-11 -3.93924e-10 0)
(4.02213e-12 -4.22108e-10 0)
(4.34205e-12 -2.10414e-10 0)
(2.61489e-12 -1.25171e-10 0)
(-1.34686e-11 -5.40487e-10 0)
(0 0 0)
(-9.0498e-12 -5.51188e-10 0)
(-5.0508e-11 -1.177e-09 0)
(3.53582e-12 -5.08048e-10 0)
(-6.791e-12 -4.92932e-10 0)
(4.15895e-11 -1.42542e-09 0)
(-6.81044e-11 -5.92089e-10 0)
(-4.97205e-11 -5.00857e-10 0)
(0 0 0)
(-3.3256e-11 -4.49424e-10 0)
(-7.43802e-11 -1.5559e-09 0)
(2.51123e-11 -5.85087e-10 0)
(1.92578e-11 -4.28782e-10 0)
(-1.27087e-11 -4.52107e-10 0)
(-5.76903e-12 -4.83479e-10 0)
(-5.03934e-12 -4.94678e-10 0)
(-4.94395e-12 -5.14112e-10 0)
(-9.97925e-12 -5.02261e-10 0)
(2.147e-12 -5.0827e-10 0)
(-4.73981e-12 -4.9232e-10 0)
(1.76074e-11 -4.96645e-10 0)
(4.3128e-11 -5.33865e-10 0)
(7.76226e-12 -5.39595e-10 0)
(-5.80855e-13 -5.36416e-10 0)
(-7.58917e-12 -5.38756e-10 0)
(-4.53139e-12 -5.26492e-10 0)
(1.16034e-11 -5.19901e-10 0)
(-1.76207e-11 -5.21984e-10 0)
(0 0 0)
(-2.28572e-11 -4.96718e-10 0)
(0 0 0)
(-6.90315e-11 -1.08706e-09 0)
(-8.68418e-11 -1.02279e-09 0)
(-3.18311e-11 -4.7585e-10 0)
(-5.73876e-11 -5.94398e-10 0)
(4.57282e-11 -6.8563e-10 0)
(0 0 0)
(-4.83148e-13 -6.41576e-10 0)
(-1.20827e-12 -1.20319e-09 0)
(-1.61655e-11 -4.27227e-10 0)
(-5.6432e-11 -1.02552e-09 0)
(-1.91278e-11 -3.81874e-10 0)
(-9.17496e-12 -4.17121e-10 0)
(8.81266e-12 -4.90695e-10 0)
(1.17871e-11 -5.47372e-10 0)
(6.67871e-12 -6.81356e-10 0)
(1.36285e-11 -5.48721e-10 0)
(3.45976e-12 -1.01365e-09 0)
(-1.00267e-11 -1.4476e-09 0)
(1.83946e-09 1.78201e-08 0)
(-8.06308e-10 -8.57939e-10 0)
(4.69696e-11 -4.15596e-10 0)
(2.60956e-11 -8.79302e-10 0)
(-1.51311e-12 -6.08165e-10 0)
(0 0 0)
(1.06742e-11 -4.79042e-10 0)
(-2.40758e-12 -5.22381e-10 0)
(-7.88787e-12 -5.19587e-10 0)
(-4.45488e-12 -5.12628e-10 0)
(5.00551e-13 -5.06271e-10 0)
(1.76523e-12 -4.95263e-10 0)
(9.84456e-12 -4.97545e-10 0)
(5.22678e-12 -5.00316e-10 0)
(-1.2603e-12 -5.0839e-10 0)
(8.08315e-11 -1.11578e-09 0)
(3.4043e-11 -4.53021e-10 0)
(5.57842e-11 -5.17359e-10 0)
(1.75714e-10 -1.30349e-09 0)
(-1.46638e-11 -4.6892e-10 0)
(-3.88222e-12 -4.44312e-10 0)
(3.46257e-11 -4.66166e-10 0)
(1.12919e-11 -4.75956e-10 0)
(1.31044e-11 -5.19498e-10 0)
(0 0 0)
(1.02554e-11 -5.50313e-10 0)
(0 0 0)
(-4.21436e-12 -5.98879e-10 0)
(0 0 0)
(-4.85397e-11 -1.04816e-09 0)
(-2.85405e-11 -4.68471e-10 0)
(-9.95995e-11 -1.6153e-09 0)
(-2.06525e-12 -5.76114e-10 0)
(-1.87613e-11 -4.63574e-10 0)
(-3.49617e-11 -4.75738e-10 0)
(-6.15177e-11 -5.41198e-10 0)
(-7.36305e-11 -5.96075e-10 0)
(-1.24854e-12 -6.08501e-10 0)
(5.84336e-11 -1.24261e-09 0)
(-2.74692e-12 -4.7267e-10 0)
(-1.04633e-11 -4.67721e-10 0)
(-8.45287e-12 -4.92734e-10 0)
(-3.804e-12 -5.17049e-10 0)
(2.5559e-13 -4.87124e-10 0)
(-2.31055e-12 -4.76913e-10 0)
(6.25465e-12 -4.59226e-10 0)
(1.51882e-11 -4.34796e-10 0)
(4.64106e-11 -5.06587e-10 0)
(3.43105e-11 -5.78107e-10 0)
(-3.65671e-11 -5.68063e-10 0)
(-1.57169e-11 -5.19381e-10 0)
(-1.16351e-11 -4.90013e-10 0)
(9.22366e-12 -5.13435e-10 0)
(0 0 0)
(-6.06816e-12 -5.12143e-10 0)
(-1.1462e-11 -5.01409e-10 0)
(-1.69171e-11 -4.84424e-10 0)
(-2.97602e-11 -4.92842e-10 0)
(-4.4738e-11 -4.74203e-10 0)
(-4.98879e-11 -5.02622e-10 0)
(-1.81004e-11 -5.59164e-10 0)
(0 0 0)
(6.67465e-11 -1.558e-09 0)
(-2.12999e-11 -6.83605e-10 0)
(-3.56512e-11 -5.5947e-10 0)
(0 0 0)
(0 0 0)
(0 0 0)
(0 0 0)
(0 0 0)
(-5.19448e-11 -5.24052e-10 0)
(-4.28548e-11 -1.42156e-09 0)
(0 0 0)
(6.3408e-11 -1.22252e-09 0)
(2.28178e-12 -4.72177e-10 0)
(9.46309e-09 1.3707e-08 0)
(2.01216e-10 -5.48857e-10 0)
(-9.60214e-11 -8.47897e-10 0)
(-3.75065e-11 -1.14358e-09 0)
(-1.71025e-12 -4.08061e-10 0)
(1.84352e-11 -4.35736e-10 0)
(1.01304e-11 -4.81735e-10 0)
(1.28056e-11 -4.81329e-10 0)
(1.99342e-11 -5.04098e-10 0)
(0 0 0)
(1.35064e-11 -5.07356e-10 0)
(5.31547e-12 -5.08794e-10 0)
(1.05338e-11 -5.3166e-10 0)
(0 0 0)
(-9.35672e-13 -5.23511e-10 0)
(3.69206e-12 -5.14001e-10 0)
(1.74188e-11 -4.99843e-10 0)
(3.06168e-11 -4.64818e-10 0)
(1.04677e-10 -1.56005e-09 0)
(7.51601e-12 -5.28854e-10 0)
(4.04544e-11 -4.49114e-10 0)
(4.11183e-11 -4.71848e-10 0)
(3.18206e-11 -4.91528e-10 0)
(1.80672e-11 -4.92842e-10 0)
(3.10009e-11 -5.19044e-10 0)
(3.21958e-11 -5.48964e-10 0)
(4.53519e-11 -6.34231e-10 0)
(0 0 0)
(-1.05958e-10 -1.17806e-09 0)
(-4.83145e-11 -8.99669e-10 0)
(-3.09267e-11 -4.7321e-10 0)
(-5.88313e-11 -5.26326e-10 0)
(0 0 0)
(4.06447e-11 -5.46097e-10 0)
(-3.72095e-11 -5.58984e-10 0)
(0 0 0)
(-2.22803e-11 -5.61199e-10 0)
(-9.22023e-12 -5.46624e-10 0)
(-9.73454e-12 -5.32392e-10 0)
(-2.61544e-12 -5.28357e-10 0)
(3.28364e-12 -4.80984e-10 0)
(3.23582e-12 -5.17789e-10 0)
(6.50701e-12 -5.57693e-10 0)
(0 0 0)
(-3.30425e-12 -1.16857e-09 0)
(4.97349e-12 -4.95328e-10 0)
(0 0 0)
(-2.14309e-11 -1.19874e-09 0)
(2.81753e-12 -6.39244e-10 0)
(-2.35328e-11 -5.55483e-10 0)
(-1.34971e-11 -4.80661e-10 0)
(-2.74901e-12 -4.80655e-10 0)
(6.04251e-12 -5.02094e-10 0)
(-9.58285e-12 -5.1782e-10 0)
(-1.08114e-11 -5.17066e-10 0)
(0 0 0)
(0 0 0)
(-2.80828e-11 -5.30516e-10 0)
(-2.88352e-11 -5.29201e-10 0)
(-4.1319e-11 -5.03452e-10 0)
(-5.06893e-11 -1.20419e-09 0)
(0 0 0)
(-4.75463e-11 -1.69476e-09 0)
(4.41815e-11 -6.62313e-10 0)
(0 0 0)
(1.91393e-11 -4.61671e-10 0)
(1.08752e-11 -4.70094e-10 0)
(-1.0654e-13 -4.72909e-10 0)
(-2.12871e-11 -4.75741e-10 0)
(-2.59622e-11 -4.97213e-10 0)
(-7.92997e-11 -1.20057e-09 0)
(0 0 0)
(5.9847e-11 -1.2363e-09 0)
(9.70177e-12 -5.30269e-10 0)
(0 0 0)
(2.49445e-08 6.77388e-09 0)
(7.43514e-10 -1.59372e-09 0)
(-2.93047e-10 -8.50925e-10 0)
(-9.97836e-11 -1.11661e-09 0)
(3.5144e-12 -4.05401e-10 0)
(2.39513e-11 -1.00398e-09 0)
(1.3385e-11 -4.16317e-10 0)
(1.06469e-11 -4.40791e-10 0)
(6.13183e-12 -4.94766e-10 0)
(3.89855e-11 -4.85713e-10 0)
(-4.19028e-12 -5.03274e-10 0)
(0 0 0)
(1.78871e-11 -5.18939e-10 0)
(9.93424e-12 -5.29376e-10 0)
(1.99006e-12 -5.16076e-10 0)
(-2.58017e-12 -5.12982e-10 0)
(-9.2114e-12 -4.95142e-10 0)
(-1.55972e-11 -5.23425e-10 0)
(-1.80125e-11 -6.33974e-10 0)
(7.16478e-11 -5.97196e-10 0)
(5.18035e-11 -5.1252e-10 0)
(4.92435e-11 -4.99048e-10 0)
(3.59444e-11 -5.17417e-10 0)
(1.67235e-11 -5.14423e-10 0)
(2.7032e-11 -1.15959e-09 0)
(3.03992e-11 -4.85292e-10 0)
(-4.83702e-11 -1.61513e-09 0)
(-1.05846e-11 -6.54423e-10 0)
(-1.35238e-11 -1.07209e-09 0)
(3.19846e-11 -4.23829e-10 0)
(0 0 0)
(-4.37535e-11 -5.75894e-10 0)
(-1.29218e-11 -5.47684e-10 0)
(3.32934e-11 -5.32374e-10 0)
(0 0 0)
(-9.1337e-11 -1.19078e-09 0)
(-7.09638e-11 -1.24662e-09 0)
(0 0 0)
(-7.0995e-12 -5.21458e-10 0)
(0 0 0)
(-6.39137e-12 -5.30122e-10 0)
(0 0 0)
(3.90117e-12 -5.20719e-10 0)
(4.69575e-12 -5.22555e-10 0)
(1.96493e-13 -5.14706e-10 0)
(3.56587e-12 -5.07977e-10 0)
(-3.87219e-12 -4.82178e-10 0)
(-5.65763e-11 -5.25706e-10 0)
(-5.24588e-11 -5.56323e-10 0)
(5.80734e-11 -1.27238e-09 0)
(3.54253e-11 -4.9962e-10 0)
(8.91633e-12 -4.6402e-10 0)
(-7.49497e-12 -1.19334e-09 0)
(-4.28007e-12 -4.90113e-10 0)
(0 0 0)
(-1.04806e-11 -5.05273e-10 0)
(0 0 0)
(-1.90774e-11 -1.10837e-09 0)
(0 0 0)
(-3.74815e-11 -5.40422e-10 0)
(-4.4522e-11 -5.22985e-10 0)
(-3.90882e-11 -6.00257e-10 0)
(0 0 0)
(0 0 0)
(2.72831e-11 -5.32677e-10 0)
(1.25463e-11 -1.15282e-09 0)
(6.7282e-12 -4.65306e-10 0)
(5.69359e-12 -1.08849e-09 0)
(-2.03328e-11 -4.22451e-10 0)
(-3.78152e-11 -4.86959e-10 0)
(0 0 0)
(-9.03553e-12 -4.54706e-10 0)
(0 0 0)
(3.40982e-11 -5.62525e-10 0)
(2.76022e-11 -5.42571e-10 0)
(1.0239e-08 -9.46226e-09 0)
(-7.00295e-10 -5.17451e-09 0)
(-7.8039e-11 -4.29157e-10 0)
(-3.8163e-11 -4.70423e-10 0)
(-2.73447e-11 -4.01625e-10 0)
(-2.75422e-11 -9.14804e-10 0)
(2.3574e-11 -9.82193e-10 0)
(2.31604e-11 -4.72118e-10 0)
(2.99143e-11 -4.87056e-10 0)
(3.26728e-11 -5.08037e-10 0)
(0 0 0)
(8.08558e-12 -5.12504e-10 0)
(1.72649e-11 -5.08437e-10 0)
(-2.11339e-12 -5.38767e-10 0)
(-1.20572e-12 -5.21651e-10 0)
(-1.27682e-11 -5.22494e-10 0)
(-2.46848e-11 -5.08409e-10 0)
(-3.84041e-11 -5.16694e-10 0)
(-1.93898e-11 -5.51916e-10 0)
(3.69658e-11 -5.47663e-10 0)
(3.02686e-11 -4.76774e-10 0)
(4.01541e-11 -4.98384e-10 0)
(4.51445e-11 -5.8183e-10 0)
(-5.43022e-11 -1.3284e-09 0)
(-1.87756e-11 -4.41372e-10 0)
(2.93306e-12 -5.39474e-10 0)
(-4.09069e-11 -5.77836e-10 0)
(2.97705e-11 -1.36159e-09 0)
(0 0 0)
(2.14366e-11 -4.22566e-10 0)
(-3.10603e-12 -6.47356e-10 0)
(0 0 0)
(-1.90586e-11 -5.35505e-10 0)
(6.17958e-11 -5.91607e-10 0)
(-4.96769e-11 -5.78296e-10 0)
(0 0 0)
(-2.26822e-11 -5.24737e-10 0)
(0 0 0)
(-1.20236e-11 -5.24141e-10 0)
(1.60622e-11 -5.57862e-10 0)
(0 0 0)
(-4.08273e-12 -5.22553e-10 0)
(3.59858e-12 -5.13269e-10 0)
(4.54694e-12 -5.26547e-10 0)
(-5.24072e-12 -5.19115e-10 0)
(-1.18798e-12 -5.17037e-10 0)
(-2.65058e-11 -5.25534e-10 0)
(-2.40563e-11 -5.26776e-10 0)
(-2.26258e-11 -5.26876e-10 0)
(-8.52018e-12 -5.27157e-10 0)
(2.49824e-12 -5.30413e-10 0)
(1.90471e-11 -5.90706e-10 0)
(2.10601e-12 -1.1492e-09 0)
(1.1996e-11 -5.14959e-10 0)
(0 0 0)
(-7.4418e-12 -5.16721e-10 0)
(-8.06396e-12 -5.38401e-10 0)
(8.42189e-13 -5.46923e-10 0)
(-4.59794e-12 -5.39979e-10 0)
(0 0 0)
(-2.05918e-11 -5.51537e-10 0)
(-3.61819e-11 -5.93566e-10 0)
(-5.96081e-11 -1.41223e-09 0)
(1.77887e-11 -5.55371e-10 0)
(0 0 0)
(9.24717e-12 -5.0455e-10 0)
(-5.97242e-12 -4.95227e-10 0)
(-1.04689e-11 -4.79331e-10 0)
(-2.18027e-11 -4.94614e-10 0)
(-3.24886e-11 -4.78413e-10 0)
(-3.13983e-11 -1.08246e-09 0)
(-1.6683e-12 -4.69833e-10 0)
(0 0 0)
(3.14269e-11 -1.18658e-09 0)
(1.43898e-11 -1.15156e-09 0)
(5.40069e-09 -5.41123e-08 0)
(-2.78887e-10 -3.61976e-09 0)
(0 0 0)
(0 0 0)
(5.01464e-11 -9.60542e-10 0)
(-6.80346e-12 -4.30175e-10 0)
(1.43282e-11 -4.46496e-10 0)
(-4.49971e-12 -1.10321e-09 0)
(1.21284e-11 -1.05859e-09 0)
(4.24542e-11 -4.51678e-10 0)
(3.08372e-11 -5.26341e-10 0)
(2.71589e-13 -4.78751e-10 0)
(-1.23703e-12 -5.18457e-10 0)
(0 0 0)
(-6.64661e-12 -5.31726e-10 0)
(-2.23114e-13 -5.15091e-10 0)
(0 0 0)
(0 0 0)
(0 0 0)
(9.86124e-12 -5.04427e-10 0)
(-1.02251e-12 -4.53383e-10 0)
(-4.31492e-11 -4.96128e-10 0)
(-5.43219e-11 -1.47727e-09 0)
(3.0009e-11 -5.06532e-10 0)
(4.07194e-12 -3.94384e-10 0)
(5.86329e-11 -1.42563e-09 0)
(-9.71098e-11 -1.47811e-09 0)
(-4.18885e-11 -5.38006e-10 0)
(-4.98477e-12 -4.34213e-10 0)
(1.7597e-11 -3.88072e-10 0)
(-2.07901e-11 -1.51052e-09 0)
(0 0 0)
(1.90119e-11 -4.6953e-10 0)
(8.43104e-12 -7.12317e-10 0)
(0 0 0)
(-1.7714e-11 -5.3704e-10 0)
(-1.99818e-11 -5.69716e-10 0)
(0 0 0)
(-2.04678e-11 -5.0672e-10 0)
(1.37033e-11 -5.43371e-10 0)
(0 0 0)
(3.86273e-11 -1.1254e-09 0)
(1.06501e-11 -4.84223e-10 0)
(5.94768e-12 -4.9812e-10 0)
(-5.6713e-12 -5.03163e-10 0)
(-4.23195e-12 -5.03538e-10 0)
(0 0 0)
(-5.01773e-12 -5.29333e-10 0)
(-1.33927e-11 -5.38843e-10 0)
(-3.23795e-11 -5.379e-10 0)
(-3.17624e-12 -5.25734e-10 0)
(8.63914e-12 -5.26988e-10 0)
(1.33302e-11 -5.39842e-10 0)
(-3.45503e-12 -5.55525e-10 0)
(-1.88701e-11 -5.4404e-10 0)
(-9.32592e-12 -5.49213e-10 0)
(-9.04882e-12 -5.47585e-10 0)
(-2.04962e-12 -5.34924e-10 0)
(-8.13941e-12 -5.37574e-10 0)
(-4.7544e-12 -8.90849e-10 0)
(-1.39391e-11 -7.44067e-10 0)
(0 0 0)
(-4.04776e-11 -5.66739e-10 0)
(-3.96842e-12 -5.68732e-10 0)
(1.98534e-11 -5.5392e-10 0)
(1.34958e-11 -5.42126e-10 0)
(-1.28628e-11 -5.31234e-10 0)
(-1.54295e-11 -5.41024e-10 0)
(-1.63758e-11 -5.41388e-10 0)
(-5.37402e-11 -1.00242e-09 0)
(-7.29091e-12 -4.30444e-10 0)
(-7.36157e-12 -4.14986e-10 0)
(2.87237e-11 -5.3227e-10 0)
(0 0 0)
(-3.70168e-11 -5.46419e-10 0)
(-2.66063e-09 -9.79018e-09 0)
(2.63515e-09 -2.18642e-09 0)
(5.43032e-10 -1.28128e-09 0)
(4.24184e-11 -4.42347e-10 0)
(1.89781e-10 -1.72902e-09 0)
(4.99466e-12 -4.3407e-10 0)
(6.42139e-12 -4.99543e-10 0)
(-3.67521e-12 -5.21362e-10 0)
(2.13501e-11 -4.53794e-10 0)
(3.45583e-11 -4.25632e-10 0)
(3.0716e-11 -1.08973e-09 0)
(2.16351e-11 -4.54343e-10 0)
(1.5196e-11 -1.04164e-09 0)
(8.65881e-12 -4.99051e-10 0)
(-1.98359e-11 -4.74971e-10 0)
(1.93439e-13 -5.1398e-10 0)
(0 0 0)
(1.14858e-11 -1.06009e-09 0)
(0 0 0)
(-3.23793e-12 -1.08013e-09 0)
(-2.66931e-11 -5.02351e-10 0)
(-3.80427e-11 -5.33588e-10 0)
(-4.25166e-11 -5.75683e-10 0)
(2.84899e-11 -5.53187e-10 0)
(-8.79016e-12 -1.44423e-10 0)
(-9.79486e-11 -1.90977e-09 0)
(1.74944e-11 -7.41558e-10 0)
(0 0 0)
(-3.65224e-11 -7.25885e-10 0)
(-1.02403e-10 -1.21326e-09 0)
(-5.52433e-11 -4.61881e-10 0)
(6.61966e-11 -1.09565e-09 0)
(1.45115e-11 -1.09746e-09 0)
(1.30109e-11 -5.07467e-10 0)
(1.79904e-10 -1.40406e-09 0)
(6.08366e-12 -5.25778e-10 0)
(1.74006e-12 -5.05469e-10 0)
(-1.2565e-11 -5.23795e-10 0)
(0 0 0)
(-1.31655e-11 -1.13885e-09 0)
(1.42026e-11 -4.33463e-10 0)
(1.05528e-11 -4.16512e-10 0)
(1.91115e-11 -4.8712e-10 0)
(1.42178e-11 -5.26288e-10 0)
(6.17697e-12 -5.24422e-10 0)
(0 0 0)
(-8.68015e-12 -5.05134e-10 0)
(3.91836e-12 -5.26363e-10 0)
(-3.41574e-12 -5.02001e-10 0)
(-1.74882e-11 -5.44163e-10 0)
(-1.09889e-11 -5.32684e-10 0)
(4.23076e-11 -1.18918e-09 0)
(8.8399e-12 -5.1213e-10 0)
(-9.45254e-12 -5.85538e-10 0)
(-3.34999e-11 -5.65972e-10 0)
(-1.16383e-11 -5.16822e-10 0)
(-4.13485e-12 -5.20594e-10 0)
(5.75034e-12 -5.24479e-10 0)
(-1.68515e-11 -5.04282e-10 0)
(2.7677e-11 -1.13055e-09 0)
(-9.20986e-12 -5.07863e-10 0)
(-2.84212e-11 -5.25879e-10 0)
(-4.82314e-11 -5.44373e-10 0)
(1.77142e-12 -1.1822e-09 0)
(3.01643e-11 -4.91958e-10 0)
(9.05154e-12 -5.63401e-10 0)
(0 0 0)
(-7.38522e-11 -1.12119e-09 0)
(0 0 0)
(-4.50764e-12 -4.31431e-10 0)
(-2.96394e-11 -1.03e-09 0)
(1.06087e-11 -4.0507e-10 0)
(0 0 0)
(4.7415e-11 -5.98153e-10 0)
(-5.13426e-11 -6.27973e-10 0)
(9.59253e-09 4.40953e-09 0)
(-3.32157e-10 -1.27759e-09 0)
(3.0541e-10 -5.17524e-10 0)
(3.71602e-11 -5.07633e-10 0)
(-1.85756e-11 -4.69046e-10 0)
(1.06306e-11 -4.91258e-10 0)
(-7.89058e-12 -1.19325e-09 0)
(1.03546e-11 -5.15068e-10 0)
(1.90681e-12 -4.33047e-10 0)
(2.8378e-12 -4.89559e-10 0)
(6.1329e-13 -5.13476e-10 0)
(6.45903e-12 -5.02767e-10 0)
(2.63232e-13 -5.24759e-10 0)
(1.921e-11 -1.07922e-09 0)
(2.51977e-11 -4.69424e-10 0)
(8.64912e-12 -5.09098e-10 0)
(0 0 0)
(1.05756e-11 -4.92238e-10 0)
(1.32805e-11 -5.07932e-10 0)
(-4.58585e-12 -5.19841e-10 0)
(-1.12888e-11 -5.23008e-10 0)
(0 0 0)
(-1.23079e-11 -5.42251e-10 0)
(2.66164e-11 -5.8811e-10 0)
(0 0 0)
(-1.91574e-10 -1.32671e-09 0)
(1.31209e-11 -5.88881e-10 0)
(5.89915e-11 -5.41196e-10 0)
(1.83807e-11 -5.04502e-10 0)
(-1.41296e-11 -5.08728e-10 0)
(-1.15658e-11 -5.34188e-10 0)
(-5.93755e-12 -5.5659e-10 0)
(0 0 0)
(8.23706e-12 -1.14103e-09 0)
(1.48984e-10 -1.53369e-09 0)
(5.49666e-11 -5.57146e-10 0)
(4.75584e-11 -5.26247e-10 0)
(-4.4282e-11 -1.15358e-09 0)
(-7.38476e-12 -4.58825e-10 0)
(-5.25148e-12 -4.77405e-10 0)
(5.39389e-11 -1.09574e-09 0)
(2.33995e-11 -4.15054e-10 0)
(2.5745e-11 -4.4474e-10 0)
(2.73541e-11 -5.00483e-10 0)
(1.43829e-11 -5.29385e-10 0)
(-5.11007e-12 -5.03149e-10 0)
(-2.06195e-12 -5.10551e-10 0)
(-2.14714e-12 -5.21325e-10 0)
(-9.19771e-12 -5.25548e-10 0)
(-3.33862e-12 -5.22544e-10 0)
(-4.26787e-12 -5.02723e-10 0)
(9.83185e-12 -5.12687e-10 0)
(-1.596e-12 -6.29543e-10 0)
(-6.12753e-11 -6.12249e-10 0)
(-2.55833e-11 -5.28492e-10 0)
(1.56468e-11 -4.92008e-10 0)
(2.10625e-11 -4.88858e-10 0)
(-9.41691e-11 -1.29737e-09 0)
(0 0 0)
(1.31506e-11 -4.76589e-10 0)
(3.48654e-11 -5.98021e-10 0)
(-9.26823e-11 -5.98988e-10 0)
(0 0 0)
(-7.42574e-12 -4.48679e-10 0)
(3.00298e-11 -4.96333e-10 0)
(8.88461e-11 -1.32716e-09 0)
(-6.05349e-11 -1.41991e-09 0)
(-1.33571e-11 -4.12976e-10 0)
(-3.14463e-11 -9.66292e-10 0)
(4.40421e-13 -4.27496e-10 0)
(-5.34638e-12 -4.34849e-10 0)
(0 0 0)
(-7.53687e-11 -1.05919e-09 0)
(-6.86531e-11 -1.51782e-09 0)
(-3.42825e-11 -5.75323e-10 0)
(3.34021e-09 7.40467e-09 0)
(1.38179e-09 -2.58424e-09 0)
(-8.23611e-11 -4.46816e-10 0)
(8.58069e-12 -5.69235e-10 0)
(-5.65245e-11 -1.08475e-09 0)
(-1.62942e-11 -4.984e-10 0)
(-2.9207e-11 -4.71753e-10 0)
(-7.12404e-12 -5.016e-10 0)
(-7.40754e-12 -4.90029e-10 0)
(1.68067e-12 -4.89771e-10 0)
(1.1799e-11 -5.74919e-10 0)
(0 0 0)
(6.63013e-12 -5.32147e-10 0)
(2.47892e-12 -5.09213e-10 0)
(2.22373e-11 -4.93087e-10 0)
(4.02425e-12 -5.50554e-10 0)
(2.81679e-11 -5.12525e-10 0)
(1.37301e-11 -4.91882e-10 0)
(1.3965e-11 -5.17256e-10 0)
(-3.69724e-12 -5.11807e-10 0)
(-1.55867e-11 -5.15465e-10 0)
(-1.65234e-11 -5.18092e-10 0)
(0 0 0)
(6.21821e-11 -6.21022e-10 0)
(-3.34699e-11 -1.88344e-10 0)
(-1.09439e-10 -8.70096e-10 0)
(-1.79579e-11 -1.18248e-09 0)
(1.0029e-11 -4.86447e-10 0)
(1.33461e-11 -5.06348e-10 0)
(9.12107e-12 -5.26325e-10 0)
(0 0 0)
(1.47514e-11 -5.32793e-10 0)
(-2.06975e-11 -5.60144e-10 0)
(0 0 0)
(-3.14957e-11 -1.36983e-09 0)
(9.29859e-11 -6.14456e-10 0)
(4.02741e-11 -6.43351e-10 0)
(0 0 0)
(8.49018e-11 -1.1283e-09 0)
(1.87442e-11 -4.50363e-10 0)
(6.16178e-12 -4.7607e-10 0)
(2.31269e-11 -1.04826e-09 0)
(4.34168e-12 -4.28965e-10 0)
(9.94786e-13 -1.71641e-09 0)
(2.87291e-11 -4.58419e-10 0)
(6.37013e-12 -4.76937e-10 0)
(3.87123e-15 -5.1494e-10 0)
(-1.661e-12 -5.24393e-10 0)
(4.95499e-12 -5.24814e-10 0)
(7.62186e-12 -5.20143e-10 0)
(-1.61547e-11 -4.84e-10 0)
(-5.15468e-11 -5.83244e-10 0)
(-2.86505e-11 -7.13174e-10 0)
(8.82014e-12 -5.98134e-10 0)
(0 0 0)
(1.33104e-11 -1.02283e-09 0)
(5.378e-11 -5.38479e-10 0)
(-6.98633e-11 -5.58844e-10 0)
(-3.5159e-11 -4.39338e-10 0)
(-9.06644e-11 -1.17277e-09 0)
(-2.74413e-11 -6.96017e-10 0)
(0 0 0)
(0 0 0)
(-9.0577e-12 -4.47548e-10 0)
(0 0 0)
(-1.80369e-11 -1.58397e-09 0)
(1.68075e-11 -2.45137e-10 0)
(1.06907e-11 -1.51307e-10 0)
(5.34008e-12 -4.49519e-10 0)
(-2.71607e-12 -4.69667e-10 0)
(0 0 0)
(-1.12221e-11 -4.40959e-10 0)
(0 0 0)
(-8.46608e-11 -7.82195e-10 0)
(2.31482e-11 -1.10021e-09 0)
(-3.60374e-09 1.02799e-08 0)
(7.90387e-11 4.9214e-11 0)
(-1.72937e-10 -9.41711e-10 0)
(-1.01213e-11 -5.39818e-10 0)
(-1.12469e-11 -1.11436e-09 0)
(-2.2621e-11 -4.81732e-10 0)
(-3.09837e-11 -5.55817e-10 0)
(-2.50715e-11 -5.41771e-10 0)
(-9.66371e-12 -5.17405e-10 0)
(1.06506e-11 -1.06863e-09 0)
(-1.14766e-11 -4.63719e-10 0)
(1.70697e-11 -4.72433e-10 0)
(2.94162e-11 -1.22849e-09 0)
(0 0 0)
(1.29096e-11 -4.75123e-10 0)
(2.23779e-11 -4.73298e-10 0)
(1.08247e-11 -4.72235e-10 0)
(-2.51245e-12 -4.85538e-10 0)
(2.58777e-11 -1.17812e-09 0)
(9.90337e-13 -5.10525e-10 0)
(0 0 0)
(-5.49832e-11 -5.34774e-10 0)
(-5.0212e-11 -4.52973e-10 0)
(-9.44186e-11 -1.61865e-09 0)
(0 0 0)
(-2.60898e-12 -5.31538e-10 0)
(0 0 0)
(3.22645e-12 -5.13991e-10 0)
(1.28589e-11 -5.26743e-10 0)
(0 0 0)
(2.07772e-11 -5.45171e-10 0)
(0 0 0)
(-1.05416e-11 -5.67501e-10 0)
(6.03099e-12 -5.46407e-10 0)
(-4.02234e-12 -5.21966e-10 0)
(-2.25128e-11 -5.20759e-10 0)
(0 0 0)
(1.38041e-10 -1.42799e-09 0)
(4.91932e-11 -5.30325e-10 0)
(2.88145e-11 -1.18963e-09 0)
(6.89522e-12 -4.50487e-10 0)
(-1.48846e-11 -4.63728e-10 0)
(-2.37226e-11 -4.97483e-10 0)
(-1.10176e-11 -4.76167e-10 0)
(8.27367e-12 -1.08998e-09 0)
(8.18757e-12 -4.86161e-10 0)
(1.18232e-11 -5.06158e-10 0)
(1.13186e-12 -5.11092e-10 0)
(1.64554e-11 -5.19501e-10 0)
(4.08341e-11 -5.49644e-10 0)
(-1.36707e-12 -2.82098e-11 0)
(-2.76044e-11 -5.31063e-10 0)
(-1.00718e-10 -5.94806e-10 0)
(-2.49078e-11 -5.90641e-10 0)
(-1.18343e-12 -5.22106e-10 0)
(0 0 0)
(-9.03826e-11 -2.371e-09 0)
(-3.36719e-11 -5.41877e-10 0)
(-3.20964e-11 -3.99094e-10 0)
(-6.72308e-11 -5.00089e-10 0)
(-3.53103e-11 -6.45133e-10 0)
(3.13763e-11 -5.55329e-10 0)
(1.50459e-11 -4.93541e-10 0)
(0 0 0)
(2.50577e-12 -4.76263e-10 0)
(-5.45373e-11 -5.59363e-10 0)
(3.95372e-11 -5.84127e-10 0)
(0 0 0)
(1.99528e-11 -5.13897e-10 0)
(-1.57414e-11 -4.93824e-10 0)
(-5.39532e-11 -1.13757e-09 0)
(-1.92618e-11 -4.5737e-10 0)
(-2.26465e-11 -4.94727e-10 0)
(-1.91112e-11 -5.37595e-10 0)
(-4.47564e-12 -5.28731e-10 0)
(-1.23307e-08 4.30633e-09 0)
(1.66401e-10 1.29929e-10 0)
(1.41586e-11 4.37693e-11 0)
(4.56452e-11 -5.61429e-10 0)
(1.45678e-11 -5.65371e-10 0)
(4.05393e-12 -5.98078e-10 0)
(0 0 0)
(0 0 0)
(-1.97346e-11 -5.18825e-10 0)
(-1.63252e-11 -5.19482e-10 0)
(-1.35581e-11 -5.33972e-10 0)
(6.93833e-13 -5.26176e-10 0)
(5.81972e-12 -5.34559e-10 0)
(1.56843e-11 -5.13452e-10 0)
(5.88051e-11 -1.07542e-09 0)
(6.86203e-11 -1.10565e-09 0)
(-1.34141e-11 -4.6586e-10 0)
(5.76678e-12 -1.043e-09 0)
(-1.82546e-11 -4.72529e-10 0)
(4.40914e-11 -1.00156e-09 0)
(4.79541e-11 -1.30239e-09 0)
(-8.21899e-11 -4.93072e-10 0)
(-5.71351e-11 -5.03412e-10 0)
(0 0 0)
(3.20119e-11 -6.53418e-10 0)
(1.79698e-11 -5.66325e-10 0)
(0 0 0)
(9.28279e-12 -5.20874e-10 0)
(0 0 0)
(2.04509e-11 -5.23563e-10 0)
(2.25038e-11 -5.5026e-10 0)
(3.17009e-11 -5.62469e-10 0)
(-7.01555e-12 -5.48033e-10 0)
(-2.7315e-11 -5.79192e-10 0)
(1.88728e-11 -1.0274e-09 0)
(-6.11157e-12 -5.01495e-10 0)
(-8.89936e-13 -5.39671e-10 0)
(1.51758e-11 -5.69686e-10 0)
(1.26313e-11 -5.56885e-10 0)
(-3.01159e-11 -5.18623e-10 0)
(-2.47161e-11 -5.01377e-10 0)
(-3.27941e-11 -5.24613e-10 0)
(0 0 0)
(-2.68344e-11 -5.28876e-10 0)
(-3.8504e-11 -1.21209e-09 0)
(-1.16089e-11 -4.53259e-10 0)
(-1.91795e-12 -4.86352e-10 0)
(3.00554e-12 -4.95049e-10 0)
(7.27088e-12 -4.86313e-10 0)
(3.28314e-11 -4.78993e-10 0)
(5.11092e-11 -5.90453e-10 0)
(-5.44929e-11 -6.67804e-10 0)
(0 0 0)
(-3.35802e-11 -5.34369e-10 0)
(-1.65622e-11 -5.35337e-10 0)
(0 0 0)
(-5.68305e-11 -5.83923e-10 0)
(8.5939e-12 -1.40951e-09 0)
(-1.49009e-11 -4.54384e-10 0)
(0 0 0)
(-3.38324e-11 -5.67891e-10 0)
(1.5597e-11 -5.52895e-10 0)
(0 0 0)
(-5.53477e-13 -5.38234e-10 0)
(-1.84214e-11 -1.1529e-09 0)
(-1.86802e-11 -5.12879e-10 0)
(2.48428e-12 -5.12851e-10 0)
(3.73788e-11 -5.49467e-10 0)
(6.66075e-12 -5.16835e-10 0)
(0 0 0)
(0 0 0)
(-2.74904e-11 -4.92907e-10 0)
(-2.07528e-11 -5.23263e-10 0)
(-5.40403e-11 -1.14102e-09 0)
(-2.6466e-11 -4.90851e-10 0)
(-4.22601e-09 1.17659e-08 0)
(1.22543e-10 1.57074e-10 0)
(2.17087e-10 -4.36215e-10 0)
(-7.06759e-12 -5.42139e-10 0)
(0 0 0)
(-1.79033e-11 -5.68861e-10 0)
(-1.75606e-11 -5.53077e-10 0)
(-2.09107e-11 -5.35106e-10 0)
(0 0 0)
(0 0 0)
(0 0 0)
(0 0 0)
(0 0 0)
(0 0 0)
(3.83674e-12 -5.26435e-10 0)
(-9.74239e-12 -5.34832e-10 0)
(-5.66796e-11 -1.09567e-09 0)
(-6.75435e-11 -1.14679e-09 0)
(-3.1637e-11 -4.31393e-10 0)
(-4.94182e-11 -4.84809e-10 0)
(-9.26373e-12 -1.52102e-09 0)
(-3.64422e-11 -5.53093e-10 0)
(-4.6055e-11 -4.61618e-10 0)
(-1.23615e-11 -6.15022e-10 0)
(0 0 0)
(4.89203e-11 -5.94947e-10 0)
(3.02682e-11 -5.57083e-10 0)
(2.90194e-11 -5.4804e-10 0)
(1.81225e-11 -5.25875e-10 0)
(2.15e-11 -5.10938e-10 0)
(3.12889e-11 -5.11864e-10 0)
(1.01731e-10 -1.3757e-09 0)
(-3.28517e-11 -5.54084e-10 0)
(-2.77283e-11 -5.32235e-10 0)
(5.19679e-11 -1.02915e-09 0)
(2.22916e-11 -4.776e-10 0)
(3.08185e-11 -5.03545e-10 0)
(5.06535e-11 -5.59804e-10 0)
(2.19276e-11 -5.96245e-10 0)
(-3.00888e-11 -5.305e-10 0)
(-2.76315e-11 -5.25126e-10 0)
(0 0 0)
(-3.57012e-11 -5.16501e-10 0)
(-1.67961e-11 -5.3854e-10 0)
(-1.43571e-11 -5.3393e-10 0)
(-1.07859e-11 -5.10229e-10 0)
(-9.08013e-12 -5.18011e-10 0)
(9.369e-12 -5.20515e-10 0)
(0 0 0)
(-3.58101e-11 -1.17568e-09 0)
(-7.45024e-12 -7.22138e-10 0)
(0 0 0)
(5.71469e-12 -5.35151e-10 0)
(0 0 0)
(-3.15111e-12 -5.27206e-10 0)
(0 0 0)
(-8.72102e-12 -6.06028e-10 0)
(2.51175e-11 -5.80162e-10 0)
(1.01412e-11 -5.48056e-10 0)
(-1.1981e-12 -2.13561e-11 0)
(-3.09672e-11 -1.15855e-09 0)
(-2.17673e-11 -1.11095e-09 0)
(-9.73052e-12 -4.53481e-10 0)
(-5.40563e-12 -5.14005e-10 0)
(-5.0621e-12 -1.14181e-09 0)
(6.77442e-12 -4.91212e-10 0)
(3.16283e-11 -4.91399e-10 0)
(1.92905e-11 -5.44713e-10 0)
(0 0 0)
(2.90662e-12 -5.11509e-10 0)
(-3.05792e-12 -5.32797e-10 0)
(-9.57519e-12 -5.11389e-10 0)
(-2.22667e-11 -1.12329e-09 0)
(-2.78601e-11 -4.69977e-10 0)
(-2.8146e-11 -5.065e-10 0)
(2.93141e-09 1.55186e-08 0)
(6.78284e-10 -7.24336e-10 0)
(2.16154e-10 -2.08382e-10 0)
(0 0 0)
(0 0 0)
(0 0 0)
(-4.8139e-11 -5.56003e-10 0)
(-1.38465e-10 -1.17668e-09 0)
(-1.86453e-11 -4.86935e-10 0)
(-1.64688e-12 -5.54177e-10 0)
(0 0 0)
(1.27613e-11 -5.18238e-10 0)
(3.62611e-11 -1.24537e-09 0)
(1.16352e-12 -2.98835e-11 0)
(4.28719e-11 -1.54077e-09 0)
(5.44852e-12 -5.14146e-10 0)
(-1.38188e-11 -5.33195e-10 0)
(-2.74728e-11 -5.31847e-10 0)
(-4.43273e-11 -5.61232e-10 0)
(0 0 0)
(-5.94049e-11 -6.10152e-10 0)
(2.59105e-11 -6.31921e-10 0)
(-1.24829e-12 -5.3241e-10 0)
(-1.72589e-14 -1.88693e-10 0)
(9.42842e-14 -2.46853e-10 0)
(2.92759e-11 -1.32211e-09 0)
(4.19081e-12 -5.05227e-10 0)
(-4.84995e-12 -4.94715e-10 0)
(-1.01484e-11 -4.98123e-10 0)
(-2.29876e-11 -1.14247e-09 0)
(1.04427e-11 -4.26567e-10 0)
(3.97285e-11 -1.46614e-09 0)
(2.4477e-11 -4.98279e-10 0)
(5.06121e-12 -3.43963e-10 0)
(6.56019e-11 -1.08998e-09 0)
(4.07244e-11 -4.21121e-10 0)
(5.2841e-11 -4.63037e-10 0)
(7.90482e-11 -5.83176e-10 0)
(1.28329e-12 -6.19002e-10 0)
(0 0 0)
(-3.2338e-11 -4.95801e-10 0)
(-2.58378e-11 -5.19418e-10 0)
(-2.71661e-11 -5.17819e-10 0)
(-4.50586e-12 -5.53173e-10 0)
(0 0 0)
(-4.56368e-12 -5.13966e-10 0)
(0 0 0)
(-1.31313e-11 -5.15072e-10 0)
(-2.68827e-11 -1.09987e-09 0)
(-4.59826e-11 -5.18383e-10 0)
(-5.4745e-11 -5.72671e-10 0)
(6.07249e-13 -6.13754e-10 0)
(3.29926e-11 -5.72408e-10 0)
(2.08055e-11 -5.45654e-10 0)
(-1.83517e-13 -5.36679e-10 0)
(-9.15615e-12 -5.39384e-10 0)
(-1.61885e-11 -5.57434e-10 0)
(-5.95944e-12 -1.24603e-09 0)
(-2.52206e-12 -5.60368e-10 0)
(-2.90527e-13 -1.10551e-11 0)
(-4.30518e-11 -2.01275e-09 0)
(1.20358e-11 -4.61735e-10 0)
(-1.37025e-11 -4.58594e-10 0)
(-6.9787e-12 -4.23581e-10 0)
(-9.10338e-12 -4.79718e-10 0)
(1.0558e-11 -5.13505e-10 0)
(2.13501e-11 -5.25996e-10 0)
(2.08064e-11 -5.4068e-10 0)
(1.84508e-11 -5.39605e-10 0)
(-1.06297e-13 -5.06115e-10 0)
(-1.63813e-11 -5.40477e-10 0)
(0 0 0)
(-1.07299e-11 -5.09826e-10 0)
(-9.02922e-12 -5.45219e-10 0)
(0 0 0)
(6.62432e-09 3.74597e-09 0)
(2.18218e-10 -5.1727e-10 0)
(2.06264e-11 -4.70735e-10 0)
(1.23809e-11 -7.14269e-10 0)
(7.94995e-12 -1.00706e-09 0)
(-1.3057e-12 -6.71353e-10 0)
(-7.50797e-11 -5.98605e-10 0)
(-5.18429e-11 -4.99435e-10 0)
(-1.45903e-11 -4.59809e-10 0)
(-1.05326e-11 -4.63537e-10 0)
(-1.59675e-11 -4.65931e-10 0)
(2.45994e-11 -9.98281e-10 0)
(7.86987e-12 -4.81521e-10 0)
(4.39153e-11 -1.04725e-09 0)
(6.87435e-12 -4.94726e-10 0)
(3.44895e-11 -1.25845e-09 0)
(0 0 0)
(-1.57198e-11 -5.58069e-10 0)
(-3.50309e-11 -5.47792e-10 0)
(0 0 0)
(-4.40861e-11 -5.61063e-10 0)
(-4.80929e-12 -5.80712e-10 0)
(2.68597e-11 -5.50807e-10 0)
(2.08492e-11 -5.56977e-10 0)
(1.46997e-11 -5.38617e-10 0)
(-1.39102e-12 -5.52591e-10 0)
(3.17548e-11 -1.22892e-09 0)
(1.4945e-12 -5.13171e-10 0)
(-5.48836e-11 -5.02834e-10 0)
(-4.85048e-11 -4.82629e-10 0)
(-2.55246e-11 -4.52488e-10 0)
(-1.0607e-10 -1.35589e-09 0)
(4.56981e-11 -5.08782e-10 0)
(1.70135e-11 -4.30437e-10 0)
(-1.02893e-11 -4.57823e-10 0)
(-5.1148e-14 -4.63106e-10 0)
(4.15887e-12 -4.33789e-10 0)
(6.2466e-11 -1.47318e-09 0)
(0 0 0)
(6.54291e-11 -5.8546e-10 0)
(-4.18312e-11 -5.51816e-10 0)
(-2.52854e-11 -4.89737e-10 0)
(0 0 0)
(-1.37754e-11 -5.13711e-10 0)
(-4.72637e-12 -5.27001e-10 0)
(-9.6614e-12 -5.19018e-10 0)
(0 0 0)
(0 0 0)
(-3.27855e-11 -5.11439e-10 0)
(-3.50591e-11 -5.61088e-10 0)
(-3.53721e-11 -5.97065e-10 0)
(-4.26724e-12 -5.80859e-10 0)
(4.58473e-11 -1.28406e-09 0)
(6.03455e-12 -5.0956e-10 0)
(-1.83659e-11 -5.20945e-10 0)
(-2.9206e-11 -5.34007e-10 0)
(-3.19478e-11 -5.22131e-10 0)
(-1.75245e-11 -5.12484e-10 0)
(1.21854e-11 -5.49196e-10 0)
(0 0 0)
(-2.09023e-11 -5.82751e-10 0)
(-2.05541e-11 -5.01949e-10 0)
(-2.34147e-11 -5.01173e-10 0)
(-4.90592e-12 -5.22277e-10 0)
(-1.18242e-11 -5.07105e-10 0)
(2.62217e-13 -2.40427e-10 0)
(1.38509e-11 -5.94268e-10 0)
(1.21144e-11 -5.19643e-10 0)
(2.42781e-11 -5.26038e-10 0)
(2.40163e-11 -5.07419e-10 0)
(-3.57015e-12 -5.25835e-10 0)
(-1.38876e-12 -5.233e-10 0)
(3.32172e-12 -5.24884e-10 0)
(-1.19268e-11 -5.01157e-10 0)
(0 0 0)
(4.87915e-09 1.58422e-08 0)
(7.81895e-11 -4.20848e-10 0)
(1.57297e-10 -2.9516e-10 0)
(-2.26941e-11 -1.26783e-09 0)
(-8.87809e-11 -5.30761e-10 0)
(-1.64464e-10 -1.62459e-09 0)
(-1.48383e-11 -5.72989e-10 0)
(-6.77801e-12 -2.07208e-10 0)
(-2.11312e-12 -6.3807e-11 0)
(-9.00081e-11 -9.69219e-10 0)
(1.31203e-11 -4.03739e-10 0)
(-1.18854e-11 -4.41406e-10 0)
(2.74424e-13 -4.76825e-10 0)
(1.62011e-11 -4.97594e-10 0)
(1.74583e-11 -5.24716e-10 0)
(1.54114e-11 -5.45781e-10 0)
(2.34524e-11 -8.69773e-10 0)
(-7.20746e-12 -2.44483e-10 0)
(-8.7426e-11 -1.20867e-09 0)
(-2.75068e-11 -4.54055e-10 0)
(-1.52017e-11 -5.59708e-10 0)
(0 0 0)
(1.37582e-11 -5.15784e-10 0)
(2.49205e-11 -5.4237e-10 0)
(6.95833e-11 -5.55493e-10 0)
(-2.55334e-11 -6.23453e-10 0)
(-6.56582e-12 -5.28899e-10 0)
(4.01402e-11 -5.83722e-10 0)
(-3.00056e-11 -5.94347e-10 0)
(0 0 0)
(-2.07303e-11 -4.53784e-10 0)
(0 0 0)
(-1.05845e-11 -5.15264e-10 0)
(-1.65788e-11 -5.04558e-10 0)
(-2.85035e-11 -4.95248e-10 0)
(-2.72465e-11 -4.92957e-10 0)
(-6.45111e-11 -1.15568e-09 0)
(-1.705e-11 -5.04806e-10 0)
(6.7477e-11 -5.59154e-10 0)
(1.60336e-10 -1.5236e-09 0)
(0 0 0)
(-2.53948e-12 -4.62344e-10 0)
(0 0 0)
(-9.63999e-12 -5.08623e-10 0)
(2.79363e-12 -5.28015e-10 0)
(8.30396e-12 -5.06132e-10 0)
(1.94597e-11 -5.22097e-10 0)
(-8.56342e-13 -5.24575e-10 0)
(-2.28148e-11 -5.42105e-10 0)
(-3.56965e-11 -5.87032e-10 0)
(-3.03276e-11 -5.7767e-10 0)
(-1.00792e-11 -5.37616e-10 0)
(1.44397e-12 -5.63157e-10 0)
(6.56475e-12 -5.95543e-10 0)
(-8.25607e-11 -9.88355e-10 0)
(-5.76404e-11 -7.44259e-10 0)
(-1.35936e-11 -5.12481e-10 0)
(0 0 0)
(1.60587e-11 -5.09249e-10 0)
(0 0 0)
(-3.78254e-11 -5.97587e-10 0)
(-3.75282e-11 -5.13268e-10 0)
(-2.0141e-11 -5.12692e-10 0)
(-1.08135e-11 -5.04056e-10 0)
(-9.02601e-12 -5.24666e-10 0)
(4.54327e-12 -5.00752e-10 0)
(1.90396e-12 -4.959e-10 0)
(1.28385e-11 -5.30726e-10 0)
(1.15076e-11 -5.27317e-10 0)
(9.92676e-12 -5.20969e-10 0)
(2.0904e-12 -5.42492e-10 0)
(1.48888e-11 -5.27715e-10 0)
(2.42314e-11 -1.20088e-09 0)
(5.05293e-12 -4.66277e-10 0)
(-1.8591e-13 -4.98449e-10 0)
(1.35154e-09 1.4438e-08 0)
(3.05339e-10 -1.47208e-09 0)
(2.01375e-11 -7.24825e-10 0)
(-2.85465e-11 -6.44111e-10 0)
(-1.07404e-10 -6.2989e-10 0)
(-5.63526e-11 -5.73358e-10 0)
(3.70549e-11 -5.5418e-10 0)
(0 0 0)
(-3.18692e-11 -1.11887e-09 0)
(-2.38535e-11 -3.64527e-10 0)
(-6.90975e-12 -3.53801e-10 0)
(2.88625e-11 -9.10422e-10 0)
(3.63071e-11 -3.85842e-10 0)
(0 0 0)
(3.08795e-11 -5.21125e-10 0)
(0 0 0)
(7.40816e-11 -1.3593e-09 0)
(-1.41529e-10 -1.31865e-09 0)
(-3.25681e-11 -4.75479e-10 0)
(-2.50785e-11 -4.97506e-10 0)
(-3.80482e-11 -4.7055e-10 0)
(-2.77527e-12 -4.74238e-10 0)
(-5.16224e-11 -1.06954e-09 0)
(2.27202e-11 -4.23577e-10 0)
(4.32969e-12 -5.64424e-10 0)
(3.37248e-11 -5.11083e-10 0)
(0 0 0)
(2.55967e-11 -1.48081e-09 0)
(3.59163e-11 -6.03883e-10 0)
(0 0 0)
(1.94528e-11 -4.60244e-10 0)
(-1.47669e-11 -5.44325e-10 0)
(0 0 0)
(-2.89406e-11 -4.65413e-10 0)
(-2.52052e-11 -4.72827e-10 0)
(-2.25825e-11 -4.70687e-10 0)
(-2.38004e-11 -5.2338e-10 0)
(-2.382e-11 -5.98286e-10 0)
(0 0 0)
(1.16551e-11 -1.39745e-09 0)
(8.30365e-11 -6.21652e-10 0)
(6.29992e-11 -5.33077e-10 0)
(3.58641e-11 -5.10171e-10 0)
(4.55526e-12 -5.20454e-10 0)
(9.66074e-12 -5.12757e-10 0)
(-3.34606e-12 -4.63484e-10 0)
(1.91927e-11 -5.09008e-10 0)
(0 0 0)
(-9.75478e-12 -5.67787e-10 0)
(0 0 0)
(-6.74404e-11 -5.52835e-10 0)
(-3.7088e-11 -5.19301e-10 0)
(-2.19439e-11 -5.1995e-10 0)
(7.42208e-12 -1.0437e-09 0)
(-1.0606e-10 -9.60352e-10 0)
(-4.75224e-11 -4.66449e-10 0)
(-4.43697e-11 -4.42989e-10 0)
(-5.34769e-13 -4.43806e-10 0)
(-1.47344e-11 -4.56464e-10 0)
(8.19716e-11 -1.5875e-09 0)
(7.0403e-12 -5.72945e-10 0)
(0 0 0)
(5.43364e-12 -4.90944e-10 0)
(7.63169e-12 -4.86995e-10 0)
(-3.49376e-12 -5.03535e-10 0)
(-3.86256e-11 -4.37734e-10 0)
(0 0 0)
(2.09941e-11 -1.10574e-09 0)
(-1.60576e-11 -4.61046e-10 0)
(-3.78467e-12 -5.52365e-10 0)
(-2.16141e-12 -5.20641e-10 0)
(3.02982e-11 -1.07804e-09 0)
(-2.12062e-11 -4.46229e-10 0)
(5.32937e-11 -1.06895e-09 0)
(-6.60842e-12 -1.10785e-09 0)
(-1.26983e-08 7.57812e-09 0)
(1.53492e-10 -1.70316e-10 0)
(-2.32128e-10 -8.14668e-10 0)
(-1.56688e-11 -7.54528e-10 0)
(0 0 0)
(0 0 0)
(1.64797e-12 -5.38782e-10 0)
(1.15935e-11 -5.43924e-10 0)
(-6.00007e-12 -5.14017e-10 0)
(1.8661e-11 -9.43124e-10 0)
(0 0 0)
(0 0 0)
(2.5379e-11 -4.29416e-10 0)
(4.95623e-11 -4.77321e-10 0)
(5.99822e-11 -4.58402e-10 0)
(2.14843e-11 -5.63036e-10 0)
(-5.86302e-11 -1.78607e-09 0)
(0 0 0)
(1.72922e-11 -5.04343e-10 0)
(-7.10111e-13 -4.75128e-10 0)
(-8.22627e-12 -5.16446e-10 0)
(-1.19348e-12 -5.50908e-10 0)
(-1.96819e-11 -5.21457e-10 0)
(-7.26617e-12 -3.88641e-10 0)
(-3.80456e-11 -1.93412e-09 0)
(7.37484e-11 -5.13292e-10 0)
(2.53716e-11 -5.05544e-10 0)
(0 0 0)
(0 0 0)
(4.79377e-11 -5.24941e-10 0)
(-1.38079e-11 -4.80328e-10 0)
(-4.83718e-12 -5.75442e-10 0)
(-1.66455e-11 -1.18924e-09 0)
(-1.45114e-12 -4.39109e-10 0)
(4.18958e-12 -4.1958e-10 0)
(-2.34586e-11 -4.22981e-10 0)
(0 0 0)
(0 0 0)
(0 0 0)
(1.99053e-11 -5.6485e-10 0)
(6.03786e-11 -5.45554e-10 0)
(5.22353e-11 -4.98596e-10 0)
(1.46634e-10 -1.91633e-09 0)
(9.95184e-12 -4.15978e-10 0)
(-2.89785e-12 -4.21014e-10 0)
(-1.44334e-11 -9.15929e-10 0)
(6.64235e-12 -4.19897e-10 0)
(4.59308e-11 -5.55897e-10 0)
(-2.407e-11 -5.62086e-10 0)
(-6.26327e-11 -5.61551e-10 0)
(0 0 0)
(0 0 0)
(-4.1063e-11 -5.72472e-10 0)
(-5.35398e-12 -7.68615e-10 0)
(-2.11808e-13 -1.73151e-10 0)
(-1.38444e-11 -9.35124e-10 0)
(-1.17216e-11 -4.76445e-10 0)
(-4.1879e-12 -4.94227e-10 0)
(-1.47266e-11 -5.0946e-10 0)
(1.35178e-11 -5.83248e-10 0)
(7.26805e-11 -5.92596e-10 0)
(8.45019e-12 -1.65533e-10 0)
(1.24962e-11 -2.41329e-10 0)
(0 0 0)
(2.74466e-11 -1.88037e-09 0)
(0 0 0)
(0 0 0)
(2.3943e-11 -5.20416e-10 0)
(2.95102e-11 -5.04652e-10 0)
(1.08674e-11 -1.28267e-09 0)
(2.80614e-12 -4.95251e-10 0)
(2.29421e-12 -5.04257e-10 0)
(0 0 0)
(4.05617e-12 -5.18901e-10 0)
(-1.36197e-11 -8.45225e-10 0)
(-2.06028e-08 2.30761e-09 0)
(-5.28105e-10 -1.06234e-09 0)
(-7.23565e-11 -4.00743e-11 0)
(0 0 0)
(0 0 0)
(2.04146e-11 -6.05897e-10 0)
(3.70511e-12 -5.5804e-10 0)
(3.89991e-12 -5.3186e-10 0)
(2.0822e-11 -7.43403e-10 0)
(1.59235e-11 -6.96959e-10 0)
(9.70039e-13 -7.95526e-10 0)
(7.48266e-12 -2.91899e-10 0)
(1.65284e-11 -3.8288e-10 0)
(4.92299e-11 -4.25629e-10 0)
(0 0 0)
(0 0 0)
(0 0 0)
(3.51429e-11 -6.87538e-10 0)
(1.90245e-11 -5.43331e-10 0)
(5.8583e-12 -4.94192e-10 0)
(8.72906e-12 -5.23566e-10 0)
(-3.38743e-12 -5.51195e-10 0)
(-6.83567e-12 -5.06069e-10 0)
(-2.3908e-11 -1.10408e-09 0)
(5.36927e-12 -4.40327e-10 0)
(9.72967e-12 -5.02269e-10 0)
(9.44551e-12 -5.5353e-10 0)
(1.48303e-11 -1.25571e-09 0)
(9.47469e-11 -1.28914e-09 0)
(3.95892e-11 -5.02591e-10 0)
(-1.0524e-11 -5.11095e-10 0)
(2.97877e-12 -5.6687e-10 0)
(0 0 0)
(2.73529e-11 -4.77837e-10 0)
(-1.05825e-11 -3.88485e-10 0)
(-7.6507e-12 -4.78116e-10 0)
(0 0 0)
(0 0 0)
(0 0 0)
(1.39675e-11 -5.70728e-10 0)
(1.09801e-10 -1.21253e-09 0)
(5.41199e-11 -5.05579e-10 0)
(0 0 0)
(-7.92912e-11 -6.21978e-10 0)
(-4.95934e-11 -4.59016e-10 0)
(-1.05007e-11 -4.64863e-10 0)
(1.09871e-11 -4.11176e-10 0)
(8.91203e-11 -1.79728e-09 0)
(6.17609e-11 -1.47527e-09 0)
(-3.72555e-11 -5.6274e-10 0)
(0 0 0)
(-3.25493e-11 -4.83928e-10 0)
(0 0 0)
(-7.27506e-11 -6.77954e-10 0)
(0 0 0)
(1.67269e-11 -5.73173e-10 0)
(0 0 0)
(5.7202e-12 -4.33166e-10 0)
(6.53594e-11 -9.72469e-10 0)
(7.25915e-12 -5.01845e-10 0)
(9.42853e-11 -1.26678e-09 0)
(2.19299e-11 -5.58442e-10 0)
(1.72988e-11 -5.45828e-10 0)
(1.65241e-11 -5.53859e-10 0)
(-1.13588e-11 -5.43269e-10 0)
(-9.15505e-12 -5.21417e-10 0)
(-6.37974e-12 -1.15053e-09 0)
(2.98865e-11 -1.08515e-09 0)
(1.07522e-11 -5.04015e-10 0)
(1.11271e-11 -5.23329e-10 0)
(8.58406e-12 -4.954e-10 0)
(0 0 0)
(-3.3036e-12 -5.30036e-10 0)
(0 0 0)
(0 0 0)
(-8.29563e-09 1.21086e-08 0)
(-1.28822e-10 -5.30447e-10 0)
(-7.71096e-12 -3.90545e-10 0)
(-2.57781e-12 -5.53982e-10 0)
(2.66572e-11 -5.4099e-10 0)
(3.05421e-13 -6.0512e-10 0)
(-4.65228e-13 -5.7293e-10 0)
(-9.62138e-12 -1.12139e-09 0)
(-2.13544e-11 -4.56851e-10 0)
(0 0 0)
(-3.33177e-14 -9.16043e-10 0)
(1.0341e-11 -4.2983e-10 0)
(3.3632e-11 -3.98226e-10 0)
(2.56594e-11 -4.15563e-10 0)
(6.00222e-11 -1.62658e-09 0)
(-1.05794e-10 -6.52704e-10 0)
(-2.97664e-11 -5.2335e-10 0)
(2.13289e-11 -5.12154e-10 0)
(1.17811e-11 -4.89758e-10 0)
(7.85962e-12 -4.87401e-10 0)
(4.21837e-12 -4.97824e-10 0)
(-1.12618e-11 -7.08039e-10 0)
(-8.31227e-12 -7.86207e-10 0)
(-1.2992e-11 -4.65933e-10 0)
(1.28671e-11 -4.98692e-10 0)
(-6.23652e-12 -5.25508e-10 0)
(-2.96882e-11 -5.36161e-10 0)
(-5.45721e-12 -5.19317e-10 0)
(0 0 0)
(6.4722e-12 -4.69362e-10 0)
(0 0 0)
(9.55869e-12 -1.14858e-09 0)
(1.54228e-11 -5.06784e-10 0)
(0 0 0)
(3.02352e-11 -5.57947e-10 0)
(-2.25046e-12 -5.25613e-10 0)
(-4.49312e-12 -5.19043e-10 0)
(0 0 0)
(8.46829e-13 -4.7477e-10 0)
(1.24703e-11 -5.54231e-10 0)
(1.72958e-11 -4.97584e-10 0)
(4.24355e-11 -4.74894e-10 0)
(1.40719e-10 -1.68863e-09 0)
(-3.92623e-11 -5.79351e-10 0)
(-3.86734e-11 -9.22937e-10 0)
(-1.6683e-11 -4.46385e-10 0)
(-1.71283e-11 -4.82532e-10 0)
(-3.69687e-11 -4.9703e-10 0)
(0 0 0)
(1.84533e-11 -6.77851e-10 0)
(-1.02495e-11 -5.19202e-10 0)
(0 0 0)
(-2.52394e-11 -5.23402e-10 0)
(-3.90884e-11 -6.14614e-10 0)
(8.85639e-12 -6.46948e-10 0)
(0 0 0)
(-1.54334e-11 -5.23017e-10 0)
(-1.53815e-11 -1.02169e-09 0)
(-3.27373e-12 -4.11643e-10 0)
(-4.35357e-12 -4.53783e-10 0)
(9.22458e-12 -9.98947e-10 0)
(-5.92299e-12 -4.92533e-10 0)
(-8.49827e-12 -5.14548e-10 0)
(-8.05583e-12 -5.29666e-10 0)
(-1.18271e-11 -5.22643e-10 0)
(-3.13897e-11 -5.20996e-10 0)
(2.15955e-13 -4.63634e-10 0)
(-2.1443e-12 -4.55462e-10 0)
(3.79003e-12 -4.94377e-10 0)
(-5.84508e-12 -5.29099e-10 0)
(0 0 0)
(1.40533e-11 -4.63999e-10 0)
(-6.99972e-12 -5.2622e-10 0)
(7.18609e-12 -5.22786e-10 0)
(1.20347e-11 -5.23267e-10 0)
)
;


// ************************************************************************* //
