/*--------------------------------*- C++ -*----------------------------------*\
  =========                 |
  \\      /  F ield         | OpenFOAM: The Open Source CFD Toolbox
   \\    /   O peration     | Website:  https://openfoam.org
    \\  /    A nd           | Version:  12
     \\/     M anipulation  |
\*---------------------------------------------------------------------------*/
FoamFile
{
    format      ascii;
    class       vectorField;
    location    "0.3/lagrangian/cloud";
    object      U;
}
// * * * * * * * * * * * * * * * * * * * * * * * * * * * * * * * * * * * * * //


3039
(
(0.00054821 -0.0280682 0)
(0.000926092 -0.0289879 0)
(0.000841719 -0.0296421 0)
(-0.000902213 -0.0311836 0)
(-0.000103812 -0.0320285 0)
(7.5197e-05 -0.0318485 0)
(-0.000258331 -0.0316078 0)
(-0.000575297 -0.0311234 0)
(-0.000317081 -0.0348331 0)
(6.84207e-05 -0.0331475 0)
(0.000524524 -0.0316767 0)
(0.000611165 -0.0303805 0)
(0.000588408 -0.0293221 0)
(0.000225475 -0.0290867 0)
(0.0003501 -0.024502 0)
(-0.00275353 -0.025217 0)
(0.000326739 -0.0271369 0)
(-0.00158017 -0.0286852 0)
(0.00239743 -0.0315826 0)
(0.000416795 -0.0313709 0)
(0.000150192 -0.0315117 0)
(-0.000487248 -0.0294144 0)
(0.000398251 -0.0297717 0)
(0.000340803 -0.0308767 0)
(-0.000535358 -0.0332094 0)
(7.64694e-05 -0.0331103 0)
(-0.000973263 -0.0321974 0)
(-0.002464 -0.0323304 0)
(0.00190405 -0.0354167 0)
(0.00180934 -0.0357471 0)
(0.00192515 -0.0378696 0)
(0.000971035 -0.0376264 0)
(0.000369437 -0.0358775 0)
(-0.000819406 -0.0373154 0)
(-0.00112352 -0.0366131 0)
(-0.00158034 -0.0350214 0)
(-0.000305404 -0.0318897 0)
(-0.000211951 -0.0325022 0)
(2.88745e-05 -0.0336701 0)
(-0.00080959 -0.0349782 0)
(0.000518019 -0.0349216 0)
(0.000774068 -0.0354474 0)
(0.000950685 -0.0380213 0)
(-0.000282784 -0.0398093 0)
(0.000404602 -0.0339122 0)
(-0.000294798 -0.0337025 0)
(2.16093e-05 -0.0339475 0)
(-0.000442177 -0.0361854 0)
(-0.000412957 -0.0317061 0)
(0.00287046 -0.0350503 0)
(0.00256921 -0.035364 0)
(-0.00271047 -0.0336326 0)
(-0.00118216 -0.0387701 0)
(-7.45411e-05 -0.0375756 0)
(-0.000585477 -0.034611 0)
(-0.00124748 -0.0329769 0)
(0.000537921 -0.0365613 0)
(-0.000833148 -0.0349511 0)
(-0.00202497 -0.0354652 0)
(-0.000311932 -0.035948 0)
(-2.65694e-05 -0.0384192 0)
(-0.000459852 -0.0357312 0)
(0.000315865 -0.035412 0)
(0.000246107 -0.0362698 0)
(0.000437823 -0.0346905 0)
(0.00297729 -0.0371038 0)
(0.00262545 -0.0364515 0)
(-8.02258e-06 -0.0438822 0)
(0.00152764 -0.042439 0)
(0.000736749 -0.0354794 0)
(-0.000331758 -0.0374087 0)
(-0.000341051 -0.0326375 0)
(0.00110214 -0.036226 0)
(0.000874279 -0.0426376 0)
(-0.000574167 -0.0457415 0)
(0.00189411 -0.0454168 0)
(0.00123863 -0.0444291 0)
(0.000590707 -0.0433176 0)
(-0.000792595 -0.0422997 0)
(0.00158537 -0.0414117 0)
(0.0017876 -0.0401276 0)
(0.00051334 -0.0415135 0)
(-0.000259996 -0.0410518 0)
(0.000198672 -0.040263 0)
(0.000195918 -0.0390827 0)
(-0.000607083 -0.0419577 0)
(0.00132396 -0.036062 0)
(0.000634944 -0.0373397 0)
(9.1328e-05 -0.0360509 0)
(-0.000458974 -0.0379047 0)
(-2.46372e-05 -0.0374177 0)
(0.000664008 -0.0430086 0)
(4.01525e-06 -0.0301349 0)
(-0.000347293 -0.0408127 0)
(0.000195909 -0.0448359 0)
(0.000190903 -0.0440665 0)
(0.00022358 -0.0443986 0)
(0.000458604 -0.0444148 0)
(-0.000852128 -0.0445279 0)
(-0.00350793 -0.0407061 0)
(-3.3046e-05 -0.0378129 0)
(-0.000274931 -0.0381148 0)
(-0.000847715 -0.0392481 0)
(0.000195014 -0.0396592 0)
(0.00121014 -0.0388433 0)
(0.00239608 -0.0454077 0)
(0.000868274 -0.0450875 0)
(-0.000146228 -0.0460636 0)
(-0.000125045 -0.0397506 0)
(-0.00093586 -0.0380782 0)
(-0.00135168 -0.0306606 0)
(-0.000556885 -0.0413862 0)
(-0.00022149 -0.0394468 0)
(-0.000179977 -0.0397517 0)
(-0.000861877 -0.0458837 0)
(-0.000473519 -0.0490914 0)
(-0.000376314 -0.0477667 0)
(-2.06136e-05 -0.0481749 0)
(0.00462006 -0.0477963 0)
(-0.000490078 -0.044329 0)
(-0.000746628 -0.041049 0)
(-0.000982742 -0.040431 0)
(-0.00119333 -0.0399493 0)
(-0.000483538 -0.0412437 0)
(-0.0012608 -0.0423824 0)
(0.00114977 -0.0440365 0)
(-0.00708141 -0.03805 0)
(-0.00237784 -0.0391556 0)
(0.00136088 -0.0429977 0)
(-0.000583282 -0.0481304 0)
(0.00194331 -0.044767 0)
(3.33684e-05 -0.0442356 0)
(-0.00048948 -0.0422086 0)
(0.000196147 -0.0422336 0)
(-0.000585106 -0.0487455 0)
(0.00137875 -0.0499654 0)
(0.00214434 -0.0500432 0)
(-0.00122045 -0.0485613 0)
(-0.000296185 -0.0520154 0)
(0.000727397 -0.0499672 0)
(-0.000172108 -0.0492045 0)
(0.000268504 -0.0517875 0)
(-1.45418e-05 -0.0531368 0)
(-0.000641255 -0.0544265 0)
(0.000175556 -0.0480508 0)
(-0.00113621 -0.0497046 0)
(-0.000899526 -0.0503236 0)
(0.000224436 -0.0471023 0)
(0.000148711 -0.0451147 0)
(0.00055943 -0.0449736 0)
(0.00349999 -0.0461985 0)
(0.000495173 -0.0501463 0)
(0.000558691 -0.0506144 0)
(0.00108686 -0.0507312 0)
(0.000900161 -0.0502292 0)
(0.00102929 -0.0497539 0)
(0.00140728 -0.0476869 0)
(-5.09422e-05 -0.0482149 0)
(0.000536121 -0.0491707 0)
(-0.00110326 -0.0454549 0)
(-0.000383706 -0.046683 0)
(-0.000282724 -0.0471915 0)
(-0.000680888 -0.0466185 0)
(-0.000440322 -0.0464879 0)
(-0.000159358 -0.0471923 0)
(-0.000415864 -0.0451023 0)
(0.00106257 -0.0473013 0)
(0.000355093 -0.0477661 0)
(8.74036e-05 -0.0494248 0)
(0.000428868 -0.0499425 0)
(0.00307439 -0.0481888 0)
(0.000393671 -0.0486587 0)
(-0.000217608 -0.0508623 0)
(-0.000355249 -0.0515384 0)
(-0.000436185 -0.0522781 0)
(0.00175655 -0.0510238 0)
(0.00153787 -0.0506221 0)
(0.000499211 -0.051674 0)
(0.000141621 -0.0526227 0)
(0.00151665 -0.0541336 0)
(5.69022e-05 -0.0530089 0)
(0.000446732 -0.0525892 0)
(-0.000378507 -0.0501485 0)
(-0.000411298 -0.0495854 0)
(-0.000328445 -0.0491539 0)
(0.000186423 -0.0453695 0)
(-2.16179e-05 -0.049532 0)
(-0.00039014 -0.0510382 0)
(-0.000608686 -0.0483062 0)
(0.000345558 -0.0494606 0)
(-0.000941979 -0.0530992 0)
(0.00167379 -0.0446059 0)
(-0.000128409 -0.0482163 0)
(-0.000137807 -0.0480805 0)
(-0.000789698 -0.0459467 0)
(0.00140711 -0.0494711 0)
(0.000699693 -0.0515852 0)
(-4.74125e-05 -0.0504059 0)
(0.0008738 -0.052238 0)
(0.000128816 -0.051526 0)
(-0.00194188 -0.0516577 0)
(-0.000639519 -0.0520661 0)
(0.00092463 -0.0531582 0)
(-0.000321056 -0.0532967 0)
(0.000113852 -0.0552355 0)
(-0.000953321 -0.0602145 0)
(-0.00181768 -0.0567652 0)
(-0.00112006 -0.0549891 0)
(-0.000373952 -0.0558807 0)
(-0.00023897 -0.0526244 0)
(-0.00067 -0.0513232 0)
(-0.00238257 -0.0520984 0)
(0.000232156 -0.0531153 0)
(0.0014271 -0.0534699 0)
(-0.000341601 -0.0505314 0)
(4.08138e-05 -0.0515323 0)
(-0.000277315 -0.051286 0)
(-0.000236713 -0.0476584 0)
(0.0036389 -0.0485145 0)
(0.00228526 -0.0486876 0)
(-0.000142341 -0.0496292 0)
(-0.000455277 -0.0490537 0)
(-0.000455144 -0.04902 0)
(5.82711e-06 -0.0487685 0)
(-0.000125984 -0.0464682 0)
(-0.00156382 -0.0465876 0)
(0.000172727 -0.0497777 0)
(0.000435423 -0.0482863 0)
(0.000787911 -0.0476602 0)
(0.000259757 -0.0509221 0)
(7.12619e-06 -0.0511194 0)
(0.000398332 -0.0516644 0)
(3.24347e-05 -0.0519412 0)
(-0.000226522 -0.0527038 0)
(0.00021966 -0.0524002 0)
(0.00390154 -0.0495014 0)
(0.00171018 -0.0542144 0)
(0.00101827 -0.0496218 0)
(-0.000113938 -0.0518596 0)
(0.000590613 -0.0536656 0)
(-0.00078442 -0.0522813 0)
(0.000447201 -0.0518464 0)
(-0.000117227 -0.0519631 0)
(0.000574984 -0.0522226 0)
(0.000366967 -0.052088 0)
(-0.000452815 -0.0516814 0)
(-0.000506555 -0.0497612 0)
(-0.000986386 -0.0476799 0)
(-0.00229732 -0.049133 0)
(9.54655e-05 -0.0501489 0)
(0.000629967 -0.0494904 0)
(0.00140077 -0.051045 0)
(0.000275395 -0.057607 0)
(0.000667338 -0.0548246 0)
(0.00077613 -0.0529343 0)
(-0.000230111 -0.0496326 0)
(-0.000412137 -0.0522104 0)
(-0.000827815 -0.0517128 0)
(0.000401896 -0.0532238 0)
(-4.59591e-05 -0.054495 0)
(-4.9929e-05 -0.0541163 0)
(0.000974978 -0.0572942 0)
(1.24201e-05 -0.054339 0)
(0.000508456 -0.0566607 0)
(0.000316445 -0.0587718 0)
(-0.00085757 -0.0587222 0)
(-0.00160667 -0.0570209 0)
(-7.57029e-05 -0.0553232 0)
(0.000308935 -0.0546844 0)
(0.000739377 -0.0541701 0)
(0.00086019 -0.0535218 0)
(-0.00031597 -0.0523283 0)
(0.000420509 -0.050247 0)
(0.000370746 -0.0525415 0)
(0.000346313 -0.0541575 0)
(-0.000768139 -0.0523404 0)
(-0.000431153 -0.051802 0)
(-0.000143738 -0.050536 0)
(-0.000399987 -0.0482721 0)
(-5.21905e-05 -0.0496149 0)
(5.70609e-05 -0.048178 0)
(-8.02478e-05 -0.0475843 0)
(4.70778e-05 -0.0489255 0)
(-0.001154 -0.0498209 0)
(-0.00115897 -0.0503935 0)
(-8.72255e-05 -0.0494828 0)
(0.000540642 -0.0487918 0)
(0.000601456 -0.0496364 0)
(0.000706715 -0.0512913 0)
(0.000162758 -0.0526759 0)
(0.00101979 -0.0542491 0)
(0.000289009 -0.0527761 0)
(0.00018586 -0.0521183 0)
(0.000475683 -0.0518965 0)
(-0.000143483 -0.0467457 0)
(0.000637119 -0.0498992 0)
(0.000219669 -0.0501768 0)
(0.000511591 -0.0488841 0)
(0.000374959 -0.0499184 0)
(3.08762e-05 -0.0493879 0)
(-9.72853e-05 -0.050065 0)
(-5.20872e-05 -0.0494236 0)
(0.000517106 -0.0485364 0)
(-0.00109173 -0.0501333 0)
(8.40075e-05 -0.0529139 0)
(0.00117922 -0.0498218 0)
(9.46283e-05 -0.0510719 0)
(-0.00100063 -0.0511303 0)
(-0.00114878 -0.0479498 0)
(-0.00196898 -0.0494578 0)
(0.00101171 -0.0510763 0)
(0.00126488 -0.0511797 0)
(3.94893e-05 -0.0569409 0)
(0.000473859 -0.0562715 0)
(-0.000181901 -0.0555453 0)
(-0.000180156 -0.0547811 0)
(0.000221894 -0.054118 0)
(0.001527 -0.0544364 0)
(0.0011429 -0.0545716 0)
(0.000438298 -0.0535538 0)
(0.00093261 -0.057901 0)
(0.000939874 -0.051728 0)
(0.000570904 -0.0546434 0)
(-0.000821484 -0.0574482 0)
(-0.00131523 -0.0569931 0)
(-0.00171295 -0.0568796 0)
(-0.0017068 -0.0564222 0)
(-0.000409981 -0.0556265 0)
(0.000434708 -0.0548847 0)
(0.00102001 -0.0534501 0)
(-0.000576896 -0.052549 0)
(-0.00106289 -0.0513017 0)
(0.000254674 -0.050837 0)
(-0.000387142 -0.0503236 0)
(-0.000314351 -0.0496943 0)
(0.000630822 -0.0496513 0)
(0.000800602 -0.0498909 0)
(0.000264378 -0.0498334 0)
(0.000207531 -0.0490636 0)
(0.000173848 -0.0501921 0)
(-0.000162771 -0.0504027 0)
(-0.000282627 -0.0501566 0)
(-0.000319469 -0.0507869 0)
(0.00111862 -0.0500198 0)
(-0.000176767 -0.0502017 0)
(0.000812814 -0.051149 0)
(0.00230057 -0.0511425 0)
(0.00311214 -0.0507172 0)
(0.00214453 -0.0506556 0)
(0.00100897 -0.0516559 0)
(0.000614071 -0.0520473 0)
(2.85393e-05 -0.0505571 0)
(-5.93763e-05 -0.0548542 0)
(-8.49979e-05 -0.052199 0)
(1.22669e-05 -0.0514642 0)
(-0.000158009 -0.0515639 0)
(-0.000165762 -0.0515344 0)
(-0.000394782 -0.0512273 0)
(-0.000134037 -0.051811 0)
(0.000680153 -0.0524643 0)
(-5.04629e-05 -0.0503968 0)
(-0.000175969 -0.0481765 0)
(-0.000503364 -0.0503209 0)
(-0.000156734 -0.0508035 0)
(-0.000366714 -0.0518534 0)
(2.09817e-05 -0.0501778 0)
(0.000449143 -0.0509648 0)
(-6.62351e-05 -0.0523939 0)
(0.00160812 -0.0538766 0)
(0.00311956 -0.0532888 0)
(0.000882747 -0.0505771 0)
(0.000287444 -0.0505519 0)
(-0.000133302 -0.0558128 0)
(-0.00036742 -0.0553285 0)
(-0.000276586 -0.0548689 0)
(-0.000231294 -0.0547494 0)
(0.000558953 -0.0542606 0)
(0.00103446 -0.055308 0)
(0.000146989 -0.0538647 0)
(0.00109636 -0.0541751 0)
(0.000739806 -0.0509739 0)
(-0.000232682 -0.0546234 0)
(-0.0004081 -0.0521716 0)
(-0.000354478 -0.0509635 0)
(-0.00153259 -0.0521915 0)
(-0.00102502 -0.0529306 0)
(-9.34941e-05 -0.0516708 0)
(-0.000129745 -0.0525496 0)
(-0.00115852 -0.0515505 0)
(-0.00139191 -0.051962 0)
(0.000545682 -0.0512918 0)
(-0.000198523 -0.0475415 0)
(-0.000771823 -0.0471794 0)
(-0.000700117 -0.0474085 0)
(-0.000200794 -0.0481078 0)
(-0.000298852 -0.0480187 0)
(0.000612952 -0.0500316 0)
(0.000436061 -0.0498225 0)
(0.000159725 -0.0462865 0)
(0.000561819 -0.0544973 0)
(0.00024178 -0.0558172 0)
(-0.00037787 -0.0564519 0)
(-0.00035508 -0.055143 0)
(0.000100039 -0.055122 0)
(0.000201927 -0.0546963 0)
(0.000437118 -0.0543861 0)
(0.00265923 -0.0540827 0)
(0.00289057 -0.052049 0)
(0.00251462 -0.0525272 0)
(0.000581834 -0.0542106 0)
(6.33621e-05 -0.0531651 0)
(-0.000384876 -0.0530303 0)
(0.0002054 -0.0530705 0)
(-0.000203767 -0.0531427 0)
(-0.000733424 -0.0538743 0)
(0.000127331 -0.0543702 0)
(0.00064979 -0.054758 0)
(0.000185908 -0.0552822 0)
(-0.00022212 -0.0549399 0)
(0.000265804 -0.0545647 0)
(0.000899011 -0.0509689 0)
(0.000323157 -0.0483237 0)
(-0.000340884 -0.0491037 0)
(-0.00123323 -0.0523719 0)
(-0.00093836 -0.0516309 0)
(-0.000360419 -0.0522418 0)
(-0.000218074 -0.0526628 0)
(-6.46907e-05 -0.050647 0)
(0.000968226 -0.0534679 0)
(0.000863489 -0.0516315 0)
(0.00276782 -0.0534855 0)
(0.0021791 -0.0514794 0)
(0.000202619 -0.0541773 0)
(-0.00027635 -0.0550951 0)
(-0.000123661 -0.0545195 0)
(0.00111164 -0.05438 0)
(0.00138102 -0.0543576 0)
(0.00281862 -0.0535584 0)
(0.000662117 -0.053849 0)
(0.000730886 -0.0529877 0)
(0.000466107 -0.0516838 0)
(6.17573e-05 -0.0511575 0)
(-0.00120838 -0.050391 0)
(-0.000567068 -0.0496129 0)
(-0.000490718 -0.0498871 0)
(-0.000752076 -0.0520981 0)
(-0.000497374 -0.0520377 0)
(-0.000830468 -0.0523322 0)
(-0.000718138 -0.0532177 0)
(-0.00111209 -0.0493935 0)
(-2.49244e-05 -0.0513329 0)
(0.000448102 -0.0519812 0)
(-0.00261273 -0.0515325 0)
(-0.00180076 -0.0511198 0)
(-0.000904019 -0.0486636 0)
(-0.0011961 -0.0498972 0)
(-0.00119762 -0.0517583 0)
(-0.00211581 -0.0511176 0)
(0.000295544 -0.05131 0)
(-0.00132582 -0.0538718 0)
(0.00130993 -0.0558022 0)
(0.0016129 -0.0572114 0)
(0.000303738 -0.0587457 0)
(-0.000159558 -0.0597402 0)
(-0.000210457 -0.0599274 0)
(0.000229558 -0.061172 0)
(-0.000759755 -0.0569355 0)
(-0.000466242 -0.0568075 0)
(0.00107196 -0.0550871 0)
(0.000447607 -0.0530965 0)
(0.000163025 -0.0541313 0)
(0.000486734 -0.0519681 0)
(8.58016e-05 -0.051278 0)
(0.000127973 -0.0519973 0)
(0.000798048 -0.0561029 0)
(0.00104557 -0.0540472 0)
(0.000212204 -0.0546329 0)
(-1.80829e-05 -0.0548542 0)
(0.000149649 -0.0577496 0)
(0.000326891 -0.0562966 0)
(0.000448923 -0.0554235 0)
(-0.000230971 -0.0544192 0)
(-0.000955889 -0.0516577 0)
(-0.000538865 -0.0498483 0)
(-0.000695496 -0.0497807 0)
(0.000177086 -0.0510585 0)
(-1.98146e-06 -0.0514682 0)
(-0.000534379 -0.0521758 0)
(0.000900056 -0.0505815 0)
(0.000583951 -0.0542328 0)
(0.000777694 -0.0546495 0)
(-0.000110031 -0.0534814 0)
(-0.000659372 -0.0530719 0)
(0.000203619 -0.0513642 0)
(0.000436861 -0.052204 0)
(-0.00127321 -0.0536559 0)
(0.00161678 -0.0535098 0)
(0.000130968 -0.0550453 0)
(0.000980954 -0.0525475 0)
(0.0015345 -0.0508906 0)
(-0.000609966 -0.0505199 0)
(0.000549863 -0.0517995 0)
(-0.000628716 -0.0488119 0)
(-0.000421674 -0.0480584 0)
(0.000284519 -0.0489462 0)
(0.000255724 -0.0518428 0)
(-0.000522721 -0.0524641 0)
(-0.000705243 -0.0523621 0)
(0.00179468 -0.0546594 0)
(0.0016133 -0.0565771 0)
(0.000728277 -0.053273 0)
(0.000292528 -0.0544776 0)
(-0.000625217 -0.0553919 0)
(-0.000162814 -0.0563887 0)
(-0.000336182 -0.0567917 0)
(-0.000499706 -0.0519555 0)
(-0.000309272 -0.053964 0)
(-0.00150012 -0.0552259 0)
(-8.43665e-05 -0.0579176 0)
(-0.00309419 -0.054455 0)
(0.000709288 -0.0560527 0)
(0.00123501 -0.0562726 0)
(0.00121416 -0.0600907 0)
(0.000641768 -0.0607088 0)
(5.28268e-05 -0.0620288 0)
(0.00283114 -0.0615754 0)
(0.000364809 -0.060745 0)
(-0.000989526 -0.0575445 0)
(-0.00104255 -0.0559285 0)
(0.000197139 -0.0545257 0)
(-0.000433196 -0.0550971 0)
(0.00110407 -0.0530631 0)
(0.000505606 -0.0516519 0)
(0.000212204 -0.0532946 0)
(-0.00039281 -0.0548887 0)
(-0.000897703 -0.0558381 0)
(-0.00144142 -0.0557034 0)
(-0.000342417 -0.0573087 0)
(-0.000674512 -0.0558976 0)
(-0.000473707 -0.0570504 0)
(0.000192543 -0.0561579 0)
(0.000417944 -0.0568547 0)
(0.000346626 -0.0552849 0)
(-0.000688136 -0.0538789 0)
(-0.00110808 -0.0530488 0)
(-0.00140425 -0.0521438 0)
(-0.000633223 -0.0521692 0)
(3.69805e-05 -0.0525364 0)
(0.00283325 -0.0524625 0)
(0.00141381 -0.0532011 0)
(-0.000748339 -0.0544604 0)
(-0.000152635 -0.0534007 0)
(-0.000451244 -0.0534475 0)
(-0.000790737 -0.0512103 0)
(-0.000437357 -0.0494027 0)
(0.000333863 -0.0515919 0)
(0.000745606 -0.0546178 0)
(0.00233318 -0.0521713 0)
(-0.000336698 -0.0544754 0)
(1.12438e-05 -0.0530585 0)
(-0.000252852 -0.0508116 0)
(-0.000878425 -0.0529351 0)
(-0.000346956 -0.0514853 0)
(-3.10028e-05 -0.0490164 0)
(-4.43991e-05 -0.0463714 0)
(-0.000311834 -0.0494 0)
(0.000412898 -0.0522163 0)
(-0.0022651 -0.054777 0)
(0.000217751 -0.0539944 0)
(5.08754e-05 -0.0522831 0)
(0.00164027 -0.0512271 0)
(0.000802695 -0.0537367 0)
(0.000837403 -0.0546713 0)
(0.000241925 -0.0545846 0)
(-0.000549177 -0.0555062 0)
(-0.00120402 -0.0594281 0)
(-0.000281118 -0.06085 0)
(-0.0006071 -0.0631302 0)
(0.000234812 -0.0611757 0)
(0.000729939 -0.063254 0)
(-0.000272705 -0.0582052 0)
(0.000181352 -0.0577467 0)
(0.000234065 -0.0588215 0)
(0.000147225 -0.0590585 0)
(0.00131296 -0.0583848 0)
(-0.000600798 -0.0611094 0)
(-1.87639e-05 -0.0613037 0)
(-0.00168262 -0.0579996 0)
(-0.000225997 -0.0557861 0)
(-0.00105964 -0.0555037 0)
(0.000484316 -0.0543313 0)
(0.000892935 -0.0532129 0)
(-0.000957593 -0.0543773 0)
(-0.00150638 -0.050134 0)
(-0.000944422 -0.0503177 0)
(-0.000633631 -0.0531333 0)
(-0.000291249 -0.0546674 0)
(0.000353018 -0.0557249 0)
(0.000731089 -0.0571777 0)
(-0.000289085 -0.057832 0)
(0.000954589 -0.0561136 0)
(-0.000816345 -0.0559492 0)
(-0.00103933 -0.0549906 0)
(-0.001003 -0.0542772 0)
(-0.00152824 -0.053393 0)
(-0.000140391 -0.0530959 0)
(0.00124635 -0.0526274 0)
(0.00158567 -0.0521838 0)
(0.00342444 -0.0507098 0)
(0.00163466 -0.0489392 0)
(0.000419485 -0.0513455 0)
(-8.86236e-05 -0.0526983 0)
(-3.36862e-05 -0.0497757 0)
(-0.000384521 -0.0524785 0)
(-0.000544816 -0.0526345 0)
(0.000529754 -0.0517221 0)
(0.000673545 -0.0530154 0)
(0.000841834 -0.0535018 0)
(0.00105165 -0.0541271 0)
(-0.000342864 -0.0523418 0)
(-0.00199781 -0.0523129 0)
(-0.00186251 -0.0513426 0)
(-0.00113182 -0.0501848 0)
(0.00129852 -0.0472562 0)
(-0.00069049 -0.048265 0)
(-0.00027283 -0.0492286 0)
(-0.00165571 -0.0510505 0)
(-0.000327667 -0.0509093 0)
(0.00113052 -0.0486493 0)
(0.0006582 -0.0488461 0)
(9.9307e-05 -0.0499367 0)
(8.86862e-05 -0.049204 0)
(-0.000500461 -0.0499798 0)
(-0.000411039 -0.0527508 0)
(0.000219141 -0.0555478 0)
(-0.000313209 -0.0579868 0)
(-0.000112717 -0.0591154 0)
(-0.000162899 -0.0590455 0)
(0.000141593 -0.06009 0)
(-0.000905281 -0.0620522 0)
(0.000631511 -0.0594345 0)
(0.000313735 -0.0571012 0)
(0.000111229 -0.0558074 0)
(0.00116781 -0.0573563 0)
(0.000503461 -0.0586437 0)
(-0.000418423 -0.0570604 0)
(-0.000570616 -0.0559041 0)
(-0.00201151 -0.0576947 0)
(-0.00126904 -0.0555169 0)
(-0.000455121 -0.0552224 0)
(-0.000529855 -0.0547673 0)
(0.000105197 -0.0538516 0)
(0.000549284 -0.0536008 0)
(0.00244626 -0.0526695 0)
(-0.00170758 -0.0522852 0)
(-0.00225485 -0.0507879 0)
(0.000401374 -0.050426 0)
(0.000760228 -0.0523587 0)
(0.000975074 -0.0532612 0)
(0.00123271 -0.0538797 0)
(-0.000854309 -0.0543491 0)
(-0.000788838 -0.0559273 0)
(-0.00137105 -0.0535141 0)
(0.000506542 -0.0531275 0)
(-0.0016709 -0.0532622 0)
(-0.00071988 -0.0530784 0)
(0.000310322 -0.0519702 0)
(0.000400991 -0.049244 0)
(0.00177133 -0.0478826 0)
(0.000272007 -0.0491443 0)
(-0.000616945 -0.0481343 0)
(-0.000910155 -0.0477161 0)
(-0.00128582 -0.0464765 0)
(0.00114304 -0.0531103 0)
(-0.00038012 -0.0547147 0)
(4.80006e-05 -0.0547159 0)
(0.000842205 -0.0548354 0)
(0.000153971 -0.0536632 0)
(0.000198994 -0.0538848 0)
(-0.000796165 -0.049655 0)
(-0.00217786 -0.051554 0)
(-0.00253596 -0.0518002 0)
(-0.00054897 -0.0544406 0)
(-0.00110689 -0.0528641 0)
(0.000422699 -0.0511886 0)
(0.000863512 -0.0503977 0)
(0.000435415 -0.0493719 0)
(-0.00028523 -0.0495565 0)
(-0.00168969 -0.0490615 0)
(9.29159e-05 -0.0475334 0)
(0.000788468 -0.0465081 0)
(0.000567817 -0.0446996 0)
(0.00199999 -0.0467007 0)
(0.00312235 -0.0488784 0)
(0.000991393 -0.0520382 0)
(0.00102035 -0.0544529 0)
(0.000536168 -0.0552189 0)
(-7.51318e-05 -0.0567851 0)
(0.000335994 -0.0574831 0)
(-0.000781459 -0.0574086 0)
(-0.000111929 -0.055459 0)
(-0.000934114 -0.0516344 0)
(-0.000333227 -0.0524306 0)
(-0.000770562 -0.0529157 0)
(-0.00349186 -0.0534051 0)
(-0.000513982 -0.0564552 0)
(-3.98357e-05 -0.0548278 0)
(-0.00180363 -0.0555642 0)
(-0.00235429 -0.0550207 0)
(-0.000702378 -0.0553235 0)
(0.00105459 -0.0558021 0)
(0.000484593 -0.054207 0)
(0.000427857 -0.0534144 0)
(1.40728e-05 -0.0528443 0)
(0.000222392 -0.0519789 0)
(-0.000616885 -0.0501152 0)
(-8.25825e-05 -0.0482646 0)
(0.000129151 -0.049183 0)
(0.000220566 -0.050475 0)
(0.000448964 -0.051644 0)
(0.000988467 -0.0534032 0)
(-0.000921898 -0.0544441 0)
(-0.00214755 -0.0541728 0)
(-0.00164806 -0.0504699 0)
(-0.000988628 -0.0529149 0)
(-0.000792441 -0.052484 0)
(-0.000885153 -0.051887 0)
(-7.52514e-05 -0.0464168 0)
(0.000344684 -0.0501531 0)
(0.00101211 -0.0503289 0)
(0.000983433 -0.0487401 0)
(-0.000177068 -0.0478306 0)
(-0.000532888 -0.0473041 0)
(-0.000431655 -0.0530377 0)
(1.12737e-05 -0.0542922 0)
(0.000484573 -0.0548989 0)
(0.000470914 -0.0542912 0)
(-0.000470338 -0.05531 0)
(-0.000447082 -0.0544708 0)
(0.00107697 -0.0548091 0)
(-0.00102346 -0.0513436 0)
(-0.00136776 -0.0539878 0)
(-0.00382104 -0.0526322 0)
(-0.000544752 -0.0551172 0)
(-0.000684648 -0.0525091 0)
(3.13452e-05 -0.0519052 0)
(-0.000710986 -0.0526441 0)
(0.000307985 -0.0511929 0)
(-0.000138695 -0.0522956 0)
(-0.00200855 -0.0531485 0)
(-0.00277549 -0.0522765 0)
(-0.000539635 -0.0513979 0)
(0.00288045 -0.046664 0)
(0.00376095 -0.048212 0)
(-0.00115699 -0.0512618 0)
(0.0028496 -0.0529844 0)
(0.00085536 -0.0528653 0)
(0.00085595 -0.0558136 0)
(0.000572614 -0.0532424 0)
(-0.0012955 -0.052615 0)
(-0.000563487 -0.0492379 0)
(0.000352982 -0.0478107 0)
(0.000182953 -0.0476998 0)
(0.000176199 -0.0476616 0)
(0.000831368 -0.0458026 0)
(0.000288108 -0.0459907 0)
(-0.000175178 -0.0514626 0)
(-0.000625956 -0.0527711 0)
(-0.000785779 -0.0538285 0)
(-0.000106416 -0.0554957 0)
(0.00127519 -0.052827 0)
(0.000991022 -0.0524598 0)
(0.000301244 -0.0530782 0)
(-0.00040846 -0.052251 0)
(5.33362e-05 -0.0523108 0)
(-0.000517143 -0.0503649 0)
(-0.000492628 -0.0487642 0)
(-6.13556e-05 -0.0497903 0)
(0.000141186 -0.0512664 0)
(0.00083021 -0.0525664 0)
(5.64589e-05 -0.0529081 0)
(-0.00133715 -0.0538556 0)
(-0.00209787 -0.0536754 0)
(-0.00313218 -0.0533211 0)
(-0.00149093 -0.052536 0)
(-0.000484073 -0.0526882 0)
(0.00037828 -0.0489837 0)
(0.000216938 -0.048873 0)
(0.000195642 -0.0488071 0)
(0.00134506 -0.0485644 0)
(0.000578753 -0.0504286 0)
(0.000125361 -0.0509003 0)
(-0.000671882 -0.0509463 0)
(0.000385586 -0.0557762 0)
(0.000409727 -0.0546763 0)
(-0.000174773 -0.0550851 0)
(0.000842097 -0.0546853 0)
(1.13681e-05 -0.0542432 0)
(0.000716119 -0.053435 0)
(0.000499434 -0.051694 0)
(0.00145871 -0.0537776 0)
(0.000867687 -0.0547143 0)
(1.5215e-05 -0.0553741 0)
(-0.000875808 -0.0561634 0)
(0.00104607 -0.0554853 0)
(-0.000118968 -0.0546633 0)
(-0.000335422 -0.0551752 0)
(0.00084962 -0.0554253 0)
(-0.000760316 -0.0513089 0)
(-0.000857767 -0.05547 0)
(-0.000155554 -0.0551607 0)
(0.00188127 -0.0527454 0)
(0.00452054 -0.0497154 0)
(0.00301234 -0.0525484 0)
(0.00300561 -0.0537994 0)
(0.00157203 -0.0498952 0)
(0.00220462 -0.0486221 0)
(0.00254284 -0.0475036 0)
(-4.06869e-05 -0.0484601 0)
(-0.00173508 -0.0478059 0)
(-0.00115704 -0.0466484 0)
(0.00016621 -0.0434872 0)
(0.000510845 -0.0430693 0)
(0.00123483 -0.0475178 0)
(0.000992936 -0.0457457 0)
(-0.000339264 -0.0459487 0)
(-0.000188526 -0.0485971 0)
(-4.60487e-05 -0.0515015 0)
(-7.18036e-05 -0.054594 0)
(0.00194194 -0.0515072 0)
(0.00107849 -0.0499236 0)
(0.000698666 -0.049568 0)
(-0.000173283 -0.0510356 0)
(-0.000565792 -0.0513224 0)
(-0.000120454 -0.0522635 0)
(-0.000604238 -0.0521015 0)
(-7.20722e-06 -0.0518144 0)
(-0.00106797 -0.054867 0)
(0.00134736 -0.0528603 0)
(-0.00019104 -0.0513089 0)
(0.000273384 -0.0502191 0)
(-0.00124908 -0.0474533 0)
(-0.000859047 -0.0502974 0)
(-0.00073698 -0.0513477 0)
(-0.000502629 -0.051806 0)
(0.000300474 -0.052171 0)
(-0.000166218 -0.0522373 0)
(0.000358497 -0.0491416 0)
(-0.000998973 -0.0504458 0)
(0.0012588 -0.05239 0)
(0.000903804 -0.0514766 0)
(0.000158895 -0.0530444 0)
(0.000653824 -0.0534868 0)
(0.000510571 -0.0556603 0)
(0.000850715 -0.0557433 0)
(-0.000223339 -0.05534 0)
(4.61901e-05 -0.0550874 0)
(-4.90825e-05 -0.0545984 0)
(0.000819112 -0.0536059 0)
(0.000172051 -0.052058 0)
(0.00121711 -0.0531796 0)
(0.00126116 -0.0533587 0)
(0.000580051 -0.0533392 0)
(-0.000816665 -0.0554768 0)
(-0.000651255 -0.054377 0)
(-0.000117034 -0.0536483 0)
(-0.000114235 -0.0529047 0)
(-6.53103e-06 -0.0495236 0)
(-0.000766529 -0.0510324 0)
(-0.000262241 -0.0549793 0)
(0.00155219 -0.0528634 0)
(0.00310272 -0.05384 0)
(0.00285582 -0.0542396 0)
(0.00361161 -0.0510855 0)
(0.0020715 -0.0495955 0)
(0.000920789 -0.0486079 0)
(0.00107159 -0.0447577 0)
(0.000380313 -0.0453007 0)
(0.000692987 -0.0477816 0)
(2.62899e-05 -0.0495178 0)
(-0.000861355 -0.0505826 0)
(-0.00102319 -0.0521514 0)
(-0.00131886 -0.048273 0)
(0.000517713 -0.0460469 0)
(0.000846037 -0.0460252 0)
(0.000151752 -0.048148 0)
(-0.000740246 -0.05066 0)
(0.00122382 -0.0518164 0)
(0.00110594 -0.051665 0)
(0.00183527 -0.0488385 0)
(0.000802239 -0.0481372 0)
(-0.000521986 -0.0463018 0)
(-0.00179216 -0.0495241 0)
(-0.00107297 -0.0495597 0)
(-0.000502688 -0.0515461 0)
(-0.000444627 -0.0523559 0)
(0.000802543 -0.0536577 0)
(0.000596996 -0.0521824 0)
(-0.000289526 -0.0508566 0)
(-0.000770751 -0.0522554 0)
(1.63893e-05 -0.0497229 0)
(0.00024055 -0.0500307 0)
(9.01069e-05 -0.0483071 0)
(-0.000385308 -0.0475976 0)
(0.00102128 -0.0502086 0)
(0.000693844 -0.0518294 0)
(0.000351717 -0.0532957 0)
(-0.000401945 -0.0525206 0)
(-0.00092779 -0.049602 0)
(0.00199814 -0.0569253 0)
(0.000236019 -0.0526028 0)
(0.000636886 -0.0551941 0)
(-0.00121844 -0.0580319 0)
(0.00222161 -0.0537841 0)
(0.00308778 -0.0557497 0)
(-0.00197541 -0.0559418 0)
(-0.000923223 -0.0555207 0)
(-0.000847858 -0.0544993 0)
(0.000276652 -0.054228 0)
(-0.000244717 -0.0530956 0)
(-0.00114685 -0.0492751 0)
(-5.26788e-05 -0.0501617 0)
(-0.000352428 -0.0519704 0)
(-0.00179906 -0.0527499 0)
(0.000214798 -0.0536699 0)
(0.00019452 -0.0546426 0)
(0.000425475 -0.0536282 0)
(-0.000250163 -0.0528393 0)
(8.4936e-05 -0.049749 0)
(0.000401556 -0.0541193 0)
(0.00210909 -0.0490444 0)
(0.0023875 -0.0534477 0)
(0.00177804 -0.0554965 0)
(0.000479747 -0.0499462 0)
(0.000216249 -0.046756 0)
(0.000181223 -0.0466196 0)
(0.000711463 -0.0462909 0)
(0.0022037 -0.0457165 0)
(0.000428063 -0.0470959 0)
(4.93274e-05 -0.0496808 0)
(-0.000704901 -0.0516008 0)
(-0.00121709 -0.0518607 0)
(-0.000967765 -0.0499428 0)
(-0.000156851 -0.0490392 0)
(-6.81917e-05 -0.0496774 0)
(0.000465411 -0.0495674 0)
(0.000161359 -0.0473273 0)
(-2.03499e-05 -0.0448838 0)
(0.00116422 -0.0438353 0)
(-0.000731147 -0.0457926 0)
(0.00111046 -0.0457566 0)
(-0.00126912 -0.0464246 0)
(0.000189734 -0.0480712 0)
(-0.000145039 -0.0499069 0)
(-6.33803e-05 -0.0532277 0)
(0.00382978 -0.0509972 0)
(0.00210438 -0.0525196 0)
(0.000723329 -0.0505458 0)
(-0.000399381 -0.0488844 0)
(-0.00232118 -0.0490229 0)
(-0.00292656 -0.0491998 0)
(-0.00152533 -0.0480299 0)
(-0.00129289 -0.0480206 0)
(-0.000143025 -0.0484189 0)
(0.000586564 -0.052666 0)
(0.000331392 -0.0511703 0)
(0.000480839 -0.0518036 0)
(0.000261615 -0.0522605 0)
(7.44596e-05 -0.0542058 0)
(0.00132266 -0.0554402 0)
(0.000825884 -0.0555077 0)
(0.00010591 -0.0552957 0)
(-0.000630419 -0.0575349 0)
(0.00135803 -0.0538986 0)
(0.000657439 -0.0538354 0)
(-0.000297134 -0.0553213 0)
(0.000274471 -0.0530976 0)
(0.000339367 -0.051889 0)
(-0.000248814 -0.0533793 0)
(-0.000618663 -0.0517706 0)
(-0.000556699 -0.0513776 0)
(-0.000535599 -0.0500248 0)
(-0.000744092 -0.0503487 0)
(-0.00186212 -0.0521503 0)
(-0.000427637 -0.0541792 0)
(-0.000386215 -0.0544499 0)
(-0.000979633 -0.0534657 0)
(-0.000506013 -0.0548096 0)
(0.0039049 -0.0558026 0)
(0.000678906 -0.0558303 0)
(0.000438763 -0.0554291 0)
(6.89188e-05 -0.0550485 0)
(0.000549536 -0.0526635 0)
(-0.000286292 -0.0513425 0)
(-0.00148655 -0.0502885 0)
(-0.000224096 -0.0522819 0)
(0.00134769 -0.0487803 0)
(0.00154411 -0.0507046 0)
(0.000617727 -0.0495957 0)
(8.34292e-05 -0.0526917 0)
(-0.000457628 -0.0529763 0)
(-0.00226762 -0.0508653 0)
(-0.000645627 -0.0517982 0)
(-0.000453089 -0.0496083 0)
(-0.000942196 -0.0491097 0)
(-0.000633258 -0.0479053 0)
(0.00066323 -0.0466226 0)
(0.00199746 -0.0448888 0)
(-0.000329376 -0.0450021 0)
(-0.000780373 -0.0466362 0)
(0.00123024 -0.0475302 0)
(-0.000218649 -0.0487473 0)
(-0.00136183 -0.0509406 0)
(-4.54176e-05 -0.052453 0)
(-0.000213905 -0.0493135 0)
(0.000833631 -0.0512622 0)
(0.00110006 -0.0509169 0)
(-0.00038507 -0.0493911 0)
(-0.00187651 -0.0467038 0)
(-0.000483019 -0.0463905 0)
(-0.000732542 -0.0473306 0)
(-0.00174777 -0.0486556 0)
(-0.00110276 -0.0498923 0)
(0.000713735 -0.0488225 0)
(-0.00126535 -0.0496051 0)
(0.000582985 -0.0511388 0)
(0.000998847 -0.0533013 0)
(-0.000116922 -0.0511678 0)
(5.40316e-05 -0.052757 0)
(0.000277908 -0.0540706 0)
(0.00124982 -0.0551735 0)
(3.13917e-05 -0.056551 0)
(-0.0014701 -0.0547618 0)
(-0.000183959 -0.0540741 0)
(0.0015883 -0.0545864 0)
(-0.000379503 -0.0533321 0)
(-0.00157083 -0.0485572 0)
(0.00119853 -0.0505348 0)
(0.000778495 -0.050068 0)
(-0.000866395 -0.0516688 0)
(-0.00067749 -0.0499108 0)
(-0.000454529 -0.0480509 0)
(-0.00175655 -0.0505735 0)
(-0.00052532 -0.0529383 0)
(-0.000765277 -0.0532226 0)
(0.000470807 -0.0536426 0)
(-0.000115614 -0.0534143 0)
(-3.79928e-05 -0.0541902 0)
(0.000187155 -0.055487 0)
(0.00152459 -0.0582184 0)
(0.000930959 -0.0576539 0)
(0.000599629 -0.0573996 0)
(6.18869e-05 -0.0577169 0)
(-0.000115066 -0.057233 0)
(0.000237053 -0.0555576 0)
(-0.000209669 -0.0535221 0)
(0.000507375 -0.0511056 0)
(0.000459904 -0.0513589 0)
(0.00132974 -0.0510842 0)
(0.000466678 -0.0539746 0)
(0.000295798 -0.0527584 0)
(-0.000934318 -0.0529525 0)
(-0.000225912 -0.0536791 0)
(-0.000148826 -0.053835 0)
(0.000691455 -0.0531669 0)
(9.55983e-06 -0.0523671 0)
(-8.73333e-05 -0.0518202 0)
(-0.000419169 -0.0503096 0)
(-0.000683182 -0.0496029 0)
(-0.000151309 -0.0493139 0)
(-0.00125117 -0.0480577 0)
(-0.000266641 -0.0489601 0)
(0.000706761 -0.0493612 0)
(0.00106117 -0.0480261 0)
(0.00120992 -0.0491504 0)
(0.00191089 -0.048647 0)
(0.000479944 -0.0485766 0)
(0.000748973 -0.0481784 0)
(-0.000496986 -0.0490535 0)
(-0.00130432 -0.0503148 0)
(-0.00110769 -0.0511315 0)
(0.000137319 -0.0482299 0)
(0.00118182 -0.0478804 0)
(0.000379266 -0.0526008 0)
(-0.000105562 -0.0528539 0)
(0.00086673 -0.0521061 0)
(-2.39989e-05 -0.0517023 0)
(-0.00022564 -0.0513782 0)
(-0.000302093 -0.0520997 0)
(-7.15413e-05 -0.0516915 0)
(0.000722443 -0.051413 0)
(-0.000184607 -0.0528749 0)
(-0.000203258 -0.0536143 0)
(0.0013497 -0.0522384 0)
(0.00101774 -0.0494926 0)
(0.00101713 -0.049967 0)
(0.000119336 -0.0502483 0)
(-0.000834414 -0.0501321 0)
(0.000535519 -0.0498983 0)
(-0.000192419 -0.0494424 0)
(-0.000261892 -0.046846 0)
(0.00091096 -0.0452303 0)
(-0.000136553 -0.0471346 0)
(-0.000277933 -0.0505488 0)
(0.000576551 -0.0532689 0)
(-5.42175e-06 -0.0532445 0)
(-0.000187661 -0.0520129 0)
(0.000492311 -0.0533272 0)
(0.000222797 -0.0547195 0)
(0.00038154 -0.0564664 0)
(0.000345462 -0.0580642 0)
(7.74987e-05 -0.05812 0)
(0.000375954 -0.0582485 0)
(0.000278391 -0.059784 0)
(-0.00110504 -0.0608688 0)
(-0.00183256 -0.0577464 0)
(-0.0017934 -0.0549209 0)
(-0.00174 -0.0534274 0)
(-0.000599538 -0.0534073 0)
(-0.000227556 -0.0525362 0)
(0.000394792 -0.0525108 0)
(0.000983387 -0.0521881 0)
(0.000775182 -0.0529162 0)
(-0.00145069 -0.0523142 0)
(-0.00126465 -0.0526464 0)
(-0.000992337 -0.0528017 0)
(-0.000218494 -0.056868 0)
(6.41668e-05 -0.0556984 0)
(0.000232441 -0.0553113 0)
(-5.60749e-05 -0.0545744 0)
(0.000106776 -0.050215 0)
(0.000600714 -0.0507704 0)
(-7.92433e-05 -0.0502364 0)
(-0.000647345 -0.0507173 0)
(0.000380381 -0.0495426 0)
(0.000444317 -0.0498068 0)
(0.000683497 -0.0492962 0)
(0.000331271 -0.0483534 0)
(-0.000511144 -0.0478752 0)
(-0.000642106 -0.0496229 0)
(-0.000786692 -0.0515579 0)
(-0.00114088 -0.0533712 0)
(-0.00137981 -0.0546032 0)
(0.00126439 -0.0506437 0)
(0.000288746 -0.0522957 0)
(-0.000506815 -0.0552551 0)
(0.000449631 -0.0546757 0)
(8.66785e-05 -0.05577 0)
(0.000740247 -0.0544109 0)
(-0.000902311 -0.0524445 0)
(0.00015221 -0.0525723 0)
(0.00105596 -0.0528471 0)
(0.000741312 -0.0534569 0)
(0.00072405 -0.0537259 0)
(0.000768011 -0.0435204 0)
(0.0007724 -0.0443245 0)
(0.00138356 -0.0442512 0)
(0.00034525 -0.0469924 0)
(-0.000400765 -0.0443639 0)
(0.00160957 -0.044738 0)
(0.000104206 -0.0464818 0)
(-0.000477767 -0.04743 0)
(-0.000469047 -0.0459893 0)
(0.000470781 -0.0461801 0)
(-0.00047209 -0.0479212 0)
(-0.000417797 -0.0507034 0)
(-0.000381709 -0.0525942 0)
(0.000106313 -0.0546716 0)
(0.000894306 -0.0534487 0)
(-0.00048515 -0.0529591 0)
(0.000379067 -0.0553952 0)
(0.000405176 -0.0563576 0)
(0.000217517 -0.0568484 0)
(-0.000583627 -0.0564358 0)
(-6.57645e-05 -0.0583174 0)
(-0.000285686 -0.0553319 0)
(0.000206006 -0.059327 0)
(-0.000892855 -0.0556416 0)
(-0.00199902 -0.0590122 0)
(-0.00101164 -0.0561758 0)
(-0.000236397 -0.0551217 0)
(0.0023678 -0.0543499 0)
(0.00179913 -0.0534705 0)
(0.000324582 -0.0537882 0)
(0.000573127 -0.0533663 0)
(0.000555345 -0.0535385 0)
(-0.000315507 -0.0534657 0)
(-0.000208899 -0.0544922 0)
(-3.87109e-05 -0.055112 0)
(-0.000683346 -0.0543807 0)
(-0.000234909 -0.0540703 0)
(-0.000781167 -0.0532705 0)
(-0.00178079 -0.0528975 0)
(-0.0010258 -0.0531526 0)
(-0.000631665 -0.0528553 0)
(0.000216667 -0.0518911 0)
(0.000355567 -0.0503828 0)
(0.00053662 -0.0492034 0)
(0.00108305 -0.0483066 0)
(0.00048226 -0.0498667 0)
(0.00019118 -0.0510565 0)
(-0.000285393 -0.0506878 0)
(0.000280839 -0.0506559 0)
(-0.000785061 -0.0533322 0)
(-0.00114007 -0.0554682 0)
(-0.000961963 -0.0562693 0)
(-0.000453755 -0.0563986 0)
(-0.000889735 -0.0559667 0)
(-0.000342453 -0.0560263 0)
(0.000254751 -0.0556585 0)
(0.000704731 -0.0524774 0)
(0.000224775 -0.0520827 0)
(0.000791211 -0.0521926 0)
(0.000760041 -0.0536422 0)
(0.000342667 -0.0546939 0)
(-0.00063659 -0.0537682 0)
(0.00216504 -0.0420696 0)
(0.000631157 -0.0428726 0)
(0.00034052 -0.0427826 0)
(0.000453839 -0.0441989 0)
(-0.000372306 -0.0464938 0)
(-0.000623918 -0.0479767 0)
(-0.000925696 -0.0486704 0)
(-0.000441459 -0.0486384 0)
(-5.10964e-05 -0.0486758 0)
(0.000283952 -0.0478707 0)
(0.000788287 -0.0491485 0)
(-0.000122488 -0.0505829 0)
(0.000336133 -0.0518798 0)
(-0.000682416 -0.052972 0)
(-7.1922e-06 -0.0547006 0)
(-0.000525135 -0.0543671 0)
(-0.00100998 -0.0520548 0)
(0.000602055 -0.0535932 0)
(0.000229082 -0.0555803 0)
(-0.000482885 -0.0566748 0)
(0.000177928 -0.0580269 0)
(-0.000337081 -0.0593273 0)
(0.000900988 -0.0589783 0)
(-0.0016127 -0.0573348 0)
(-0.00214771 -0.0569146 0)
(-0.00152671 -0.0568339 0)
(-0.00114438 -0.057583 0)
(-0.00043331 -0.058038 0)
(-0.000834581 -0.0553784 0)
(0.000299027 -0.0550448 0)
(0.000863983 -0.0549181 0)
(6.33895e-05 -0.0536532 0)
(3.62118e-05 -0.0535574 0)
(0.0002108 -0.0528626 0)
(0.000227792 -0.0545555 0)
(-0.00166871 -0.0533159 0)
(-0.000581555 -0.0530978 0)
(-0.000400867 -0.0546196 0)
(0.000491925 -0.0561819 0)
(0.00214683 -0.0558455 0)
(0.00145788 -0.0539074 0)
(0.00125858 -0.0511092 0)
(0.000244425 -0.050368 0)
(0.00128268 -0.0494624 0)
(-0.000787714 -0.0490253 0)
(7.4736e-05 -0.0505659 0)
(0.0007834 -0.0504308 0)
(0.00128843 -0.0493512 0)
(-0.000404794 -0.0518641 0)
(-0.000784317 -0.0554652 0)
(-0.000109438 -0.0572797 0)
(-0.000406239 -0.0582042 0)
(-7.81117e-05 -0.0558553 0)
(-0.000431046 -0.0556044 0)
(0.000829178 -0.0556944 0)
(0.000783383 -0.0548549 0)
(-6.88377e-05 -0.0511951 0)
(-0.000101838 -0.0488623 0)
(-0.000131623 -0.0480671 0)
(-0.00305381 -0.0506537 0)
(-0.000301859 -0.0499947 0)
(-0.000914552 -0.0510487 0)
(0.000987623 -0.0502104 0)
(0.000884261 -0.049924 0)
(0.000495023 -0.0500858 0)
(-0.000196005 -0.051137 0)
(0.000312593 -0.0517119 0)
(0.000428729 -0.051885 0)
(0.000766962 -0.0513114 0)
(0.000614701 -0.0498504 0)
(0.000334046 -0.0484302 0)
(-0.000104082 -0.0492573 0)
(0.00018471 -0.0480061 0)
(-0.000682599 -0.0492616 0)
(-7.91507e-05 -0.0499577 0)
(-0.00168496 -0.0538368 0)
(-0.00127909 -0.0542737 0)
(-0.000733375 -0.0556185 0)
(-0.000980799 -0.0559643 0)
(-0.000457459 -0.0552452 0)
(0.000935893 -0.0549473 0)
(0.000415573 -0.0562248 0)
(-0.000291202 -0.0552691 0)
(3.35764e-05 -0.0545201 0)
(-0.00039503 -0.0561597 0)
(1.44465e-05 -0.0562354 0)
(-0.000227222 -0.0564532 0)
(-0.00109702 -0.0561557 0)
(-0.000676842 -0.0561379 0)
(0.000678448 -0.0551021 0)
(0.000730069 -0.0543871 0)
(0.000700968 -0.0564315 0)
(0.000365653 -0.0547531 0)
(0.000613726 -0.0537908 0)
(0.000374197 -0.0523689 0)
(-6.69617e-05 -0.0523902 0)
(0.000471064 -0.0531696 0)
(0.00118471 -0.0565058 0)
(0.000589204 -0.0568001 0)
(0.000405946 -0.0568341 0)
(0.000283135 -0.0560013 0)
(7.60911e-05 -0.055403 0)
(-0.000874602 -0.0550104 0)
(0.000220042 -0.0539493 0)
(0.00087998 -0.0523638 0)
(-0.00026156 -0.0537855 0)
(0.000118392 -0.0523534 0)
(0.000455492 -0.0514748 0)
(0.000390439 -0.0537833 0)
(-0.00021461 -0.0578059 0)
(0.000787571 -0.0567564 0)
(0.000367003 -0.0551992 0)
(-0.000898485 -0.0528367 0)
(0.000550863 -0.0546401 0)
(0.000205617 -0.0543778 0)
(0.000347844 -0.0517964 0)
(0.000231837 -0.0484349 0)
(-9.18065e-06 -0.0494469 0)
(0.000792266 -0.0503787 0)
(0.000535026 -0.0512906 0)
(0.00125145 -0.0509211 0)
(0.00107639 -0.0503144 0)
(0.00252194 -0.0532795 0)
(0.000293096 -0.052628 0)
(0.000757621 -0.0520254 0)
(0.000234882 -0.0526064 0)
(-0.000244383 -0.0531187 0)
(-0.000219227 -0.0533899 0)
(-0.00039974 -0.0531064 0)
(-0.00115081 -0.0511942 0)
(-0.000779837 -0.0531596 0)
(-0.00176566 -0.0535554 0)
(-0.0013485 -0.0530622 0)
(0.000861427 -0.0521608 0)
(0.00422823 -0.0518958 0)
(2.06553e-05 -0.0516504 0)
(0.000592459 -0.0549627 0)
(0.000358946 -0.0548738 0)
(0.00041856 -0.0551699 0)
(0.00110274 -0.0541304 0)
(0.000718429 -0.0536582 0)
(-0.00028797 -0.0533566 0)
(0.000812919 -0.0507567 0)
(-0.000545483 -0.0517328 0)
(0.00035548 -0.0556696 0)
(0.000405111 -0.0552711 0)
(-0.000704473 -0.0550469 0)
(-0.00119793 -0.0551504 0)
(-0.0016631 -0.0544255 0)
(0.000518015 -0.055454 0)
(0.000323313 -0.0555972 0)
(-0.00214361 -0.0540991 0)
(-0.000209194 -0.0538926 0)
(-0.000291977 -0.0541306 0)
(-0.00107552 -0.0534247 0)
(3.57021e-06 -0.0555481 0)
(-0.000371499 -0.0529123 0)
(-0.000847284 -0.0573193 0)
(0.000698195 -0.0586548 0)
(7.61901e-05 -0.0590201 0)
(7.00696e-05 -0.0594126 0)
(0.000603922 -0.0587532 0)
(-0.00024106 -0.0582541 0)
(-0.000112931 -0.0582397 0)
(-0.000417719 -0.0581043 0)
(0.000308513 -0.0553522 0)
(0.000617806 -0.0540934 0)
(0.00169996 -0.0542585 0)
(-0.000119173 -0.057437 0)
(0.000943195 -0.0550228 0)
(-0.00113244 -0.0541541 0)
(-3.49924e-05 -0.0526053 0)
(0.00113472 -0.0513214 0)
(5.31651e-05 -0.0502813 0)
(0.000244044 -0.0497971 0)
(0.000148778 -0.0493541 0)
(-0.000486494 -0.0490767 0)
(0.000638592 -0.0490835 0)
(0.000699448 -0.0506509 0)
(-0.000267229 -0.0491918 0)
(0.000207302 -0.0498444 0)
(-7.48744e-05 -0.0487421 0)
(0.000368254 -0.0535177 0)
(-0.000170863 -0.0522148 0)
(-0.00144439 -0.0523305 0)
(-0.000301075 -0.052202 0)
(-0.000401942 -0.0527692 0)
(3.21991e-05 -0.0520932 0)
(6.12949e-05 -0.0515848 0)
(4.90226e-05 -0.0528791 0)
(-0.000727434 -0.0538119 0)
(5.79371e-05 -0.0580414 0)
(0.00024901 -0.0586842 0)
(0.00274708 -0.0584081 0)
(0.00321239 -0.0554807 0)
(0.00187662 -0.0552744 0)
(0.00233686 -0.0541509 0)
(0.00226387 -0.0526509 0)
(0.00105846 -0.053334 0)
(0.000901858 -0.0529712 0)
(0.000264164 -0.0518077 0)
(-0.000744701 -0.0502759 0)
(-0.000424251 -0.0491317 0)
(-0.00127798 -0.0494182 0)
(0.000629577 -0.0521243 0)
(-0.000324934 -0.053526 0)
(3.4992e-05 -0.0535949 0)
(6.29038e-05 -0.0528592 0)
(-0.000114899 -0.0561303 0)
(1.68608e-05 -0.0557881 0)
(-0.000802916 -0.056053 0)
(-0.000383631 -0.0534679 0)
(3.78545e-05 -0.0515566 0)
(0.00064041 -0.0523122 0)
(-0.0022173 -0.0516772 0)
(-0.00139636 -0.0498855 0)
(0.00302402 -0.0572847 0)
(0.000794764 -0.0631621 0)
(0.00111964 -0.0619994 0)
(-9.25045e-05 -0.0619007 0)
(0.00139401 -0.0615525 0)
(-0.000131017 -0.0609525 0)
(-0.000539445 -0.0586483 0)
(-0.000519908 -0.0568328 0)
(0.00076068 -0.055667 0)
(0.000732777 -0.055231 0)
(0.001139 -0.055003 0)
(-3.60545e-05 -0.0543199 0)
(-0.00143129 -0.053832 0)
(0.000534697 -0.0526649 0)
(-0.00274867 -0.0518313 0)
(0.00041679 -0.0504735 0)
(0.00040136 -0.0520024 0)
(0.000750153 -0.0474509 0)
(0.000304527 -0.04763 0)
(-0.000113864 -0.0462644 0)
(-0.000582737 -0.0487359 0)
(0.000956814 -0.0501983 0)
(-0.000579235 -0.0514132 0)
(-0.000272022 -0.0465348 0)
(-0.000529914 -0.046435 0)
(0.000741933 -0.0471187 0)
(-0.000132037 -0.0518109 0)
(-0.000633289 -0.0502939 0)
(-0.000743077 -0.0499897 0)
(-0.000746667 -0.050601 0)
(-0.000935204 -0.0509863 0)
(0.000887042 -0.0494428 0)
(0.000725676 -0.0501518 0)
(0.000339957 -0.0526526 0)
(3.11003e-05 -0.0550472 0)
(0.00137118 -0.0550877 0)
(0.00156403 -0.0560498 0)
(0.00242311 -0.0531907 0)
(0.00342623 -0.0553589 0)
(0.00281771 -0.0565299 0)
(0.00264703 -0.0561267 0)
(0.000798975 -0.052815 0)
(0.000962762 -0.0520507 0)
(0.000622594 -0.0522501 0)
(0.00038299 -0.0520079 0)
(7.89036e-05 -0.0488846 0)
(-0.000621096 -0.0481448 0)
(-0.000415103 -0.0497442 0)
(3.49626e-05 -0.050533 0)
(-0.000394836 -0.0502089 0)
(0.00176574 -0.0537902 0)
(0.00122946 -0.0526271 0)
(0.00349797 -0.0522197 0)
(0.000292586 -0.0535738 0)
(0.00229351 -0.0563221 0)
(-0.000442493 -0.057735 0)
(-0.00120885 -0.055432 0)
(-0.00106359 -0.0532662 0)
(-0.000825462 -0.055586 0)
(-0.00166883 -0.0578489 0)
(-0.000261578 -0.059347 0)
(-0.000647491 -0.060987 0)
(0.0004851 -0.0635485 0)
(-0.00169491 -0.063576 0)
(-0.00110499 -0.0597495 0)
(-0.00198185 -0.0590867 0)
(-0.000955676 -0.0569511 0)
(-0.00071082 -0.0568002 0)
(-0.00132508 -0.0558322 0)
(-0.000124383 -0.0540111 0)
(0.00133059 -0.0533527 0)
(0.000685682 -0.0533813 0)
(-0.000466233 -0.0529251 0)
(0.00299791 -0.0505003 0)
(0.000691455 -0.0507223 0)
(-0.00092489 -0.0514347 0)
(-0.000111851 -0.0495465 0)
(0.00096184 -0.048208 0)
(9.06254e-06 -0.0490464 0)
(1.6226e-05 -0.0495792 0)
(0.00261015 -0.049446 0)
(-0.000673248 -0.0497178 0)
(0.000863503 -0.0477884 0)
(0.00121612 -0.0474245 0)
(-0.00151483 -0.0464742 0)
(-0.000139866 -0.049356 0)
(-0.000303326 -0.0481034 0)
(-0.000440797 -0.0479459 0)
(-0.000448852 -0.0478378 0)
(-0.000338035 -0.0467124 0)
(0.00235201 -0.0462365 0)
(0.000646302 -0.0446875 0)
(0.000931073 -0.0474742 0)
(0.000483271 -0.049336 0)
(0.00111019 -0.0496983 0)
(0.000960535 -0.0513643 0)
(0.00170718 -0.0524979 0)
(0.00295179 -0.0514489 0)
(0.00308171 -0.0520052 0)
(0.00303702 -0.0528067 0)
(0.00114825 -0.0583773 0)
(0.000476606 -0.0549227 0)
(0.000946818 -0.0537364 0)
(0.000244669 -0.0528246 0)
(0.000710329 -0.0529596 0)
(-0.000311176 -0.0486041 0)
(-0.000589742 -0.0468666 0)
(-0.00162819 -0.0489853 0)
(0.000389629 -0.0477481 0)
(0.000599206 -0.0474415 0)
(-0.000494257 -0.0499476 0)
(0.000617714 -0.0481581 0)
(5.70385e-05 -0.0475808 0)
(0.000144687 -0.0489548 0)
(0.00115511 -0.0478204 0)
(0.00259451 -0.048673 0)
(-0.00218089 -0.0547104 0)
(-0.00052469 -0.0548129 0)
(-0.000828893 -0.0548286 0)
(-0.000783611 -0.0567385 0)
(-0.00112816 -0.0587197 0)
(0.00196274 -0.0607466 0)
(0.00201523 -0.0612783 0)
(0.00124295 -0.0610166 0)
(-0.00125126 -0.0565595 0)
(-0.00319252 -0.0562039 0)
(-0.00326514 -0.0560245 0)
(-0.00138141 -0.0561945 0)
(-0.000851809 -0.0554748 0)
(-0.00121218 -0.0542458 0)
(-0.000323525 -0.0526991 0)
(0.000347586 -0.0542388 0)
(0.000503991 -0.052228 0)
(0.00020587 -0.052184 0)
(-0.000603375 -0.0515636 0)
(-0.000867031 -0.0525619 0)
(0.00111089 -0.050529 0)
(0.00107613 -0.0505948 0)
(0.000281042 -0.05277 0)
(0.00031853 -0.0533437 0)
(0.00022257 -0.0542029 0)
(-0.000305457 -0.0537254 0)
(-0.0006492 -0.0534608 0)
(-0.00117269 -0.0537442 0)
(-0.000838194 -0.053111 0)
(0.000509564 -0.0529305 0)
(0.00177488 -0.0517286 0)
(-0.000199107 -0.0482665 0)
(1.10245e-05 -0.0499063 0)
(0.000901722 -0.0504446 0)
(0.00262144 -0.0483054 0)
(0.00233148 -0.046805 0)
(0.00116448 -0.045315 0)
(0.0016723 -0.0482752 0)
(0.00243332 -0.0510799 0)
(0.00220188 -0.0519814 0)
(0.00240359 -0.051605 0)
(0.00401763 -0.0525078 0)
(0.00322103 -0.051678 0)
(0.00284748 -0.0545188 0)
(0.00108389 -0.0552292 0)
(0.000590026 -0.0524542 0)
(-0.000846108 -0.0483899 0)
(-9.82532e-05 -0.0517047 0)
(-7.85204e-06 -0.0501844 0)
(-0.000530781 -0.0464545 0)
(-0.00044337 -0.0446906 0)
(-0.000723246 -0.0454438 0)
(-0.000539947 -0.0462562 0)
(-0.000441422 -0.0461895 0)
(0.000288642 -0.0446872 0)
(-7.92436e-06 -0.0435459 0)
(0.00110674 -0.0494425 0)
(0.000219846 -0.0452787 0)
(0.000552649 -0.0475585 0)
(-0.000121529 -0.0464938 0)
(0.000238747 -0.0484622 0)
(0.00115018 -0.0428854 0)
(-0.000230448 -0.0486201 0)
(-0.000626645 -0.0531695 0)
(-0.00131071 -0.0547506 0)
(0.000803539 -0.0553369 0)
(0.00144798 -0.0558424 0)
(0.00138397 -0.0552828 0)
(-0.000416899 -0.0549475 0)
(-0.000596829 -0.0539589 0)
(-0.00108427 -0.0537451 0)
(-0.000762199 -0.0536227 0)
(-1.20671e-05 -0.053548 0)
(-0.000978225 -0.052827 0)
(-0.00154548 -0.0530379 0)
(-0.000407274 -0.0536289 0)
(-6.60175e-06 -0.0539189 0)
(0.00187582 -0.0531121 0)
(0.000824725 -0.0541223 0)
(-0.00136472 -0.0559635 0)
(-0.000997222 -0.0565293 0)
(-0.000113423 -0.0556629 0)
(0.00126673 -0.0536273 0)
(0.000394864 -0.0539219 0)
(-0.000523165 -0.0547392 0)
(-0.000161328 -0.0551325 0)
(-0.00019778 -0.0546373 0)
(-0.000143786 -0.0543206 0)
(-5.51007e-05 -0.053715 0)
(0.000591084 -0.0532892 0)
(0.00124123 -0.0509887 0)
(0.0011504 -0.0529265 0)
(-0.000382752 -0.0503973 0)
(-0.000389793 -0.051073 0)
(-0.00119236 -0.0516454 0)
(-0.000856705 -0.0512368 0)
(0.000891931 -0.0484627 0)
(0.00114389 -0.0469567 0)
(0.00217924 -0.0518499 0)
(0.00225046 -0.0514772 0)
(0.00256977 -0.0489204 0)
(0.00353537 -0.0531991 0)
(0.0055312 -0.0508848 0)
(0.00216181 -0.0532646 0)
(0.000210217 -0.0522051 0)
(0.000489652 -0.0511743 0)
(0.000155902 -0.0477449 0)
(-0.000322163 -0.0464063 0)
(-0.000814489 -0.0461254 0)
(4.36703e-05 -0.0453617 0)
(-0.00141121 -0.0445671 0)
(-0.000967797 -0.0450099 0)
(-0.000230814 -0.0456927 0)
(-0.00101326 -0.0463542 0)
(-0.00155168 -0.048061 0)
(-0.00105316 -0.0495104 0)
(-0.000259627 -0.0495801 0)
(0.00187448 -0.0484886 0)
(0.00169579 -0.0482169 0)
(0.00176838 -0.0496854 0)
(-0.00066965 -0.0514345 0)
(-0.000168546 -0.0521599 0)
(0.000780616 -0.0499301 0)
(0.00146815 -0.0469513 0)
(0.00104042 -0.047551 0)
(0.000865301 -0.0478583 0)
(0.000540539 -0.0490116 0)
(0.00054216 -0.0498136 0)
(-0.000271573 -0.0491059 0)
(-0.00122167 -0.0464183 0)
(-0.00144058 -0.0448348 0)
(-0.000748865 -0.0460047 0)
(-6.94697e-06 -0.0481033 0)
(-0.00095162 -0.047035 0)
(-0.00111834 -0.0474991 0)
(9.86527e-05 -0.050545 0)
(0.000420218 -0.0525317 0)
(-0.000733863 -0.051047 0)
(-0.00145243 -0.0529865 0)
(0.000708212 -0.0555802 0)
(-0.000594399 -0.0558215 0)
(0.000394057 -0.0568196 0)
(-0.000269691 -0.0570457 0)
(0.000197071 -0.0564049 0)
(-0.00143258 -0.0530384 0)
(-2.24445e-05 -0.0537729 0)
(-0.000505353 -0.0519997 0)
(-0.00056785 -0.0515491 0)
(-0.000499223 -0.0505418 0)
(0.00231334 -0.0514299 0)
(0.00104458 -0.0490725 0)
(-0.000126807 -0.0524306 0)
(0.00133097 -0.0539292 0)
(-0.00153431 -0.0510663 0)
(-0.00233453 -0.0565062 0)
(-0.00118546 -0.0547454 0)
(-0.000198836 -0.05059 0)
(0.000736021 -0.0488751 0)
(0.00281166 -0.0514824 0)
(0.0050374 -0.0512507 0)
(0.004442 -0.0494484 0)
(0.00443827 -0.0526962 0)
(0.00263049 -0.0532792 0)
(0.00142473 -0.052358 0)
(0.000775604 -0.0502343 0)
(-0.000188558 -0.0488878 0)
(-0.00133588 -0.0479383 0)
(-0.000235071 -0.0479275 0)
(-0.000383684 -0.0456424 0)
(-0.000428668 -0.045652 0)
(-0.000254493 -0.0462127 0)
(-0.00107348 -0.0476649 0)
(-0.00102911 -0.0484121 0)
(-0.000498842 -0.0481988 0)
(-0.000948562 -0.0495426 0)
(-0.000809719 -0.0524 0)
(-0.000250087 -0.0528766 0)
(0.000934953 -0.050895 0)
(0.00048471 -0.0499461 0)
(0.000688921 -0.0494562 0)
(-0.000156626 -0.0525769 0)
(0.000185055 -0.0519879 0)
(-0.00100342 -0.0504878 0)
(0.00189801 -0.0452696 0)
(0.000719392 -0.0450341 0)
(0.000932293 -0.0441865 0)
(0.000228905 -0.0455995 0)
(-0.000839227 -0.0443709 0)
(-0.00182785 -0.0453075 0)
(-0.00194116 -0.0444918 0)
(-0.00236261 -0.0473236 0)
(-0.00163598 -0.0464193 0)
(-0.000679149 -0.0439289 0)
(-0.000839586 -0.0458837 0)
(0.0003784 -0.0446348 0)
(-0.000497741 -0.0466422 0)
(0.000298805 -0.0484427 0)
(0.000261221 -0.0511133 0)
(0.000758423 -0.0529823 0)
(0.000788845 -0.0539108 0)
(3.5065e-05 -0.0540376 0)
(-0.000272061 -0.0535684 0)
(-0.00107388 -0.0574452 0)
(-0.000616694 -0.0546933 0)
(-0.000226385 -0.0546469 0)
(-0.0013756 -0.0525068 0)
(-0.000885253 -0.0522971 0)
(-0.000776607 -0.0507931 0)
(-0.000973643 -0.0503656 0)
(0.00256788 -0.0465959 0)
(0.00216077 -0.0477969 0)
(0.00132229 -0.0477544 0)
(0.000585103 -0.0484287 0)
(-0.00149061 -0.052378 0)
(-0.00067539 -0.0547605 0)
(-0.00223735 -0.0562952 0)
(-0.0017584 -0.0528266 0)
(0.000133401 -0.0503533 0)
(0.00103677 -0.0500343 0)
(0.00324174 -0.0505822 0)
(0.00472222 -0.0481301 0)
(0.00375902 -0.0498068 0)
(0.00461335 -0.0508536 0)
(0.00116315 -0.0500125 0)
(0.000983743 -0.0506111 0)
(0.000819488 -0.051366 0)
(0.000337907 -0.0515166 0)
(-0.000619786 -0.0514325 0)
(-0.00224796 -0.052071 0)
(-0.000727677 -0.0502521 0)
(0.000455628 -0.0524476 0)
(0.000645458 -0.0495836 0)
(-0.000157096 -0.048287 0)
(-0.000957311 -0.0486352 0)
(-0.00101422 -0.0502335 0)
(-0.00116996 -0.0507257 0)
(-0.000597328 -0.050806 0)
(0.00151243 -0.0502268 0)
(-0.00191482 -0.052799 0)
(-0.0014912 -0.0514422 0)
(0.000249993 -0.0514181 0)
(0.000460243 -0.0519495 0)
(0.00129017 -0.051945 0)
(-0.00092281 -0.0501595 0)
(-0.000683905 -0.0482815 0)
(6.84691e-05 -0.0462764 0)
(0.000221653 -0.0442865 0)
(0.000107172 -0.0400129 0)
(-0.000562554 -0.0433036 0)
(-0.00166603 -0.0468727 0)
(0.000468548 -0.0473039 0)
(8.01691e-05 -0.0464871 0)
(-0.00143217 -0.0477218 0)
(-0.00153088 -0.0489665 0)
(-0.000455913 -0.0500303 0)
(0.00103272 -0.0479088 0)
(0.00073692 -0.0500943 0)
(-0.000360974 -0.0469463 0)
(0.00115254 -0.0494652 0)
(7.95185e-05 -0.0507113 0)
(0.000160585 -0.0524107 0)
(0.000774608 -0.0513732 0)
(0.000516063 -0.0532697 0)
(0.000538965 -0.0540806 0)
(0.000505548 -0.053432 0)
(-0.0015659 -0.053946 0)
(-0.00300427 -0.0561445 0)
(9.72847e-05 -0.0534265 0)
(-0.000229448 -0.0534098 0)
(4.06085e-05 -0.0527831 0)
(-0.000180634 -0.0480709 0)
(0.00235568 -0.0503724 0)
(0.00261971 -0.0499541 0)
(0.000627911 -0.0484416 0)
(0.000203802 -0.0548636 0)
(-0.000473544 -0.0526449 0)
(0.000706207 -0.0533225 0)
(-0.000388296 -0.0519675 0)
(-0.00132311 -0.0539194 0)
(-0.00206439 -0.0533751 0)
(0.00263845 -0.0509921 0)
(0.00534757 -0.042825 0)
(0.0041796 -0.0464859 0)
(0.000926419 -0.0445986 0)
(0.000912083 -0.046628 0)
(0.00173962 -0.0480413 0)
(0.00109831 -0.0492979 0)
(0.000819298 -0.0509628 0)
(0.000336533 -0.0517305 0)
(-0.00157562 -0.0508574 0)
(-0.000357084 -0.0492606 0)
(0.000653133 -0.0500804 0)
(2.69797e-05 -0.0505562 0)
(-0.00029576 -0.0515297 0)
(-0.00090978 -0.0522061 0)
(-0.000765121 -0.0525507 0)
(-0.000307417 -0.0522162 0)
(0.000646105 -0.0508486 0)
(0.000855388 -0.0499537 0)
(0.000921329 -0.0480795 0)
(0.000194042 -0.0502308 0)
(-3.14155e-05 -0.0511116 0)
(0.000509099 -0.0516615 0)
(0.000171521 -0.0544452 0)
(0.000167151 -0.0515387 0)
(-0.000377308 -0.0518381 0)
(-0.000526605 -0.0503197 0)
(-0.000545953 -0.0488381 0)
(2.82334e-05 -0.0427113 0)
(5.64474e-05 -0.0447172 0)
(0.00117786 -0.0452567 0)
(0.000485551 -0.0470554 0)
(-0.000418497 -0.0474803 0)
(0.000369896 -0.0476166 0)
(-0.0004233 -0.0506971 0)
(0.000112932 -0.0505765 0)
(0.00181789 -0.0550549 0)
(0.00235175 -0.0509008 0)
(9.58592e-05 -0.0506387 0)
(0.000432075 -0.0523455 0)
(0.000178893 -0.053585 0)
(0.000945759 -0.0549341 0)
(0.00104177 -0.0546462 0)
(0.000778058 -0.0543139 0)
(0.000413719 -0.0528626 0)
(0.000791723 -0.0528925 0)
(-0.000384908 -0.0531013 0)
(-0.000249976 -0.0546081 0)
(-0.00192002 -0.0546803 0)
(-0.000344742 -0.0543367 0)
(-0.000562687 -0.0556847 0)
(-0.000679954 -0.0554693 0)
(-4.88404e-06 -0.0555069 0)
(0.000100161 -0.0538462 0)
(0.00239262 -0.0516545 0)
(0.000333593 -0.0516559 0)
(-0.000435559 -0.0528392 0)
(-0.000341343 -0.0521005 0)
(-0.00165534 -0.0553031 0)
(-0.00190945 -0.0532098 0)
(0.000563938 -0.0502213 0)
(0.00190032 -0.0437232 0)
(0.00403525 -0.0450102 0)
(0.00239915 -0.0456291 0)
(0.00164259 -0.045081 0)
(0.0011015 -0.0477749 0)
(0.000475337 -0.0485366 0)
(0.000917705 -0.049501 0)
(0.000754967 -0.0491443 0)
(0.000645247 -0.0492903 0)
(-0.000960337 -0.0467007 0)
(0.000982005 -0.0486502 0)
(-0.00125845 -0.0507736 0)
(-8.25831e-05 -0.0519255 0)
(-0.000247933 -0.0540406 0)
(-0.000501698 -0.0549708 0)
(-0.000521254 -0.0557466 0)
(-0.00056671 -0.0551972 0)
(5.07946e-05 -0.0521019 0)
(0.00126951 -0.0513186 0)
(7.0195e-05 -0.051086 0)
(0.000993714 -0.0523808 0)
(0.00086569 -0.0505069 0)
(8.77305e-05 -0.0508568 0)
(0.000255374 -0.0505523 0)
(0.000477934 -0.0501841 0)
(-0.000644395 -0.0485044 0)
(-0.000549241 -0.0488935 0)
(-0.00127382 -0.0487648 0)
(-0.000280927 -0.0468994 0)
(0.000211991 -0.0485329 0)
(-0.000297437 -0.0499549 0)
(-0.000249885 -0.0488038 0)
(0.00160728 -0.0500033 0)
(-0.000786351 -0.0523293 0)
(-0.0011678 -0.0546858 0)
(-0.0012239 -0.0566518 0)
(0.00315098 -0.0532967 0)
(0.00188065 -0.0539525 0)
(0.00125144 -0.0574822 0)
(0.00106942 -0.0568962 0)
(0.000708488 -0.0567848 0)
(0.0010108 -0.0564724 0)
(0.000732985 -0.0560541 0)
(0.000614066 -0.054952 0)
(0.00027335 -0.0544564 0)
(-0.000223881 -0.0547616 0)
(-0.00129998 -0.0534616 0)
(-0.00130293 -0.051827 0)
(0.00105793 -0.0540797 0)
(-0.000801466 -0.0570291 0)
(-0.000689994 -0.0554048 0)
(1.74505e-05 -0.0571816 0)
(0.00221547 -0.0556902 0)
(0.000654305 -0.0498099 0)
(0.000412737 -0.0547935 0)
(7.4498e-05 -0.0526813 0)
(0.000462503 -0.0514702 0)
(-0.000800841 -0.0501035 0)
(-0.00114248 -0.0529394 0)
(-0.00111004 -0.0534409 0)
(0.00163542 -0.0481757 0)
(0.00318991 -0.0483887 0)
(0.00293542 -0.0467135 0)
(0.00281083 -0.046415 0)
(0.00234814 -0.0462944 0)
(0.00131628 -0.048462 0)
(0.00127771 -0.0496185 0)
(-4.8118e-05 -0.0479635 0)
(0.00100606 -0.0493707 0)
(-0.000719303 -0.0511767 0)
(-0.00238238 -0.0505583 0)
(0.00129177 -0.0517348 0)
(-0.000173456 -0.0515569 0)
(0.00106301 -0.0553337 0)
(0.00143256 -0.0538011 0)
(0.000308345 -0.055166 0)
(0.000593404 -0.0520608 0)
(0.00079137 -0.052081 0)
(0.000861703 -0.0471928 0)
(0.0022962 -0.0500984 0)
(0.000392183 -0.050313 0)
(-9.6614e-05 -0.050116 0)
(0.000596755 -0.0487193 0)
(-0.000534881 -0.047212 0)
(0.000121255 -0.0452633 0)
(-0.000944038 -0.0439334 0)
(-0.000143929 -0.043451 0)
(0.000741276 -0.0438189 0)
(2.24381e-05 -0.0437861 0)
(0.000974698 -0.0446141 0)
(0.00128036 -0.0459651 0)
(0.000325768 -0.0482718 0)
(-0.000191728 -0.0522121 0)
(0.000377157 -0.0543042 0)
(-0.000968207 -0.0575678 0)
(-0.000565844 -0.0570177 0)
(0.00185231 -0.0557051 0)
(0.00100904 -0.0567756 0)
(0.000773069 -0.0577069 0)
(0.000894438 -0.0569624 0)
(0.000973838 -0.0570763 0)
(-0.00075255 -0.0535746 0)
(0.000284285 -0.0543644 0)
(0.00132937 -0.0544165 0)
(0.000360703 -0.0541187 0)
(0.000752224 -0.0544733 0)
(-0.000936281 -0.0543056 0)
(-0.000776807 -0.0544708 0)
(-0.000968462 -0.0545349 0)
(-0.00112862 -0.0529843 0)
(-0.000134093 -0.053664 0)
(-0.00121308 -0.0560534 0)
(-0.00015342 -0.0576423 0)
(-0.00196408 -0.0560132 0)
(9.52437e-05 -0.0549332 0)
(0.00166909 -0.0522943 0)
(4.68731e-05 -0.0512157 0)
(-0.000481199 -0.0490067 0)
(-0.00082286 -0.052113 0)
(-0.00131161 -0.0483398 0)
(3.03432e-05 -0.0503908 0)
(0.00244483 -0.0500809 0)
(0.00370382 -0.0450897 0)
(0.00350872 -0.046801 0)
(0.00408285 -0.0485348 0)
(0.00346323 -0.0481099 0)
(0.00238903 -0.0482911 0)
(0.00178772 -0.0468681 0)
(-0.000995176 -0.0507285 0)
(-0.00200811 -0.0505837 0)
(-0.000453772 -0.0516102 0)
(0.000258844 -0.051919 0)
(0.000962166 -0.0526613 0)
(0.000989124 -0.0529653 0)
(-0.000165915 -0.0515979 0)
(-0.00109206 -0.0522632 0)
(-0.000428504 -0.0538239 0)
(0.000500174 -0.0508135 0)
(0.000196321 -0.0511668 0)
(0.000725528 -0.0485755 0)
(0.000634043 -0.0491191 0)
(0.000870679 -0.0483566 0)
(0.00045387 -0.0495466 0)
(0.000424889 -0.0489085 0)
(0.000581113 -0.0474097 0)
(-0.000109487 -0.0463483 0)
(-4.74042e-05 -0.0466066 0)
(0.000974226 -0.0456327 0)
(0.00231625 -0.0444122 0)
(0.00063987 -0.045575 0)
(0.00343352 -0.0480043 0)
(0.00251666 -0.0486884 0)
(0.00162686 -0.0486128 0)
(0.00268481 -0.0523455 0)
(3.99047e-05 -0.0529884 0)
(0.00128089 -0.0579841 0)
(5.10707e-05 -0.0566085 0)
(-5.87819e-06 -0.0583972 0)
(0.000734486 -0.0576478 0)
(-0.000439773 -0.0569825 0)
(0.00163323 -0.0559058 0)
(0.000462061 -0.0550301 0)
(-0.000845227 -0.053865 0)
(-0.00187128 -0.0543119 0)
(-0.000806092 -0.0550611 0)
(-0.000750802 -0.0546665 0)
(-0.000282205 -0.0549155 0)
(-0.00029651 -0.054098 0)
(-0.000316202 -0.0524076 0)
(-8.20751e-05 -0.0531531 0)
(-0.000385004 -0.0539947 0)
(-4.29855e-05 -0.054073 0)
(-0.00199539 -0.056665 0)
(-0.00342533 -0.0547272 0)
(-0.00127707 -0.0502794 0)
(-0.000799524 -0.04991 0)
(0.000173496 -0.0518901 0)
(0.00106724 -0.0494396 0)
(-0.00110772 -0.0466369 0)
(0.000549582 -0.0489267 0)
(2.27792e-05 -0.0519979 0)
(0.000731059 -0.0519156 0)
(0.00298753 -0.0461699 0)
(0.00194781 -0.0480017 0)
(0.00342854 -0.0445664 0)
(0.00227069 -0.044376 0)
(0.00217745 -0.0443493 0)
(0.00232034 -0.0447148 0)
(-4.01562e-05 -0.0501667 0)
(-0.00206131 -0.0515656 0)
(0.000730374 -0.0537556 0)
(0.000623387 -0.0535555 0)
(0.000524367 -0.0514622 0)
(-0.000179257 -0.0499326 0)
(-0.00122243 -0.0503126 0)
(-0.00116244 -0.0507214 0)
(-0.0010324 -0.0504544 0)
(-0.001093 -0.0505668 0)
(-0.00010156 -0.0505165 0)
(0.000412847 -0.0497417 0)
(1.96129e-05 -0.0492638 0)
(0.000911811 -0.050259 0)
(0.000302691 -0.0482862 0)
(-0.00041283 -0.0482681 0)
(-0.000755629 -0.0506065 0)
(-0.000436056 -0.0509673 0)
(-0.000496023 -0.0547573 0)
(-0.00131942 -0.0535065 0)
(-0.00102607 -0.0556564 0)
(0.000240017 -0.0554817 0)
(0.00117218 -0.0550035 0)
(0.00224877 -0.0530078 0)
(0.00203828 -0.0522111 0)
(-0.00181919 -0.0507499 0)
(0.00253581 -0.0536011 0)
(0.00108407 -0.054525 0)
(0.000524103 -0.0594383 0)
(0.00101951 -0.056478 0)
(0.0005573 -0.0575344 0)
(0.000815484 -0.0567011 0)
(0.000580219 -0.0556649 0)
(-0.00012327 -0.0535236 0)
(-0.00102181 -0.053514 0)
(-0.00102906 -0.0525772 0)
(-0.0034502 -0.0532887 0)
(-0.000739521 -0.053082 0)
(7.71998e-05 -0.0553642 0)
(-0.000372283 -0.0528747 0)
(3.63323e-05 -0.0542813 0)
(-0.00056622 -0.0561274 0)
(0.000411696 -0.0571203 0)
(-0.00038218 -0.0541847 0)
(0.000343156 -0.0551659 0)
(-0.0051063 -0.0533624 0)
(-0.000551861 -0.0503629 0)
(-0.00100465 -0.0498566 0)
(-0.00204145 -0.0504963 0)
(0.000356032 -0.0489821 0)
(5.13696e-05 -0.0487824 0)
(0.000284916 -0.0498985 0)
(-0.000324798 -0.0501309 0)
(-2.24516e-05 -0.055898 0)
(-0.000537651 -0.0527562 0)
(-3.98453e-05 -0.0519169 0)
(0.00054034 -0.0500111 0)
(-0.00026922 -0.0464398 0)
(0.00207103 -0.0414859 0)
(0.00322034 -0.0424659 0)
(0.000885476 -0.0435455 0)
(-0.000837406 -0.0465088 0)
(0.00180377 -0.051128 0)
(0.00120253 -0.0522345 0)
(0.000509599 -0.0520518 0)
(0.000932085 -0.0523489 0)
(-6.29901e-06 -0.0519276 0)
(-0.000902307 -0.0501113 0)
(-0.00119071 -0.0504799 0)
(-0.000674587 -0.0539749 0)
(-0.000961571 -0.0523987 0)
(-0.000460735 -0.0525324 0)
(0.000658435 -0.0514783 0)
(0.000873828 -0.0497603 0)
(0.00144914 -0.0488097 0)
(-6.33131e-06 -0.0496361 0)
(-0.000166745 -0.0511457 0)
(0.000623247 -0.0504838 0)
(0.000125795 -0.0492016 0)
(-0.000472735 -0.0535247 0)
(-0.00071936 -0.0573108 0)
(-0.00219381 -0.0591978 0)
(0.000136498 -0.0592683 0)
(0.00252809 -0.0564232 0)
(0.00259116 -0.0517634 0)
(0.00275371 -0.050331 0)
(0.000105103 -0.053622 0)
(-0.00107746 -0.0554349 0)
(-0.000178273 -0.0565289 0)
(0.000545357 -0.0561761 0)
(0.000961905 -0.0569848 0)
(0.000224052 -0.0539109 0)
(-0.00127848 -0.0518089 0)
(-0.00102465 -0.0496737 0)
(-0.00118464 -0.0471369 0)
(-0.000268383 -0.049107 0)
(-0.000152348 -0.0533809 0)
(0.000635762 -0.0532836 0)
(8.78928e-05 -0.0547292 0)
(-0.000173696 -0.0540906 0)
(0.000144449 -0.0542797 0)
(-6.11875e-05 -0.056031 0)
(7.39424e-06 -0.0566802 0)
(-0.000501297 -0.055513 0)
(-0.00220062 -0.0509432 0)
(-0.00224612 -0.0531089 0)
(-0.0049654 -0.052242 0)
(0.000832896 -0.0487229 0)
(-0.000374929 -0.0502306 0)
(-0.000777266 -0.0490196 0)
(0.000433107 -0.047611 0)
(-4.76242e-05 -0.0480469 0)
(4.27074e-05 -0.0499022 0)
(0.000401997 -0.0514949 0)
(-0.0004994 -0.0525553 0)
(0.00035855 -0.0547514 0)
(0.00137673 -0.0531655 0)
(0.0006987 -0.0544848 0)
(-0.000763948 -0.0540354 0)
(0.0021831 -0.0428984 0)
(0.00280469 -0.0441627 0)
(0.00383895 -0.044674 0)
(0.00469401 -0.0492987 0)
(0.00350782 -0.0485124 0)
(0.000897702 -0.0469787 0)
(0.000693247 -0.0486786 0)
(0.000261038 -0.0525904 0)
(0.000405656 -0.0515344 0)
(-0.00144619 -0.05209 0)
(-0.000330195 -0.0530677 0)
(0.00161097 -0.0541457 0)
(0.0027786 -0.054042 0)
(0.00050515 -0.0553324 0)
(0.000129588 -0.0538416 0)
(0.000311437 -0.0517403 0)
(-0.000274155 -0.0523947 0)
(-0.000972583 -0.0523137 0)
(-0.000556659 -0.0518846 0)
(0.000218737 -0.0522071 0)
(-0.000851936 -0.0531405 0)
(0.00102714 -0.0544701 0)
(0.00103602 -0.0548835 0)
(0.00104615 -0.0566321 0)
(0.00170541 -0.055734 0)
(-0.000615921 -0.0523588 0)
(0.00246925 -0.0537407 0)
(0.000114833 -0.0548694 0)
(0.00169558 -0.0539316 0)
(0.000605898 -0.0504267 0)
(0.000316586 -0.0494878 0)
(0.000738057 -0.0478201 0)
(0.00127524 -0.0483773 0)
(0.0011296 -0.0494471 0)
(-0.00281769 -0.0504694 0)
(-0.000440931 -0.0477547 0)
(-0.000566504 -0.0472185 0)
(-0.000116962 -0.0496844 0)
(0.000751768 -0.0527641 0)
(0.000769114 -0.0542224 0)
(0.000323755 -0.0548113 0)
(0.000258641 -0.0534645 0)
(0.000386304 -0.0543581 0)
(0.000916092 -0.0554047 0)
(0.00357412 -0.0550801 0)
(-0.000414855 -0.0528889 0)
(-0.00411459 -0.0482578 0)
(-0.00409915 -0.0460003 0)
(-0.00475518 -0.0540052 0)
(0.000668143 -0.0509586 0)
(-0.00092354 -0.051308 0)
(-0.00027677 -0.0504041 0)
(-0.000108169 -0.0498043 0)
(0.000343737 -0.0500592 0)
(-0.000490902 -0.0546089 0)
(-0.000406307 -0.0531146 0)
(-6.04818e-05 -0.0551828 0)
(-0.000918957 -0.0543385 0)
(-0.00016104 -0.0518737 0)
(-1.7678e-05 -0.054316 0)
(-0.00104958 -0.0530668 0)
(0.00215819 -0.0523115 0)
(0.00173075 -0.0486186 0)
(0.00369305 -0.0491097 0)
(0.00224942 -0.0483018 0)
(0.00160241 -0.045551 0)
(0.000362701 -0.0445473 0)
(-0.000216535 -0.0477911 0)
(0.000625107 -0.0508231 0)
(-0.000156034 -0.0519298 0)
(-0.000727808 -0.0545509 0)
(0.000342807 -0.0546699 0)
(-0.000117202 -0.0552361 0)
(-0.000585101 -0.0528863 0)
(0.000275008 -0.0508288 0)
(-0.000307669 -0.050259 0)
(-0.00111182 -0.0508624 0)
(-0.000977722 -0.0512461 0)
(-0.000985422 -0.0518693 0)
(-0.00124908 -0.0535141 0)
(-0.000298622 -0.0546884 0)
(0.00147779 -0.0550279 0)
(0.00160338 -0.053147 0)
(0.00119256 -0.0544879 0)
(-9.66273e-05 -0.0526884 0)
(0.000656448 -0.0551411 0)
(0.000423037 -0.0535973 0)
(-0.00108827 -0.0527125 0)
(0.000715792 -0.0500981 0)
(0.000669657 -0.0497425 0)
(0.000444201 -0.0497758 0)
(-0.000454451 -0.0470726 0)
(-0.000359725 -0.0486087 0)
(0.000317542 -0.0501431 0)
(-0.000105928 -0.0487179 0)
(0.00244456 -0.0478078 0)
(-0.000486608 -0.0509535 0)
(-0.000211963 -0.0520111 0)
(-0.000520306 -0.0528222 0)
(0.000963771 -0.0510641 0)
(-0.000778318 -0.0527104 0)
(-0.000157522 -0.0542595 0)
(0.00102623 -0.0541808 0)
(-2.00716e-05 -0.0519086 0)
(0.000636912 -0.0494461 0)
(-0.00111702 -0.0504525 0)
(-0.00203509 -0.0481885 0)
(-0.00384372 -0.0456575 0)
(-0.000209537 -0.0491684 0)
(-0.0020887 -0.0518113 0)
(-0.000244833 -0.0525427 0)
(-0.000454386 -0.0532131 0)
(0.00091979 -0.0528321 0)
(-0.000948575 -0.0533848 0)
(0.000839036 -0.0542449 0)
(0.00043018 -0.0534622 0)
(-0.00216999 -0.0570428 0)
(-6.94565e-05 -0.0567897 0)
(-4.90447e-05 -0.049907 0)
(-0.000356237 -0.0500899 0)
(1.94237e-05 -0.0510923 0)
(0.0012614 -0.0486532 0)
(0.00101915 -0.048037 0)
(-0.000804925 -0.0472061 0)
(-0.000148144 -0.0461431 0)
(-0.000577612 -0.04401 0)
(-0.00127571 -0.0435737 0)
(-0.000262678 -0.047694 0)
(-0.00011908 -0.0494802 0)
(-6.19098e-05 -0.0516543 0)
(0.000936704 -0.0530205 0)
(0.00210811 -0.051002 0)
(0.000188939 -0.0496239 0)
(-0.000126915 -0.0470751 0)
(-0.000388825 -0.0490866 0)
(-0.000745195 -0.0506636 0)
(-0.000927424 -0.0516778 0)
(-0.0014059 -0.0518896 0)
(0.000298042 -0.0533682 0)
(0.000953003 -0.0529802 0)
(0.000535176 -0.052559 0)
(0.00140376 -0.0542702 0)
(0.00168123 -0.0538638 0)
(0.000385723 -0.0541823 0)
(-0.000738308 -0.0518844 0)
(-0.000259567 -0.0507518 0)
(0.00035145 -0.0484218 0)
(0.00141431 -0.0471457 0)
(-0.000314303 -0.0477332 0)
(0.000763489 -0.0469682 0)
(-0.00222397 -0.0446501 0)
(-0.00106968 -0.0460788 0)
(-0.000456952 -0.0463106 0)
(-0.000283402 -0.0457938 0)
(0.000777364 -0.0436554 0)
(-2.95994e-05 -0.0471066 0)
(-0.000928573 -0.0503689 0)
(-0.000274909 -0.0524506 0)
(-0.000851558 -0.0532405 0)
(0.00163568 -0.0538923 0)
(0.00202825 -0.05125 0)
(0.0022543 -0.0553164 0)
(-0.000323146 -0.0557085 0)
(-0.00130424 -0.0559563 0)
(-0.00408028 -0.0540867 0)
(-0.00532542 -0.051628 0)
(-0.00518069 -0.0505377 0)
(-0.0050612 -0.0514019 0)
(-0.00286048 -0.0508479 0)
(-0.000101615 -0.05215 0)
(0.000443362 -0.0519036 0)
(-0.000154109 -0.0544644 0)
(0.000703506 -0.0534134 0)
(7.11575e-05 -0.0540278 0)
(-7.76955e-05 -0.0544587 0)
(-0.000739569 -0.0546677 0)
(5.69685e-05 -0.0565543 0)
(0.000231317 -0.0543104 0)
(0.000186325 -0.0503054 0)
(-0.000324517 -0.0493916 0)
(-0.000676737 -0.0499536 0)
(-0.000344454 -0.0468044 0)
(-0.000172323 -0.0466175 0)
(-0.000674502 -0.0501759 0)
(-0.000568035 -0.049507 0)
(-0.000189013 -0.0474528 0)
(0.000671561 -0.0469463 0)
(0.0013631 -0.0459857 0)
(0.000323273 -0.0445815 0)
(0.00267509 -0.0485182 0)
(0.00178667 -0.0498657 0)
(0.000416143 -0.0499712 0)
(0.000266057 -0.0478752 0)
(0.000442613 -0.0466317 0)
(-0.00143127 -0.0477942 0)
(-0.0010681 -0.0503433 0)
(3.98337e-05 -0.0526985 0)
(0.000695453 -0.0531015 0)
(0.00294469 -0.0517364 0)
(0.00260967 -0.0522446 0)
(0.00223683 -0.0554704 0)
(-0.000620605 -0.0562166 0)
(0.000482365 -0.0518117 0)
(-0.000126626 -0.0507566 0)
(-0.00112335 -0.0486666 0)
(-0.000936838 -0.0470989 0)
(-0.000309846 -0.0468134 0)
(0.000887033 -0.0468344 0)
(0.000478583 -0.0466663 0)
(4.17462e-05 -0.0467132 0)
(0.000138348 -0.0467773 0)
(0.000158812 -0.0449718 0)
(0.000925754 -0.0437196 0)
(0.00011344 -0.0449034 0)
(0.00125152 -0.0466766 0)
(-0.00273244 -0.0489242 0)
(0.000261345 -0.0538028 0)
(-0.000233025 -0.0499497 0)
(0.000409249 -0.050775 0)
(0.000381999 -0.0531896 0)
(0.00024124 -0.052261 0)
(0.000404616 -0.0521105 0)
(-0.00104732 -0.0514192 0)
(-0.000189902 -0.0535543 0)
(-0.00298154 -0.0553556 0)
(-0.00356953 -0.0556775 0)
(-0.00506469 -0.0520108 0)
(-0.00429408 -0.0526617 0)
(-0.00302074 -0.0488488 0)
(-0.000489011 -0.0501177 0)
(-0.000445419 -0.0498802 0)
(-0.000189246 -0.0505303 0)
(0.000128859 -0.0477227 0)
(5.26883e-05 -0.0494968 0)
(0.000416112 -0.051942 0)
(0.000228534 -0.0530639 0)
(0.000556804 -0.0533018 0)
(0.00052656 -0.0541161 0)
(0.000841065 -0.0523617 0)
(-0.00378703 -0.0501797 0)
(-0.00192301 -0.0520905 0)
(-0.00136414 -0.0528329 0)
(-0.000442657 -0.0510249 0)
(-0.000259762 -0.0500507 0)
(0.000339539 -0.049768 0)
(0.000202848 -0.050297 0)
(0.00137995 -0.0478085 0)
(0.0011079 -0.0496081 0)
(0.00118482 -0.0470452 0)
(0.000740109 -0.0447106 0)
(0.00063619 -0.0444621 0)
(-0.00032621 -0.0419645 0)
(-0.000396138 -0.0419949 0)
(0.00074791 -0.0444772 0)
(-6.39683e-05 -0.0447456 0)
(0.000189559 -0.045126 0)
(0.0001886 -0.0487856 0)
(2.31871e-05 -0.0519068 0)
(0.000857633 -0.0554952 0)
(0.00145302 -0.0507224 0)
(0.00131483 -0.0529527 0)
(0.000982464 -0.0494746 0)
(0.000934009 -0.0485602 0)
(0.000646401 -0.0494486 0)
(-0.000535385 -0.0464987 0)
(-0.00184694 -0.0450924 0)
(0.00111364 -0.0469231 0)
(-0.00147157 -0.0472947 0)
(-0.000988779 -0.0489805 0)
(-0.000285252 -0.049255 0)
(0.000149622 -0.0499428 0)
(-0.000162827 -0.0508226 0)
(-3.88742e-05 -0.0508859 0)
(-7.58677e-05 -0.0506843 0)
(0.000887349 -0.0498541 0)
(0.00132545 -0.046477 0)
(-0.000245949 -0.0474257 0)
(-1.21622e-05 -0.0490537 0)
(0.000266968 -0.0495036 0)
(-7.20478e-05 -0.0504181 0)
(-2.80077e-05 -0.0489071 0)
(0.00100203 -0.0499843 0)
(0.000855795 -0.0504086 0)
(0.00062091 -0.052028 0)
(0.00109917 -0.0526667 0)
(0.00165431 -0.0537131 0)
(-0.00436406 -0.0540366 0)
(-0.00547502 -0.0513972 0)
(-0.00489718 -0.0465923 0)
(-0.0043395 -0.0485962 0)
(-0.00044899 -0.0508351 0)
(0.00094225 -0.049645 0)
(-0.00100558 -0.0489689 0)
(-0.00134729 -0.0483905 0)
(0.000256479 -0.0491706 0)
(-0.000353721 -0.0514737 0)
(0.00204797 -0.0503127 0)
(0.000856127 -0.0509505 0)
(-0.00158396 -0.0485791 0)
(0.0012936 -0.0467813 0)
(-0.000175729 -0.0506032 0)
(-0.000575445 -0.0505006 0)
(-0.000444427 -0.0527213 0)
(0.0021397 -0.0580527 0)
(0.000715598 -0.0564024 0)
(0.00113975 -0.0555454 0)
(-0.000200242 -0.0503633 0)
(0.000719474 -0.0498689 0)
(8.2726e-05 -0.0499231 0)
(0.000148032 -0.0499901 0)
(0.00117748 -0.0463448 0)
(5.45683e-05 -0.0467647 0)
(0.000643108 -0.0445518 0)
(-0.000898303 -0.0443075 0)
(0.00128115 -0.0448235 0)
(0.002012 -0.0453904 0)
(-0.000402379 -0.0484295 0)
(-5.56605e-05 -0.0485589 0)
(0.000742728 -0.0520583 0)
(0.000202403 -0.0531375 0)
(0.00114359 -0.0532011 0)
(0.00149819 -0.0523141 0)
(0.000296731 -0.0498173 0)
(0.000178496 -0.0478818 0)
(-0.000369689 -0.0480606 0)
(-0.000541249 -0.0453242 0)
(-0.00154878 -0.044207 0)
(-0.00442413 -0.0463539 0)
(-0.00059359 -0.0464344 0)
(-0.000828424 -0.0456726 0)
(0.000700555 -0.0470155 0)
(0.000661339 -0.0478761 0)
(-0.000415461 -0.0505855 0)
(-0.000419876 -0.0530614 0)
(0.000792734 -0.0566687 0)
(-0.000396662 -0.057154 0)
(0.000119732 -0.0522915 0)
(-0.00027455 -0.0501477 0)
(0.00141911 -0.0464267 0)
(0.00038044 -0.0494872 0)
(7.51522e-07 -0.0497959 0)
(0.00159746 -0.0484402 0)
(0.000386023 -0.0499416 0)
(0.00117857 -0.0501555 0)
(0.00224418 -0.0512107 0)
(0.00244169 -0.05093 0)
(0.00148534 -0.0510865 0)
(-0.00477383 -0.0510235 0)
(-0.00526416 -0.0522359 0)
(-0.0049549 -0.0508844 0)
(-0.00344441 -0.0537273 0)
(-0.000562699 -0.0512976 0)
(-0.000626524 -0.0511135 0)
(-0.00130415 -0.0494579 0)
(-0.00139335 -0.0491858 0)
(-0.00146885 -0.0498969 0)
(0.000902304 -0.0483765 0)
(0.00151125 -0.0474301 0)
(0.00145998 -0.047199 0)
(-0.0012793 -0.0484913 0)
(0.00042595 -0.0503601 0)
(-0.000427963 -0.0490439 0)
(-0.000356755 -0.0491429 0)
(0.000786117 -0.0529882 0)
(0.000210193 -0.0581649 0)
(-1.57629e-05 -0.0566239 0)
(-0.000568874 -0.055971 0)
(0.000453215 -0.0521362 0)
(0.000881714 -0.0548235 0)
(-0.000223089 -0.0547854 0)
(-0.00025478 -0.0526398 0)
(-3.13012e-05 -0.052327 0)
(-0.000427459 -0.0507359 0)
(0.000482606 -0.0498846 0)
(0.000116122 -0.0504419 0)
(0.00174673 -0.0508081 0)
(0.00319687 -0.0481203 0)
(0.00336661 -0.046928 0)
(0.00087162 -0.0484337 0)
(9.35075e-05 -0.0500982 0)
(0.00030862 -0.0508 0)
(-8.64502e-05 -0.0506279 0)
(-0.000343628 -0.0490488 0)
(3.66692e-05 -0.0486298 0)
(0.000304226 -0.0480486 0)
(-0.000668691 -0.048577 0)
(-0.00043867 -0.0442124 0)
(-0.00128264 -0.0463761 0)
(-0.000860392 -0.0463624 0)
(0.000141544 -0.0463082 0)
(0.00194644 -0.0461636 0)
(0.00250621 -0.0427374 0)
(0.00427929 -0.0439055 0)
(0.00160602 -0.0496921 0)
(2.64915e-06 -0.051367 0)
(0.000565046 -0.0533997 0)
(0.000126412 -0.0566901 0)
(-5.56113e-05 -0.0573962 0)
(0.000321972 -0.0553608 0)
(0.000455986 -0.0534855 0)
(0.000340456 -0.0532624 0)
(0.00118573 -0.0509457 0)
(0.000783821 -0.0505849 0)
(0.00161493 -0.0507267 0)
(0.00149471 -0.0491621 0)
(0.00212688 -0.0492647 0)
(0.000373112 -0.0495472 0)
(0.0014284 -0.0487615 0)
(-0.00299451 -0.0509614 0)
(-0.00488188 -0.0521767 0)
(-0.005723 -0.0494818 0)
(-0.00316256 -0.0512976 0)
(-0.000627869 -0.0530787 0)
(-0.000168549 -0.0512686 0)
(0.000213856 -0.0499375 0)
(-0.000660877 -0.0493132 0)
(5.69125e-05 -0.0508963 0)
(2.39478e-05 -0.0512617 0)
(0.000931234 -0.0507919 0)
(0.000305747 -0.0518041 0)
(0.00147431 -0.053196 0)
(-0.000680784 -0.0526972 0)
(-0.000109569 -0.0513008 0)
(0.000433932 -0.0498169 0)
(0.000498918 -0.0551723 0)
(0.000138607 -0.0549635 0)
(0.000996959 -0.0557604 0)
(-0.000209007 -0.0540585 0)
(-0.000302788 -0.0556122 0)
(0.00222187 -0.0560047 0)
(-0.000100417 -0.0534527 0)
(-0.000422186 -0.0538243 0)
(-0.000264519 -0.0530751 0)
(-0.000774659 -0.0518495 0)
(0.000367483 -0.0478231 0)
(0.000701961 -0.049433 0)
(0.00220473 -0.0494092 0)
(0.00222481 -0.0520898 0)
(0.00165955 -0.0477981 0)
(0.00196641 -0.0482258 0)
(8.88288e-05 -0.0496006 0)
(-1.02553e-05 -0.0485158 0)
(0.000942861 -0.0480761 0)
(-0.000171837 -0.0481466 0)
(0.00153261 -0.0481111 0)
(0.000518774 -0.0492972 0)
(-0.00183857 -0.0467018 0)
(-0.00141622 -0.0489388 0)
(-0.00229808 -0.0494829 0)
(-0.00507601 -0.0487814 0)
(-0.0033911 -0.0510441 0)
(0.00407645 -0.0501225 0)
(0.00361503 -0.0471398 0)
(0.00426093 -0.046984 0)
(0.00342857 -0.0440628 0)
(0.00466651 -0.0483272 0)
(0.00180522 -0.0480575 0)
(0.00175878 -0.0495739 0)
(0.000367712 -0.0543683 0)
(-0.00261139 -0.0526953 0)
(-0.000264749 -0.0547652 0)
(-1.83546e-05 -0.0552277 0)
(0.00160022 -0.0512567 0)
(0.00089754 -0.0518622 0)
(0.000990139 -0.0523644 0)
(0.000986004 -0.0505112 0)
(0.000836123 -0.0486488 0)
(0.001117 -0.0483536 0)
(0.000601942 -0.0479584 0)
(0.000344421 -0.0478111 0)
(0.00141231 -0.0489823 0)
(-0.00464305 -0.0498648 0)
(-0.00338547 -0.0497998 0)
(-0.000789701 -0.0542842 0)
(-0.000942661 -0.0539233 0)
(-4.73784e-05 -0.051539 0)
(-0.000507656 -0.0529996 0)
(9.59338e-05 -0.0525693 0)
(0.00061758 -0.0529963 0)
(0.00145675 -0.052946 0)
(-0.00209052 -0.0516099 0)
(-0.000964495 -0.0534581 0)
(0.00130173 -0.052504 0)
(0.00089374 -0.0516189 0)
(0.000786418 -0.0533895 0)
(-8.49017e-05 -0.0512104 0)
(0.000205099 -0.0519444 0)
(0.000491049 -0.0529515 0)
(-0.00108072 -0.0530572 0)
(-0.00121165 -0.0529084 0)
(-0.0011775 -0.0554734 0)
(-0.000355172 -0.0519622 0)
(-0.000796228 -0.0521774 0)
(-0.000805322 -0.0505336 0)
(0.000733683 -0.0478698 0)
(0.000573686 -0.0485937 0)
(0.00101906 -0.0497422 0)
(0.000927976 -0.0494931 0)
(0.00101386 -0.0493518 0)
(-0.000257743 -0.0488732 0)
(0.000921963 -0.0508295 0)
(0.000348531 -0.0475686 0)
(0.000869281 -0.0467294 0)
(0.000998295 -0.0458625 0)
(0.00185031 -0.049743 0)
(0.000944308 -0.0494539 0)
(-0.000778804 -0.0512298 0)
(-0.00290775 -0.0490892 0)
(-0.000870842 -0.0495342 0)
(-0.00152508 -0.051952 0)
(-0.00115921 -0.0513479 0)
(0.00100684 -0.0528452 0)
(-0.000411883 -0.0490536 0)
(-0.00214653 -0.047567 0)
(0.00185721 -0.0468462 0)
(0.00241335 -0.0481963 0)
(0.00393705 -0.0483698 0)
(0.00223991 -0.0439143 0)
(0.00073185 -0.0475832 0)
(-0.0014557 -0.0506559 0)
(-0.000794105 -0.0508548 0)
(0.000742807 -0.0551788 0)
(0.000906173 -0.0544022 0)
(0.000837128 -0.0536939 0)
(0.000183229 -0.0549965 0)
(-0.00218826 -0.0525632 0)
(-0.0019625 -0.0507199 0)
(-0.00279849 -0.0500004 0)
(-0.00176626 -0.0494187 0)
(-0.00130894 -0.0479269 0)
(-0.00237937 -0.047179 0)
(-0.000860317 -0.0501316 0)
(-0.00323312 -0.0498334 0)
(-0.0012802 -0.0529322 0)
(-0.000424147 -0.052722 0)
(-0.000957604 -0.0536392 0)
(0.000375457 -0.0532734 0)
(0.00245975 -0.0532592 0)
(0.000936806 -0.0511785 0)
(-7.8224e-05 -0.0524989 0)
(-0.00190981 -0.0521993 0)
(0.000183644 -0.0500819 0)
(0.00123086 -0.0493805 0)
(0.000870427 -0.0519559 0)
(0.000397102 -0.0513372 0)
(0.000265061 -0.0518314 0)
(-0.000361976 -0.0513452 0)
(-0.00119772 -0.0512923 0)
(-0.000868318 -0.0511389 0)
(-0.000667148 -0.0494629 0)
(-0.000603613 -0.0484948 0)
(-0.000360853 -0.0503238 0)
(-0.00231358 -0.050203 0)
(-0.000800236 -0.0501645 0)
(0.00108263 -0.0491779 0)
(-0.000298102 -0.0511138 0)
(-0.000164315 -0.0516482 0)
(-0.000107085 -0.0518633 0)
(-0.0002601 -0.0494255 0)
(-0.000321177 -0.0495959 0)
(-1.25973e-05 -0.0494691 0)
(0.000592953 -0.0471773 0)
(-5.3204e-05 -0.0461245 0)
(2.64047e-05 -0.0470696 0)
(0.000569846 -0.0482539 0)
(0.000575899 -0.0493717 0)
(0.000520338 -0.0498207 0)
(-0.000846654 -0.0488647 0)
(-0.00162563 -0.0481397 0)
(-0.00110004 -0.0480953 0)
(-0.000583924 -0.0493399 0)
(-0.00211479 -0.0525088 0)
(0.00191425 -0.0517816 0)
(0.00100955 -0.0500514 0)
(0.00184192 -0.049077 0)
(0.00210026 -0.0502395 0)
(0.000535995 -0.0481541 0)
(0.0002627 -0.0469228 0)
(6.68834e-05 -0.049618 0)
(0.00200231 -0.0483342 0)
(0.00420782 -0.0498371 0)
(0.00180857 -0.0519742 0)
(0.00174925 -0.0498153 0)
(0.00269944 -0.0522459 0)
(0.00175634 -0.051916 0)
(-0.00207564 -0.0491408 0)
(-0.000184 -0.0481934 0)
(-0.00137347 -0.0484676 0)
(-0.00151861 -0.0472323 0)
(-0.000784401 -0.0427855 0)
(-0.0029296 -0.0469686 0)
(-0.000825617 -0.0429387 0)
(0.000922873 -0.0457886 0)
(-0.000542449 -0.0495609 0)
(-0.00119844 -0.050138 0)
(-0.00028756 -0.0491549 0)
(0.000197362 -0.0485284 0)
(0.00146095 -0.0480135 0)
(0.00103439 -0.0513457 0)
(0.000166726 -0.0500678 0)
(-0.000114128 -0.0500216 0)
(0.00114519 -0.0481614 0)
(-0.000259578 -0.0457156 0)
(0.00218927 -0.0456404 0)
(0.000255488 -0.0486009 0)
(0.000627935 -0.0489549 0)
(0.00131223 -0.0507556 0)
(-0.000104648 -0.0499579 0)
(-8.43287e-05 -0.0505691 0)
(0.000530236 -0.0490707 0)
(4.24455e-05 -0.0474231 0)
(-9.87069e-05 -0.0487318 0)
(-0.00175255 -0.0506082 0)
(-0.00328109 -0.0510569 0)
(0.00060857 -0.0516062 0)
(-0.000111686 -0.0513108 0)
(0.000311847 -0.0507078 0)
(0.00118497 -0.050461 0)
(0.000497701 -0.0498992 0)
(-0.000885402 -0.0496724 0)
(-0.000217199 -0.0482568 0)
(-0.000901028 -0.0487763 0)
(0.00031246 -0.0469696 0)
(0.00076444 -0.0456661 0)
(0.00113919 -0.0467836 0)
(0.000885685 -0.0481808 0)
(0.000784411 -0.0471777 0)
(0.000380794 -0.0474864 0)
(-0.000463699 -0.0484401 0)
(-0.000750843 -0.0466504 0)
(-0.00146845 -0.0455414 0)
(-0.000851336 -0.0465352 0)
(0.0013011 -0.0465542 0)
(0.00212134 -0.0452914 0)
(0.00261793 -0.043917 0)
(0.00138303 -0.0474347 0)
(-0.00206915 -0.0480968 0)
(-0.00213739 -0.0471619 0)
(-0.00050382 -0.0446816 0)
(0.00194046 -0.0405227 0)
(0.000221871 -0.0399056 0)
(-0.00150819 -0.0404082 0)
(-0.00421987 -0.0409277 0)
(-0.00361074 -0.0412071 0)
(-0.00585949 -0.0393673 0)
(-0.00579192 -0.0397138 0)
(-0.00249757 -0.0412697 0)
(-0.000153071 -0.0421302 0)
(-0.000550282 -0.040879 0)
(-0.000220739 -0.0410165 0)
(0.000539991 -0.0448539 0)
(0.000692787 -0.0416415 0)
(0.00125211 -0.0473687 0)
(-5.87472e-05 -0.0470849 0)
(-0.00114702 -0.0459439 0)
(-0.000344409 -0.0459036 0)
(-0.000592238 -0.0461152 0)
(-0.000927353 -0.0457783 0)
(-0.000466494 -0.0453662 0)
(0.00142062 -0.0449018 0)
(-0.000761924 -0.0472137 0)
(0.000588567 -0.0469127 0)
(-0.000353046 -0.0468608 0)
(0.000482429 -0.0444735 0)
(0.0029791 -0.0432537 0)
(0.00156732 -0.0420771 0)
(0.000675038 -0.0450951 0)
(3.86198e-05 -0.0451549 0)
(4.2789e-06 -0.0440688 0)
(0.000433038 -0.0450539 0)
(5.17042e-05 -0.0444923 0)
(5.30509e-05 -0.0453812 0)
(0.00166594 -0.0459922 0)
(-0.00043549 -0.0452388 0)
(-5.34421e-05 -0.048039 0)
(-0.00129529 -0.0462505 0)
(0.000548747 -0.0460134 0)
(0.00116303 -0.0455956 0)
(0.00287613 -0.0449478 0)
(0.0011728 -0.0464491 0)
(-0.00203919 -0.0477059 0)
(-0.00104314 -0.0475163 0)
(-0.00112361 -0.047115 0)
(0.00172232 -0.0466337 0)
(0.00110704 -0.0452165 0)
(0.000642043 -0.0452732 0)
(0.00109318 -0.0440439 0)
(0.00124635 -0.0443927 0)
(0.000606516 -0.0442249 0)
(-0.000436407 -0.0443724 0)
(-0.00146332 -0.0453423 0)
(-0.00148967 -0.0437688 0)
(0.000324186 -0.040852 0)
(0.00195991 -0.0424762 0)
(0.0018729 -0.0396665 0)
(0.00155794 -0.0373454 0)
(0.0015248 -0.0419711 0)
(-0.00171253 -0.0412235 0)
(0.0021061 -0.0443618 0)
(0.000356512 -0.0418238 0)
(0.000489309 -0.0392794 0)
(-0.0014552 -0.037891 0)
(0.00116839 -0.0366416 0)
(0.00287892 -0.0358179 0)
(-0.000160633 -0.0363352 0)
(-0.0012869 -0.0353662 0)
(-0.00267068 -0.0379955 0)
(-0.00178437 -0.040484 0)
(-0.00101361 -0.0424565 0)
(-0.00142511 -0.0409855 0)
(-0.000792152 -0.0400233 0)
(-0.000547897 -0.0418221 0)
(0.000953288 -0.0418443 0)
(0.000198578 -0.0418281 0)
(0.00104988 -0.0420572 0)
(-0.00126266 -0.0455021 0)
(6.20758e-05 -0.0396097 0)
(-0.00039535 -0.0402517 0)
(0.000388398 -0.0394332 0)
(0.00106472 -0.037122 0)
(0.00118441 -0.0369236 0)
(0.00405156 -0.0363465 0)
(-0.00185517 -0.0413898 0)
(-0.000242082 -0.0438843 0)
(-0.000391053 -0.0435117 0)
(-0.00238954 -0.04286 0)
(-0.000427249 -0.0444988 0)
(0.00118167 -0.0420557 0)
(0.00058644 -0.0420213 0)
(-0.00094286 -0.04137 0)
(0.00113441 -0.0359228 0)
(0.000264477 -0.0357445 0)
(0.00018282 -0.0364073 0)
(-0.000613398 -0.0365065 0)
(-0.00032289 -0.0360456 0)
(-0.00243123 -0.0379863 0)
(-0.000629702 -0.0435289 0)
(-0.000332438 -0.0442712 0)
(0.001246 -0.0398669 0)
(0.00131643 -0.0393178 0)
(0.00026033 -0.0355177 0)
(-0.00142808 -0.0391298 0)
(-0.000952991 -0.0392627 0)
(-0.000840029 -0.0401014 0)
(-1.76027e-05 -0.0423424 0)
(-0.000948687 -0.0451025 0)
(-0.000893515 -0.042976 0)
(0.000407111 -0.0360392 0)
(0.000183133 -0.0347781 0)
(0.000616624 -0.0357164 0)
(-0.000346149 -0.0364239 0)
(0.000115464 -0.0383764 0)
(-0.000324009 -0.0386461 0)
(-0.00131855 -0.0407817 0)
(9.3588e-05 -0.0432269 0)
(0.00076629 -0.0340424 0)
(0.000911692 -0.0332444 0)
(0.00101561 -0.0315375 0)
(0.00041867 -0.0317391 0)
(0.000166746 -0.0385144 0)
(-0.00152059 -0.0359251 0)
(-0.00239732 -0.033223 0)
(0.000208132 -0.0319093 0)
(-0.00103429 -0.0301823 0)
(0.00185758 -0.0330827 0)
(0.00113223 -0.0320013 0)
(0.000584557 -0.0305616 0)
(-1.83571e-05 -0.029958 0)
(-0.00281343 -0.0323228 0)
(-0.000237311 -0.0342264 0)
(0.000201758 -0.0382028 0)
(-0.000535654 -0.0377477 0)
(-0.000604914 -0.0373922 0)
(-0.00112964 -0.0402379 0)
(-0.00131784 -0.0410669 0)
(0.000187418 -0.0336024 0)
(9.2161e-05 -0.0346431 0)
(0.0007883 -0.032838 0)
(-0.00315146 -0.0424371 0)
(0.00104938 -0.0365735 0)
(0.000372936 -0.0355574 0)
(-0.000306596 -0.0343972 0)
(0.000159824 -0.0343389 0)
(0.000624453 -0.03404 0)
(8.10662e-05 -0.0362349 0)
(-0.000226771 -0.0351637 0)
(-0.000245331 -0.0357506 0)
(-0.000237883 -0.0352444 0)
(-0.00135335 -0.0311733 0)
(6.95214e-05 -0.0347722 0)
(0.000262202 -0.0322193 0)
(0.000165862 -0.0301055 0)
(-0.000479638 -0.0306493 0)
(-0.00107691 -0.0314 0)
(-0.000484084 -0.0337607 0)
(-8.29138e-05 -0.0338054 0)
(0.000461674 -0.033047 0)
(0.0008185 -0.0328864 0)
(-0.000796566 -0.034124 0)
(0.00105261 -0.035834 0)
(0.00112353 -0.0338279 0)
(0.00108904 -0.0348948 0)
(0.0013397 -0.0355263 0)
(-0.000830041 -0.0321998 0)
(-0.00296873 -0.0297927 0)
(-0.000725793 -0.0359569 0)
(-0.000809885 -0.0349231 0)
(-0.00145062 -0.0337857 0)
(1.42247e-05 -0.0330014 0)
(0.000102422 -0.0303939 0)
(0.000369513 -0.0304002 0)
(0.00104175 -0.0308164 0)
(0.00015253 -0.0335227 0)
(-0.0010438 -0.0396731 0)
(-0.00145272 -0.0363031 0)
(-0.000885954 -0.03811 0)
(-0.000363029 -0.0348901 0)
(-0.000240292 -0.0333891 0)
(-0.000395093 -0.0310568 0)
(-0.000467841 -0.0324846 0)
(-0.000211124 -0.0314527 0)
(0.000812132 -0.031044 0)
(-0.000273902 -0.0302226 0)
(-0.00178557 -0.0299893 0)
(-0.00145355 -0.030216 0)
(0.000756503 -0.0327982 0)
(-0.000395458 -0.0324769 0)
(0.000501415 -0.0322217 0)
(0.000625906 -0.0319874 0)
(0.000457545 -0.0313335 0)
(-0.000554851 -0.0308941 0)
(-0.00138366 -0.032232 0)
(-0.000311248 -0.0339729 0)
(0.000333928 -0.0340372 0)
(-0.000277089 -0.0334959 0)
(-0.000265889 -0.0343175 0)
(-0.000715621 -0.0361864 0)
(-0.000306207 -0.0319636 0)
(0.000681198 -0.029575 0)
(0.00200487 -0.0306056 0)
(0.00374324 -0.030383 0)
(-0.00072406 -0.0352665 0)
(-1.06905e-05 -0.0342596 0)
)


// ************************************************************************* //
