/*--------------------------------*- C++ -*----------------------------------*\
  =========                 |
  \\      /  F ield         | OpenFOAM: The Open Source CFD Toolbox
   \\    /   O peration     | Website:  https://openfoam.org
    \\  /    A nd           | Version:  12
     \\/     M anipulation  |
\*---------------------------------------------------------------------------*/
FoamFile
{
    format      ascii;
    class       volScalarField::Internal;
    location    "0.15";
    object      cloud:UCoeff;
}
// * * * * * * * * * * * * * * * * * * * * * * * * * * * * * * * * * * * * * //

dimensions      [1 0 0 0 0 0 0];

value           nonuniform List<scalar> 
3750
(
5.7449e-08
5.76187e-08
5.84242e-08
0
5.72596e-08
6.01751e-08
5.64437e-08
1.33607e-07
6.00189e-08
6.03586e-08
0
5.42305e-08
5.84233e-08
5.68216e-08
5.67108e-08
5.72428e-08
5.51574e-08
1.38481e-07
5.71889e-08
5.53779e-08
5.78169e-08
5.79661e-08
7.95012e-09
1.15483e-07
5.64013e-08
5.78294e-08
5.50637e-08
5.71156e-08
5.83676e-08
5.86392e-08
5.79401e-08
6.16096e-08
6.18142e-08
6.09783e-08
5.88145e-08
5.78793e-08
5.76495e-08
1.34863e-07
5.67414e-08
6.0376e-08
2.24674e-08
1.9155e-08
5.81615e-08
5.89891e-08
5.86668e-08
5.63236e-08
5.78941e-08
5.95629e-08
5.83365e-08
5.84892e-08
5.88387e-08
0
5.45667e-08
6.08704e-08
5.33697e-08
5.39427e-08
1.36259e-07
5.96764e-08
6.12784e-08
6.38739e-08
6.02181e-08
5.97557e-08
6.06084e-08
6.04952e-08
6.06739e-08
6.1332e-08
5.69297e-08
0
5.75592e-08
5.28512e-08
5.73627e-08
0
0
0
0
5.59091e-08
5.7991e-08
5.57923e-08
5.65538e-08
5.83599e-08
5.81035e-08
5.65978e-08
5.38913e-08
5.55211e-08
5.49387e-08
5.39394e-08
4.98347e-08
5.65278e-08
5.39917e-08
5.17205e-08
5.62407e-08
5.72686e-08
5.70529e-08
5.69804e-08
5.43904e-08
5.32676e-08
5.4362e-08
5.57238e-08
5.70121e-08
5.90902e-08
5.5293e-08
5.72953e-08
5.61687e-08
5.55942e-08
5.5058e-08
5.40033e-08
1.43327e-07
5.55203e-08
6.09239e-08
1.02484e-08
8.82135e-08
2.31266e-08
4.46686e-08
5.49408e-08
5.54942e-08
5.59195e-08
5.65039e-08
5.71406e-08
5.47305e-08
5.57886e-08
5.66156e-08
5.27289e-08
5.03059e-08
5.5645e-08
1.02644e-07
7.79982e-08
5.64829e-08
5.28199e-08
5.32297e-08
5.42137e-08
5.62467e-08
4.9015e-08
4.88971e-08
5.22184e-08
5.66222e-08
0
5.58109e-08
5.72075e-08
5.40313e-08
5.53696e-08
1.41674e-07
5.25203e-08
5.63748e-08
0
0
0
0
0
0
0
5.65022e-08
5.75508e-08
5.72749e-08
1.08058e-07
7.91969e-08
5.77139e-08
5.50605e-08
5.17892e-08
5.39783e-08
5.44727e-08
5.48328e-08
5.80675e-08
5.78297e-08
5.32426e-08
5.31339e-08
5.82484e-08
0
1.4029e-07
5.75074e-08
5.39457e-08
5.24895e-08
5.43152e-08
5.60417e-08
5.90102e-08
1.61423e-08
1.06242e-07
5.55672e-08
5.44359e-08
5.64836e-08
5.89783e-08
5.55189e-08
5.32754e-08
5.25144e-08
6.07076e-08
2.85817e-08
1.00219e-08
5.63299e-08
5.53037e-08
5.54669e-08
5.47694e-08
5.50399e-08
5.56587e-08
1.02315e-07
7.86633e-08
5.57683e-08
5.43884e-08
5.51689e-08
5.55183e-08
5.84216e-08
5.54557e-08
5.60213e-08
5.58352e-08
4.97809e-08
5.2872e-08
5.66743e-08
5.49997e-08
5.8663e-08
0
1.44333e-07
5.53684e-08
5.57633e-08
5.4273e-08
1.38217e-07
5.82357e-08
5.41199e-08
5.28138e-08
1.44885e-08
3.0794e-08
0
0
0
0
0
0
0
1.97683e-08
1.05098e-07
7.73067e-08
5.68822e-08
5.63563e-08
5.67709e-08
5.10092e-08
5.19083e-08
5.45192e-08
5.4896e-08
5.39843e-08
1.38054e-07
5.94162e-08
0
5.40153e-08
5.56875e-08
5.28394e-08
4.81355e-08
5.65427e-08
5.46641e-08
5.55504e-08
5.42889e-08
5.5832e-08
5.70401e-08
5.71874e-08
5.62757e-08
5.59799e-08
5.36961e-08
5.51247e-08
5.72177e-08
5.077e-08
5.04391e-08
5.35692e-08
6.01007e-08
6.24626e-08
0
5.74525e-08
5.86091e-08
6.54426e-08
1.01953e-07
6.81832e-08
5.4013e-08
6.01378e-08
5.61208e-08
5.59325e-08
5.5538e-08
5.47298e-08
5.60374e-08
5.72248e-08
5.50232e-08
5.91432e-08
5.78837e-08
5.30615e-08
5.86617e-08
5.64631e-08
5.67799e-08
5.31632e-08
5.482e-08
5.9883e-08
5.6658e-08
5.5533e-08
5.54376e-08
1.40278e-07
5.93621e-08
2.2981e-08
1.63998e-08
6.53088e-08
4.40636e-08
0
0
0
0
0
0
0
5.51611e-08
9.38665e-08
9.61688e-08
0
5.59015e-08
5.82127e-08
5.38787e-08
5.55758e-08
5.56535e-08
5.84993e-08
1.34134e-07
5.43888e-08
5.47879e-08
5.33153e-08
5.31886e-08
5.26775e-08
5.09219e-08
5.68392e-08
5.63261e-08
0
5.52832e-08
5.3323e-08
5.35227e-08
5.89808e-08
5.46535e-08
5.28133e-08
4.99461e-08
5.34263e-08
5.95971e-08
5.94089e-08
5.85984e-08
5.33377e-08
5.32076e-08
5.95106e-08
4.69861e-09
5.36378e-08
8.813e-08
1.05616e-07
5.31681e-08
5.469e-08
5.57841e-08
5.62935e-08
5.71533e-08
5.77306e-08
5.34289e-08
5.68199e-08
0
5.89413e-08
5.87434e-08
7.88849e-08
1.12085e-07
5.7299e-08
5.66468e-08
5.63805e-08
5.75915e-08
5.65324e-08
5.64979e-08
5.63802e-08
5.7949e-08
5.77791e-08
5.70397e-08
5.60826e-08
5.67244e-08
5.62013e-08
5.8601e-08
1.42738e-07
2.87464e-08
7.85461e-09
0
0
0
0
0
0
0
6.68668e-08
1.27964e-07
6.05438e-08
1.34738e-09
5.61913e-08
5.78288e-08
5.56578e-08
5.58738e-08
5.70934e-08
5.5916e-08
5.58015e-08
5.62299e-08
5.56818e-08
5.52635e-08
1.35071e-07
3.13748e-11
9.80141e-08
9.2572e-08
1.19335e-08
3.53211e-08
5.8021e-08
5.34927e-08
5.58765e-08
6.0572e-08
5.73776e-08
5.72036e-08
5.45494e-08
5.32831e-08
5.96486e-08
6.12673e-08
5.71563e-08
5.55513e-08
5.78551e-08
5.78609e-08
6.14343e-08
6.11563e-08
5.64789e-08
5.54007e-08
5.55283e-08
5.35702e-08
5.33878e-08
5.4383e-08
5.83413e-08
5.61112e-08
5.57772e-08
5.55529e-08
6.037e-08
5.62582e-08
5.60863e-08
5.35988e-08
5.5517e-08
5.60597e-08
5.60162e-08
5.64325e-08
5.73705e-08
5.61673e-08
5.69941e-08
5.75203e-08
5.82271e-08
6.16824e-08
5.75281e-08
5.51019e-08
5.68526e-08
5.68547e-08
5.6659e-08
6.42389e-08
1.33573e-07
0
0
0
0
0
0
0
0
6.02744e-08
5.751e-08
6.09877e-08
6.25304e-08
6.13199e-08
6.11261e-08
5.96682e-08
5.96192e-08
5.69137e-08
5.63065e-08
5.61957e-08
5.73565e-08
5.72602e-08
5.48124e-08
5.73158e-08
5.70114e-08
5.6342e-08
5.67312e-08
5.95512e-08
5.65709e-08
5.60019e-08
5.65108e-08
5.85221e-08
6.23023e-08
0
5.76442e-08
6.11165e-08
1.31447e-07
5.75747e-08
5.96382e-08
5.63455e-08
5.50603e-08
5.56182e-08
5.53465e-08
6.27982e-08
6.07387e-08
5.82507e-08
5.54632e-08
5.66637e-08
5.6727e-08
5.4043e-08
5.60462e-08
6.12744e-08
6.04983e-08
6.06988e-08
5.67278e-08
5.57569e-08
5.57403e-08
5.26223e-08
5.4266e-08
5.49451e-08
5.54656e-08
5.66762e-08
5.67004e-08
5.73536e-08
5.72192e-08
5.70405e-08
5.56375e-08
1.45789e-07
6.0587e-08
0
5.60779e-08
5.61418e-08
5.70169e-08
5.62498e-08
5.64685e-08
5.79497e-08
5.89488e-08
0
0
0
0
0
0
0
1.07548e-08
3.77434e-08
5.77722e-08
5.50577e-08
5.91247e-08
5.84964e-08
5.54933e-08
5.54986e-08
5.59067e-08
5.629e-08
5.63431e-08
5.66029e-08
5.36435e-08
5.5903e-08
5.76818e-08
5.58127e-08
5.50154e-08
5.64491e-08
5.5847e-08
5.64654e-08
5.6086e-08
5.63513e-08
5.74721e-08
5.8426e-08
5.13068e-08
5.74052e-08
5.77451e-08
5.63645e-08
5.66601e-08
5.89922e-08
1.0832e-07
7.94759e-08
5.44083e-08
5.64263e-08
5.67185e-08
5.80742e-08
0
5.59313e-08
5.55166e-08
5.7155e-08
5.61292e-08
5.85789e-08
5.79158e-08
5.55345e-08
5.79324e-08
9.62137e-08
3.8246e-08
1.14246e-07
5.95645e-08
0
5.74753e-08
5.6373e-08
5.87505e-08
5.61749e-08
2.16106e-08
8.79878e-08
5.69108e-08
5.36952e-08
5.58212e-08
1.43504e-07
0
5.87257e-08
5.64307e-08
5.61848e-08
5.18486e-08
5.4675e-08
0
6.30574e-08
5.34246e-08
0
0
0
0
0
0
6.05692e-08
5.92188e-08
5.44138e-08
5.09509e-08
5.12623e-08
5.83901e-08
5.72855e-08
5.65911e-08
5.34439e-08
5.43904e-08
5.66383e-08
5.97982e-08
5.68703e-08
5.71818e-08
5.32777e-08
5.39061e-08
5.60661e-08
5.78673e-08
5.68264e-08
5.64606e-08
5.69252e-08
5.65764e-08
5.77102e-08
5.42138e-08
7.4606e-08
1.1956e-07
5.78831e-08
2.91158e-08
7.31177e-08
6.15445e-08
5.97274e-08
5.6901e-08
5.31589e-08
5.56782e-08
5.61414e-08
5.76169e-08
5.39387e-08
5.36844e-08
0
5.54662e-08
5.6106e-08
5.44829e-08
5.6998e-08
5.61141e-08
5.5567e-08
9.02883e-08
9.72864e-08
5.60899e-08
5.18293e-08
5.23799e-08
2.06463e-08
1.62311e-08
5.73634e-08
5.55122e-08
5.76167e-08
5.72466e-08
5.76669e-08
5.68187e-08
5.61741e-08
5.83682e-08
5.94604e-08
5.43277e-08
5.48804e-08
5.19004e-08
5.02368e-08
4.98896e-08
5.93323e-08
5.94603e-08
0
0
0
0
0
0
0
5.34797e-08
5.64259e-08
5.64049e-08
5.66198e-08
5.76e-08
5.88534e-08
5.69486e-08
5.51595e-08
5.95193e-08
5.71164e-08
5.54192e-08
5.49185e-08
5.71965e-08
5.81855e-08
5.65703e-08
5.47675e-08
4.75212e-08
5.22743e-08
5.56952e-08
5.66829e-08
5.64497e-08
5.51661e-08
8.75395e-08
1.02587e-07
5.23211e-08
5.14959e-08
5.52758e-08
5.6401e-08
5.80156e-08
3.20885e-08
7.33289e-08
5.51665e-08
5.43113e-08
5.48902e-08
5.90293e-08
5.79217e-08
5.42969e-08
5.83233e-08
0
5.59358e-08
5.9099e-08
5.97296e-08
5.79381e-08
5.64107e-08
5.66545e-08
5.62072e-08
6.32991e-08
1.32439e-07
5.53832e-08
5.26813e-08
5.51166e-08
5.87955e-08
1.5807e-08
2.74728e-08
5.40324e-08
5.64198e-08
5.70705e-08
5.67303e-08
5.58641e-08
5.8338e-08
6.28696e-08
5.57634e-09
4.92953e-08
5.72394e-08
7.13511e-08
5.23418e-08
7.3952e-08
1.16538e-07
0
0
0
0
0
0
0
5.58257e-08
5.69804e-08
5.40168e-08
5.3694e-08
5.68202e-08
5.69305e-08
5.63115e-08
5.58906e-08
5.64649e-08
5.63912e-08
5.63117e-08
5.8409e-08
5.69751e-08
5.53836e-08
5.90906e-08
0
5.45139e-08
5.74709e-08
5.63921e-08
9.56405e-08
8.39898e-08
5.53567e-08
5.56533e-08
5.71438e-08
5.52847e-08
1.03242e-07
7.89157e-08
5.3754e-08
6.10301e-08
7.17527e-09
6.6825e-08
7.0716e-08
7.74813e-08
8.22114e-08
2.25695e-09
5.32318e-08
5.55914e-08
5.69513e-08
5.84545e-08
5.95818e-08
6.82266e-08
4.73703e-08
5.75086e-08
5.50166e-08
5.47622e-08
5.65092e-08
2.37791e-08
7.80426e-08
5.47823e-08
5.46921e-08
5.47637e-08
5.74361e-08
5.87656e-08
5.68174e-08
5.71901e-08
6.04141e-08
6.06059e-08
5.5197e-08
5.63475e-08
5.99219e-08
6.36925e-08
2.37522e-08
1.80077e-08
5.60565e-08
5.56345e-08
5.11385e-08
5.63757e-08
5.9781e-08
5.8508e-08
0
0
0
0
0
0
5.63049e-08
5.67011e-08
5.60894e-08
5.7068e-08
9.43234e-08
5.60646e-08
2.03707e-08
5.70836e-08
5.59222e-08
5.62894e-08
5.61968e-08
5.71301e-08
5.82522e-08
5.34587e-08
5.51344e-08
5.52905e-08
5.50876e-08
5.38732e-08
5.84039e-08
1.35319e-08
1.05628e-07
5.48435e-08
5.51634e-08
5.65525e-08
5.73562e-08
5.57221e-08
5.57669e-08
5.5211e-08
6.07301e-08
6.03628e-08
5.90247e-08
5.76202e-08
5.62494e-08
5.92274e-08
5.86124e-08
5.66507e-08
5.53297e-08
5.60745e-08
1.44751e-07
0
5.50571e-08
5.58376e-08
5.57122e-08
5.60175e-08
5.23051e-08
5.60536e-08
5.48085e-08
5.3865e-08
5.52171e-08
5.64918e-08
5.7198e-08
5.7116e-08
5.73149e-08
5.72429e-08
5.65351e-08
5.8954e-08
5.93296e-08
6.0173e-08
5.66018e-08
5.72414e-08
5.92198e-08
6.03011e-08
0
5.68687e-08
5.93529e-08
5.68093e-08
5.49737e-08
1.39753e-07
0
0
0
0
0
0
0
5.26289e-08
5.40944e-08
5.55876e-08
5.72055e-08
5.794e-08
5.53316e-08
5.90983e-08
5.97811e-08
5.87856e-08
5.63887e-08
5.60275e-08
5.64357e-08
5.60584e-08
5.77081e-08
5.35924e-08
5.90724e-08
5.65775e-08
5.73661e-08
2.77211e-08
7.21004e-08
5.48079e-08
5.56571e-08
5.59556e-08
0
0
5.51826e-08
5.64546e-08
5.26319e-08
5.42769e-08
5.2446e-08
6.14458e-08
0
5.84512e-08
5.7792e-08
5.73263e-08
6.54051e-08
1.22204e-07
5.82158e-08
5.53356e-08
6.1134e-08
5.77213e-08
5.68436e-08
5.65008e-08
5.63021e-08
5.72778e-08
5.61296e-08
5.52211e-08
5.57992e-08
5.62436e-08
5.59351e-08
5.70819e-08
5.73115e-08
5.6758e-08
5.73057e-08
5.74461e-08
6.01586e-08
5.83717e-08
6.02202e-08
5.60594e-08
2.42679e-08
1.5114e-08
1.15435e-07
6.54983e-08
1.11719e-07
5.70052e-08
5.60853e-08
5.59896e-08
5.52114e-08
0
0
0
0
0
0
0
5.65114e-08
6.04508e-08
5.89061e-08
5.85119e-08
5.79151e-08
5.65066e-08
5.69315e-08
5.60996e-08
5.60454e-08
5.58077e-08
9.20334e-08
5.01294e-08
2.91338e-08
6.19677e-08
1.35525e-07
5.40941e-08
5.41424e-08
1.54385e-09
6.89196e-08
8.1124e-08
6.29659e-08
1.45799e-08
5.28161e-08
1.31084e-07
1.376e-07
5.38007e-08
5.18516e-08
5.581e-08
0
5.47755e-08
5.98193e-08
5.88803e-08
6.1177e-08
6.26189e-08
1.1018e-07
7.38357e-08
5.77289e-08
5.75963e-08
5.56453e-08
5.66219e-08
5.55595e-08
5.64297e-08
5.57374e-08
5.3837e-08
5.49649e-08
5.64951e-08
5.60874e-08
5.64741e-08
5.56689e-08
5.34624e-08
5.59448e-08
5.61809e-08
5.69059e-08
5.86308e-08
5.816e-08
5.71208e-08
5.62968e-08
5.666e-08
5.68577e-08
5.65367e-08
5.70142e-08
2.16705e-08
5.94208e-08
5.77595e-08
5.77492e-08
5.67866e-08
5.7151e-08
5.53093e-08
0
0
0
0
0
0
0
5.45744e-08
5.50174e-08
5.61421e-08
5.60398e-08
5.52663e-08
5.59651e-08
5.67859e-08
5.63688e-08
5.56615e-08
6.00603e-08
5.7766e-08
5.70363e-08
5.64783e-08
5.75918e-08
5.8981e-08
5.95346e-08
5.80271e-08
5.35654e-08
5.76333e-08
5.8281e-08
5.72078e-08
5.74289e-08
5.6734e-08
1.18779e-08
6.8309e-08
2.40355e-08
5.60159e-08
5.63594e-08
5.63332e-08
1.07636e-07
7.45648e-08
6.02655e-08
5.55843e-08
5.50266e-08
5.54445e-08
6.05497e-08
6.01238e-08
5.07376e-08
5.49293e-08
5.62417e-08
1.72555e-08
9.95113e-08
5.53655e-08
5.30818e-08
5.62674e-08
5.61864e-08
5.65858e-08
5.81398e-08
5.53115e-08
1.0401e-09
5.36829e-08
1.39524e-07
5.67861e-08
5.61041e-08
5.67215e-08
5.54943e-08
5.65784e-08
5.69006e-08
5.56112e-08
5.61561e-08
5.80712e-08
1.43483e-07
5.70291e-08
5.73191e-08
5.72522e-08
5.77289e-08
0
5.49446e-08
0
0
0
0
0
0
0
0
5.60151e-08
5.86411e-08
7.06803e-08
4.50582e-08
5.73715e-08
5.79722e-08
5.7904e-08
5.35153e-08
5.55399e-08
5.62816e-08
5.61137e-08
5.64865e-08
5.75655e-08
5.23432e-08
5.29055e-08
5.63758e-08
5.66914e-08
5.70485e-08
6.03213e-08
6.05505e-08
6.2261e-08
5.6356e-08
5.77535e-08
0
5.64833e-08
5.77662e-08
1.42696e-07
5.56134e-08
5.45398e-08
5.52254e-08
5.68298e-08
5.73778e-08
5.50848e-08
5.42659e-08
6.15197e-08
0
5.83861e-08
5.87927e-08
5.55243e-08
9.01816e-08
9.31095e-08
5.59747e-08
5.59304e-08
5.47824e-08
5.63124e-08
5.56948e-08
5.59461e-08
5.67335e-08
5.64285e-08
5.47354e-08
5.53663e-08
5.68708e-08
5.57565e-08
5.61479e-08
5.76923e-08
5.62015e-08
5.51417e-08
8.19549e-08
3.41578e-08
1.04179e-07
8.11861e-08
5.8729e-08
5.25096e-08
5.8655e-08
5.83026e-08
1.23856e-08
3.59223e-08
0
0
0
0
0
0
0
5.41003e-08
5.54287e-08
5.65263e-08
5.79155e-08
5.71034e-08
5.51101e-08
5.55449e-08
5.59774e-08
5.53111e-08
5.17733e-08
5.34998e-08
5.63247e-08
5.87947e-08
5.78746e-08
5.77823e-08
5.14825e-08
5.25071e-08
5.56864e-08
5.60693e-08
6.01689e-08
5.88949e-08
5.78966e-08
5.90742e-08
5.43659e-08
5.41622e-08
5.57433e-08
5.60324e-08
5.47409e-08
5.62221e-08
5.46887e-08
5.57892e-08
5.81328e-08
5.73307e-08
5.4256e-08
6.04851e-08
1.96152e-08
2.49838e-08
6.04331e-08
5.9357e-08
5.59027e-08
1.36293e-07
5.45685e-08
5.6009e-08
5.60567e-08
5.55017e-08
5.52992e-08
1.9654e-08
1.86298e-08
6.72456e-08
1.23294e-07
5.69817e-08
5.74425e-08
1.82808e-08
6.81076e-08
8.44783e-08
5.71456e-08
5.54826e-08
5.57133e-08
5.79054e-08
7.66772e-08
4.39737e-08
1.3799e-07
5.8768e-08
5.78933e-08
0
5.92818e-08
6.24193e-08
6.08375e-08
0
0
0
0
0
0
0
5.82991e-08
0
5.37488e-08
5.60389e-08
5.67331e-08
5.54265e-08
5.4817e-08
5.52715e-08
5.64259e-08
5.59031e-08
5.347e-08
5.86954e-08
5.88117e-08
5.43891e-08
5.5286e-08
5.63132e-08
9.0463e-08
7.55495e-08
7.66045e-08
1.8823e-08
2.30661e-08
5.4481e-08
5.49089e-08
5.72226e-08
5.8989e-08
5.61056e-08
5.73773e-08
5.64927e-08
5.52929e-08
5.60929e-08
5.78521e-08
5.74368e-08
5.60321e-08
5.51427e-08
6.13819e-08
2.56403e-09
9.16899e-08
2.15959e-08
5.65465e-08
7.20268e-08
1.13239e-07
5.45452e-08
5.64003e-08
5.53904e-08
5.70447e-08
0
5.65703e-08
5.54992e-08
5.75975e-08
1.34923e-07
5.50782e-08
5.66237e-08
5.67676e-08
5.7843e-08
5.48281e-08
5.53903e-08
5.69456e-08
5.6577e-08
5.61785e-08
5.6546e-08
5.79238e-08
1.46488e-07
5.99633e-08
2.05882e-08
2.01649e-08
5.76666e-08
5.96037e-08
6.12524e-08
0
0
0
0
0
0
0
5.48272e-08
5.76137e-08
5.58489e-08
5.50917e-08
5.28723e-08
5.77821e-08
0
8.10844e-08
9.91474e-08
5.56877e-08
5.48008e-08
5.89845e-08
5.71404e-08
5.64749e-08
5.53457e-08
5.60428e-08
5.55647e-08
5.46782e-08
1.45685e-07
2.2228e-08
5.72334e-08
6.59449e-08
4.69621e-08
2.69129e-08
4.6212e-08
5.61405e-08
5.65383e-08
5.64665e-08
5.67226e-08
5.61817e-08
5.73591e-08
5.68439e-08
5.71958e-08
5.69909e-08
5.79361e-08
5.79714e-08
6.49611e-08
7.08429e-08
3.55853e-08
5.60101e-08
5.67934e-08
5.6359e-08
5.53964e-08
5.50085e-08
5.77275e-08
5.6204e-08
5.58125e-08
5.64003e-08
5.41892e-08
5.55474e-08
5.58155e-08
5.56004e-08
5.68671e-08
5.87076e-08
5.85841e-08
5.72965e-08
5.63416e-08
5.64175e-08
5.67755e-08
5.62679e-08
5.61982e-08
9.00186e-08
1.02966e-07
5.73723e-08
5.71409e-08
5.63122e-08
5.07049e-08
0
0
0
0
0
0
0
0
5.68298e-08
5.46087e-08
5.60957e-08
5.72923e-08
5.72191e-08
5.62312e-08
5.77797e-08
5.69141e-08
5.59619e-08
1.42777e-07
5.41197e-08
5.64894e-08
5.72639e-08
5.72505e-08
5.61975e-08
5.64018e-08
5.60418e-08
5.8558e-08
5.91563e-08
1.06072e-07
8.58418e-08
5.6959e-08
5.4794e-08
5.4487e-08
5.66704e-08
4.96223e-09
4.85537e-08
5.56619e-08
5.55895e-08
5.52106e-08
5.36561e-08
5.66733e-08
5.62566e-08
6.14034e-08
5.95957e-08
8.17073e-08
8.13087e-08
1.83331e-08
4.75947e-08
5.71816e-08
5.68144e-08
5.62711e-08
5.21531e-08
2.55391e-08
8.35846e-08
5.56682e-08
5.43645e-08
5.47007e-08
5.54264e-08
5.76637e-08
5.5987e-08
5.64803e-08
5.76704e-08
1.47092e-07
0
5.69542e-08
5.60027e-08
5.62455e-08
5.57808e-08
5.62071e-08
5.7182e-08
7.33335e-08
1.1602e-07
5.60618e-08
5.75831e-08
5.50168e-08
5.74883e-08
0
0
0
0
0
0
0
0
5.73731e-08
5.61868e-08
5.60051e-08
5.6068e-08
5.67614e-08
5.65911e-08
1.29981e-07
5.58822e-08
5.6751e-08
5.76631e-08
5.73172e-08
5.46796e-08
5.70607e-08
5.74326e-08
5.72457e-08
5.71136e-08
5.708e-08
5.69108e-08
5.70146e-08
5.63065e-08
7.23722e-08
1.25595e-07
5.61765e-08
5.37052e-08
5.52551e-08
2.07947e-08
6.13702e-08
1.25755e-08
5.44309e-08
5.56762e-08
5.53476e-08
5.69341e-08
5.81235e-08
5.62234e-08
5.94713e-08
5.87382e-08
5.67518e-08
6.33897e-08
5.43794e-08
5.78541e-08
5.50553e-08
5.30678e-08
5.29329e-08
3.51252e-09
7.75184e-08
1.04552e-07
5.51702e-08
5.54968e-08
5.81184e-08
5.71371e-08
9.7494e-08
8.90653e-08
6.03325e-08
5.99329e-08
0
5.58879e-08
5.73093e-08
5.53314e-08
5.70119e-08
5.70738e-08
5.66294e-08
5.60123e-08
5.71735e-08
5.9676e-08
5.67541e-08
6.01439e-08
1.03497e-07
2.09485e-09
0
0
0
0
0
0
0
5.51642e-08
5.72103e-08
5.63325e-08
5.60484e-08
5.59513e-08
5.67146e-08
5.51378e-08
5.48741e-08
5.43257e-08
5.27862e-08
5.28142e-08
5.58864e-08
5.65812e-08
5.62142e-08
5.69537e-08
5.73821e-08
5.68981e-08
5.711e-08
5.71411e-08
5.71154e-08
5.90566e-08
5.82481e-08
5.79023e-08
5.61817e-08
5.79374e-08
5.72503e-08
5.87918e-08
5.74188e-08
5.68343e-08
5.69281e-08
5.50569e-08
5.64777e-08
5.75033e-08
5.56294e-08
5.68322e-08
5.79256e-08
5.91394e-08
6.11242e-08
5.93129e-08
5.78172e-08
5.7094e-08
5.6099e-08
5.46054e-08
5.45682e-08
5.52998e-08
5.55532e-08
5.84096e-08
5.91828e-08
5.80706e-08
5.78004e-08
8.42559e-08
7.06113e-08
1.56769e-08
5.92233e-08
5.87623e-08
5.89037e-08
6.21036e-08
5.85748e-08
5.64181e-08
5.63219e-08
5.64749e-08
5.66656e-08
0
5.75447e-08
5.96914e-08
5.83832e-08
5.75884e-08
5.6487e-08
5.6955e-08
0
0
0
0
0
0
0
5.60069e-08
5.41192e-08
5.54692e-08
5.61592e-08
5.60456e-08
5.56695e-08
5.76476e-08
6.09605e-08
5.87988e-08
5.81215e-08
5.6974e-08
5.73284e-08
5.69211e-08
5.68235e-08
5.71561e-08
5.70351e-08
5.63401e-08
5.7604e-08
6.04577e-08
6.06554e-08
5.67934e-08
5.86825e-08
5.62825e-08
5.67096e-08
5.60007e-08
5.62e-08
5.65516e-08
5.56491e-08
5.68361e-08
5.78865e-08
5.68131e-08
5.65514e-08
5.6517e-08
5.51694e-08
5.68149e-08
5.62545e-08
5.97659e-08
5.90023e-08
5.70047e-08
5.66814e-08
9.25945e-08
9.20792e-08
5.25965e-08
5.23498e-09
4.60092e-08
9.18751e-08
1.00396e-07
0
5.61983e-08
5.55196e-08
5.75303e-08
5.99297e-08
6.2617e-08
5.46819e-08
5.8068e-08
5.47597e-08
5.60133e-08
5.88328e-08
5.5243e-08
5.2055e-08
5.44672e-08
2.93683e-08
5.4451e-09
5.71577e-08
5.85819e-08
8.6025e-08
9.72327e-08
0
0
0
0
0
0
0
2.89384e-08
4.44522e-08
6.09784e-08
5.57222e-08
5.65208e-08
5.57437e-08
5.58398e-08
5.63984e-08
5.525e-08
5.7825e-08
5.64413e-08
5.64493e-08
5.6745e-08
5.69615e-08
5.69603e-08
5.70999e-08
5.69118e-08
5.73153e-08
6.03717e-08
5.47623e-08
5.71188e-08
5.82941e-08
5.4098e-08
5.55497e-08
5.58563e-08
5.67089e-08
5.51341e-08
5.61943e-08
5.97979e-08
6.13518e-08
5.84716e-08
5.79774e-08
5.54439e-08
5.55126e-08
7.93951e-08
7.56159e-08
3.34395e-08
6.0643e-08
1.20254e-07
5.60765e-08
5.51806e-08
5.55279e-08
4.85007e-08
5.22554e-08
0
5.51058e-08
1.42609e-07
6.05817e-08
0
5.59066e-08
5.00134e-08
5.93766e-08
5.911e-08
7.92681e-09
1.21213e-07
6.02566e-08
5.72272e-08
5.81147e-08
1.82142e-08
7.66681e-08
7.1442e-08
5.57962e-08
6.11396e-08
0
1.41496e-07
5.61987e-08
5.44258e-08
5.6154e-08
0
0
0
0
0
0
0
5.80574e-08
5.615e-08
5.5125e-08
5.59613e-08
5.63297e-08
5.62995e-08
5.59844e-08
5.55265e-08
5.71413e-08
5.90647e-08
5.7806e-08
5.73573e-08
6.31415e-08
5.04596e-08
7.85396e-08
3.5411e-08
5.73035e-08
5.58529e-08
5.68141e-08
5.76553e-08
5.01177e-08
5.18371e-08
4.591e-08
5.12457e-08
5.63548e-08
5.49725e-08
5.33743e-08
5.58943e-08
5.87007e-08
5.7651e-08
5.72529e-08
5.92595e-08
6.58424e-08
1.288e-07
5.31276e-08
5.77574e-08
5.8013e-08
5.65199e-08
5.6745e-08
5.71829e-08
5.50445e-08
5.1331e-08
5.13906e-08
1.00642e-08
3.54733e-08
5.70316e-08
5.75941e-08
5.81636e-08
6.0637e-08
5.79392e-08
5.61375e-08
5.82264e-08
5.41475e-08
2.27324e-08
9.03045e-08
3.05566e-09
6.23624e-08
5.12269e-08
8.59418e-08
1.05752e-07
5.68927e-08
5.51597e-08
5.59372e-08
5.52023e-08
6.14976e-08
1.05125e-07
4.21261e-09
5.49175e-08
0
0
0
0
0
0
0
6.89104e-08
5.67522e-08
5.76305e-08
5.79587e-08
5.62737e-08
5.65752e-08
5.60735e-08
5.58947e-08
5.56536e-08
5.57344e-08
5.68687e-08
5.74922e-08
5.72581e-08
5.72715e-08
5.65684e-08
5.73257e-08
5.76326e-08
5.75685e-08
5.63567e-08
6.01991e-08
5.67208e-08
5.30402e-08
5.0357e-08
5.27666e-08
5.35955e-08
5.28187e-08
5.87298e-08
5.55851e-08
5.96211e-08
5.83544e-08
5.75482e-08
5.78285e-08
7.11656e-08
1.17527e-07
5.5305e-08
5.59687e-08
5.70196e-08
5.4587e-08
5.44281e-08
5.66059e-08
5.62205e-08
5.86965e-09
4.43755e-08
5.37856e-08
5.44e-08
5.71583e-08
5.92737e-08
5.50085e-08
5.92479e-08
5.84638e-08
5.62257e-08
5.48854e-08
5.77309e-08
5.74559e-08
5.52663e-08
5.93955e-08
5.56234e-08
5.55531e-08
5.7863e-08
5.68012e-08
5.80135e-08
5.7055e-08
5.62948e-08
5.61064e-08
5.57607e-08
5.70918e-08
5.69484e-08
5.68196e-08
0
0
0
0
0
0
0
1.43395e-07
6.11127e-08
6.19551e-08
5.74603e-08
5.5558e-08
5.5511e-08
5.54695e-08
5.59891e-08
8.90878e-09
5.60734e-08
5.82412e-08
5.79096e-08
5.78558e-08
5.79442e-08
5.70852e-08
5.66003e-08
6.13899e-08
5.31612e-08
5.6488e-08
6.00297e-08
0
5.61268e-08
5.52592e-08
5.55527e-08
5.52653e-08
5.4489e-08
1.49186e-07
0
8.83534e-08
1.00142e-07
5.64389e-08
5.3734e-08
0
0
0
5.37975e-08
5.70346e-08
5.63941e-08
5.6652e-08
5.56572e-08
5.61212e-08
5.65545e-08
5.584e-08
5.50891e-08
5.58474e-08
5.66189e-08
5.73598e-08
5.76834e-08
5.81846e-08
5.807e-08
6.27592e-08
5.95915e-08
5.49686e-08
5.92212e-08
6.06411e-08
6.00005e-08
5.92661e-08
5.64057e-08
5.79005e-08
5.65475e-08
5.71247e-08
5.70294e-08
5.59192e-08
5.66314e-08
5.65131e-08
5.83446e-08
5.43108e-08
5.49176e-08
0
0
0
0
0
0
0
5.05709e-08
5.7983e-08
6.10859e-08
5.77978e-08
5.48988e-08
5.44402e-08
5.50194e-08
5.56108e-08
2.61761e-08
5.7766e-08
5.60023e-08
5.5635e-08
5.7322e-08
5.56347e-08
5.42173e-08
5.93174e-08
5.67433e-08
5.51539e-08
6.00934e-08
8.03445e-09
4.53185e-08
5.65723e-08
5.88904e-08
1.31474e-07
5.35156e-08
5.62303e-08
5.7875e-08
5.65544e-08
5.46653e-08
5.5817e-08
5.50059e-08
5.32911e-08
1.30792e-07
5.50973e-08
1.35427e-07
5.70693e-08
5.63431e-08
5.7946e-08
1.44053e-07
5.55349e-08
5.5109e-08
5.60905e-08
5.43016e-08
5.3681e-08
5.55372e-08
5.6007e-08
5.69379e-08
5.47944e-08
5.76136e-08
5.73484e-08
5.64499e-08
1.44715e-07
0
5.67651e-08
5.56415e-08
5.77061e-08
5.92425e-08
5.56973e-08
5.89622e-08
5.65669e-08
5.69508e-08
5.65735e-08
5.58492e-08
5.26838e-08
6.06644e-08
5.70728e-08
5.65294e-08
5.5465e-08
0
0
0
0
0
0
0
5.54948e-08
5.73432e-08
5.61479e-08
5.77232e-08
5.81546e-08
5.55634e-08
0
0
5.715e-08
0
5.65122e-08
5.57339e-08
5.69419e-08
5.69601e-08
5.71862e-08
6.08662e-08
5.87116e-08
5.66756e-08
6.72362e-09
4.66953e-08
5.71588e-08
7.9569e-08
4.25102e-08
1.2347e-07
5.55718e-08
5.79114e-08
5.67993e-08
5.37551e-08
5.29737e-08
5.59468e-08
5.61008e-08
5.45068e-08
5.50558e-08
0
5.67795e-08
5.65964e-08
5.67092e-08
5.75257e-08
5.84166e-08
5.68552e-08
5.5665e-08
5.56733e-08
5.6649e-08
5.8155e-08
5.69415e-08
1.01197e-07
8.01502e-08
5.82794e-08
5.78625e-08
5.62695e-08
5.89933e-08
5.9187e-08
5.76741e-08
5.7803e-08
5.55887e-08
5.63032e-08
5.71996e-08
5.659e-08
5.51641e-08
5.72843e-08
2.56126e-08
1.01492e-08
7.47896e-08
3.80824e-08
5.70345e-08
1.42517e-07
5.42968e-08
5.51082e-08
0
0
0
0
0
0
0
5.6999e-08
5.69328e-08
5.74888e-08
5.88839e-08
5.88933e-08
5.59135e-08
1.32501e-07
5.35853e-08
5.64182e-08
5.5649e-08
5.46427e-08
1.37104e-07
5.66047e-08
5.33828e-08
5.22446e-08
5.7589e-08
5.4894e-08
5.54517e-08
5.74255e-08
5.64236e-08
5.59795e-08
4.97752e-08
5.55839e-08
5.56128e-08
5.67209e-08
5.80737e-08
5.88858e-08
5.72291e-08
5.60782e-08
5.38605e-08
5.0788e-08
5.43993e-08
5.50907e-08
5.50026e-08
5.63998e-08
5.70263e-08
1.0017e-08
4.01557e-08
5.84434e-08
5.66932e-08
5.49696e-08
5.76092e-08
5.58319e-08
5.94663e-08
5.71601e-08
5.741e-08
1.09345e-07
7.59624e-08
5.60353e-08
5.67335e-08
6.10769e-08
6.04544e-08
5.89849e-08
5.76135e-08
5.74489e-08
5.68814e-08
5.64138e-08
5.92337e-08
6.30704e-08
5.27946e-08
5.74557e-08
0
5.72101e-08
5.68409e-08
5.60829e-08
5.69894e-08
1.36929e-07
5.51967e-08
0
0
0
0
0
0
0
5.89235e-08
5.70764e-08
5.61227e-08
5.65661e-08
5.69257e-08
5.87932e-08
5.26851e-08
8.97475e-08
2.00433e-08
1.31723e-07
0
0
1.43809e-07
5.71813e-08
5.25617e-08
5.55868e-08
5.56384e-08
5.56714e-08
5.68423e-08
5.64266e-08
5.54792e-08
5.4314e-08
5.73317e-08
5.59286e-08
5.90685e-08
6.03198e-08
5.9903e-08
5.81334e-08
5.52999e-08
5.42358e-08
5.40618e-08
5.34919e-08
5.55136e-08
6.14312e-08
4.94754e-08
5.6048e-08
5.15996e-08
5.89176e-08
0
1.36265e-07
5.3877e-08
5.602e-08
5.88934e-08
5.25556e-08
5.5536e-08
5.85722e-08
5.93432e-08
1.12523e-07
2.08473e-09
5.55274e-08
5.60305e-08
5.80593e-08
5.64417e-08
5.73597e-08
5.77904e-08
5.65761e-08
5.63107e-08
5.67821e-08
5.64261e-08
5.65034e-08
5.47543e-08
5.96344e-08
5.78706e-08
5.73767e-08
5.6582e-08
5.46225e-08
5.3311e-08
5.44439e-08
0
0
0
0
0
0
0
5.7135e-08
5.73575e-08
6.06364e-08
5.85157e-08
5.7224e-08
5.5996e-08
5.45437e-08
5.58082e-08
0
5.48173e-08
1.3778e-07
5.75696e-08
0
5.7848e-08
5.47797e-08
5.50163e-08
0
5.59731e-08
8.20193e-08
1.02317e-07
5.49658e-08
5.58439e-08
5.71309e-08
5.86132e-08
5.70585e-08
5.78386e-08
5.84106e-08
5.73731e-08
5.59599e-08
5.57813e-08
5.469e-08
5.39153e-08
2.60123e-08
7.88006e-08
5.5814e-08
5.63853e-08
2.78429e-08
1.04068e-08
1.36779e-07
5.56899e-08
5.50688e-08
5.69803e-08
5.74081e-08
6.72944e-08
1.25525e-07
6.11174e-08
6.12723e-08
2.19164e-08
1.68596e-08
5.63719e-08
5.62573e-08
5.6552e-08
5.6634e-08
5.67542e-08
5.61202e-08
5.64886e-08
5.6659e-08
5.56063e-08
5.64487e-08
6.86928e-08
1.24257e-07
2.19993e-08
1.68229e-08
5.46124e-08
2.59581e-08
6.43051e-09
5.52048e-08
1.43653e-07
0
0
0
0
0
0
0
5.69067e-08
5.73734e-08
5.64325e-08
5.77364e-08
5.66685e-08
5.61758e-08
5.64394e-08
5.63554e-08
5.2648e-08
5.43374e-08
0
5.76915e-08
1.84207e-07
1.03008e-07
5.50792e-08
5.889e-08
1.39116e-08
1.0494e-07
5.52665e-08
5.56222e-08
5.54161e-08
7.42127e-08
1.16801e-07
5.40063e-08
1.64731e-08
2.7039e-08
5.72499e-08
5.75967e-08
5.78111e-08
5.32378e-08
5.32687e-08
1.57574e-08
2.53433e-08
5.54413e-08
5.82107e-08
5.72585e-08
5.66151e-08
6.05027e-08
1.37956e-07
5.5162e-08
5.39687e-08
1.42973e-07
5.63324e-08
5.41757e-08
5.59033e-08
5.96847e-08
5.39853e-09
5.15691e-08
6.10593e-08
5.56274e-08
5.57313e-08
5.61145e-08
5.76336e-08
5.65124e-08
5.64515e-08
5.98062e-08
5.80286e-08
5.65762e-08
5.6783e-08
5.86998e-08
5.75949e-08
5.71022e-08
5.69347e-08
5.71888e-08
5.57758e-08
5.62125e-08
5.40084e-08
5.51965e-08
0
0
0
0
0
0
0
5.55388e-08
5.52456e-08
5.6269e-08
5.59768e-08
5.53952e-08
5.58094e-08
5.65439e-08
5.63662e-08
5.35517e-08
5.45808e-08
1.39115e-07
5.90509e-08
0
5.70771e-08
1.41586e-07
5.62266e-08
5.48516e-08
5.65606e-08
5.64099e-08
5.5447e-08
5.6423e-08
5.69979e-08
5.81471e-08
5.73787e-08
5.73248e-08
5.84528e-08
6.4738e-08
5.85289e-08
5.54515e-08
5.35418e-08
2.41341e-08
1.02091e-08
5.60014e-08
5.62996e-08
5.63359e-08
5.60862e-08
6.59498e-08
1.32252e-07
5.61953e-08
5.50537e-08
5.62514e-08
5.64249e-08
1.4071e-07
5.56227e-08
5.49937e-08
5.89321e-08
6.07287e-08
6.16992e-08
0
5.60985e-08
5.63449e-08
5.63524e-08
5.66717e-08
5.54576e-08
5.61694e-08
5.44549e-08
5.6178e-08
5.72185e-08
5.77769e-08
5.73386e-08
5.69225e-08
5.75032e-08
5.71835e-08
5.6491e-08
5.48718e-08
5.75634e-08
5.585e-08
5.55272e-08
0
0
0
0
0
0
0
6.17257e-08
5.72056e-08
5.74624e-08
5.75922e-08
5.50862e-08
5.51356e-08
5.41008e-08
5.51783e-08
5.55249e-08
5.61736e-08
5.78851e-08
2.57852e-08
7.98076e-08
5.70415e-08
5.63457e-08
6.00264e-08
1.40898e-07
5.91811e-08
5.57571e-08
5.54789e-08
5.4657e-08
5.15009e-08
5.37221e-08
5.77991e-08
5.8266e-08
5.8327e-08
5.74118e-08
5.68038e-08
5.53826e-08
5.3074e-08
5.46451e-08
5.45771e-08
5.5717e-08
5.58397e-08
5.38193e-08
5.59238e-08
5.76859e-08
7.31411e-08
4.24077e-08
5.72933e-08
5.7693e-08
5.71781e-08
5.72207e-08
5.69648e-08
9.20673e-08
9.58084e-08
5.7261e-08
2.77609e-08
1.08032e-08
5.46038e-08
5.59978e-08
5.60704e-08
5.75049e-08
5.97021e-08
5.94731e-08
5.67655e-08
5.63193e-08
5.77879e-08
5.80846e-08
5.55866e-08
5.61547e-08
5.61896e-08
5.60411e-08
5.35272e-08
5.51849e-08
5.74196e-08
5.99046e-08
5.45463e-08
0
0
0
0
0
0
0
5.67912e-08
5.53406e-08
5.16342e-08
5.49946e-08
1.3694e-08
8.05475e-08
7.53402e-08
5.47618e-08
5.62683e-08
5.55005e-08
5.8435e-08
5.96112e-08
0
5.72874e-08
5.56853e-08
0
1.13138e-07
5.78678e-08
5.57637e-08
5.59767e-08
5.34269e-08
5.71937e-08
5.82731e-08
5.49578e-08
5.57288e-08
5.86906e-08
5.92624e-08
5.59223e-08
5.61045e-08
5.59715e-08
5.5621e-08
5.63059e-08
5.55953e-08
5.6261e-08
6.65618e-08
1.2929e-07
5.76228e-08
2.00498e-08
3.97529e-08
3.75985e-08
5.72768e-08
5.64566e-08
5.6842e-08
5.66678e-08
5.693e-08
5.8221e-08
5.63848e-08
5.81063e-08
5.70015e-08
5.7794e-08
5.72226e-08
5.68788e-08
5.25828e-08
5.30819e-08
5.35427e-08
5.90835e-08
5.47854e-08
5.72922e-08
5.81981e-08
5.63897e-08
1.31848e-07
1.29903e-07
1.30562e-07
1.38404e-07
5.73545e-08
5.53798e-08
5.43788e-08
5.80306e-08
0
0
0
0
0
0
0
5.60978e-08
5.59397e-08
5.76868e-08
5.77662e-08
5.32832e-08
5.55337e-08
5.60964e-08
5.70521e-08
5.77344e-08
5.70581e-08
5.67912e-08
5.73738e-08
5.49998e-08
5.61972e-08
5.66911e-08
5.53607e-08
1.3488e-08
6.07284e-08
5.58911e-08
5.31335e-08
5.41894e-08
5.72849e-08
5.8583e-08
5.80001e-08
7.0085e-08
1.23321e-07
3.29855e-09
5.13674e-08
5.21068e-08
4.78648e-08
5.13092e-08
5.31234e-08
5.59493e-08
5.58512e-08
8.21836e-08
1.07369e-07
5.88361e-08
7.95244e-09
4.42457e-08
5.71274e-08
5.70067e-08
5.72472e-08
5.7084e-08
5.64235e-08
5.52118e-08
0
5.84127e-08
5.60944e-08
5.86985e-08
1.43895e-07
5.87036e-08
5.72505e-08
5.53576e-08
5.94348e-08
6.04284e-08
6.21083e-08
6.24651e-08
5.68787e-08
5.55546e-08
5.57221e-08
0
0
0
0
5.60977e-08
5.75385e-08
5.7894e-08
4.87958e-08
0
0
0
0
0
0
0
4.9977e-08
5.68167e-08
6.14496e-08
5.49216e-08
5.54518e-08
5.58756e-08
5.83783e-08
5.66186e-08
5.89792e-08
5.82251e-08
5.7588e-08
5.78283e-08
5.72057e-08
5.69479e-08
5.73891e-08
1.35938e-07
1.44826e-07
0
5.75851e-08
6.65216e-08
1.19552e-07
5.75609e-08
5.7199e-08
5.66044e-08
5.65538e-08
5.47908e-08
5.72881e-08
5.50351e-08
5.53994e-08
5.5674e-08
5.36601e-08
5.58375e-08
5.60435e-08
5.58487e-08
5.56531e-08
5.60958e-08
8.14984e-08
3.4266e-08
5.51324e-08
5.65877e-08
5.66087e-08
5.78476e-08
5.81477e-08
5.27737e-08
5.21701e-08
5.90003e-08
5.3473e-08
5.34464e-08
5.45816e-08
5.00555e-08
5.80291e-08
5.65795e-08
5.45165e-08
5.61494e-08
5.84875e-08
5.90649e-08
5.66866e-08
5.65073e-08
5.67357e-08
5.67675e-08
5.51747e-08
5.54856e-08
5.63022e-08
5.70436e-08
5.51035e-08
5.53745e-08
5.75424e-08
5.42752e-08
0
0
0
0
0
0
0
5.53792e-08
5.54714e-08
5.64748e-08
5.58701e-08
5.59716e-08
5.65989e-08
5.72119e-08
5.748e-08
5.88806e-08
6.06454e-08
7.31875e-08
4.19333e-08
5.8285e-08
5.65024e-08
5.94391e-08
5.64799e-08
5.69453e-08
0
5.79318e-08
5.70524e-08
6.171e-08
1.28584e-07
5.72347e-08
5.49113e-08
5.7539e-08
5.55257e-08
5.67424e-08
5.47433e-08
5.52185e-08
5.53572e-08
5.45496e-08
5.63215e-08
5.62705e-08
5.60779e-08
5.58953e-08
5.62324e-08
5.63703e-08
4.94624e-08
5.19723e-08
5.78009e-08
5.46874e-08
5.38555e-08
5.97674e-08
0
5.64923e-08
6.16169e-08
5.92492e-08
1.39062e-07
5.50963e-08
5.82963e-08
5.96827e-08
5.9058e-08
5.68421e-08
5.64162e-08
5.75892e-08
5.83926e-08
5.67429e-08
5.6404e-08
5.69558e-08
5.60676e-08
5.4023e-08
5.53733e-08
5.67317e-08
5.70771e-08
5.64988e-08
5.63186e-08
5.71391e-08
5.76916e-08
0
0
0
0
0
0
0
5.40605e-08
5.41979e-08
5.4575e-08
5.51332e-08
5.69081e-08
5.9134e-08
5.71089e-08
5.63647e-08
5.49456e-08
5.55534e-08
5.59106e-08
5.48932e-08
5.26674e-08
5.67337e-08
5.71208e-08
5.66135e-08
6.06837e-08
2.11251e-08
9.29981e-08
1.45655e-08
2.96943e-08
5.69068e-08
9.29543e-09
3.93973e-08
5.42663e-08
9.50953e-08
9.12499e-08
5.61751e-08
5.48686e-08
5.24602e-08
5.52606e-08
5.63512e-08
5.65414e-08
5.69565e-08
5.55668e-08
5.32953e-08
5.581e-08
6.04097e-08
0
8.89709e-08
5.92031e-08
1.09177e-07
2.3404e-08
1.64708e-08
5.55801e-08
5.68258e-08
6.92107e-08
1.2525e-07
1.33304e-08
1.10354e-07
5.66387e-08
5.76745e-08
5.63414e-08
4.56082e-09
1.25526e-07
5.54748e-08
5.48869e-08
5.55085e-08
5.66454e-08
5.5019e-08
5.04707e-08
5.44734e-08
5.61519e-08
5.62084e-08
5.62754e-08
5.63754e-08
5.65984e-08
5.88839e-08
0
0
0
0
0
0
0
5.72599e-08
5.63525e-08
5.76764e-08
6.67313e-09
1.24998e-07
5.91489e-08
5.71336e-08
5.7317e-08
5.6559e-08
5.7244e-08
5.63251e-08
5.5447e-08
5.58867e-08
5.92496e-08
5.93339e-08
6.00115e-08
5.77554e-08
5.61665e-08
5.66336e-08
5.76286e-08
0
1.31595e-07
5.57354e-08
5.99881e-08
5.89894e-08
5.80909e-08
5.7739e-08
1.44355e-07
5.63975e-08
5.34643e-08
5.50048e-08
5.72497e-08
5.68885e-08
5.61674e-08
5.36074e-08
5.74133e-08
2.29506e-08
1.74455e-08
6.1113e-08
5.97659e-08
5.75954e-08
9.39271e-08
9.65632e-08
5.49943e-08
5.57297e-08
5.59104e-08
5.71712e-08
5.7806e-08
5.63606e-08
5.65318e-08
5.9018e-08
5.99351e-08
5.9258e-08
5.67849e-08
5.55592e-08
5.72625e-08
5.54008e-08
5.33736e-08
8.37476e-08
1.31792e-07
1.00667e-07
3.03551e-08
7.3067e-08
5.61708e-08
5.90991e-08
1.84464e-08
9.82514e-08
5.54136e-08
0
0
0
0
0
0
0
5.77487e-08
5.37599e-08
5.24895e-08
5.37352e-08
5.57423e-08
5.86381e-08
6.00669e-08
2.84496e-08
7.81315e-08
5.74291e-08
5.4313e-08
5.33224e-08
5.36805e-08
5.60026e-08
1.08805e-07
5.6807e-08
4.78839e-08
2.98858e-08
4.61468e-08
5.59277e-08
5.15607e-08
5.40856e-08
5.13756e-08
2.31382e-08
5.29777e-08
9.12898e-08
5.58225e-08
5.72023e-08
5.43238e-08
5.3736e-08
5.53088e-08
5.62391e-08
6.12271e-08
4.85533e-08
5.37119e-08
2.83376e-08
7.34818e-08
6.1847e-08
0
5.56686e-08
6.71346e-08
1.28737e-07
5.48447e-08
5.53205e-08
8.21406e-08
3.33731e-08
5.3381e-08
6.51032e-08
4.60775e-08
5.41194e-08
5.88411e-08
5.87529e-08
5.83729e-08
5.74787e-08
5.80215e-08
5.71549e-08
5.35572e-08
5.26105e-08
5.39245e-08
5.41615e-08
3.66459e-08
1.10186e-07
6.11014e-08
5.61611e-08
5.6197e-08
3.6612e-09
5.15428e-08
7.21233e-08
4.87338e-08
0
0
0
0
0
0
5.65695e-08
5.18044e-08
5.15474e-08
5.44214e-08
5.27406e-08
5.60943e-08
5.98358e-08
1.77793e-09
5.58153e-08
5.70352e-08
5.92233e-08
1.3434e-07
6.22657e-08
9.25023e-08
1.77259e-08
5.99107e-08
6.99261e-08
8.25283e-08
1.58322e-08
5.89858e-08
5.69468e-08
5.73868e-08
5.42625e-08
5.42454e-08
5.48574e-08
5.66413e-08
5.6949e-08
5.54719e-08
5.38926e-08
5.55698e-08
5.87043e-08
5.77904e-08
5.49766e-08
5.60538e-08
5.60647e-08
5.40642e-08
5.66406e-08
5.89532e-08
1.73115e-08
7.50316e-08
7.9125e-08
0
0
0
1.35847e-07
5.80747e-08
5.30336e-08
5.18495e-08
5.15049e-08
5.75828e-08
0
5.54806e-08
5.78377e-08
5.73188e-08
5.42457e-08
5.79419e-08
5.23933e-08
5.36238e-08
0
0
1.63343e-08
5.89501e-08
5.7122e-08
5.42462e-08
0
5.53544e-08
7.99031e-08
1.17996e-07
0
0
0
0
0
0
0
5.44415e-08
5.9469e-08
5.56464e-08
5.57417e-08
5.76917e-08
5.67524e-08
5.75474e-08
5.58349e-08
5.76917e-08
5.78054e-08
5.68292e-08
9.7789e-08
5.49106e-08
2.73081e-08
4.65232e-08
5.7308e-08
5.59286e-08
5.76696e-08
5.98186e-08
5.63089e-08
6.60677e-08
4.74603e-08
5.64806e-08
5.30812e-08
5.43485e-08
5.61265e-08
5.54925e-08
5.60011e-08
5.56021e-08
5.51133e-08
0
5.72689e-08
5.74706e-08
1.42568e-07
5.53893e-08
5.54237e-08
5.52136e-08
5.61169e-08
5.29517e-08
5.64758e-08
5.74857e-08
5.63653e-08
5.5932e-08
5.56699e-08
0
5.62035e-08
8.82623e-08
9.59693e-08
1.2915e-07
5.69078e-08
5.64127e-08
0
5.57984e-08
5.51117e-08
5.56772e-08
5.43311e-08
5.4725e-08
5.57484e-08
5.43892e-08
5.54626e-08
5.71439e-08
5.80406e-08
5.70701e-08
5.64362e-08
5.60509e-08
5.96791e-08
5.40939e-08
5.93402e-08
0
0
0
0
0
0
0
5.68701e-08
5.61627e-08
5.69287e-08
5.69769e-08
5.65134e-08
5.69289e-08
5.66346e-08
5.60768e-08
5.68481e-08
5.84759e-08
5.62025e-08
5.60035e-08
5.60331e-08
5.8304e-08
5.81826e-08
5.64164e-08
5.50177e-08
5.44162e-08
5.63301e-08
5.68185e-08
5.42336e-08
5.67882e-08
5.58282e-08
5.70489e-08
6.21519e-08
5.87516e-08
5.79175e-08
5.68098e-08
5.93227e-08
0
5.54313e-08
5.45477e-08
1.41794e-07
5.70537e-08
5.47474e-08
5.9322e-08
5.4707e-08
5.51523e-08
5.63257e-08
5.80081e-08
5.64235e-08
9.96862e-08
3.05357e-08
1.03133e-07
1.32883e-07
5.6808e-08
5.81056e-08
0
5.67981e-08
1.34139e-07
8.18893e-08
2.6002e-08
5.75164e-08
5.68391e-08
5.68218e-08
5.57609e-08
5.62226e-08
5.51849e-08
5.58175e-08
5.49753e-08
5.5826e-08
5.65134e-08
5.65695e-08
5.74479e-08
5.59923e-08
5.59985e-08
5.53735e-08
5.68576e-08
0
0
0
0
0
0
0
5.41131e-08
5.51043e-08
5.61281e-08
5.65478e-08
5.69171e-08
5.75387e-08
5.62607e-08
5.56971e-08
7.38238e-08
4.66939e-08
5.69362e-08
5.24348e-08
5.10407e-08
5.64285e-08
6.09802e-08
5.81853e-08
5.46513e-08
5.47644e-08
5.69112e-08
5.45588e-08
2.53237e-08
8.22602e-08
5.28922e-08
5.69899e-08
5.51265e-08
5.69251e-08
5.7031e-08
5.42993e-08
5.10708e-08
5.3434e-08
5.56204e-08
5.71728e-08
5.846e-08
5.54393e-08
5.38827e-08
5.97339e-08
5.95401e-08
5.54172e-08
5.27817e-08
5.50713e-08
5.65117e-08
5.72258e-08
5.53318e-08
5.57156e-08
5.61535e-08
5.87185e-08
5.65871e-08
5.55033e-08
0
0
8.73808e-08
9.49121e-08
5.75694e-08
0
5.57858e-08
5.56839e-08
1.37435e-07
5.54105e-08
5.6056e-08
5.50688e-08
5.68555e-08
5.66498e-08
5.56231e-08
5.38977e-08
5.53019e-08
5.59387e-08
5.73206e-08
5.9747e-08
0
0
0
0
0
0
0
0
8.1412e-08
1.05226e-07
5.74724e-08
5.79189e-08
5.67885e-08
5.64429e-08
5.38545e-08
5.80695e-08
5.57782e-08
5.51187e-08
5.67195e-08
5.63486e-08
5.7186e-08
6.12153e-08
5.69468e-08
5.21822e-08
5.40616e-08
5.5204e-08
5.61937e-08
5.02843e-08
5.75093e-08
5.90623e-08
5.57191e-08
5.43239e-08
5.47782e-08
5.54602e-08
5.56358e-08
5.55429e-08
5.37289e-08
5.50955e-08
5.48165e-08
5.74412e-08
0
5.4209e-08
5.62232e-08
1.46886e-07
5.74369e-08
5.52411e-08
5.50519e-08
5.70221e-08
5.54606e-08
5.62698e-08
5.5848e-08
5.16749e-08
5.94579e-08
0
5.76096e-08
1.34235e-07
1.35154e-07
5.4838e-08
5.67327e-08
5.56671e-08
5.50979e-08
5.63656e-08
5.59514e-08
5.50445e-08
5.5107e-08
5.70377e-08
1.33588e-07
5.54054e-08
5.61902e-08
5.54498e-08
5.32417e-08
5.58399e-08
5.16083e-08
5.65708e-08
5.50673e-08
0
0
0
0
0
0
0
1.92675e-08
5.9629e-08
9.04257e-08
5.81424e-08
5.59655e-08
1.09322e-08
3.49495e-08
1.12167e-07
3.90238e-09
7.11508e-08
5.23881e-08
4.65347e-08
1.41563e-07
5.98075e-08
0
5.89077e-08
5.50862e-08
5.5149e-08
5.3255e-08
5.5326e-08
6.59837e-08
1.29509e-07
5.90186e-08
5.52919e-08
5.0379e-08
5.43594e-08
5.80421e-08
0
5.39411e-08
1.40611e-07
5.4691e-08
5.47822e-08
1.12261e-08
3.59167e-08
5.79649e-08
5.86969e-08
5.9543e-08
5.73262e-08
6.19246e-08
9.64971e-08
4.13535e-08
2.73015e-08
5.66414e-08
5.54476e-08
5.02796e-08
5.85575e-08
5.80822e-08
5.7915e-08
5.51443e-08
5.56636e-08
5.77567e-08
0
5.56957e-08
1.38828e-07
5.42995e-08
5.72756e-08
5.45072e-08
5.66461e-08
5.55535e-08
5.60113e-08
5.99456e-08
1.04016e-07
4.08918e-08
1.84034e-08
6.08261e-08
1.35017e-07
5.44555e-08
5.7614e-08
0
0
0
0
0
0
0
5.49298e-08
5.52854e-08
5.47255e-08
5.78474e-08
5.61826e-08
5.85413e-08
6.09019e-08
6.00258e-08
5.65626e-08
5.31598e-08
5.49441e-08
5.82991e-08
5.65178e-08
5.80761e-08
5.51717e-08
5.4764e-08
5.56977e-08
5.44591e-08
5.56465e-08
5.99697e-08
2.44094e-08
9.13203e-08
5.92988e-08
5.4934e-08
5.2146e-08
5.41484e-08
5.53653e-08
6.02241e-08
5.59955e-08
5.54462e-08
4.97775e-08
5.28029e-08
5.59368e-08
5.71352e-08
5.75828e-08
5.7548e-08
4.94109e-08
5.63795e-08
5.76019e-08
5.4887e-08
5.13067e-08
1.37317e-08
1.12125e-07
1.47151e-08
3.15384e-08
5.75835e-08
5.62786e-08
5.6822e-08
5.56797e-08
5.90489e-08
5.94098e-08
5.76098e-08
5.62592e-08
5.60431e-08
1.39766e-07
5.44898e-08
5.36494e-08
5.7315e-08
0
9.67509e-08
7.84034e-08
5.46237e-08
5.47926e-08
5.58254e-08
5.839e-08
5.29612e-08
6.17662e-08
2.36246e-08
7.36978e-08
0
0
0
0
0
0
5.85477e-08
5.88706e-08
0
5.91195e-08
6.12993e-08
6.17793e-08
5.46139e-08
5.79275e-08
5.72115e-08
5.67445e-08
5.76747e-08
0
1.3903e-07
5.81929e-08
5.80301e-08
5.77171e-08
5.67833e-08
5.50096e-08
5.55842e-08
7.36303e-08
4.27535e-08
5.78857e-08
5.80962e-08
5.73873e-08
5.67077e-08
5.92015e-08
1.14739e-08
1.0413e-07
5.92486e-08
6.01902e-08
5.90357e-08
5.72304e-08
0
1.35801e-07
5.63057e-08
5.88245e-08
5.75156e-08
6.00218e-08
5.77789e-08
6.19058e-08
0
5.85931e-08
1.41985e-07
5.90938e-08
5.42962e-08
5.37698e-08
5.69821e-08
5.67543e-08
0
5.34321e-08
5.44832e-08
1.39916e-07
5.7411e-08
5.76788e-08
6.05201e-08
5.65805e-08
1.75456e-08
1.00264e-07
0
5.57808e-08
5.55143e-08
5.77299e-08
5.56742e-08
5.80909e-08
5.47819e-08
1.443e-07
5.99507e-08
6.2535e-08
0
5.52027e-08
5.40273e-08
0
0
0
0
)
;


// ************************************************************************* //
