/*--------------------------------*- C++ -*----------------------------------*\
  =========                 |
  \\      /  F ield         | OpenFOAM: The Open Source CFD Toolbox
   \\    /   O peration     | Website:  https://openfoam.org
    \\  /    A nd           | Version:  12
     \\/     M anipulation  |
\*---------------------------------------------------------------------------*/
FoamFile
{
    format      ascii;
    class       IOPosition;
    location    "1/lagrangian/cloud";
    object      positions;
}
// * * * * * * * * * * * * * * * * * * * * * * * * * * * * * * * * * * * * * //

1541
(
(0.311532 0.0325091 0.311725 0.344234) 0 15075 1
(0.356137 0.321932 0.0157906 0.306141) 1 3 2
(0.00532462 0.497338 0.23621 0.261128) 2 5 2
(0.0348873 0.289847 0.482556 0.192709) 78 7 1
(0.205998 0.397001 0.137799 0.259202) 2 2 1
(0.307807 0.346097 0.245668 0.100429) 2 4 1
(0.498364 0.217705 0.250818 0.033113) 3 7378 2
(0.489831 0.255084 0.201424 0.05366) 4 7379 1
(0.549243 0.139254 0.0861243 0.225379) 5 11 1
(0.367142 0.316429 0.288158 0.0282713) 6 13 2
(0.351911 0.324044 0.0858339 0.23821) 7 15 2
(0.276934 0.00761566 0.353917 0.361533) 8 14 2
(0.224821 0.387589 0.0935369 0.294052) 9 19 2
(0.457667 0.271167 0.0129199 0.258247) 10 21 2
(0.366749 0.316625 0.256698 0.0599277) 11 23 2
(0.345911 0.327044 0.304095 0.022949) 12 25 2
(0.42861 0.155532 0.285695 0.130164) 12 7387 2
(0.477106 0.261447 0.0487202 0.212727) 13 24 1
(0.176396 0.411802 0.21728 0.194522) 13 26 1
(0.472108 0.0349514 0.263946 0.228994) 14 7389 2
(0.452805 0.273598 0.186477 0.0871206) 16 32 1
(0.401969 0.299015 0.232216 0.0668) 19 39 2
(0.36968 0.31516 0.0441819 0.270978) 20 41 2
(0.374356 0.312822 0.0406401 0.272182) 21 43 2
(0.281939 0.359031 0.0107594 0.348271) 22 45 2
(0.435844 0.282078 0.207015 0.0750629) 22 7397 1
(0.0924358 0.453782 0.18522 0.268562) 23 44 1
(0.155251 0.422375 0.11102 0.311354) 24 46 1
(0.620314 0.189843 0.0260296 0.163813) 25 48 1
(0.238969 0.380516 0.271649 0.108867) 26 53 2
(0.385905 0.307047 0.0484601 0.258587) 27 55 2
(0.657415 0.171293 0.145708 0.0255846) 28 7403 1
(0.204562 0.0922708 0.397719 0.305448) 103 57 1
(0.217068 0.0862045 0.391466 0.305262) 29 58 2
(0.368929 0.0540347 0.261501 0.315535) 30 61 1
(0.43087 0.284565 0.0722772 0.212288) 31 7406 1
(0.18626 0.40687 0.289143 0.117727) 106 211 1
(0.08269 0.452694 0.00596135 0.458655) 32 65 1
(0.105942 0.447029 0.0526049 0.394424) 33 67 2
(0.188317 0.260024 0.145817 0.405842) 33 67 1
(0.0867187 0.456641 0.0141501 0.442491) 34 69 2
(0.448509 0.137424 0.275746 0.138321) 34 7409 2
(0.490744 0.254628 0.0462208 0.208407) 35 7410 1
(0.433424 0.283288 0.15713 0.126158) 36 7411 1
(0.441631 0.279184 0.2242 0.0549845) 37 7412 1
(0.24352 0.300593 0.37824 0.0776469) 112 75 1
(0.247554 0.376223 0.250534 0.125689) 38 77 2
(0.527979 0.0338056 0.236011 0.202205) 75 1 1
(0.0415619 0.458582 0.0206367 0.479219) 76 152 1
(0.108105 0.445948 0.0274089 0.418539) 77 153 1
(0.186725 0.406638 0.258291 0.148346) 79 155 1
(0.209103 0.334081 0.395448 0.0613673) 80 11 1
(0.0306194 0.48469 0.375243 0.109448) 153 304 1
(0.599993 0.0311242 0.200004 0.168879) 152 154 1
(0.0716215 0.0503844 0.413805 0.464189) 79 158 1
(0.142935 0.14448 0.284053 0.428533) 80 160 1
(0.256795 0.371602 0.144882 0.226721) 81 162 2
(0.339931 0.168554 0.161481 0.330035) 81 162 1
(0.0787291 0.0839764 0.376659 0.460635) 82 161 2
(0.558256 0.220872 0.10377 0.117102) 82 164 2
(0.116028 0.441986 0.316465 0.125521) 85 169 1
(0.555135 0.222432 0.146959 0.0754738) 87 25 2
(0.150613 0.424693 0.0422014 0.382492) 89 175 1
(0.172454 0.413773 0.336732 0.077041) 90 31 2
(0.0635102 0.103128 0.365116 0.468245) 16 30 2
(0.164019 0.41799 0.129017 0.288973) 92 35 2
(0.069447 0.465276 0.0776181 0.387658) 90 180 2
(0.199491 0.141627 0.258627 0.400255) 90 180 1
(0.258656 0.370672 0.304249 0.0664233) 91 182 2
(0.388661 0.251718 0.30567 0.0539515) 95 41 1
(0.167137 0.416431 0.304101 0.11233) 98 47 2
(0.00865426 0.456098 0.0395749 0.495673) 24 49 1
(0.188408 0.405796 0.240503 0.165293) 94 188 2
(0.182436 0.408782 0.0288833 0.379899) 170 190 2
(0.15583 0.371002 0.422085 0.0510829) 171 192 1
(0.0143946 0.458191 0.0346116 0.492803) 97 194 1
(0.218851 0.390575 0.179525 0.21105) 98 196 2
(0.216612 0.222351 0.169342 0.391694) 98 196 1
(0.160449 0.00286688 0.416909 0.419775) 99 195 2
(0.298687 0.350657 0.271519 0.0791379) 99 198 2
(0.343062 0.192612 0.328469 0.135857) 102 55 1
(0.511237 0.135636 0.244382 0.108746) 104 59 1
(0.637235 0.181383 0.117431 0.0639514) 105 61 2
(0.243695 0.378152 0.229411 0.148742) 106 209 1
(0.267856 0.366072 0.108953 0.257118) 181 212 2
(0.0519938 0.474003 0.20258 0.271423) 182 360 1
(0.658292 0.170854 0.120913 0.0499416) 182 362 1
(0.306513 0.346743 0.312983 0.0337604) 109 215 1
(0.467369 0.0423895 0.266316 0.223926) 109 217 2
(0.205607 0.397196 0.0629493 0.334247) 180 359 2
(0.0127387 0.0868769 0.406754 0.493631) 180 359 1
(0.239855 0.380072 0.185517 0.194555) 226 301 2
(0.252052 0.373974 0.0506801 0.323294) 227 449 1
(0.193996 0.403002 0.240302 0.1627) 153 305 2
(0.200832 0.0294933 0.370091 0.399584) 155 306 2
(0.489698 0.255151 0.0614779 0.193673) 157 310 1
(0.12277 0.438615 0.10574 0.332875) 158 312 1
(0.141172 0.0174566 0.429414 0.411957) 158 166 1
(0.212919 0.181877 0.393541 0.211664) 159 168 1
(0.0236363 0.488182 0.290913 0.197268) 86 172 2
(0.0404755 0.158594 0.321169 0.479762) 88 176 1
(0.105885 0.447058 0.00967781 0.43738) 234 317 2
(0.283561 0.35822 0.101426 0.256794) 160 319 2
(0.0955417 0.0659261 0.452229 0.386303) 160 318 2
(0.231535 0.384233 0.351738 0.0324951) 161 321 2
(0.0982736 0.0893033 0.450863 0.36156) 161 320 2
(0.252034 0.373983 0.311436 0.0625469) 162 323 2
(0.078396 0.0958614 0.460802 0.364941) 162 322 2
(0.222819 0.388591 0.333584 0.0550068) 163 325 2
(0.0563926 0.086016 0.471804 0.385788) 163 324 2
(0.166584 0.342296 0.0744122 0.416708) 164 327 1
(0.225321 0.38734 0.167455 0.219885) 165 329 2
(0.376906 0.0500289 0.311547 0.261518) 166 330 2
(0.414438 0.260215 0.0325654 0.292781) 168 335 1
(0.070149 0.101512 0.363413 0.464925) 169 337 1
(0.107044 0.08204 0.364438 0.446478) 170 339 1
(0.137947 0.108159 0.322867 0.431027) 171 341 1
(0.421602 0.289199 0.178569 0.11063) 174 344 1
(0.355296 0.322352 0.000198606 0.322153) 175 346 1
(0.0683876 0.465806 0.447363 0.0184433) 177 204 2
(0.0719643 0.464018 0.437279 0.0267384) 177 352 1
(0.0455847 0.245661 0.231547 0.477208) 175 349 1
(0.258561 0.0681672 0.302552 0.370719) 176 351 1
(0.422351 0.288824 0.0687387 0.220086) 178 206 2
(0.10474 0.44763 0.172915 0.274716) 179 354 1
(0.550684 0.224658 0.141048 0.0836098) 179 356 1
(0.18458 0.273088 0.134622 0.40771) 225 448 1
(0.132433 0.433784 0.328553 0.105231) 301 598 1
(0.0890041 0.455498 0.149919 0.305579) 227 451 1
(0.160609 0.419696 0.293787 0.125908) 228 453 1
(0.754822 0.0363191 0.122589 0.08627) 229 307 1
(0.48711 0.231524 0.256445 0.0249214) 230 309 1
(0.312343 0.339911 0.343829 0.00391715) 231 311 1
(0.021104 0.489448 0.377951 0.111497) 158 315 2
(0.262161 0.368919 0.0276939 0.341226) 306 606 1
(0.0111199 0.0734796 0.49444 0.42096) 231 459 2
(0.188444 0.405778 0.359188 0.0465901) 232 462 2
(0.0136571 0.111268 0.381903 0.493171) 233 461 2
(0.035228 0.16549 0.316896 0.482386) 233 464 1
(0.142118 0.422551 0.00638962 0.428941) 234 466 1
(0.0286705 0.0640284 0.485665 0.421636) 234 465 2
(0.229385 0.338827 0.0464803 0.385308) 235 468 1
(0.221071 0.389465 0.233145 0.15632) 236 470 2
(0.179368 0.410316 0.232755 0.177561) 237 472 2
(0.180644 0.409678 0.268729 0.140948) 238 474 2
(0.180657 0.409672 0.336382 0.0732894) 239 476 2
(0.348239 0.325881 0.320022 0.00585863) 240 477 1
(0.299407 0.350297 0.337132 0.0131648) 242 333 2
(0.377998 0.311001 0.0334617 0.277539) 243 335 2
(0.235362 0.382319 0.108582 0.273738) 244 486 2
(0.160412 0.0262075 0.393587 0.419794) 245 485 2
(0.0201388 0.0997632 0.489931 0.390167) 245 487 2
(0.179414 0.0406206 0.410293 0.369673) 246 489 2
(0.253805 0.0589799 0.314118 0.373098) 247 492 1
(0.181555 0.0529299 0.356293 0.409222) 248 494 1
(0.0065587 0.496721 0.239803 0.256918) 250 498 2
(0.796728 0.101636 0.0491898 0.0524462) 251 351 2
(0.409331 0.295334 0.106147 0.189188) 252 353 2
(0.282519 0.35874 0.285712 0.0730286) 252 501 1
(0.340629 0.197504 0.329686 0.132182) 253 355 1
(0.0856482 0.457176 0.255378 0.201798) 300 15079 2
(0.199506 0.400247 0.178873 0.221374) 375 15080 2
(0.0213605 0.48932 0.189918 0.299402) 376 745 1
(0.116785 0.441607 0.437814 0.0037937) 377 601 2
(0.0579571 0.234852 0.236169 0.471021) 302 601 1
(0.0905502 0.454725 0.173778 0.280947) 303 603 2
(0.077954 0.202323 0.2587 0.461023) 303 603 1
(0.114098 0.442951 0.179035 0.263916) 304 605 2
(0.145645 0.123693 0.303484 0.427177) 304 605 1
(0.165267 0.417367 0.131153 0.286214) 305 607 2
(0.0100344 0.494983 0.333698 0.161285) 381 609 2
(0.530398 0.0140047 0.220796 0.234801) 307 608 2
(0.0334684 0.0163691 0.466897 0.483266) 307 611 1
(0.0791774 0.460411 0.0516818 0.408729) 309 615 2
(0.160549 0.240832 0.178893 0.419725) 310 617 1
(0.224561 0.0125096 0.37521 0.387719) 311 619 1
(0.00786331 0.102235 0.496068 0.393834) 312 620 2
(0.0528516 0.0942355 0.379339 0.473574) 314 622 2
(0.0325 0.10799 0.48375 0.37576) 314 624 2
(0.00627785 0.117587 0.379274 0.496861) 316 626 2
(0.207433 0.274492 0.396284 0.121792) 316 480 1
(0.289026 0.355487 0.0644777 0.29101) 317 482 2
(0.257911 0.371045 0.172081 0.198964) 318 484 2
(0.214221 0.0492477 0.392889 0.343642) 318 632 2
(0.392148 0.0547898 0.249136 0.303926) 319 635 1
(0.260417 0.301336 0.0684554 0.369792) 320 637 1
(0.261153 0.369423 0.354263 0.0151603) 321 639 2
(0.0740929 0.0984063 0.364547 0.462954) 322 641 1
(0.09195 0.454025 0.0677725 0.386253) 400 793 1
(0.0476442 0.476178 0.283069 0.193109) 326 649 2
(0.399408 0.300296 0.00344826 0.296848) 327 648 1
(0.0458732 0.477063 0.213172 0.263891) 328 650 1
(0.374896 0.312552 0.22606 0.0864918) 328 652 1
(0.364195 0.181584 0.317902 0.136318) 329 506 1
(0.488069 0.255965 0.249661 0.00630412) 450 746 2
(0.128078 0.435961 0.161389 0.274571) 451 894 1
(0.151313 0.424343 0.263662 0.160681) 451 896 1
(0.133815 0.433093 0.233353 0.19974) 452 898 1
(0.114885 0.442557 0.2607 0.181857) 453 900 1
(0.806543 0.0967284 0.0134643 0.0832641) 380 756 2
(0.684111 0.157944 0.128555 0.0293893) 381 609 2
(0.213914 0.393043 0.251272 0.141771) 382 757 1
(0.0733979 0.463301 0.430631 0.0326704) 383 759 1
(0.305407 0.347296 0.0149369 0.332359) 384 764 2
(0.113796 0.0857405 0.443102 0.357361) 385 765 2
(0.163718 0.0393767 0.418141 0.378765) 386 767 2
(0.178298 0.0141404 0.410851 0.39671) 387 769 2
(0.141444 0.034512 0.429278 0.394766) 388 771 2
(0.156347 0.0254006 0.421826 0.396426) 389 773 2
(0.162859 0.0127459 0.41857 0.405825) 390 775 2
(0.256573 0.025655 0.346058 0.371713) 391 778 1
(0.237625 0.329167 0.381187 0.0520202) 392 631 1
(0.403709 0.298146 0.161559 0.136587) 393 633 2
(0.473895 0.263052 0.167269 0.0957832) 394 635 2
(0.280129 0.359936 0.0852924 0.274643) 395 786 2
(0.164436 0.0631812 0.354601 0.417782) 396 785 2
(0.0912546 0.0983343 0.454373 0.356038) 396 787 2
(0.158008 0.420996 0.337128 0.0838675) 473 792 2
(0.130613 0.175347 0.434694 0.259347) 398 791 2
(0.238765 0.380618 0.0426268 0.337991) 474 940 1
(0.0962629 0.451869 0.0859089 0.36596) 475 942 1
(0.0888879 0.455556 0.320552 0.135004) 401 798 2
(0.127384 0.436308 0.313811 0.122497) 404 801 1
(0.252337 0.373832 0.0202592 0.353572) 525 895 2
(0.0622304 0.468885 0.376703 0.0921815) 526 1045 1
(0.240688 0.379656 0.338691 0.0409648) 528 901 2
(0.483473 0.258264 0.0802013 0.178062) 454 902 1
(0.251122 0.374439 0.244861 0.129578) 455 904 1
(0.351772 0.324114 0.0630381 0.261076) 457 906 1
(0.412988 0.0580849 0.293506 0.235421) 458 762 1
(0.311867 0.344067 0.00121104 0.342856) 460 912 1
(0.175526 0.022984 0.389253 0.412237) 460 915 1
(0.252321 0.0679715 0.305868 0.37384) 461 917 1
(0.224888 0.174471 0.213085 0.387556) 462 919 1
(0.209729 0.181549 0.213586 0.395135) 463 921 1
(0.122732 0.0331186 0.438634 0.405516) 464 922 2
(0.173284 0.413358 0.119587 0.293771) 466 927 2
(0.492391 0.160423 0.253804 0.0933814) 467 780 1
(0.349027 0.319444 0.325487 0.00604283) 468 782 1
(0.341409 0.329296 0.0958509 0.233445) 469 784 2
(0.095905 0.452047 0.156307 0.29574) 470 935 2
(0.124083 0.06513 0.372829 0.437959) 471 934 2
(0.204269 0.133235 0.26463 0.397866) 471 937 1
(0.289057 0.355472 0.353983 0.00148822) 472 939 2
(0.10217 0.440828 0.00808655 0.448915) 473 941 1
(0.237188 0.381406 0.049552 0.331854) 549 943 2
(0.146678 0.426661 0.0821651 0.344496) 550 1091 1
(0.294314 0.160483 0.19236 0.352843) 475 945 1
(0.323588 0.178369 0.338206 0.159837) 477 800 1
(0.0375379 0.481231 0.0907617 0.390469) 525 1044 2
(0.0827346 0.280518 0.178114 0.458633) 526 1046 1
(0.298357 0.350822 0.0815955 0.269226) 528 1049 1
(0.0583492 0.470825 0.178499 0.292326) 530 1051 1
(0.314224 0.342888 0.298441 0.0444474) 531 907 2
(0.276909 0.361545 0.100076 0.261469) 532 909 2
(0.0810566 0.459472 0.423543 0.035929) 533 1059 1
(0.34649 0.263596 0.0631594 0.326755) 534 1062 1
(0.446763 0.276618 0.140915 0.135704) 535 1064 2
(0.364008 0.0246995 0.293296 0.317996) 536 1063 2
(0.427702 0.286149 0.0806799 0.205469) 537 1068 2
(0.226868 0.386566 0.0240908 0.362475) 539 1072 2
(0.184851 0.285135 0.122439 0.407574) 540 1074 1
(0.173498 0.0627185 0.350532 0.413251) 541 1076 1
(0.17202 0.41399 0.0303351 0.383655) 543 1080 2
(0.138797 0.430602 0.246791 0.183811) 544 1082 2
(0.137537 0.431231 0.423214 0.00801793) 545 1084 2
(0.18668 0.355571 0.0510891 0.40666) 546 1086 1
(0.211865 0.387892 0.00617601 0.394068) 547 1088 1
(0.208514 0.395743 0.28369 0.112053) 548 1090 2
(0.028985 0.389315 0.485507 0.0961926) 624 1092 1
(0.0920197 0.45399 0.0936704 0.36032) 626 1242 1
(0.0934629 0.453269 0.367094 0.0861748) 626 1244 1
(0.283387 0.358306 0.0277096 0.330597) 551 947 2
(0.290144 0.354928 0.0550945 0.299834) 552 949 2
(0.0551374 0.0770342 0.395397 0.472431) 600 15083 1
(0.244784 0.0867276 0.290881 0.377608) 601 1195 1
(0.266304 0.366848 0.366411 0.000436739) 602 1196 1
(0.30718 0.34641 0.297433 0.0489767) 604 1052 2
(0.247551 0.376224 0.0807818 0.295443) 605 1054 2
(0.258676 0.240777 0.370662 0.129885) 606 1056 1
(0.23536 0.185121 0.38232 0.197199) 607 1058 1
(0.329623 0.231085 0.335189 0.104104) 608 1060 1
(0.608815 0.114255 0.195592 0.0813368) 609 1062 1
(0.445005 0.178817 0.277498 0.098681) 610 1064 1
(0.387011 0.0894534 0.306494 0.217041) 611 1066 1
(0.247028 0.376486 0.341355 0.0351314) 612 1216 1
(0.249792 0.0869468 0.288157 0.375104) 613 1219 1
(0.234367 0.382817 0.0798345 0.302982) 615 1223 2
(0.182723 0.272622 0.136016 0.408638) 616 1225 1
(0.105049 0.0211293 0.426346 0.447476) 618 1226 2
(0.242028 0.313322 0.378986 0.0656643) 695 1233 1
(0.0975113 0.294543 0.156701 0.451244) 621 1235 1
(0.0733859 0.0331689 0.463307 0.430138) 622 1236 2
(0.133603 0.433198 0.253332 0.179867) 624 1241 2
(0.102947 0.42817 0.0203565 0.448527) 625 1243 1
(0.0794324 0.460284 0.336349 0.123934) 701 1393 1
(0.0296758 0.485162 0.420577 0.0645847) 628 1249 2
(0.208166 0.395917 0.166058 0.22986) 628 1100 2
(0.255033 0.372484 0.366555 0.00592853) 629 1102 2
(0.279649 0.0798764 0.360176 0.280299) 675 1341 2
(0.417867 0.0778594 0.213207 0.291066) 677 1346 1
(0.265988 0.367006 0.274566 0.0924406) 679 1350 2
(0.0531844 0.239573 0.233835 0.473408) 681 1354 1
(0.0977008 0.45115 0.389671 0.0614783) 681 1353 1
(0.290365 0.138362 0.354818 0.216455) 682 1207 1
(0.340096 0.329952 0.0321618 0.29779) 683 1209 2
(0.372641 0.313679 0.25569 0.057989) 684 1211 2
(0.072599 0.4637 0.127746 0.335955) 685 1359 1
(0.303881 0.00549199 0.348059 0.342567) 685 1213 1
(0.240955 0.180547 0.379523 0.198975) 686 1215 1
(0.191413 0.203562 0.404293 0.200732) 687 1217 1
(0.583895 0.208053 0.134219 0.0738341) 689 1370 2
(0.30657 0.140203 0.206512 0.346715) 690 1372 1
(0.142302 0.0643189 0.428849 0.36453) 691 1373 2
(0.242202 0.378899 0.123451 0.255448) 693 1378 2
(0.0877369 0.0856154 0.370516 0.456132) 695 1382 1
(0.177117 0.0707666 0.411441 0.340675) 696 1383 2
(0.29778 0.35111 0.21426 0.13685) 699 1390 2
(0.362883 0.318559 0.0137028 0.304856) 776 1540 1
(0.18885 0.141687 0.405575 0.263888) 777 1396 1
(0.0615301 0.469235 0.032638 0.436597) 704 1400 2
(0.20769 0.396155 0.061181 0.334974) 704 1251 2
(0.131232 0.434384 0.0940627 0.340321) 705 1399 1
(0.263052 0.368474 0.353692 0.0147816) 705 1401 1
(0.729297 0.0137277 0.135352 0.121624) 750 1490 2
(0.863105 0.0684477 0.0196523 0.0487954) 752 1495 2
(0.65223 0.00738948 0.166495 0.173885) 753 1497 1
(0.315191 0.342405 0.231108 0.111297) 755 1501 2
(0.230691 0.0346366 0.350018 0.384654) 757 1505 1
(0.160257 0.419872 0.196891 0.222981) 759 1509 2
(0.13743 0.16177 0.269515 0.431285) 761 1513 1
(0.0797622 0.436416 0.460119 0.0237024) 761 1364 1
(0.189811 0.405094 0.224136 0.180958) 762 1366 2
(0.264895 0.157395 0.367553 0.210157) 762 1366 1
(0.211593 0.394204 0.262061 0.132143) 763 1368 2
(0.246984 0.139645 0.376508 0.236863) 763 1368 1
(0.329123 0.335438 0.26472 0.0707187) 764 1370 2
(0.0369227 0.481539 0.336879 0.14466) 764 1518 1
(0.509512 0.0998522 0.145392 0.245244) 766 1520 2
(0.51042 0.104189 0.140601 0.24479) 767 1525 1
(0.648883 0.0812354 0.0943233 0.175559) 768 1527 1
(0.409025 0.295487 0.0722895 0.223198) 770 1530 1
(0.398611 0.300695 0.0575903 0.243104) 772 1532 1
(0.422052 0.288974 0.26427 0.0247043) 774 1390 2
(0.165739 0.0967671 0.320363 0.41713) 776 1543 1
(0.238033 0.0998479 0.281136 0.380983) 778 1547 1
(0.122379 0.224429 0.214381 0.43881) 779 1549 1
(0.417289 0.291356 0.0121949 0.279161) 780 1402 2
(0.416442 0.0849662 0.291779 0.206813) 855 1551 1
(0.111765 0.444117 0.392269 0.0518487) 781 1553 2
(0.092228 0.453886 0.308108 0.145778) 826 1493 2
(0.0547802 0.47261 0.00797122 0.464639) 753 1497 2
(0.106271 0.446865 0.240194 0.206671) 829 1499 2
(0.441951 0.279024 0.185152 0.0938721) 831 1652 2
(0.269665 0.365167 0.163905 0.201262) 832 1654 2
(0.247987 0.25986 0.116146 0.376006) 833 1656 1
(0.243549 0.115409 0.262817 0.378226) 834 1658 1
(0.221185 0.00276714 0.38664 0.389408) 835 1660 1
(0.418437 0.290781 0.265867 0.0249142) 837 1515 2
(0.0406809 0.47966 0.328546 0.151113) 837 1663 1
(0.318234 0.11263 0.340883 0.228253) 838 1517 1
(0.243932 0.378034 0.0405844 0.33745) 839 1519 2
(0.178999 0.410501 0.3629 0.0476005) 840 1521 2
(0.225491 0.156472 0.387254 0.230782) 840 1521 1
(0.298364 0.278076 0.350818 0.0727425) 841 1523 1
(0.343125 0.328437 0.0939355 0.234502) 842 1525 2
(0.324779 0.207854 0.33761 0.129757) 843 1527 1
(0.215632 0.392184 0.189841 0.202343) 846 1533 2
(0.15302 0.267229 0.42349 0.156261) 848 1537 1
(0.288124 0.290303 0.355938 0.0656355) 849 1539 1
(0.311173 0.0196099 0.344413 0.324803) 852 1545 1
(0.716253 0.04136 0.141874 0.100514) 853 1547 1
(0.177532 0.411234 0.0891198 0.322114) 928 1844 1
(0.390964 0.266874 0.304518 0.0376437) 929 1698 1
(0.0523139 0.473843 0.118309 0.355534) 930 1846 1
(0.476366 0.261817 0.258582 0.00323522) 930 1848 1
(0.0296074 0.485196 0.444609 0.0405869) 900 1640 2
(0.0943064 0.214876 0.452847 0.23797) 900 1640 1
(0.0979656 0.451017 0.144676 0.306341) 901 1642 2
(0.09443 0.029241 0.452785 0.423544) 901 1642 1
(0.0392122 0.277581 0.202813 0.480394) 827 1644 1
(0.144326 0.160472 0.267365 0.427837) 903 1792 2
(0.633056 0.183472 0.00202765 0.181444) 828 1646 2
(0.0102974 0.114077 0.494851 0.380774) 903 1646 1
(0.0984449 0.225659 0.450778 0.225119) 904 1648 1
(0.145978 0.427011 0.208627 0.218384) 905 1650 2
(0.0348514 0.482574 0.457787 0.0247873) 905 1798 1
(0.143293 0.0397641 0.388589 0.428353) 906 1798 2
(0.301566 0.123881 0.225337 0.349217) 906 1801 1
(0.303055 0.305116 0.0433562 0.348472) 907 1803 1
(0.28998 0.225393 0.129617 0.35501) 908 1805 1
(0.358276 0.00430537 0.316556 0.320862) 909 1807 1
(0.392326 0.174794 0.303837 0.129043) 911 1662 1
(0.321297 0.235351 0.339352 0.104001) 912 1664 1
(0.346974 0.282233 0.326513 0.0442803) 913 1666 1
(0.331496 0.334252 0.0115279 0.322724) 914 1668 2
(0.306321 0.34684 0.147906 0.198934) 915 1670 2
(0.308002 0.345999 0.317151 0.0288481) 916 1672 2
(0.0425492 0.478725 0.118794 0.359932) 917 1820 1
(0.0523616 0.473819 0.388348 0.0854715) 917 1822 1
(0.122316 0.438842 0.405438 0.0334044) 919 1678 2
(0.184663 0.0374086 0.407668 0.37026) 847 1683 2
(0.249383 0.0783184 0.375308 0.29699) 923 1686 1
(0.146946 0.426527 0.363923 0.0626038) 925 1838 1
(0.0989661 0.0175665 0.43295 0.450517) 852 1691 2
(0.483768 0.258116 0.253625 0.00449082) 927 1842 1
(0.270053 0.364973 0.0398023 0.325171) 1002 1991 1
(0.577469 0.124376 0.0868889 0.211265) 1003 1994 1
(0.572835 0.213583 0.107639 0.105944) 1004 1996 2
(0.00151191 0.368056 0.499244 0.131188) 1004 1995 2
(0.123453 0.438274 0.405494 0.0327799) 1050 2086 1
(0.127355 0.436322 0.17266 0.263662) 976 1791 2
(0.281889 0.359056 0.182088 0.176968) 977 1793 2
(0.341505 0.329248 0.198775 0.130473) 978 1795 2
(0.138302 0.430849 0.417476 0.0133732) 979 1797 2
(0.267134 0.315681 0.366433 0.050752) 979 1797 1
(0.232403 0.383798 0.350993 0.0328049) 980 1799 2
(0.388191 0.29639 0.00951417 0.305904) 980 1948 1
(0.300284 0.349858 0.0258927 0.323965) 981 1950 2
(0.0875812 0.113983 0.456209 0.342227) 981 1949 2
(0.429057 0.0309214 0.285472 0.25455) 982 1951 2
(0.31345 0.150592 0.343275 0.192683) 983 1953 2
(0.255773 0.372113 0.19904 0.173073) 984 1955 1
(0.189279 0.40536 0.372033 0.0333268) 985 1957 1
(0.144275 0.427862 0.0634995 0.364363) 987 1959 1
(0.332392 0.333804 0.227093 0.106711) 988 1815 2
(0.166041 0.41698 0.297459 0.11952) 989 1966 2
(0.47779 0.156473 0.104631 0.261105) 990 1968 1
(0.0421961 0.275679 0.478902 0.203223) 991 1969 2
(0.166539 0.0821129 0.41673 0.334617) 992 1823 1
(0.176473 0.154754 0.411763 0.257009) 993 1825 1
(0.293108 0.00893711 0.344509 0.353446) 919 1827 1
(0.42015 0.00207635 0.289925 0.287849) 920 1828 2
(0.000913302 0.181982 0.499543 0.317561) 921 1830 2
(0.0615704 0.0847595 0.469215 0.384455) 924 1836 2
(0.324395 0.337803 0.16512 0.172683) 1001 1841 2
(0.390252 0.304874 0.0651167 0.239757) 1002 1989 1
(0.245992 0.377004 0.0210931 0.355911) 1000 1988 2
(0.381007 0.309497 0.0206968 0.2888) 1076 2136 1
(0.313062 0.343469 0.128452 0.215017) 1076 2138 1
(0.706438 0.145417 0.146781 0.00136424) 1077 2140 2
(0.208843 0.0396268 0.355952 0.395578) 1050 15089 1
(0.468057 0.0866825 0.265971 0.179289) 1051 1940 1
(0.284171 0.357915 0.036099 0.321816) 1052 1942 2
(0.336732 0.331634 0.302572 0.0290627) 1053 1944 2
(0.160724 0.419638 0.334002 0.0856356) 1053 2092 1
(0.304506 0.300502 0.347747 0.0472452) 1054 1946 1
(0.326686 0.336657 0.0705363 0.266121) 1055 2094 1
(0.247011 0.00467829 0.371816 0.376494) 1056 2096 2
(0.134631 0.0688508 0.363834 0.432684) 1057 2098 2
(0.243268 0.00710502 0.371261 0.378366) 1058 2100 2
(0.22795 0.32025 0.386025 0.0657749) 1058 1954 1
(0.203085 0.360369 0.398457 0.0380879) 1059 1956 1
(0.17891 0.410545 0.0928202 0.317725) 1060 1958 2
(0.269172 0.365414 0.191314 0.1741) 1061 1960 2
(0.219141 0.298835 0.0915945 0.39043) 1062 2111 1
(0.081415 0.0592163 0.459293 0.400076) 1063 2112 2
(0.22536 0.38732 0.17333 0.21399) 1065 2117 2
(0.310481 0.344759 0.139858 0.204901) 1066 1970 2
(0.262785 0.323749 0.368608 0.0448583) 1067 1972 1
(0.189606 0.405197 0.0271916 0.378006) 1068 1974 2
(0.241329 0.379336 0.155242 0.224093) 1069 1976 2
(0.316101 0.34195 0.0541391 0.28781) 995 1978 2
(0.441348 0.0420385 0.237287 0.279326) 996 1977 2
(0.197607 0.201556 0.19964 0.401197) 996 1980 1
(0.218307 0.390847 0.281388 0.109458) 1072 1982 2
(0.197344 0.0618348 0.339493 0.401328) 998 1981 2
(0.263272 0.0853759 0.282988 0.368364) 999 1983 2
(0.523115 0.238442 0.090896 0.147546) 1073 2133 2
(0.154015 0.202013 0.22098 0.422993) 1074 2132 2
(0.495783 0.0184236 0.233685 0.252108) 1074 2135 1
(0.240263 0.374358 0.00551024 0.379869) 1075 2137 1
(0.18004 0.40998 0.192393 0.217587) 1125 2235 1
(0.30403 0.347985 0.129657 0.218328) 1127 2091 2
(0.273799 0.255094 0.363101 0.108007) 1128 2093 1
(0.254951 0.17777 0.194755 0.372525) 1130 2246 1
(0.24695 0.266214 0.110311 0.376525) 1131 2248 1
(0.209375 0.395312 0.331814 0.0634986) 1132 2250 2
(0.174674 0.0156457 0.397017 0.412663) 1133 2249 2
(0.295441 0.216039 0.13624 0.352279) 1133 2252 1
(0.27304 0.0141728 0.349307 0.36348) 1134 2251 2
(0.29253 0.226278 0.127457 0.353735) 1134 2254 1
(0.141891 0.291476 0.137578 0.429054) 1059 2105 1
(0.178465 0.410768 0.351405 0.0593621) 1135 2107 2
(0.220865 0.0698289 0.389567 0.319739) 1135 2107 1
(0.344841 0.0266484 0.327579 0.300931) 1136 2257 2
(0.263237 0.124464 0.243918 0.368381) 1137 2260 1
(0.19261 0.0325208 0.403695 0.371174) 1138 2261 2
(0.318491 0.340754 0.188644 0.15211) 1140 2266 2
(0.184458 0.311895 0.407771 0.0958758) 1141 2119 1
(0.0805936 0.459703 0.452936 0.00676692) 1143 2123 2
(0.287785 0.226483 0.129624 0.356108) 1143 2272 1
(0.328283 0.335858 0.255376 0.0804826) 1144 2274 2
(0.298263 0.350868 0.0902169 0.260651) 1145 2276 2
(0.116087 0.121665 0.320292 0.441956) 1070 2124 2
(0.0108295 0.494585 0.452708 0.0418772) 1145 2275 1
(0.166553 0.256389 0.416723 0.160335) 1146 2129 1
(0.171398 0.414301 0.217018 0.197283) 1147 2131 2
(0.0709605 0.0967298 0.46452 0.36779) 1147 2131 1
(0.507006 0.246497 0.0258018 0.220695) 1148 2282 2
(0.294955 0.352522 0.283789 0.0687335) 1148 2281 1
(0.541924 0.229038 0.0470824 0.181956) 1149 2135 2
(0.323254 0.338373 0.111091 0.227282) 1150 2283 1
(0.382204 0.20074 0.108158 0.308898) 1200 2385 1
(0.322683 0.338658 0.334737 0.00392162) 1203 2242 2
(0.31502 0.047529 0.34249 0.294961) 1204 2244 1
(0.337967 0.331016 0.0178496 0.313167) 1280 2395 2
(0.0997864 0.450107 0.116411 0.333696) 1206 2397 2
(0.121512 0.020175 0.419069 0.439244) 1207 2396 2
(0.108031 0.0539734 0.392011 0.445984) 1207 2399 1
(0.129179 0.329069 0.106342 0.435411) 1208 2401 1
(0.0388895 0.480555 0.223406 0.257149) 1284 2403 2
(0.527799 0.236101 0.146407 0.0896935) 1209 2402 1
(0.395903 0.302049 0.178388 0.12366) 1210 2256 2
(0.387055 0.10031 0.306473 0.206163) 1210 2256 1
(0.249498 0.375251 0.0486992 0.326552) 1211 2258 2
(0.346698 0.326651 0.0863791 0.240272) 1213 2411 2
(0.0414477 0.16923 0.310046 0.479276) 1214 2410 2
(0.244558 0.0958162 0.377721 0.281905) 1214 2412 2
(0.395293 0.0281574 0.274196 0.302354) 1215 2415 1
(0.37199 0.0756838 0.238321 0.314005) 1216 2417 1
(0.328643 0.0972732 0.238405 0.335678) 1217 2419 1
(0.241432 0.106744 0.27254 0.379284) 1218 2421 1
(0.237953 0.128611 0.252412 0.381023) 1219 2423 1
(0.200034 0.15225 0.399983 0.247733) 1296 2427 1
(0.0203009 0.48985 0.369874 0.119975) 1220 2424 1
(0.12048 0.0157394 0.43976 0.42402) 1221 2278 1
(0.315849 0.342076 0.097103 0.244973) 1222 2280 2
(0.00419972 0.4979 0.363114 0.134786) 1222 2428 1
(0.465229 0.267385 0.0918358 0.17555) 1223 2282 2
(0.119353 0.440323 0.203318 0.237005) 1223 2430 1
(0.225718 0.387141 0.150212 0.236929) 1224 2284 2
(0.341249 0.329375 0.30752 0.0218551) 1224 2432 1
(0.280754 0.278321 0.359623 0.0813018) 1225 2286 1
(0.310379 0.34481 0.00213992 0.342671) 1275 2534 2
(0.142641 0.0932253 0.335454 0.428679) 1276 2533 2
(0.122008 0.0978552 0.438996 0.341141) 1276 2535 2
(0.0634297 0.0914045 0.468285 0.376881) 1277 2537 2
(0.160326 0.419837 0.0445872 0.37525) 1355 2690 1
(0.0383378 0.480831 0.134514 0.346317) 1281 2546 2
(0.136768 0.431616 0.133897 0.297719) 1282 2548 2
(0.68045 0.15107 0.00870554 0.159775) 1284 2552 1
(0.666119 0.16694 0.157146 0.0097941) 1285 2405 2
(0.0658094 0.0676603 0.399435 0.467095) 1211 2407 1
(0.251214 0.275275 0.099118 0.374393) 1212 2409 1
(0.567968 0.216016 0.176379 0.0396368) 1289 2562 2
(0.423449 0.0104146 0.277861 0.288276) 1290 2561 2
(0.325711 0.024537 0.337145 0.312608) 1290 2563 2
(0.304656 0.347672 0.207079 0.140594) 1291 2566 2
(0.327401 0.00736354 0.3363 0.328936) 1291 2565 2
(0.307306 0.346347 0.147326 0.199021) 1292 2568 2
(0.411004 0.112538 0.18196 0.294498) 1292 2568 1
(0.02152 0.48924 0.291209 0.198031) 1367 2716 1
(0.350956 0.144142 0.324522 0.18038) 1368 2570 1
(0.22236 0.0700941 0.318726 0.38882) 1294 2569 2
(0.200908 0.00340907 0.396137 0.399546) 1295 2571 2
(0.121702 0.439149 0.214503 0.224646) 1296 2576 2
(0.518505 0.240747 0.0402453 0.200502) 1297 2429 2
(0.167473 0.416264 0.341734 0.0745294) 1298 2577 1
(0.578905 0.210547 0.161294 0.0492531) 1298 2579 1
(0.418969 0.290516 0.182197 0.108318) 1299 2433 2
(0.168804 0.415598 0.365064 0.0505336) 1299 2581 1
(0.316817 0.280291 0.341592 0.0613005) 1300 2435 1
(0.317608 0.341196 0.153784 0.187412) 1301 2437 2
(0.300765 0.189276 0.160342 0.349617) 1350 2683 1
(0.00794785 0.191686 0.496026 0.30434) 1351 2684 2
(0.131619 0.434191 0.431813 0.00237767) 1354 2691 2
(0.430934 0.284533 0.123743 0.16079) 1356 2694 1
(0.347342 0.326329 0.291901 0.0344285) 1358 2550 2
(0.536725 0.231638 0.153798 0.0778398) 1359 2700 1
(0.139838 0.430081 0.276612 0.153469) 1287 2558 2
(0.149586 0.425207 0.145813 0.279394) 1364 2562 2
(0.0937721 0.453114 0.186829 0.266285) 1364 2711 2
(0.297029 0.00131904 0.350166 0.351486) 1364 2711 1
(0.242282 0.378859 0.0943391 0.28452) 1365 2713 2
(0.280558 0.21898 0.140741 0.359721) 1365 2713 1
(0.00631697 0.112347 0.384494 0.496842) 1366 2712 2
(0.239186 0.380407 0.284273 0.0961343) 1366 2715 2
(0.215448 0.0942768 0.297999 0.392276) 1366 2715 1
(0.284335 0.0128769 0.344955 0.357832) 1367 2714 2
(0.584293 0.207854 0.00723074 0.200623) 1442 2863 1
(0.0530543 0.473473 0.128686 0.344787) 1443 2865 1
(0.358459 0.057604 0.320771 0.263167) 1443 2719 1
(0.231415 0.384292 0.344771 0.0395218) 1369 2721 2
(0.200651 0.399675 0.114562 0.285112) 1370 2723 2
(0.209422 0.0179501 0.377339 0.395289) 1370 2723 1
(0.332725 0.333637 0.246119 0.0875188) 1371 2724 1
(0.478511 0.260745 0.256353 0.00439196) 1372 2726 1
(0.460415 0.0698146 0.269793 0.199978) 1373 2580 1
(0.314988 0.210241 0.342506 0.132265) 1374 2582 1
(0.307854 0.227333 0.346073 0.118739) 1375 2584 1
(0.657629 0.0930354 0.0781499 0.171185) 1426 2831 2
(0.194889 0.402556 0.258244 0.144312) 1427 2835 1
(0.261341 0.282103 0.087226 0.369329) 1429 2840 1
(0.451675 0.274162 0.0431316 0.231031) 1431 2695 2
(0.287749 0.197891 0.356126 0.158234) 1432 2697 1
(0.260626 0.369687 0.344177 0.02551) 1433 2847 1
(0.260488 0.369756 0.344517 0.0252391) 1435 2703 2
(0.234676 0.0160886 0.366573 0.382662) 1362 2707 1
(0.123286 0.438357 0.0996085 0.338749) 1511 2854 2
(0.118597 0.440701 0.0880152 0.352686) 1437 2856 2
(0.208212 0.0266293 0.369264 0.395894) 1437 2856 1
(0.205944 0.397028 0.286698 0.11033) 1438 2858 2
(0.20358 0.0033094 0.39821 0.3949) 1438 2857 2
(0.181015 0.409493 0.249163 0.16033) 1439 2860 2
(0.153944 0.113702 0.309326 0.423028) 1439 2860 1
(0.150463 0.424769 0.203062 0.221706) 1440 2862 2
(0.144105 0.0641709 0.363776 0.427947) 1440 2862 1
(0.361785 0.227157 0.319107 0.0919502) 1516 2864 1
(0.209227 0.395387 0.142523 0.252864) 1518 2868 2
(0.318657 0.340672 0.246124 0.0945476) 1519 2870 2
(0.0315606 0.103869 0.38035 0.48422) 1445 2869 2
(0.007102 0.496449 0.284403 0.212046) 1521 3022 1
(0.431046 0.284477 0.111339 0.173138) 1446 2725 2
(0.349132 0.325434 0.18723 0.138204) 1447 2727 2
(0.444846 0.277577 0.182444 0.0951327) 1448 2729 2
(0.408945 0.295528 0.271427 0.0241003) 1449 2731 2
(0.297969 0.351015 0.319573 0.0314429) 1450 2733 2
(0.934472 0.0327641 0.00956754 0.0231965) 1500 2980 1
(0.0423535 0.478823 0.29958 0.179243) 1502 2836 2
(0.226548 0.221825 0.164901 0.386726) 1428 2838 1
(0.169391 0.0599034 0.415305 0.355401) 1503 2986 2
(0.269363 0.185069 0.180249 0.365318) 1504 2989 1
(0.271799 0.3641 0.357067 0.00703351) 1505 2991 2
(0.560809 0.199294 0.219596 0.020302) 1507 2846 1
(0.262707 0.368646 0.21314 0.155506) 1509 2850 2
(0.00468416 0.497658 0.348617 0.14904) 1583 3145 1
(0.151572 0.0288552 0.395359 0.424214) 1509 2999 1
(0.140822 0.268295 0.161294 0.429589) 1510 3001 1
(0.128811 0.435595 0.417467 0.018128) 1511 3003 2
(0.0429888 0.0554998 0.423006 0.478506) 1512 3002 2
(0.145633 0.362116 0.0650673 0.427183) 1512 3005 1
(0.122847 0.438577 0.15764 0.280937) 1513 3007 2
(0.0711935 0.0213251 0.464403 0.443078) 1513 3006 2
(0.112268 0.118872 0.324994 0.443866) 1514 3009 1
(0.143359 0.150581 0.27774 0.428321) 1515 3011 1
(0.0391684 0.480416 0.243501 0.236915) 1518 3017 2
(0.0241844 0.275239 0.212668 0.487908) 1519 3019 1
(0.276187 0.303727 0.0581796 0.361906) 1520 3021 1
(0.0982713 0.450864 0.285065 0.165799) 1523 3027 2
(0.00330095 0.0969931 0.49835 0.401356) 1524 3028 2
(0.302935 0.348532 0.321288 0.0272447) 1527 3035 2
(0.532882 0.233559 0.158106 0.0754531) 1528 3037 2
(0.397955 0.200619 0.100403 0.301022) 1452 2883 2
(0.474772 0.262614 0.0287863 0.233828) 1453 2888 2
(0.340419 0.32979 0.0182888 0.311502) 1454 2890 2
(0.0263895 0.486805 0.296793 0.190012) 1501 2983 2
(0.260438 0.369781 0.17228 0.197501) 1502 2985 2
(0.163103 0.059902 0.358547 0.418449) 1503 2984 2
(0.230201 0.00427064 0.380629 0.3849) 1577 3131 2
(0.204416 0.153291 0.244501 0.397792) 1577 3134 1
(0.158253 0.420874 0.248299 0.172574) 1578 3136 2
(0.115855 0.0212177 0.442072 0.420855) 1578 3135 2
(0.213555 0.374519 0.0187037 0.393222) 1579 3138 1
(0.270192 0.364904 0.193408 0.171496) 1580 3140 2
(0.254403 0.372799 0.0735413 0.299257) 1581 3142 2
(0.0127632 0.493618 0.206404 0.287215) 1583 3146 2
(0.0865611 0.34542 0.111299 0.456719) 1584 3148 1
(0.141501 0.256651 0.172598 0.429249) 1585 3150 1
(0.00322818 0.0502676 0.448118 0.498386) 1587 3151 2
(0.0472148 0.476393 0.41997 0.056423) 1588 3156 2
(0.296446 0.351777 0.176188 0.175589) 1590 3160 2
(0.173698 0.404592 0.00855939 0.413151) 1591 3162 1
(0.0333131 0.228412 0.254931 0.483343) 1594 3165 2
(0.298504 0.350748 0.269449 0.0812993) 1595 3170 2
(0.255527 0.372237 0.314186 0.0580501) 1596 3172 2
(0.288423 0.144764 0.211024 0.355789) 1597 3174 1
(0.345998 0.327001 0.165466 0.161535) 1599 3178 2
(0.0300768 0.181417 0.484962 0.303545) 1601 3181 2
(0.0819567 0.182347 0.276675 0.459022) 1603 3183 2
(0.100089 0.344982 0.449955 0.104973) 1603 3185 2
(0.477075 0.261463 0.0682612 0.193201) 1529 3039 2
(0.0980691 0.0993278 0.351638 0.450965) 1530 3038 2
(0.321408 0.00397417 0.339296 0.335322) 1530 3040 2
(0.252246 0.203727 0.17015 0.373877) 1575 3130 1
(0.283558 0.335033 0.0231878 0.358221) 1576 3132 1
(0.2026 0.3987 0.164518 0.234182) 1650 3279 2
(0.235639 0.0911612 0.291019 0.382181) 1650 3279 1
(0.205393 0.397304 0.194478 0.202826) 1651 3281 2
(0.192386 0.0286293 0.375178 0.403807) 1651 3281 1
(0.242247 0.378876 0.210549 0.168327) 1652 3283 2
(0.245063 0.0179875 0.359481 0.377468) 1653 3282 2
(0.44805 0.0728566 0.203119 0.275975) 1654 3287 1
(0.261876 0.014783 0.354279 0.369062) 1656 3291 1
(0.203872 0.398064 0.0949859 0.303078) 1659 3297 2
(0.160266 0.0214022 0.419867 0.398465) 1660 3298 2
(0.116397 0.441802 0.0828721 0.35893) 1663 3305 2
(0.0407723 0.479614 0.282433 0.197181) 1664 3306 1
(0.223923 0.388039 0.150865 0.237174) 1668 3315 2
(0.097511 0.451245 0.32352 0.127724) 1668 3314 1
(0.37121 0.314395 0.29725 0.0171455) 1669 3316 1
(0.248219 0.280063 0.0958273 0.37589) 1671 3321 1
(0.217404 0.0172214 0.391298 0.374077) 1672 3322 2
(0.215121 0.39244 0.0742822 0.318157) 1674 3327 2
(0.263837 0.368081 0.171282 0.196799) 1675 3329 2
(0.619682 0.190159 0.0158208 0.174338) 1676 3331 2
(0.382389 0.0377831 0.271022 0.308805) 1677 3333 1
(0.342799 0.0171275 0.3286 0.311473) 1678 3186 1
(0.162008 0.0646895 0.418996 0.354307) 1679 3188 1
(0.229356 0.367254 0.385322 0.0180682) 1680 3190 1
(0.276437 0.361781 0.240742 0.12104) 1681 3192 2
(0.16668 0.41666 0.0752814 0.341378) 1725 3428 2
(0.0691204 0.291921 0.173519 0.46544) 1726 3430 1
(0.423243 0.288379 0.146197 0.142182) 1727 3431 1
(0.00895533 0.495522 0.455624 0.0398984) 1655 3289 2
(0.36727 0.316365 0.284552 0.0318125) 1733 3444 2
(0.316162 0.341919 0.0194362 0.322483) 1735 3448 2
(0.648029 0.0703037 0.105682 0.175986) 1736 3450 1
(0.0723219 0.463839 0.390411 0.0734285) 1739 3455 1
(0.0974431 0.166751 0.451278 0.284527) 1741 3311 1
(0.391472 0.112341 0.191923 0.304264) 1742 3462 1
(0.257891 0.255896 0.371054 0.115159) 1744 3317 1
(0.342018 0.000195478 0.328991 0.328795) 1745 3319 1
(0.434153 0.215629 0.0672949 0.282924) 1747 3472 1
(0.265009 0.345851 0.0216446 0.367495) 1748 3474 1
(0.263906 0.368047 0.27608 0.0919666) 1749 3476 2
(0.236063 0.381968 0.202428 0.179541) 1750 3478 2
(0.316779 0.341611 0.113287 0.228323) 1751 3331 2
(0.271464 0.364268 0.058139 0.306129) 1752 3333 2
(0.0762877 0.225479 0.236377 0.461856) 1752 3482 1
(0.194608 0.402696 0.294788 0.107908) 1753 3484 2
(0.158848 0.0428038 0.377772 0.420576) 1754 3483 2
(0.165665 0.0386615 0.417168 0.378506) 1754 3485 2
(0.363175 0.142944 0.175468 0.318413) 1802 3581 1
(0.271239 0.180798 0.183583 0.36438) 1805 3584 2
(0.326921 0.246134 0.0904055 0.33654) 1730 3438 1
(0.291229 0.308228 0.0461577 0.354385) 1731 3440 1
(0.143598 0.0302556 0.428201 0.397945) 1807 3442 1
(0.150996 0.424502 0.0855352 0.338967) 1809 3446 2
(0.131926 0.434037 0.0292167 0.40482) 1811 3596 1
(0.0736873 0.0539981 0.463156 0.409158) 1738 3453 2
(0.0583144 0.470843 0.400041 0.0708018) 1740 3458 2
(0.538765 0.124037 0.10658 0.230618) 1817 3608 2
(0.679584 0.0623814 0.0978264 0.160208) 1818 3610 2
(0.148779 0.42561 0.421639 0.0039712) 1821 3470 2
(0.447537 0.276231 0.190617 0.0856146) 1822 3472 2
(0.171014 0.414493 0.217123 0.19737) 1897 3621 2
(0.0977803 0.0284386 0.45111 0.422671) 1822 3620 2
(0.116275 0.344421 0.0974414 0.441862) 1823 3623 1
(0.182477 0.408762 0.212789 0.195973) 1824 3625 2
(0.143766 0.0262347 0.401883 0.428117) 1825 3624 2
(0.221992 0.00392141 0.385082 0.389004) 1825 3627 1
(0.203884 0.153014 0.245044 0.398058) 1826 3629 1
(0.134865 0.209288 0.223279 0.432568) 1827 3631 1
(0.104887 0.246531 0.201025 0.447556) 1828 3633 1
(0.060682 0.469659 0.414705 0.054954) 1876 3727 1
(0.332357 0.0243569 0.333822 0.309465) 1879 3585 1
(0.0401952 0.125562 0.354341 0.479902) 1805 3587 1
(0.292276 0.251987 0.101874 0.353862) 1806 3589 1
(0.164992 0.266709 0.150795 0.417504) 1807 3591 1
(0.194378 0.290996 0.111815 0.402811) 1808 3593 1
(0.176025 0.124853 0.287135 0.411987) 1809 3595 1
(0.228899 0.165525 0.38555 0.220025) 1811 3598 2
(0.452808 0.255396 0.0182 0.273596) 1813 3603 1
(0.18252 0.376014 0.0327255 0.40874) 1814 3605 1
(0.463363 0.0564544 0.211864 0.268319) 1816 3609 1
(0.54057 0.0881141 0.141601 0.229715) 1892 3760 1
(0.464149 0.267926 0.0730641 0.194861) 1893 3762 2
(0.168402 0.0930709 0.415799 0.322728) 1893 3761 2
(0.281361 0.309176 0.0501433 0.359319) 1894 3764 1
(0.28067 0.359665 0.0164878 0.343177) 1895 3766 2
(0.309812 0.072591 0.272503 0.345094) 1895 3766 1
(0.227142 0.314385 0.0720436 0.386429) 1896 3768 1
(0.147588 0.391715 0.034491 0.426206) 1897 3770 1
(0.236667 0.381667 0.2055 0.176166) 1898 3772 2
(0.216174 0.391913 0.203269 0.188644) 1899 3774 2
(0.19597 0.350775 0.0512403 0.402015) 1900 3776 1
(0.315409 0.329064 0.0132317 0.342296) 1902 3780 1
(0.0249957 0.33198 0.155522 0.487502) 1951 3877 1
(0.157925 0.200328 0.421037 0.220709) 2027 3879 1
(0.200567 0.399717 0.370494 0.0292222) 1950 3726 2
(0.126886 0.346516 0.436557 0.0900411) 1951 3728 1
(0.248221 0.37589 0.361076 0.0148137) 1952 3730 2
(0.262216 0.212376 0.368892 0.156516) 1952 3730 1
(0.246301 0.37685 0.353451 0.0233986) 1953 3732 2
(0.40422 0.179539 0.29789 0.118351) 1953 3732 1
(0.111745 0.147432 0.444128 0.296695) 1878 3731 2
(0.01161 0.00171223 0.492483 0.494195) 1879 3734 1
(0.185692 0.197356 0.209798 0.407154) 1880 3736 1
(0.288295 0.355853 0.280893 0.0749597) 1881 3738 2
(0.277663 0.361168 0.104464 0.256705) 1882 3740 2
(0.277861 0.36107 0.0109975 0.350072) 1883 3742 2
(0.328717 0.335641 0.121261 0.21438) 1884 3744 2
(0.243436 0.378282 0.161704 0.216578) 1886 3745 1
(0.578795 0.0498114 0.160791 0.210602) 1888 3749 2
(0.0558331 0.0164694 0.455614 0.472083) 1891 3755 2
(0.185591 0.116958 0.407204 0.290247) 1966 3758 1
(0.510765 0.187115 0.244617 0.0575023) 1891 3757 2
(0.273914 0.363043 0.135061 0.227981) 1967 3760 2
(0.0663441 0.186669 0.280159 0.466828) 1968 3908 2
(0.212971 0.203916 0.189598 0.393515) 1968 3911 1
(0.260933 0.369533 0.0918222 0.277711) 1969 3913 2
(0.192735 0.0488285 0.354804 0.403633) 1969 3913 1
(0.214311 0.306117 0.0867274 0.392845) 1970 3915 1
(0.258399 0.3708 0.304081 0.0667198) 1971 3917 2
(0.236936 0.381532 0.326649 0.0548832) 1972 3919 2
(0.253802 0.176963 0.196136 0.373099) 1973 3921 1
(0.0996203 0.0752993 0.374891 0.45019) 1975 3922 2
(0.409446 0.295277 0.0674818 0.227795) 1976 3778 2
(0.27387 0.363065 0.232971 0.130094) 1978 3782 2
(0.443742 0.278129 0.236052 0.0420767) 2100 4024 2
(0.166758 0.0907431 0.325878 0.416621) 2025 4024 1
(0.106091 0.248928 0.198027 0.446955) 2026 4026 1
(0.111921 0.23832 0.20572 0.444039) 2027 4028 1
(0.170546 0.201933 0.212794 0.414727) 2028 4030 1
(0.124647 0.340164 0.437676 0.0975123) 2028 3881 1
(0.224722 0.387639 0.353793 0.0338463) 2029 3883 2
(0.242125 0.300507 0.378937 0.0784308) 2029 3883 1
(0.179653 0.410173 0.0386684 0.371505) 2030 4031 1
(0.287253 0.157196 0.356373 0.199178) 2030 3885 1
(0.3038 0.3481 0.262445 0.0856548) 1956 3887 2
(0.278095 0.360953 0.318158 0.0427948) 1957 3889 2
(0.131583 0.369369 0.0648396 0.434209) 1959 3890 2
(0.204297 0.0301993 0.367652 0.397852) 1961 3897 1
(0.174258 0.129449 0.412871 0.283422) 1961 3748 1
(0.305368 0.185515 0.347316 0.161801) 1962 3898 2
(0.465489 0.0497323 0.267255 0.217523) 1963 3900 2
(0.541234 0.0492625 0.18012 0.229383) 1964 3903 1
(0.449938 0.275031 0.260858 0.0141735) 1965 3905 2
(0.262855 0.346729 0.0218433 0.368573) 1966 3907 1
(0.161371 0.225925 0.19339 0.419315) 2041 4053 2
(0.0358978 0.482051 0.0744396 0.407612) 2042 4055 1
(0.221006 0.0874868 0.389497 0.30201) 2042 3909 1
(0.0455293 0.109038 0.368197 0.477235) 2043 4057 2
(0.392624 0.107504 0.196184 0.303688) 2043 4060 1
(0.425973 0.216024 0.0709894 0.287014) 2044 4062 1
(0.22022 0.152281 0.237609 0.38989) 2045 4064 1
(0.277926 0.361037 0.276715 0.0843216) 2047 4068 2
(0.279623 0.0489814 0.311207 0.360188) 2048 4070 1
(0.0438604 0.0907429 0.47807 0.387327) 2049 4071 2
(0.218966 0.390517 0.083353 0.307164) 2051 4076 2
(0.198497 0.214936 0.185816 0.400751) 2052 4078 1
(0.198916 0.400542 0.39879 0.00175248) 2053 3931 2
(0.126651 0.436675 0.374699 0.0619761) 2053 4079 1
(0.215842 0.392079 0.172617 0.219462) 2175 15104 2
(0.137203 0.431399 0.00648845 0.42491) 2176 4321 1
(0.0483547 0.354864 0.120958 0.475823) 2101 4175 1
(0.57276 0.21362 0.144945 0.0686747) 2103 4178 1
(0.353883 0.295782 0.323059 0.0272768) 2104 4032 1
(0.323805 0.338097 0.297913 0.0401839) 2105 4034 2
(0.0609036 0.469548 0.107483 0.362065) 2106 4182 1
(0.283935 0.0501618 0.307871 0.358033) 2032 4035 2
(0.907881 0.00706042 0.0460595 0.0389991) 2033 4039 2
(0.726383 0.136808 0.11131 0.0254985) 2034 3893 2
(0.440594 0.16864 0.111063 0.279703) 2035 4041 2
(0.690795 0.154602 0.0200815 0.134521) 2036 4046 2
(0.738644 0.0887084 0.0419696 0.130678) 2037 4048 1
(0.57774 0.0726437 0.21113 0.138486) 2112 4196 2
(0.605646 0.197177 0.145886 0.051291) 2113 4199 2
(0.765585 0.117207 0.0239983 0.0932092) 2038 4050 2
(0.0544451 0.472777 0.20276 0.270017) 2039 4052 2
(0.116634 0.441683 0.42502 0.016663) 2115 4054 2
(0.297789 0.335371 0.351105 0.0157347) 2115 4054 1
(0.375823 0.312089 0.22684 0.0852489) 2116 4056 2
(0.242975 0.0384172 0.378512 0.340095) 2116 4056 1
(0.453771 0.273114 0.182218 0.0908961) 2117 4058 2
(0.29111 0.354445 0.136216 0.218229) 2118 4206 1
(0.210246 0.394877 0.087922 0.306955) 2119 4208 1
(0.565672 0.00109365 0.217164 0.21607) 2119 4062 1
(0.362525 0.13942 0.179317 0.318738) 2123 4216 2
(0.250136 0.0448758 0.330056 0.374932) 2124 4218 2
(0.192576 0.0721212 0.331591 0.403712) 2125 4220 2
(0.336485 0.0614214 0.331757 0.270336) 2126 4224 2
(0.181895 0.124902 0.409053 0.28415) 2204 4231 1
(0.0672351 0.101681 0.466382 0.364701) 2130 4232 2
(0.0231502 0.488425 0.362026 0.126399) 2131 4086 2
(0.168538 0.415731 0.362643 0.0530884) 2131 4234 1
(0.0999569 0.147673 0.302348 0.450022) 2176 4321 2
(0.454035 0.272983 0.138289 0.134694) 2177 4177 2
(0.317718 0.341141 0.0594951 0.281646) 2179 4181 2
(0.228012 0.0767907 0.309204 0.385994) 2107 4184 2
(0.0651767 0.330608 0.136804 0.467412) 2108 4186 2
(0.186275 0.335935 0.406862 0.0709274) 2108 4188 2
(0.361107 0.234941 0.319447 0.0845055) 2109 4190 2
(0.507937 0.246032 0.148175 0.0978564) 2185 4339 1
(0.142738 0.428631 0.0802543 0.348377) 2185 4341 1
(0.146502 0.426749 0.00455031 0.422199) 2111 4194 1
(0.452086 0.103693 0.273957 0.170264) 2186 4195 1
(0.041574 0.167784 0.479213 0.311429) 2186 4343 2
(0.174085 0.412957 0.239846 0.173112) 2262 4346 2
(0.569508 0.0907443 0.215246 0.124502) 2187 4345 2
(0.00740267 0.496299 0.409299 0.0869997) 2188 4347 1
(0.191626 0.0490827 0.404187 0.355104) 2189 4201 1
(0.279781 0.144877 0.360109 0.215233) 2190 4203 1
(0.349616 0.292088 0.325192 0.0331043) 2191 4205 1
(0.30351 0.348245 0.0780784 0.270167) 2192 4207 2
(0.0217257 0.281423 0.207714 0.489137) 2118 4209 1
(0.330997 0.334502 0.23429 0.100211) 2193 4357 1
(0.288098 0.113498 0.355951 0.242453) 2194 4211 1
(0.232202 0.228519 0.383899 0.15538) 2195 4213 1
(0.0347376 0.482631 0.254351 0.22828) 2198 4219 2
(0.455859 0.0125533 0.27207 0.259517) 2198 4367 2
(0.467238 0.147379 0.119002 0.266381) 2199 4370 1
(0.123371 0.231808 0.206506 0.438314) 2201 4371 2
(0.00827151 0.495864 0.43233 0.0635344) 2277 4524 1
(0.218326 0.255243 0.390837 0.135594) 2279 4380 1
(0.137523 0.384259 0.0469797 0.431238) 2205 4382 1
(0.232416 0.383792 0.182857 0.200935) 2206 4384 2
(0.584868 0.207566 0.173651 0.0339151) 2251 4324 2
(0.469629 0.175709 0.265186 0.0894772) 2252 4326 1
(0.267569 0.366215 0.320861 0.0453544) 2254 4330 2
(0.1727 0.172254 0.41365 0.241396) 2182 4335 2
(0.445857 0.127371 0.277072 0.149701) 2183 4337 2
(0.829538 0.0265254 0.0587055 0.0852309) 2184 4340 1
(0.401306 0.299347 0.182167 0.11718) 2258 4487 2
(0.5472 0.2264 0.141366 0.0850343) 2259 4489 2
(0.0471929 0.209562 0.266842 0.476404) 2260 4488 2
(0.476797 0.261601 0.200051 0.0615505) 2260 4491 2
(0.0738426 0.42165 0.463079 0.0414287) 2260 4490 2
(0.449312 0.275344 0.00281457 0.272529) 2335 4491 2
(0.876665 0.0616674 0.0609306 0.000736799) 2261 4493 2
(0.188003 0.405998 0.0347691 0.371229) 2263 4494 1
(0.0971872 0.199702 0.451406 0.251705) 2263 4348 1
(0.262908 0.368546 0.166728 0.201818) 2264 4350 2
(0.0673615 0.466319 0.380249 0.0860706) 2264 4498 1
(0.350357 0.163155 0.324822 0.161667) 2265 4352 1
(0.318596 0.340702 0.0418896 0.298812) 2266 4354 2
(0.270177 0.364912 0.098072 0.26684) 2267 4356 2
(0.239891 0.302985 0.380055 0.0770699) 2268 4358 1
(0.184007 0.0570754 0.407997 0.350921) 2269 4360 1
(0.568234 0.145882 0.0700008 0.215883) 2197 4363 2
(0.0675803 0.0445244 0.421685 0.46621) 2197 4366 1
(0.485705 0.0177458 0.239402 0.257147) 2272 4515 1
(0.623554 0.154512 0.188223 0.0337113) 2273 4516 2
(0.721411 0.139294 0.0891875 0.0501068) 2274 4519 2
(0.352738 0.103073 0.323631 0.220558) 2275 4520 2
(0.309563 0.245908 0.0993106 0.345218) 2276 4523 1
(0.25717 0.135641 0.371415 0.235774) 2352 4525 1
(0.391616 0.304192 0.22876 0.075432) 2325 4619 1
(0.27089 0.364555 0.267584 0.0969711) 2326 4621 1
(0.333146 0.333427 0.293651 0.0397762) 2327 4623 1
(0.271243 0.364379 0.332812 0.0315671) 2329 4479 2
(0.233457 0.383272 0.0986565 0.284615) 2255 4481 2
(0.496727 0.14112 0.110517 0.251637) 2256 4483 1
(0.0300477 0.184821 0.300155 0.484976) 2331 4629 2
(0.379257 0.032573 0.310371 0.277798) 2331 4631 2
(0.324554 0.337723 0.282872 0.0548505) 2332 4634 2
(0.111529 0.123492 0.444236 0.320743) 2332 4633 2
(0.331226 0.334387 0.220679 0.113708) 2333 4636 2
(0.330453 0.0448717 0.289902 0.334773) 2333 4636 1
(0.319436 0.122429 0.217853 0.340282) 2334 4635 2
(0.182166 0.0433688 0.408917 0.365548) 2334 4637 2
(0.32785 0.336075 0.0136441 0.322431) 2336 4639 1
(0.257862 0.147981 0.371069 0.223088) 2336 4493 1
(0.249803 0.375098 0.336903 0.0381956) 2337 4495 2
(0.313651 0.208839 0.343175 0.134336) 2337 4495 1
(0.309527 0.345236 0.324929 0.0203071) 2338 4497 2
(0.189235 0.405383 0.343873 0.0615093) 2338 4645 1
(0.254266 0.0545563 0.372867 0.318311) 2339 4499 1
(0.00903436 0.495483 0.110203 0.385279) 2341 4649 1
(0.207011 0.396494 0.204349 0.192146) 2342 4505 2
(0.202179 0.351776 0.39891 0.0471344) 2343 4507 1
(0.192465 0.117189 0.403767 0.286578) 2344 4509 1
(0.0464373 0.129005 0.347776 0.476781) 2271 4510 2
(0.101788 0.309588 0.449106 0.139518) 2348 4517 1
(0.124005 0.155454 0.282543 0.437997) 2275 4518 2
(0.840079 0.0799606 0.0373291 0.0426315) 2350 4670 2
(0.386856 0.306572 0.137993 0.168579) 2351 4672 2
(0.233738 0.0270537 0.356077 0.383131) 2352 4671 2
(0.315887 0.342056 0.0590836 0.282973) 2401 4622 2
(0.117729 0.441136 0.238996 0.20214) 2402 4773 2
(0.175754 0.412123 0.208651 0.203472) 2403 4775 2
(0.143457 0.428271 0.368162 0.0601089) 2404 4777 2
(0.0320007 0.165042 0.318958 0.484) 2329 4628 1
(0.332123 0.104076 0.333939 0.229863) 2405 4630 1
(0.0300927 0.484954 0.275192 0.209762) 2406 4781 2
(0.148448 0.0274692 0.425776 0.398307) 2406 4780 2
(0.192184 0.403908 0.300218 0.10369) 2407 4783 2
(0.188624 0.0285766 0.377112 0.405688) 2407 4783 1
(0.139546 0.430227 0.283068 0.147159) 2408 4785 2
(0.136431 0.175881 0.255903 0.431784) 2408 4785 1
(0.273303 0.363349 0.170913 0.192435) 2484 4787 2
(0.385807 0.307097 0.0597741 0.247323) 2485 4789 2
(0.350378 0.324811 0.260287 0.0645235) 2409 4638 2
(0.567305 0.216348 0.200811 0.0155371) 2409 4786 1
(0.565532 0.217234 0.155634 0.0616) 2410 4640 2
(0.0459829 0.477009 0.353475 0.123533) 2410 4788 1
(0.299494 0.270981 0.350253 0.0792719) 2411 4642 1
(0.284938 0.357531 0.160541 0.19699) 2412 4644 2
(0.202933 0.398533 0.200276 0.198257) 2413 4646 2
(0.166597 0.416702 0.078553 0.338149) 2414 4648 2
(0.18852 0.300566 0.40574 0.105173) 2415 4650 1
(0.173187 0.0836843 0.413407 0.329722) 2416 4652 1
(0.0747821 0.462609 0.413522 0.0490874) 2417 4802 1
(0.15855 0.420725 0.399999 0.0207257) 2419 4658 2
(0.111634 0.444183 0.285916 0.158267) 2420 4660 2
(0.323802 0.338099 0.173881 0.164218) 2346 4662 2
(0.22023 0.0914021 0.298483 0.389885) 2348 4666 1
(0.305616 0.277943 0.0692489 0.347192) 2349 4668 1
(0.058193 0.287906 0.470903 0.182998) 2425 4670 1
(0.218491 0.0909874 0.390755 0.299767) 2425 4818 2
(0.350742 0.0256232 0.299006 0.324629) 2426 4821 1
(0.00600544 0.0131707 0.483827 0.496997) 2400 4769 1
(0.155047 0.254424 0.168053 0.422477) 2475 4918 1
(0.17195 0.172671 0.241354 0.414025) 2476 4920 1
(0.173686 0.175071 0.238086 0.413157) 2477 4922 1
(0.201124 0.256756 0.142681 0.399438) 2478 4924 1
(0.190735 0.391742 0.0128908 0.404633) 2479 4926 1
(0.245539 0.377231 0.179355 0.197876) 2480 4928 2
(0.231218 0.384391 0.307696 0.0766948) 2555 5076 1
(0.320594 0.0232496 0.339703 0.316453) 2556 4930 1
(0.336623 0.0592271 0.331689 0.272461) 2557 4932 1
(0.351085 0.0382778 0.324458 0.28618) 2558 4934 1
(0.0558102 0.472095 0.326468 0.145627) 2559 5084 1
(0.45056 0.27472 0.27222 0.00250001) 2560 5086 1
(0.0130598 0.49347 0.458159 0.0353111) 2486 4940 2
(0.120291 0.439854 0.139975 0.299879) 2562 4942 2
(0.21379 0.393105 0.255676 0.137429) 2488 4944 2
(0.169754 0.415123 0.286461 0.128662) 2487 4793 2
(0.0651857 0.467407 0.214939 0.252468) 2488 4795 2
(0.155847 0.101573 0.422077 0.320504) 2488 4795 1
(0.213204 0.393398 0.200555 0.192843) 2489 4797 2
(0.202291 0.0538153 0.398855 0.345039) 2489 4797 1
(0.191975 0.389671 0.404012 0.0143412) 2490 4799 1
(0.196511 0.401744 0.197461 0.204283) 2491 4801 2
(0.179981 0.410009 0.368279 0.0417304) 2492 4803 2
(0.0663973 0.466801 0.410915 0.0558868) 2492 4951 1
(0.152539 0.07289 0.423731 0.350841) 2493 4805 1
(0.136294 0.180279 0.431853 0.251574) 2494 4807 1
(0.10992 0.224862 0.44504 0.220178) 2495 4809 1
(0.0575021 0.154367 0.471249 0.316882) 2421 4810 2
(0.286259 0.0122975 0.344573 0.35687) 2423 4812 2
(0.0866846 0.0973944 0.359263 0.456658) 2424 4814 2
(0.330172 0.0152802 0.319634 0.334914) 2424 4817 1
(0.39379 0.303105 0.0787143 0.224391) 2500 4819 2
(0.449709 0.275145 0.228712 0.0464336) 2501 4821 2
(0.310912 0.23274 0.111804 0.344544) 2550 5067 1
(0.0389981 0.480501 0.231945 0.248556) 2625 15110 2
(0.24262 0.37869 0.0511113 0.327579) 2626 5215 1
(0.0223775 0.488811 0.346644 0.142167) 2626 5217 1
(0.237533 0.381234 0.361604 0.0196294) 2627 5219 1
(0.0797163 0.460142 0.373348 0.0867937) 2628 5221 1
(0.350057 0.324971 0.260828 0.0641434) 2630 5077 2
(0.310319 0.119506 0.344841 0.225335) 2631 5079 1
(0.164822 0.417589 0.304792 0.112797) 2634 5085 2
(0.548079 0.22596 0.0538381 0.172122) 2633 5231 1
(0.0126467 0.493677 0.399289 0.094388) 2560 5087 2
(0.576058 0.043176 0.168795 0.211971) 2562 5088 2
(0.351533 0.324234 0.170565 0.153668) 2563 5090 1
(0.107324 0.446338 0.249735 0.196603) 2563 5092 1
(0.366848 0.209266 0.316576 0.107311) 2564 4946 1
(0.319459 0.34027 0.191779 0.148491) 2565 4948 2
(0.141804 0.429098 0.197396 0.231702) 2566 4950 2
(0.0738644 0.463068 0.440198 0.0228702) 2566 5098 1
(0.177812 0.387372 0.411094 0.0237227) 2567 4952 1
(0.177852 0.411074 0.281238 0.129836) 2568 4954 2
(0.0346942 0.482653 0.05798 0.424673) 2569 5102 1
(0.000893185 0.499553 0.0499992 0.449554) 2495 4958 2
(0.176752 0.234623 0.177001 0.411624) 2496 4960 1
(0.485584 0.0290701 0.228138 0.257208) 2497 4959 2
(0.0625923 0.157562 0.311142 0.468704) 2498 4961 2
(0.324413 0.0259562 0.311837 0.337793) 2498 4964 1
(0.237926 0.185417 0.19562 0.381037) 2499 4966 1
(0.0781303 0.0487942 0.460935 0.412141) 2575 4968 1
(0.0290995 0.0979621 0.387488 0.48545) 2502 4969 2
(0.00480658 0.497597 0.110529 0.387068) 2700 15111 2
(0.274277 0.106933 0.362862 0.255929) 2700 5216 1
(0.261955 0.271602 0.369023 0.0974203) 2701 5218 1
(0.208555 0.257995 0.395722 0.137728) 2702 5220 1
(0.0743512 0.462824 0.336945 0.12588) 2704 5224 2
(0.381898 0.309051 0.289299 0.0197515) 2705 5374 1
(0.0320462 0.217297 0.26668 0.483977) 2631 5228 1
(0.0816679 0.459166 0.414599 0.0445671) 2708 5380 1
(0.0651785 0.389707 0.467411 0.0777036) 2634 5233 2
(0.47783 0.261085 0.129301 0.131783) 2635 5235 1
(0.7117 0.138549 0.14415 0.0056003) 2636 5089 1
(0.411024 0.294488 0.00891661 0.285571) 2637 5091 2
(0.184175 0.407913 0.324841 0.0830717) 2638 5241 1
(0.0946981 0.452651 0.339941 0.11271) 2566 5099 2
(0.606095 0.196953 0.0602621 0.13669) 2641 5248 2
(0.459634 0.191336 0.0788469 0.270183) 2642 5247 2
(0.0379626 0.481019 0.426808 0.0542105) 2643 5103 2
(0.159416 0.0791359 0.420292 0.341156) 2643 5103 1
(0.14893 0.422515 0.425535 0.00301944) 2644 5105 1
(0.29537 0.352315 0.301933 0.0503815) 2570 5107 2
(0.390257 0.304872 0.174435 0.130437) 2571 5109 2
(0.31264 0.0455037 0.298176 0.34368) 2572 5108 2
(0.385153 0.10745 0.199974 0.307423) 2572 5111 1
(0.331859 0.33407 0.221665 0.112406) 2573 5113 2
(0.295181 0.352409 0.118652 0.233758) 2574 5115 2
(0.249334 0.375333 0.302366 0.0729671) 2576 5119 2
(0.290329 0.354836 0.185467 0.169369) 2577 5121 2
(0.269196 0.365402 0.221929 0.143473) 2775 5365 2
(0.203429 0.398286 0.305799 0.0924861) 2776 5367 2
(0.0294322 0.47258 0.0127035 0.485284) 2702 5369 1
(0.25282 0.37359 0.0470921 0.326498) 2778 5371 2
(0.339166 0.268099 0.0623174 0.330417) 2704 5373 1
(0.0265088 0.486746 0.0753528 0.411393) 2780 5375 2
(0.0608487 0.469576 0.240771 0.228804) 2706 5376 1
(0.178885 0.176416 0.234141 0.410557) 2708 5378 2
(0.0205135 0.489743 0.166175 0.323568) 2784 5383 2
(0.127087 0.260684 0.175773 0.436457) 2710 5385 1
(0.231954 0.384023 0.0267436 0.357279) 2712 5389 2
(0.109982 0.25024 0.194769 0.445009) 2713 5391 1
(0.232087 0.383956 0.0381402 0.345816) 2714 5244 2
(0.308496 0.345752 0.17765 0.168101) 2715 5246 2
(0.286842 0.356579 0.0622841 0.294295) 2716 5394 1
(0.0245805 0.48771 0.298745 0.188965) 2716 5396 1
(0.257911 0.0509571 0.371044 0.320087) 2717 5250 1
(0.258278 0.370861 0.0113069 0.359554) 2718 5252 2
(0.239064 0.380468 0.199889 0.180579) 2719 5254 2
(0.278475 0.360762 0.136109 0.224653) 2645 5256 2
(0.00332189 0.156491 0.341848 0.498339) 2646 5255 2
(0.304605 0.270032 0.0776653 0.347698) 2646 5258 1
(0.331656 0.334172 0.137189 0.196983) 2647 5260 2
(0.259068 0.0266868 0.343779 0.370466) 2648 5259 2
(0.278696 0.00674196 0.35391 0.360652) 2649 5261 2
(0.339864 0.148322 0.181746 0.330068) 2650 5266 1
(0.187727 0.122073 0.284063 0.406136) 2652 5267 2
(0.204381 0.397809 0.321196 0.0766138) 2850 5514 2
(0.18514 0.40743 0.317285 0.0901455) 2850 5662 1
(0.31512 0.180441 0.161999 0.34244) 2776 5516 1
(0.370744 0.0799892 0.234639 0.314628) 2777 5518 1
(0.00860571 0.0454878 0.495697 0.450209) 2853 5520 1
(0.365627 0.317186 0.0136869 0.3035) 2779 5519 1
(0.217604 0.391198 0.342608 0.0485895) 2854 5670 1
(0.703147 0.122479 0.148426 0.0259472) 2780 5375 1
(0.463127 0.268437 0.0256855 0.242751) 2781 5377 2
(0.388246 0.305877 0.136589 0.169288) 2783 5529 1
(0.0102348 0.21978 0.494883 0.275103) 2786 5535 2
(0.107364 0.108367 0.446318 0.337951) 2787 5537 2
(0.184952 0.170568 0.236956 0.407524) 2788 5540 1
(0.222771 0.365144 0.0234707 0.388614) 2789 5542 1
(0.119674 0.344017 0.0961458 0.440163) 2790 5544 1
(0.174309 0.02236 0.412845 0.390485) 2790 5395 1
(0.303924 0.233791 0.348038 0.114247) 2791 5397 1
(0.267775 0.366113 0.0869789 0.279134) 2792 5399 2
(0.26481 0.367595 0.178668 0.188927) 2793 5401 2
(0.288318 0.122646 0.233195 0.355841) 2719 5403 1
(0.28395 0.293765 0.0642602 0.358025) 2720 5405 1
(0.316129 0.341935 0.284021 0.0579145) 2721 5407 2
(0.307836 0.346082 0.211183 0.134898) 2722 5409 2
(0.347144 0.326428 0.107738 0.21869) 2723 5411 2
(0.353554 0.323223 0.0144744 0.308748) 2724 5413 2
(0.315074 0.0221452 0.320318 0.342463) 2725 5412 2
(0.3509 0.0102902 0.31426 0.32455) 2726 5414 2
(0.423267 0.288367 0.103028 0.185339) 2727 5419 2
(0.27602 0.318699 0.36199 0.0432916) 2926 5665 1
(0.269862 0.297389 0.365069 0.0676798) 2927 5667 1
(0.117575 0.441212 0.195517 0.245695) 2852 5664 1
(0.0318564 0.484072 0.187859 0.296213) 2853 5666 1
(0.237788 0.381106 0.217752 0.163354) 2854 5668 1
(0.595149 0.202426 0.156437 0.0459883) 2858 5679 2
(0.0912534 0.00691788 0.454373 0.447455) 2860 5682 2
(0.0592407 0.47038 0.448133 0.0222467) 2860 5682 1
(0.343879 0.229525 0.328061 0.0985359) 2861 5536 1
(0.534827 0.232587 0.22412 0.00846708) 2862 5538 2
(0.104846 0.0110751 0.447577 0.436502) 2862 5686 2
(0.204264 0.100278 0.29759 0.397868) 2863 5689 1
(0.207582 0.170402 0.225807 0.396209) 2864 5691 1
(0.0131933 0.493403 0.215451 0.277952) 2941 5841 1
(0.18849 0.329441 0.0763142 0.405755) 2866 5695 1
(0.160552 0.0788114 0.419724 0.340913) 2866 5546 1
(0.217744 0.391128 0.0464326 0.344695) 2867 5548 2
(0.0270174 0.486491 0.13359 0.352902) 2868 5696 1
(0.212575 0.197985 0.393712 0.195728) 2868 5550 1
(0.289437 0.332583 0.0226984 0.355282) 2794 5552 1
(0.115826 0.0544141 0.442087 0.387673) 2870 5554 1
(0.444799 0.2776 0.0111758 0.266425) 2796 5556 2
(0.170872 0.101481 0.313082 0.414564) 2797 5555 2
(0.19792 0.0843513 0.40104 0.316688) 2797 5557 2
(0.348119 0.0688256 0.257115 0.325941) 2798 5560 1
(0.367062 0.165211 0.151258 0.316469) 2799 5562 1
(0.36815 0.115293 0.200632 0.315925) 2800 5564 1
(0.178832 0.169875 0.410584 0.240709) 2801 5565 2
(0.295541 0.35223 0.32931 0.0229199) 2925 5812 2
(0.150223 0.424889 0.240503 0.184386) 3002 5816 2
(0.295837 0.352081 0.264361 0.0877201) 3003 5818 2
(0.613243 0.193378 0.118261 0.0751172) 2928 5669 2
(0.132652 0.433674 0.143828 0.289846) 2929 5817 1
(0.0701493 0.464925 0.375371 0.0895544) 2929 5819 1
(0.339547 0.0171209 0.313106 0.330227) 2932 5826 1
(0.305925 0.0406746 0.306363 0.347037) 2933 5828 1
(0.251115 0.0524195 0.322023 0.374442) 2934 5830 1
(0.156399 0.00889415 0.421801 0.412906) 2935 5831 2
(0.139938 0.0505096 0.430031 0.379521) 2936 5833 2
(0.057167 0.0781144 0.471416 0.393302) 2937 5835 2
(0.176646 0.00975209 0.401925 0.411677) 2939 5837 2
(0.169386 0.415307 0.169025 0.246282) 2940 5842 2
(0.0583732 0.470813 0.116436 0.354377) 3017 5992 1
(0.121673 0.439163 0.0889742 0.350189) 3018 5994 1
(0.293358 0.333911 0.353321 0.0194103) 2942 5697 1
(0.272321 0.363839 0.0597393 0.3041) 2943 5699 2
(0.228348 0.385826 0.364311 0.021515) 2944 5701 2
(0.396232 0.0978426 0.301884 0.204041) 2944 5701 1
(0.437192 0.0306886 0.281404 0.250716) 2869 5700 2
(0.218667 0.175383 0.215284 0.390667) 2870 5703 1
(0.202766 0.310157 0.0884594 0.398617) 2871 5705 1
(0.314894 0.342553 0.0342652 0.308288) 2872 5707 2
(0.357827 0.0542683 0.266818 0.321087) 2872 5707 1
(0.377874 0.311063 0.280748 0.0303151) 2873 5709 2
(0.42855 0.285725 0.0359234 0.249802) 2874 5711 2
(0.211453 0.135358 0.258916 0.394273) 2875 5710 2
(0.0262611 0.293368 0.193502 0.486869) 2876 5712 2
(0.0659047 0.38156 0.467048 0.0854872) 2876 5714 2
(0.136208 0.431896 0.319815 0.11208) 3002 5965 2
(0.0660467 0.466977 0.426526 0.0404502) 3079 5969 2
(0.116325 0.441838 0.308952 0.132886) 3081 5973 2
(0.22167 0.389165 0.300015 0.0891494) 3005 5822 2
(0.212663 0.393669 0.263674 0.129995) 3006 5824 2
(0.232977 0.383512 0.0288169 0.354695) 3007 5972 1
(0.0601739 0.207423 0.26249 0.469913) 3008 5974 2
(0.130508 0.140323 0.434746 0.294423) 3008 5976 2
(0.307534 0.0223132 0.32392 0.346233) 3009 5979 1
(0.167576 0.339806 0.0764058 0.416212) 3010 5981 1
(0.238527 0.380736 0.157768 0.222969) 3011 5983 2
(0.0431925 0.122349 0.356055 0.478404) 3012 5982 2
(0.176474 0.0433382 0.411763 0.368425) 3012 5984 2
(0.239496 0.380252 0.00575618 0.374496) 3014 5989 2
(0.197503 0.125366 0.401248 0.275883) 3091 5993 1
(0.415674 0.292163 0.25305 0.039113) 3092 6143 1
(0.175707 0.321922 0.0902241 0.412146) 3019 5999 1
(0.149873 0.425063 0.421802 0.00326182) 3020 5852 2
(0.283099 0.0438694 0.35845 0.314581) 3020 5852 1
(0.31953 0.336234 0.340235 0.00400108) 3021 5854 1
(0.439895 0.280052 0.232304 0.0477489) 3022 5856 2
(0.42136 0.28932 0.0663681 0.222952) 2947 5856 2
(0.319022 0.00711144 0.333377 0.340489) 2948 5855 2
(0.0407218 0.170691 0.479639 0.308948) 2948 5857 2
(0.475571 0.0109238 0.262215 0.251291) 2949 5859 2
(0.579347 0.190936 0.0193909 0.210327) 2950 5862 1
(0.553746 0.0440137 0.179113 0.223127) 2951 5861 2
(0.0804989 0.459751 0.383144 0.076607) 2952 5863 1
(0.0431499 0.022879 0.455546 0.478425) 2878 5716 2
(0.469514 0.20321 0.265243 0.0620325) 2878 5718 2
(0.367236 0.316382 0.185001 0.131381) 3075 5961 2
(0.0839977 0.458001 0.345271 0.11273) 3075 6109 1
(0.369624 0.315188 0.260535 0.0546528) 3076 6111 1
(0.23556 0.345711 0.0365096 0.38222) 3079 6118 1
(0.0147828 0.0630719 0.492609 0.429537) 3080 6119 2
(0.153559 0.42322 0.0319574 0.391263) 3082 6124 2
(0.25118 0.37441 0.0586091 0.315801) 3158 6126 2
(0.27269 0.363655 0.133397 0.230258) 3082 5975 2
(0.237089 0.381456 0.175148 0.206307) 3083 6123 1
(0.0377771 0.481111 0.17584 0.305271) 3083 6125 1
(0.195387 0.402307 0.359712 0.0425949) 3085 6130 2
(0.137467 0.207943 0.223324 0.431267) 3086 6132 1
(0.18439 0.321225 0.0865798 0.407805) 3087 6134 1
(0.0813205 0.118368 0.340972 0.45934) 3088 6133 2
(0.399548 0.151 0.149227 0.300226) 3088 6136 1
(0.435412 0.282294 0.159727 0.122567) 3089 6138 2
(0.316646 0.0276503 0.314027 0.341677) 3090 6137 2
(0.113311 0.443344 0.40667 0.0366748) 3091 6142 2
(0.217168 0.391416 0.0428924 0.348524) 3094 6148 2
(0.285738 0.357131 0.150889 0.206242) 3095 6147 1
(0.142695 0.428653 0.0848259 0.343827) 3096 6149 1
(0.176285 0.411857 0.0577572 0.3541) 3097 6151 1
(0.252152 0.373924 0.0316863 0.342238) 3023 6007 2
(0.0549072 0.137134 0.335412 0.472546) 3024 6006 2
(0.354765 0.0351769 0.322617 0.287441) 3024 6008 2
(0.410173 0.269993 0.0249207 0.294913) 3025 6011 1
(0.278892 0.0868745 0.273679 0.360554) 3026 6010 2
(0.380918 0.0429093 0.266632 0.309541) 3026 6013 1
(0.550798 0.224601 0.0600743 0.164527) 3027 6015 2
(0.384001 0.0409462 0.267053 0.308) 2952 5866 1
(0.284312 0.350783 0.357844 0.00706099) 3028 6016 2
(0.716713 0.0460804 0.141644 0.0955633) 3029 6018 2
(0.32107 0.130741 0.339465 0.208724) 3150 6110 1
(0.297321 0.316474 0.351339 0.0348654) 3151 6112 1
(0.258585 0.370707 0.0770879 0.293619) 3152 6114 2
(0.235111 0.382444 0.0857328 0.296712) 3153 6116 2
(0.294551 0.352725 0.330388 0.0223364) 3154 6267 2
(0.240605 0.379698 0.344799 0.0348992) 3155 6269 2
(0.0798222 0.173168 0.460089 0.286921) 3232 6273 1
(0.215501 0.186084 0.392249 0.206165) 3233 6275 1
(0.266233 0.350801 0.366883 0.0160829) 3234 6277 1
(0.299723 0.350138 0.181119 0.16902) 3160 6279 2
(0.332804 0.333598 0.129008 0.20459) 3161 6281 2
(0.612854 0.193573 0.154208 0.0393654) 3236 6281 2
(0.790465 0.104767 0.0760288 0.0287386) 3237 6283 2
(0.0232119 0.0297312 0.458663 0.488394) 3163 6282 2
(0.526637 0.236681 0.101593 0.135089) 3163 6284 1
(0.932534 0.0337328 0.00618302 0.0275498) 3164 6287 2
(0.0786776 0.460661 0.456892 0.00376936) 3240 6289 2
(0.200897 0.0275132 0.399552 0.372038) 3165 6288 2
(0.233706 0.254588 0.128559 0.383147) 3166 6291 1
(0.398736 0.300632 0.154236 0.146396) 3167 6292 1
(0.436206 0.281897 0.0254003 0.256497) 3169 6297 2
(0.336258 0.331871 0.114807 0.217064) 3170 6150 2
(0.242693 0.325507 0.378654 0.0531468) 3171 6152 1
(0.26054 0.36973 0.137238 0.232492) 3098 6156 2
(0.310073 0.344964 0.0898752 0.255088) 3099 6158 2
(0.258828 0.0348793 0.335706 0.370586) 3100 6157 2
(0.0578256 0.150503 0.471087 0.320584) 3100 6159 2
(0.411993 0.0463482 0.247655 0.294004) 3101 6162 1
(0.449926 0.275037 0.265537 0.00949964) 3102 6164 2
(0.474802 0.262599 0.0211015 0.241498) 3103 6166 2
(0.50507 0.247465 0.012918 0.234547) 3028 6017 2
(0.469171 0.265414 0.0433628 0.222052) 3104 6168 2
(0.435468 0.0721835 0.210083 0.282266) 3105 6167 2
(0.327019 0.264522 0.336491 0.0719681) 3225 6259 1
(0.319427 0.333354 0.340286 0.00693237) 3226 6261 1
(0.288353 0.355823 0.0810643 0.274759) 3227 6263 2
(0.135689 0.215781 0.432156 0.216375) 3228 6265 1
(0.114448 0.368396 0.0743799 0.442776) 3228 6414 1
(0.231795 0.384102 0.322746 0.0613566) 3229 6416 2
(0.385028 0.307486 0.0862016 0.221284) 3231 6420 2
(0.0413589 0.479321 0.111728 0.367593) 3307 6568 1
(0.0957265 0.452137 0.404069 0.0480678) 3307 6570 1
(0.233742 0.0587232 0.383129 0.324406) 3308 6424 1
(0.156277 0.1779 0.421861 0.243961) 3309 6426 1
(0.478474 0.260763 0.00481684 0.255946) 3310 6577 2
(0.00171476 0.360877 0.138266 0.499143) 3311 6576 2
(0.859956 0.0700218 0.0263884 0.0436334) 3238 6285 2
(0.272387 0.333505 0.363806 0.030301) 3313 6434 1
(0.380718 0.309641 0.242737 0.0669036) 3240 6435 1
(0.114632 0.249011 0.193673 0.442684) 3240 6438 1
(0.181308 0.284901 0.409346 0.124445) 3317 6442 1
(0.160935 0.419533 0.121844 0.297689) 3242 6439 1
(0.0239182 0.488041 0.116413 0.371628) 3243 6441 1
(0.305304 0.040086 0.347348 0.307262) 3243 6295 1
(0.361978 0.162642 0.319011 0.156369) 3244 6297 1
(0.272641 0.268925 0.36368 0.0947543) 3245 6299 1
(0.237083 0.303692 0.381459 0.0777665) 3247 6303 1
(0.282742 0.358629 0.302007 0.0566224) 3173 6305 2
(0.304046 0.347977 0.21798 0.129997) 3174 6307 2
(0.301144 0.349428 0.0841448 0.265283) 3175 6309 2
(0.160221 0.0707847 0.349105 0.419889) 3176 6308 2
(0.172861 0.0853367 0.413569 0.328233) 3176 6310 2
(0.358245 0.0878878 0.23299 0.320877) 3177 6313 1
(0.453896 0.21928 0.0537715 0.273052) 3178 6315 1
(0.503687 0.248156 0.0920098 0.156147) 3179 6317 2
(0.289363 0.211049 0.144269 0.355319) 3180 6316 2
(0.31385 0.343075 0.0911218 0.251953) 3300 6408 2
(0.225293 0.32626 0.0610936 0.387353) 3301 6559 1
(0.21689 0.028066 0.363489 0.391555) 3302 6561 1
(0.0799857 0.0792842 0.380723 0.460007) 3304 6562 2
(0.307217 0.131928 0.214464 0.346392) 3305 6567 1
(0.16773 0.304758 0.416135 0.111377) 3382 6571 1
(0.285564 0.357218 0.200215 0.157002) 3383 6573 2
(0.137643 0.431179 0.0740853 0.357093) 3384 6721 1
(0.237115 0.381443 0.325677 0.0557656) 3384 6723 1
(0.257586 0.371207 0.257611 0.113595) 3386 6579 2
(0.170274 0.414863 0.219404 0.195459) 3387 6581 2
(0.187618 0.406191 0.00391417 0.402277) 3388 6583 2
(0.0734154 0.463292 0.282812 0.18048) 3315 6586 1
(0.0849103 0.457545 0.377124 0.0804205) 3390 6735 1
(0.0174729 0.491264 0.0200517 0.471212) 3317 6591 2
(0.368954 0.315523 0.244366 0.0711571) 3318 6444 2
(0.322564 0.0168335 0.338718 0.321885) 3318 6444 1
(0.250933 0.374533 0.168746 0.205788) 3319 6446 2
(0.364707 0.0569126 0.317646 0.260734) 3319 6446 1
(0.377949 0.311026 0.221842 0.0891842) 3320 6448 2
(0.0559198 0.47204 0.123448 0.348592) 3321 6596 1
(0.0484614 0.138812 0.336957 0.475769) 3247 6452 1
(0.217693 0.348044 0.0431091 0.391154) 3248 6454 1
(0.1854 0.4073 0.111507 0.295793) 3249 6456 2
(0.217742 0.0195666 0.371562 0.391129) 3249 6456 1
(0.256529 0.252283 0.119452 0.371736) 3250 6458 1
(0.278156 0.360922 0.291448 0.0694738) 3251 6460 2
(0.289993 0.355003 0.157307 0.197697) 3252 6462 2
(0.294971 0.352514 0.130779 0.221735) 3253 6464 2
(0.846428 0.0767861 0.0620191 0.014767) 3254 6466 2
(0.225263 0.29386 0.0935088 0.387369) 3375 6706 1
(0.245671 0.214353 0.162812 0.377164) 3376 6708 1
(0.248846 0.224641 0.150935 0.375577) 3377 6710 1
(0.269295 0.24712 0.118232 0.365352) 3378 6712 1
(0.330243 0.307499 0.0273797 0.334878) 3379 6714 1
(0.339646 0.330177 0.16254 0.167637) 3380 6716 2
(0.298637 0.00177439 0.348907 0.350681) 3381 6715 2
(0.224874 0.387563 0.0846078 0.302955) 3382 6720 2
(0.249755 0.246315 0.375122 0.128808) 3458 6722 1
(0.243416 0.358264 0.378292 0.0200283) 3459 6724 1
(0.0964887 0.193653 0.451756 0.258103) 3460 6726 1
(0.131307 0.169879 0.434346 0.264468) 3461 6728 1
(0.20696 0.254628 0.39652 0.141892) 3462 6730 1
(0.21025 0.394875 0.0415709 0.353304) 3463 6732 2
(0.280903 0.359549 0.0547695 0.304779) 3389 6734 2
(0.0718439 0.464078 0.207831 0.256247) 3390 6736 2
(0.488319 0.25584 0.13713 0.11871) 3392 6737 1
(0.31235 0.343825 0.0671688 0.276656) 3393 6739 1
(0.0536274 0.473186 0.181231 0.291955) 3394 6741 1
(0.145483 0.427258 0.33092 0.096338) 3394 6743 1
(0.30608 0.0368847 0.34696 0.310075) 3395 6597 1
(0.120063 0.439968 0.373053 0.0669152) 3396 6747 1
(0.299591 0.350205 0.0472946 0.30291) 3397 6601 2
(0.135476 0.0978034 0.432262 0.334459) 3322 6600 2
(0.191015 0.151472 0.25302 0.404492) 3323 6603 1
(0.23598 0.37733 0.00468056 0.38201) 3324 6605 1
(0.284923 0.357539 0.122981 0.234558) 3325 6607 2
(0.212195 0.03278 0.361122 0.393902) 3326 6606 2
(0.128413 0.100074 0.435793 0.33572) 3327 6610 2
(0.180323 0.0691349 0.340704 0.409838) 3329 6612 2
(0.0494203 0.00312636 0.472163 0.47529) 3255 6465 2
(0.213756 0.169625 0.393122 0.223497) 3255 6467 2
(0.320708 0.0361341 0.339646 0.303512) 3451 6856 2
(0.231147 0.188553 0.195873 0.384426) 3452 6859 1
(0.228335 0.26398 0.121853 0.385833) 3453 6861 1
(0.364363 0.234252 0.0835671 0.317819) 3454 6863 1
(0.367074 0.288061 0.0284015 0.316463) 3455 6865 1
(0.319213 0.340393 0.20743 0.132963) 3456 6867 2
(0.248427 0.0125611 0.363225 0.375786) 3457 6866 2
(0.116752 0.0730631 0.441624 0.368561) 3457 6868 2
(0.278942 0.360529 0.347118 0.0134108) 3534 7021 1
(0.134632 0.432684 0.046027 0.386657) 3461 6877 2
(0.0923718 0.453814 0.0966659 0.357148) 3462 6879 2
(0.0713851 0.464307 0.121581 0.342726) 3463 6881 2
(0.099715 0.0542151 0.395927 0.450143) 3464 6880 2
(0.189907 0.405047 0.126425 0.278622) 3541 6887 2
(0.114964 0.442518 0.149448 0.29307) 3543 6891 2
(0.345992 0.327004 0.143763 0.183241) 3465 6884 1
(0.433811 0.234439 0.283095 0.0486557) 3467 6740 1
(0.362635 0.318683 0.128884 0.189799) 3469 6744 2
(0.16666 0.346164 0.41667 0.0705061) 3471 6748 1
(0.224426 0.0155007 0.387787 0.372286) 3472 6750 1
(0.46581 0.267095 0.091682 0.175413) 3474 6900 1
(0.266987 0.107679 0.258827 0.366506) 3398 6752 1
(0.281926 0.007215 0.351822 0.359037) 3399 6754 1
(0.252562 0.109076 0.264643 0.373719) 3400 6756 1
(0.299046 0.180354 0.170123 0.350477) 3401 6758 1
(0.31095 0.306795 0.0377297 0.344525) 3402 6760 1
(0.331499 0.33425 0.217435 0.116815) 3403 6762 2
(0.374603 0.312699 0.0199902 0.292708) 3404 6764 2
(0.0718722 0.158477 0.305587 0.464064) 3405 6763 2
(0.087105 0.137698 0.456448 0.318749) 3405 6765 2
(0.708416 0.145792 0.007259 0.138533) 3407 6621 2
(0.127086 0.246448 0.436457 0.190009) 3330 6616 2
(0.294971 0.257504 0.352515 0.0950102) 3331 6618 2
(0.162238 0.418881 0.00920877 0.409672) 3526 7006 2
(0.00187113 0.499064 0.492636 0.0064289) 3525 6855 2
(0.100752 0.0679838 0.449624 0.38164) 3525 6855 1
(0.34419 0.283852 0.327905 0.0440534) 3526 6857 1
(0.274676 0.362662 0.00249519 0.360167) 3529 7011 1
(0.315683 0.136145 0.342158 0.206013) 3530 7013 2
(0.360292 0.103529 0.216325 0.319854) 3531 7016 1
(0.20966 0.272851 0.12232 0.39517) 3532 7018 1
(0.146127 0.175112 0.251824 0.426936) 3533 7020 1
(0.241582 0.379209 0.0385591 0.34065) 3610 7024 2
(0.0377091 0.37906 0.102086 0.481145) 3536 7026 1
(0.151934 0.424033 0.237585 0.186448) 3538 7030 2
(0.262762 0.152445 0.216174 0.368619) 3539 7032 1
(0.247457 0.173578 0.202693 0.376271) 3541 7033 2
(0.153922 0.423039 0.327855 0.0951842) 3618 7188 1
(0.338551 0.330725 0.310355 0.0203696) 3544 7042 2
(0.257375 0.371313 0.253567 0.117746) 3545 7044 2
(0.250657 0.374672 0.325202 0.0494692) 3546 7046 2
(0.0743176 0.462841 0.295306 0.167535) 3548 7050 2
(0.0876783 0.261479 0.194682 0.456161) 3471 6897 1
(0.145327 0.154308 0.427337 0.273029) 3547 6899 1
(0.197756 0.380174 0.401122 0.0209485) 3548 6901 1
(0.273096 0.363452 0.33348 0.029972) 3549 6903 2
(0.202551 0.398725 0.297185 0.10154) 3550 6905 2
(0.419348 0.242631 0.290326 0.0476946) 3554 7061 2
(0.417368 0.106061 0.185255 0.291316) 3555 7064 1
(0.330594 0.334703 0.318118 0.0165855) 3556 7066 2
(0.324574 0.0721422 0.337713 0.265571) 3479 6912 2
(0.398999 0.0139297 0.3005 0.286571) 3480 6914 2
(0.566294 0.00956611 0.207287 0.216853) 3481 6917 1
(0.695835 0.145301 0.00678192 0.152082) 3482 6919 1
(0.432357 0.154091 0.129731 0.283822) 3483 6918 2
(0.174997 0.321538 0.412502 0.0909639) 3483 6920 2
(0.422405 0.269364 0.288798 0.0194339) 3484 6922 2
(0.366722 0.169537 0.316639 0.147102) 3485 6924 2
(0.352965 0.0491641 0.274353 0.323517) 3486 6927 1
(0.654767 0.172616 0.00966212 0.162954) 3408 6771 1
(0.0530399 0.174017 0.299463 0.47348) 3600 7153 1
(0.230558 0.384721 0.237585 0.147136) 3600 7004 2
(0.315471 0.342265 0.213746 0.128519) 3601 7155 2
(0.179766 0.410117 0.124208 0.285909) 3602 7157 2
(0.158749 0.0630744 0.357551 0.420625) 3604 7161 1
(0.15013 0.424935 0.0821192 0.342816) 3602 7008 2
(0.244223 0.377888 0.237602 0.140287) 3528 7010 2
(0.196389 0.122167 0.401805 0.279638) 3604 7012 1
(0.124326 0.437837 0.108404 0.329433) 3605 7014 2
(0.517377 0.241312 0.187787 0.0535243) 3605 7162 1
(0.489212 0.255394 0.12728 0.128113) 3606 7016 2
(0.333709 0.0609662 0.272179 0.333146) 3611 7175 1
(0.567101 0.118795 0.0976548 0.216449) 3613 7179 1
(0.292304 0.227769 0.126079 0.353848) 3614 7181 1
(0.275359 0.36232 0.327497 0.0348231) 3615 7183 2
(0.262806 0.368597 0.29214 0.0764576) 3616 7185 2
(0.402927 0.298537 0.0269455 0.271591) 3618 7189 2
(0.181962 0.409019 0.396042 0.0129767) 3616 7184 1
(0.189737 0.405132 0.111263 0.293869) 3543 7040 2
(0.225397 0.20708 0.180222 0.387302) 3622 7194 2
(0.247482 0.376259 0.0579217 0.318337) 3623 7199 2
(0.0610968 0.30254 0.166912 0.469452) 3624 7201 1
(0.0818117 0.126592 0.459094 0.332502) 3625 7202 2
(0.162826 0.418587 0.126586 0.292001) 3624 7052 2
(0.0938643 0.453068 0.286062 0.167006) 3625 7054 2
(0.0183098 0.490845 0.159087 0.331758) 3551 7056 2
(0.309412 0.345294 0.102988 0.242306) 3629 7211 2
(0.438423 0.0237968 0.256992 0.280788) 3553 7060 1
(0.00764296 0.496179 0.0863144 0.409864) 3630 7210 1
(0.273852 0.189244 0.17383 0.363074) 3630 7213 1
(0.366415 0.316793 0.272698 0.0440951) 3631 7215 2
(0.381786 0.0342327 0.274874 0.309107) 3632 7214 2
(0.294988 0.117097 0.352506 0.235409) 3632 7216 2
(0.233265 0.118171 0.383367 0.265197) 3633 7218 2
(0.371493 0.00472757 0.314253 0.309526) 3557 7067 2
(0.678131 0.0717573 0.0891773 0.160935) 3559 7069 2
(0.0549702 0.191689 0.472515 0.280826) 3559 7071 2
(0.475899 0.0741487 0.187902 0.26205) 3560 7074 1
(0.13669 0.0264259 0.405229 0.431655) 3561 7073 2
(0.119907 0.312834 0.440046 0.127213) 3561 7075 2
(0.500569 0.0985917 0.151124 0.249715) 3562 7078 1
(0.661232 0.169384 0.103587 0.0657974) 3638 7229 2
(0.501059 0.0685871 0.249471 0.180884) 3487 6928 2
(0.363437 0.147443 0.170838 0.318281) 3675 7450 1
(0.157101 0.42145 0.0473082 0.374141) 3678 7303 1
(0.619676 0.190162 0.0304574 0.159704) 3679 7161 2
(0.391304 0.295418 0.304348 0.0089299) 3680 7163 1
(0.307512 0.346244 0.180885 0.165359) 3681 7165 2
(0.272552 0.363724 0.325787 0.0379367) 3682 7167 2
(0.204656 0.397672 0.238194 0.159478) 3683 7169 2
(0.219804 0.291127 0.390098 0.0989713) 3684 7171 1
(0.257806 0.0860825 0.371097 0.285015) 3685 7173 1
(0.0913972 0.454301 0.200062 0.254239) 3687 7312 1
(0.0998148 0.127661 0.450093 0.322432) 3688 7179 1
(0.37603 0.0369255 0.27506 0.311985) 3687 7462 1
(0.134184 0.0783656 0.432908 0.354542) 3688 7314 2
(0.14816 0.42592 0.341441 0.0844788) 3691 7316 1
(0.416094 0.291953 0.232169 0.0597839) 3692 7318 1
(0.157558 0.421221 0.333036 0.0881852) 3693 7319 1
(0.247496 0.0309723 0.376252 0.34528) 3694 7191 1
(0.230708 0.108689 0.384646 0.275957) 3695 7193 1
(0.012528 0.493736 0.115749 0.377987) 3697 7197 2
(0.29334 0.0758693 0.35333 0.277461) 3696 7322 2
(0.499704 0.0946959 0.155452 0.250148) 3697 7472 1
(0.487955 0.256023 0.178174 0.0778488) 3698 7473 2
(0.355934 0.322033 0.216392 0.105641) 3701 7205 2
(0.202442 0.398779 0.306307 0.0924717) 3702 7207 2
(0.240653 0.0173343 0.362339 0.379673) 3628 7206 2
(0.46994 0.228179 0.0368513 0.26503) 3702 7477 1
(0.504752 0.247624 0.118303 0.129321) 3703 7478 2
(0.488874 0.00760767 0.247956 0.255563) 3704 7329 2
(0.117635 0.201751 0.239431 0.441183) 3705 7330 2
(0.162065 0.163978 0.418968 0.254989) 3705 7331 2
(0.444319 0.0027779 0.277841 0.275063) 3706 7332 2
(0.285491 0.357254 0.273229 0.0840257) 3708 7219 2
(0.189449 0.170592 0.405275 0.234684) 3708 7334 2
(0.231881 0.103592 0.38406 0.280467) 3709 7221 1
(0.276211 0.25217 0.361894 0.109725) 3710 7223 1
(0.408161 0.295919 0.221773 0.0741464) 3636 7225 2
(0.388498 0.0166985 0.305751 0.289052) 3711 7225 1
(0.397774 0.301113 0.194362 0.106751) 3637 7227 2
(0.0154914 0.492254 0.140908 0.351346) 3713 7229 2
(0.355905 0.250568 0.0714795 0.322047) 3713 7488 1
(0.458801 0.222739 0.0478603 0.270599) 3714 7489 1
(0.194531 0.1259 0.276835 0.402735) 3639 7228 2
(0.0929241 0.0401863 0.413352 0.453538) 3639 7231 1
)


// ************************************************************************* //
