/*--------------------------------*- C++ -*----------------------------------*\
  =========                 |
  \\      /  F ield         | OpenFOAM: The Open Source CFD Toolbox
   \\    /   O peration     | Website:  https://openfoam.org
    \\  /    A nd           | Version:  12
     \\/     M anipulation  |
\*---------------------------------------------------------------------------*/
FoamFile
{
    format      ascii;
    class       vectorField;
    location    "0.65/lagrangian/cloud";
    object      U;
}
// * * * * * * * * * * * * * * * * * * * * * * * * * * * * * * * * * * * * * //


2228
(
(-9.39459e-06 -0.0257346 0)
(0.000403983 -0.0251515 0)
(-0.000744125 -0.0257193 0)
(0.00110579 -0.0208126 0)
(0.000318122 -0.0301572 0)
(0.000488851 -0.0296647 0)
(-0.000144311 -0.0307406 0)
(0.000143997 -0.026295 0)
(0.000170926 -0.0265232 0)
(-0.000389614 -0.0246699 0)
(6.25126e-05 -0.0254144 0)
(0.000512766 -0.0236844 0)
(1.00468e-05 -0.0231062 0)
(-4.50915e-05 -0.0275294 0)
(-0.000599271 -0.0283992 0)
(-0.000481461 -0.0296608 0)
(-0.000661428 -0.0303858 0)
(-8.33885e-05 -0.0256184 0)
(-1.748e-05 -0.0255006 0)
(-7.69386e-05 -0.0272549 0)
(2.24656e-05 -0.0289349 0)
(-0.000191372 -0.0273061 0)
(0.000114186 -0.0262423 0)
(-0.000295649 -0.027206 0)
(-7.1338e-05 -0.0272954 0)
(0.000211372 -0.0315851 0)
(0.00144534 -0.0295937 0)
(0.000189685 -0.029239 0)
(0.000653647 -0.0294477 0)
(0.000121286 -0.0288155 0)
(0.000724831 -0.026874 0)
(8.34457e-05 -0.0278698 0)
(-6.00821e-05 -0.0282825 0)
(-0.00122041 -0.0289545 0)
(0.000600968 -0.0290478 0)
(0.000416927 -0.03019 0)
(-0.00072724 -0.0295677 0)
(0.000116804 -0.029271 0)
(-0.000448323 -0.0297854 0)
(-5.6769e-05 -0.0298552 0)
(-7.20797e-05 -0.0314561 0)
(0.000533394 -0.0295174 0)
(5.36962e-05 -0.0297306 0)
(-0.000419562 -0.030014 0)
(-0.000148861 -0.0305686 0)
(0.00289078 -0.0278521 0)
(0.000130066 -0.0301406 0)
(-0.000191771 -0.0308163 0)
(0.000156131 -0.0298064 0)
(0.000948235 -0.0307348 0)
(0.000576426 -0.0333827 0)
(6.99159e-05 -0.0352441 0)
(-0.000311161 -0.0358459 0)
(-0.000655155 -0.0368474 0)
(0.00045054 -0.0364478 0)
(0.000172366 -0.035549 0)
(0.000127539 -0.0312447 0)
(-0.000450946 -0.0333677 0)
(0.000194908 -0.0324891 0)
(0.000277902 -0.0296116 0)
(-0.000176286 -0.0285866 0)
(-0.000304219 -0.0260744 0)
(-0.000334029 -0.0254343 0)
(0.00120547 -0.0229195 0)
(-0.00117304 -0.0259066 0)
(-0.000138196 -0.0223602 0)
(2.65924e-05 -0.0225071 0)
(0.00159392 -0.0263176 0)
(0.000462358 -0.0313128 0)
(0.000262553 -0.0256541 0)
(-0.000266225 -0.0250755 0)
(0.000153749 -0.0245852 0)
(0.000413156 -0.0252321 0)
(0.000219606 -0.0290385 0)
(-5.36202e-05 -0.0301304 0)
(-9.27053e-05 -0.0270131 0)
(-0.000659047 -0.0274388 0)
(-0.000881904 -0.0268399 0)
(0.000188765 -0.0271444 0)
(-0.000639136 -0.0239746 0)
(-0.000956278 -0.027862 0)
(-0.000432478 -0.0281022 0)
(-0.000998301 -0.0300722 0)
(-0.00100627 -0.0319746 0)
(-0.000207728 -0.0282951 0)
(-0.000425833 -0.0264721 0)
(-9.55904e-05 -0.0265691 0)
(0.000580556 -0.0332528 0)
(0.00200827 -0.0309633 0)
(0.000652295 -0.0296313 0)
(0.000302505 -0.0293296 0)
(0.000400228 -0.0298967 0)
(0.000350565 -0.0300034 0)
(0.000623134 -0.0315845 0)
(-0.00102366 -0.0350006 0)
(-0.000155935 -0.0320683 0)
(0.000490212 -0.0295661 0)
(0.000199293 -0.0308668 0)
(-0.000468823 -0.0315932 0)
(4.1113e-05 -0.0325614 0)
(0.00150109 -0.0334591 0)
(0.00150637 -0.0323307 0)
(0.0006618 -0.0333651 0)
(0.00240406 -0.0337198 0)
(0.00098212 -0.0411953 0)
(-0.000331407 -0.0398613 0)
(-0.000385273 -0.0395218 0)
(0.00164279 -0.0338511 0)
(-0.00146491 -0.0296873 0)
(0.00107565 -0.0313335 0)
(0.000642043 -0.0351284 0)
(0.00183101 -0.0354976 0)
(0.00222866 -0.0354393 0)
(5.41611e-05 -0.0377284 0)
(0.000775309 -0.0382367 0)
(-0.000515413 -0.0370425 0)
(0.000274082 -0.0339627 0)
(4.57605e-05 -0.0317516 0)
(-6.82106e-05 -0.0324028 0)
(0.000974367 -0.0319173 0)
(0.000161572 -0.0320236 0)
(0.000290232 -0.0326647 0)
(-2.3055e-05 -0.0328093 0)
(-0.000471337 -0.0335696 0)
(-0.00033985 -0.0345291 0)
(-0.00035773 -0.027952 0)
(-0.000607361 -0.0377764 0)
(0.000518979 -0.0376213 0)
(0.00103891 -0.0350332 0)
(0.00123055 -0.03564 0)
(7.99732e-06 -0.0382385 0)
(-0.000229927 -0.0383254 0)
(-0.000383845 -0.0393516 0)
(-0.000448457 -0.0384536 0)
(-0.000357918 -0.0383827 0)
(-0.00053112 -0.0433247 0)
(-0.0010624 -0.0434881 0)
(0.000766807 -0.0376521 0)
(0.00046238 -0.0371397 0)
(0.00280774 -0.0366618 0)
(0.00101161 -0.0368857 0)
(-0.000318841 -0.037259 0)
(-2.41051e-05 -0.0379555 0)
(-9.35118e-05 -0.0380563 0)
(7.11769e-05 -0.0378367 0)
(0.00105757 -0.0336091 0)
(0.000976315 -0.0409724 0)
(0.00070056 -0.0392005 0)
(0.00019372 -0.035549 0)
(0.000621369 -0.0367838 0)
(0.00026374 -0.0395833 0)
(0.0005552 -0.0405892 0)
(0.00022598 -0.0399328 0)
(-0.00060606 -0.0399432 0)
(-0.000632342 -0.0367727 0)
(-0.000351973 -0.0389433 0)
(0.00120112 -0.035689 0)
(-0.000102316 -0.0379885 0)
(-0.000792839 -0.0382287 0)
(-0.00091717 -0.0396265 0)
(-0.000557544 -0.0346137 0)
(0.00025136 -0.0365793 0)
(7.47221e-05 -0.0347912 0)
(-0.000372274 -0.0367614 0)
(-8.59666e-05 -0.0367783 0)
(-6.43773e-05 -0.0371247 0)
(-0.00059135 -0.0367527 0)
(0.00034796 -0.0346273 0)
(0.000768464 -0.0386971 0)
(0.00106151 -0.0392108 0)
(0.00123003 -0.0396034 0)
(-3.64692e-05 -0.0394055 0)
(-0.000217236 -0.0420939 0)
(-0.000442205 -0.043462 0)
(-7.32715e-05 -0.0431995 0)
(0.0019611 -0.0393948 0)
(0.000555537 -0.039871 0)
(0.000562794 -0.0398261 0)
(-0.000285419 -0.0440992 0)
(0.000178384 -0.0430199 0)
(-0.00177016 -0.0426593 0)
(-0.000253502 -0.0416802 0)
(0.000119817 -0.0401788 0)
(9.62297e-05 -0.0412051 0)
(0.00035974 -0.0418106 0)
(0.000237419 -0.0421584 0)
(-1.70728e-05 -0.0426767 0)
(0.000107645 -0.0425464 0)
(0.000541208 -0.0424063 0)
(3.72531e-05 -0.0416771 0)
(-0.000209582 -0.039064 0)
(0.000722439 -0.0382217 0)
(0.000464833 -0.0395487 0)
(-0.000633598 -0.0411704 0)
(0.000409693 -0.0412452 0)
(-0.000226158 -0.0416944 0)
(-3.90495e-05 -0.0399815 0)
(-0.000318312 -0.0388879 0)
(-0.00020714 -0.0391812 0)
(-9.99674e-05 -0.0404766 0)
(-6.95915e-05 -0.0393985 0)
(-0.000218735 -0.0398582 0)
(-0.000796534 -0.0389089 0)
(0.00030859 -0.0357288 0)
(0.00188949 -0.0354876 0)
(0.00021407 -0.0386118 0)
(5.37929e-05 -0.0404973 0)
(1.7482e-05 -0.0420028 0)
(0.000149308 -0.0427994 0)
(0.000668786 -0.0402597 0)
(0.000963731 -0.0395636 0)
(0.000439084 -0.041497 0)
(0.000472705 -0.0427132 0)
(0.000274074 -0.0416278 0)
(0.00032275 -0.0417776 0)
(-0.000134667 -0.0424343 0)
(-0.000209662 -0.0423997 0)
(-0.000188387 -0.0413337 0)
(-0.000110529 -0.0406388 0)
(0.000609597 -0.0403119 0)
(-1.55963e-05 -0.0408205 0)
(0.000310737 -0.0422613 0)
(0.00128774 -0.0407277 0)
(-0.000483484 -0.0396865 0)
(-0.000241973 -0.0405501 0)
(-0.000171043 -0.0407793 0)
(-7.90524e-05 -0.0433396 0)
(5.56393e-05 -0.0424747 0)
(0.000336845 -0.042495 0)
(0.000360489 -0.0432254 0)
(0.000807777 -0.0430738 0)
(0.000346788 -0.0393322 0)
(0.00111689 -0.0394411 0)
(-0.000682675 -0.0371148 0)
(-0.00029661 -0.0386688 0)
(-0.000437915 -0.040504 0)
(-0.000632164 -0.0406977 0)
(-0.000118859 -0.0400895 0)
(8.16664e-05 -0.0410966 0)
(0.00124098 -0.0400818 0)
(-9.32149e-05 -0.0401832 0)
(-8.78986e-05 -0.0410086 0)
(-0.000391379 -0.0408165 0)
(-3.49608e-05 -0.0396621 0)
(-5.53728e-05 -0.0394525 0)
(-3.25024e-05 -0.0398522 0)
(0.000583942 -0.0391241 0)
(0.00100125 -0.0405547 0)
(0.00146359 -0.0406677 0)
(0.000734911 -0.041552 0)
(0.000126886 -0.0429972 0)
(-8.39287e-05 -0.0442285 0)
(-1.00831e-05 -0.044521 0)
(0.00100446 -0.0411504 0)
(0.00178729 -0.0414435 0)
(0.00097263 -0.0426795 0)
(0.00127646 -0.0435785 0)
(0.000258169 -0.0437503 0)
(0.000125435 -0.0423144 0)
(0.000347787 -0.0413563 0)
(-0.000116791 -0.0427774 0)
(-0.000159215 -0.0419239 0)
(-3.12076e-05 -0.0419572 0)
(-5.25131e-05 -0.0419696 0)
(-0.000113706 -0.0421724 0)
(7.81539e-05 -0.0424409 0)
(0.000128915 -0.0425676 0)
(0.000531906 -0.0424702 0)
(-5.95807e-05 -0.0415745 0)
(-0.000203549 -0.0429718 0)
(0.00154618 -0.0428907 0)
(0.000652364 -0.0415236 0)
(0.000169373 -0.0441629 0)
(-0.000472069 -0.044588 0)
(-6.53033e-05 -0.0419708 0)
(-0.000192481 -0.0421091 0)
(-0.000472797 -0.0454968 0)
(0.000142825 -0.0450841 0)
(0.000344146 -0.0431162 0)
(0.000717062 -0.0406463 0)
(0.000586672 -0.0386986 0)
(-0.000606417 -0.0401839 0)
(8.10338e-05 -0.0413335 0)
(0.00044801 -0.0406575 0)
(0.000358221 -0.040794 0)
(0.000332253 -0.0412003 0)
(0.000243948 -0.0414393 0)
(-0.000221476 -0.0400513 0)
(-0.000719072 -0.0392663 0)
(-0.000167511 -0.0396759 0)
(0.000237488 -0.0404035 0)
(0.00110934 -0.0435408 0)
(0.000707441 -0.0436558 0)
(0.000947409 -0.0442306 0)
(0.000709437 -0.046699 0)
(0.00027627 -0.0474313 0)
(0.00015553 -0.047372 0)
(0.00047968 -0.0458207 0)
(0.000537688 -0.0444765 0)
(0.00046711 -0.0432251 0)
(0.000779463 -0.0432003 0)
(0.0011539 -0.0439847 0)
(0.000795948 -0.0430836 0)
(0.00011391 -0.0426933 0)
(0.000190632 -0.0429646 0)
(-0.000821338 -0.0424788 0)
(-0.000442547 -0.0440487 0)
(-0.00031135 -0.0435328 0)
(-9.42475e-05 -0.0433723 0)
(-9.01651e-05 -0.0433793 0)
(-0.00029361 -0.0436181 0)
(0.000244665 -0.042898 0)
(0.0010215 -0.0422112 0)
(0.000624678 -0.0412245 0)
(0.00117835 -0.0415993 0)
(0.0008556 -0.0412021 0)
(-0.000358209 -0.0433976 0)
(0.000155169 -0.0421918 0)
(0.000564872 -0.0424778 0)
(-0.000933525 -0.0437018 0)
(-0.000750826 -0.0443655 0)
(-6.30465e-05 -0.0444725 0)
(0.00115985 -0.0454589 0)
(0.00015412 -0.0432048 0)
(-0.000262732 -0.0393216 0)
(-2.26241e-05 -0.0455236 0)
(-2.10843e-05 -0.0448352 0)
(-0.000473794 -0.0450103 0)
(5.21808e-05 -0.0440696 0)
(-0.000343691 -0.0436063 0)
(-0.000479499 -0.0436541 0)
(-0.000159472 -0.0437827 0)
(-0.000373055 -0.0443597 0)
(-0.000294096 -0.0424309 0)
(0.000183084 -0.0423366 0)
(0.00016308 -0.0427344 0)
(0.000328926 -0.0459823 0)
(0.000447645 -0.0445089 0)
(0.00105628 -0.0444026 0)
(-0.000642824 -0.0492175 0)
(3.49099e-05 -0.0498608 0)
(0.000143267 -0.0480092 0)
(-0.000347198 -0.047438 0)
(0.000271429 -0.0459126 0)
(0.00029203 -0.0448194 0)
(0.000170114 -0.0437691 0)
(0.000536324 -0.0436384 0)
(0.000359994 -0.0437172 0)
(0.000398347 -0.0435854 0)
(0.000595406 -0.0435913 0)
(-0.000173922 -0.0455933 0)
(-0.000747344 -0.0454629 0)
(-0.000426613 -0.0451759 0)
(0.000109034 -0.0446205 0)
(0.00042302 -0.0443268 0)
(7.98553e-05 -0.0442417 0)
(-1.94726e-05 -0.0434522 0)
(0.000675213 -0.0425898 0)
(0.000450655 -0.0424046 0)
(7.62841e-05 -0.0422582 0)
(-5.64373e-05 -0.0425438 0)
(-0.000302759 -0.0428796 0)
(-0.0002694 -0.0426378 0)
(0.000324312 -0.0427292 0)
(0.00090194 -0.0429297 0)
(0.000638969 -0.0422124 0)
(-0.0002156 -0.0430201 0)
(0.000518116 -0.0439438 0)
(-0.000325759 -0.045526 0)
(-0.000186196 -0.0458898 0)
(-0.00130698 -0.0483619 0)
(-0.000818935 -0.0476671 0)
(-0.000696541 -0.0467031 0)
(0.000320135 -0.0475124 0)
(-0.000149205 -0.0476313 0)
(-0.000323699 -0.048727 0)
(-0.000561395 -0.0472459 0)
(3.54843e-05 -0.0451712 0)
(8.63136e-05 -0.0475836 0)
(0.000663648 -0.046355 0)
(0.00140973 -0.0468082 0)
(4.43886e-06 -0.0487539 0)
(0.000587945 -0.0499355 0)
(-2.52281e-05 -0.0494344 0)
(-0.000191553 -0.0477324 0)
(-0.000484784 -0.0459443 0)
(0.0001612 -0.0455597 0)
(0.000598921 -0.045137 0)
(0.000441588 -0.0446407 0)
(0.000514034 -0.0436361 0)
(-0.000148066 -0.0438495 0)
(-0.000462679 -0.0445605 0)
(-2.52981e-05 -0.0457925 0)
(-0.000168977 -0.0465013 0)
(1.55958e-05 -0.0459922 0)
(-0.000390562 -0.0450421 0)
(-0.00038744 -0.0445107 0)
(9.9872e-05 -0.0454212 0)
(0.00035142 -0.0438619 0)
(-1.2933e-05 -0.0441016 0)
(0.000385227 -0.042672 0)
(0.000415233 -0.0426887 0)
(0.000593215 -0.041911 0)
(0.000646047 -0.0420429 0)
(0.000491749 -0.0405863 0)
(0.000474194 -0.0420214 0)
(7.36388e-05 -0.0419165 0)
(0.000350259 -0.0413863 0)
(0.000264362 -0.0434335 0)
(-0.000335031 -0.0434582 0)
(0.000253674 -0.0440983 0)
(-0.00024564 -0.0453186 0)
(0.000114823 -0.0452201 0)
(-8.16057e-05 -0.0466404 0)
(0.0002397 -0.0475766 0)
(0.000327871 -0.0484518 0)
(-0.000436364 -0.0514964 0)
(0.000464078 -0.0530325 0)
(0.000121383 -0.0525039 0)
(-0.000464319 -0.0512319 0)
(4.39194e-05 -0.0500763 0)
(0.000574584 -0.0495948 0)
(0.00141217 -0.0483089 0)
(0.000367345 -0.0481557 0)
(0.00086411 -0.049114 0)
(-0.00128543 -0.0496866 0)
(-0.000137773 -0.0476211 0)
(0.000231907 -0.0464065 0)
(-0.000348132 -0.0451604 0)
(8.9613e-05 -0.0445111 0)
(-1.02957e-05 -0.0428078 0)
(-0.000236111 -0.0429882 0)
(9.2984e-05 -0.0448367 0)
(-0.000298516 -0.044725 0)
(-0.000145808 -0.0437198 0)
(-0.000112399 -0.0432014 0)
(5.31278e-05 -0.0444381 0)
(0.000547987 -0.044987 0)
(0.000423332 -0.0449849 0)
(-0.000357984 -0.0453054 0)
(-0.000103679 -0.0450798 0)
(0.000244704 -0.0441017 0)
(0.000160597 -0.0431203 0)
(0.00215028 -0.0427515 0)
(0.000120213 -0.0415817 0)
(0.000713747 -0.0398278 0)
(0.000670598 -0.0400429 0)
(0.000502985 -0.0394416 0)
(0.000530839 -0.0387954 0)
(-0.000720067 -0.0403657 0)
(-0.000297351 -0.0414625 0)
(-0.000241684 -0.0414256 0)
(0.00017001 -0.0427074 0)
(0.000318996 -0.0422135 0)
(0.000364041 -0.042209 0)
(0.000611357 -0.0422393 0)
(-0.000113185 -0.0432226 0)
(0.000136334 -0.0438891 0)
(9.94545e-05 -0.0443357 0)
(0.00044518 -0.0450583 0)
(0.000300776 -0.0454886 0)
(-0.000803657 -0.048082 0)
(-0.0012327 -0.0501905 0)
(3.53142e-05 -0.0494083 0)
(0.000110119 -0.0495112 0)
(0.000323251 -0.0450241 0)
(0.00075846 -0.0463205 0)
(0.00018854 -0.0465473 0)
(-0.000722878 -0.046228 0)
(-0.000813685 -0.045587 0)
(-0.000325456 -0.0461714 0)
(-0.000239952 -0.0449135 0)
(-0.000455487 -0.0447726 0)
(5.71113e-05 -0.0437324 0)
(1.09812e-05 -0.042158 0)
(-0.000284292 -0.041025 0)
(-0.000193605 -0.0412092 0)
(-0.00035238 -0.0399901 0)
(-0.000252117 -0.0408902 0)
(0.000382864 -0.0425884 0)
(-0.000285703 -0.042603 0)
(-0.000872051 -0.0421922 0)
(4.72985e-05 -0.0428296 0)
(-0.000362552 -0.0444373 0)
(0.000298491 -0.0442368 0)
(0.000352197 -0.0441179 0)
(0.000980365 -0.0434883 0)
(0.00185812 -0.0424116 0)
(-0.00075049 -0.0426052 0)
(0.000500832 -0.0396042 0)
(0.00118354 -0.0357175 0)
(0.000733754 -0.0389841 0)
(-0.00031166 -0.0391109 0)
(0.000583155 -0.0390745 0)
(0.000446116 -0.0426267 0)
(0.000354371 -0.0427416 0)
(6.73839e-05 -0.0386277 0)
(-0.00030283 -0.0380446 0)
(-0.000758988 -0.0375492 0)
(-0.000491736 -0.0375244 0)
(-0.00031231 -0.0373691 0)
(-0.000500037 -0.0370384 0)
(-5.28757e-05 -0.0337904 0)
(0.00031372 -0.0350013 0)
(-0.000277614 -0.0382035 0)
(0.000191034 -0.0356841 0)
(-0.000398289 -0.0341871 0)
(-0.000100373 -0.0427951 0)
(-0.000973865 -0.0415579 0)
(-0.000105529 -0.0431193 0)
(0.000307247 -0.0448494 0)
(0.000306428 -0.045873 0)
(0.000171842 -0.0464174 0)
(-0.00153774 -0.045667 0)
(-0.00084035 -0.0448043 0)
(-0.000603854 -0.0447649 0)
(-3.48338e-05 -0.04517 0)
(-0.000620953 -0.0445387 0)
(0.000617441 -0.044546 0)
(-6.95246e-05 -0.0433081 0)
(-0.000494925 -0.0420625 0)
(-0.000484224 -0.0412539 0)
(0.000443311 -0.0398715 0)
(-1.58734e-05 -0.0386148 0)
(4.58456e-05 -0.0402073 0)
(-3.0491e-05 -0.041541 0)
(0.000218982 -0.0431554 0)
(0.000216397 -0.0441701 0)
(0.00024602 -0.0451812 0)
(-0.000306211 -0.0440894 0)
(-0.000208004 -0.0448956 0)
(0.000136383 -0.0434113 0)
(-0.000330524 -0.0420003 0)
(-0.000692843 -0.0379498 0)
(0.000702423 -0.0393673 0)
(-0.000797092 -0.0361198 0)
(0.000326408 -0.0398982 0)
(-0.000208251 -0.0392264 0)
(9.19676e-05 -0.0398626 0)
(-0.000506685 -0.0432696 0)
(0.00108227 -0.0437451 0)
(0.000554986 -0.038911 0)
(-0.000259055 -0.0324271 0)
(-0.000301123 -0.0380158 0)
(0.000325272 -0.0361324 0)
(0.00149037 -0.0355296 0)
(-0.00117425 -0.0320272 0)
(-0.000250417 -0.0321418 0)
(0.000466049 -0.0316301 0)
(-0.000212811 -0.0324421 0)
(-0.000460508 -0.0324092 0)
(0.000108827 -0.0353083 0)
(0.000147005 -0.0376374 0)
(-0.000756007 -0.038245 0)
(-0.000920584 -0.0379705 0)
(0.00038084 -0.0380757 0)
(0.000295922 -0.0388567 0)
(0.000633954 -0.0394177 0)
(-5.64132e-05 -0.0388073 0)
(0.00032157 -0.0434229 0)
(-0.000233702 -0.0438809 0)
(0.000135596 -0.046322 0)
(0.000257734 -0.044909 0)
(-0.000568898 -0.043007 0)
(-0.0008668 -0.0420924 0)
(-0.000268734 -0.0415603 0)
(0.000392542 -0.0410243 0)
(0.000273177 -0.0399788 0)
(2.79231e-05 -0.0414417 0)
(-9.77783e-05 -0.0423877 0)
(-0.00025295 -0.0428424 0)
(-0.000415054 -0.043387 0)
(-0.000480209 -0.0440411 0)
(0.000263229 -0.0440165 0)
(4.3429e-05 -0.0423884 0)
(-0.000304988 -0.0379136 0)
(0.000115487 -0.0381041 0)
(-2.25449e-05 -0.0401036 0)
(0.000535361 -0.0380423 0)
(0.000804834 -0.0383459 0)
(0.00140948 -0.0379586 0)
(0.000936717 -0.038541 0)
(0.000708851 -0.0388549 0)
(-0.000564806 -0.039509 0)
(0.000516213 -0.0384519 0)
(-0.000341155 -0.03937 0)
(0.00048388 -0.040086 0)
(-0.00127534 -0.0366377 0)
(0.000418402 -0.0364168 0)
(-6.7568e-05 -0.0386809 0)
(-0.000443205 -0.0389371 0)
(-0.000396777 -0.0410306 0)
(-0.000523241 -0.0419389 0)
(-0.000385574 -0.0425725 0)
(-0.000167836 -0.0429702 0)
(0.00032539 -0.0421779 0)
(0.00265754 -0.0408423 0)
(0.00113411 -0.0408461 0)
(0.000461364 -0.0384042 0)
(0.00149968 -0.0379901 0)
(0.00139628 -0.0413892 0)
(0.000665231 -0.0440945 0)
(-0.000825714 -0.0441695 0)
(0.000584616 -0.0433875 0)
(-0.000156254 -0.0429478 0)
(-0.000408716 -0.0423799 0)
(-0.000892432 -0.0412542 0)
(-0.000586186 -0.0415996 0)
(-0.000265097 -0.0406108 0)
(0.000734875 -0.041099 0)
(0.000147409 -0.0412 0)
(-6.20863e-05 -0.041797 0)
(-0.000133688 -0.0421817 0)
(0.00051624 -0.0426886 0)
(0.00100297 -0.0431266 0)
(8.85771e-05 -0.0420361 0)
(-0.00109135 -0.0415147 0)
(-0.000654373 -0.0413192 0)
(-0.000712306 -0.0420381 0)
(-0.000274179 -0.0410172 0)
(-9.61202e-05 -0.0391198 0)
(0.00170075 -0.0358021 0)
(0.002904 -0.0345486 0)
(0.00178389 -0.0390627 0)
(0.00215647 -0.0378579 0)
(0.00336731 -0.0432551 0)
(0.0029849 -0.0408472 0)
(0.00109852 -0.0386545 0)
(-0.000109012 -0.0399971 0)
(-7.71152e-06 -0.0412483 0)
(0.000141376 -0.0430957 0)
(-3.82084e-05 -0.0430711 0)
(0.000297575 -0.0431623 0)
(0.000512683 -0.0438264 0)
(-0.00134756 -0.0421839 0)
(0.000403954 -0.0429654 0)
(0.00020577 -0.0447346 0)
(1.98701e-05 -0.0445252 0)
(-9.92371e-05 -0.0440122 0)
(-0.000252612 -0.0431949 0)
(-0.000327185 -0.0427846 0)
(0.000577303 -0.0422616 0)
(0.00318266 -0.0395499 0)
(0.00107675 -0.038477 0)
(0.000757058 -0.0408903 0)
(0.000505658 -0.0427107 0)
(0.000226236 -0.0436088 0)
(0.000614393 -0.0422836 0)
(-0.00061771 -0.0392729 0)
(6.25786e-06 -0.0390084 0)
(-0.000328853 -0.0401723 0)
(-0.000262997 -0.0420347 0)
(-0.000391328 -0.0410179 0)
(-0.000569987 -0.0412063 0)
(-0.000682813 -0.0422676 0)
(0.000115666 -0.0426713 0)
(-5.39371e-05 -0.042199 0)
(0.000111652 -0.0422257 0)
(-0.000852606 -0.0408383 0)
(0.000285242 -0.0423226 0)
(0.000468629 -0.0424819 0)
(0.000135039 -0.0419816 0)
(-0.00162904 -0.0399207 0)
(-0.00175162 -0.0414039 0)
(-0.00117382 -0.0415447 0)
(-0.000817274 -0.0413016 0)
(0.000837747 -0.0434918 0)
(-8.25423e-05 -0.0439908 0)
(0.00121877 -0.0444329 0)
(0.00207611 -0.0439416 0)
(0.000436618 -0.0451846 0)
(0.000890615 -0.0462252 0)
(0.00186239 -0.0384332 0)
(0.00115794 -0.0405795 0)
(-0.000369372 -0.0423516 0)
(-0.000726438 -0.0435539 0)
(0.000328955 -0.0448096 0)
(0.0001481 -0.0455346 0)
(-4.40455e-05 -0.0455385 0)
(-0.000196943 -0.0450886 0)
(-0.000155043 -0.0438068 0)
(-0.000355539 -0.0425132 0)
(-0.000667483 -0.0437715 0)
(0.000619397 -0.0436499 0)
(-0.000576596 -0.0420613 0)
(0.00138678 -0.0418688 0)
(0.000200933 -0.0394833 0)
(0.000169636 -0.039514 0)
(0.000242255 -0.0371693 0)
(0.000100503 -0.0378718 0)
(-8.79871e-05 -0.0386732 0)
(0.000733921 -0.0374182 0)
(0.000440208 -0.0374916 0)
(-0.000569116 -0.0385994 0)
(-0.000257547 -0.0388105 0)
(0.000193607 -0.0408535 0)
(-0.000115333 -0.0425362 0)
(-0.000520434 -0.0435063 0)
(-0.000520059 -0.0426304 0)
(-0.000352702 -0.0429707 0)
(-0.000200408 -0.0423094 0)
(-0.000236826 -0.0415061 0)
(0.000130722 -0.0418016 0)
(0.000143402 -0.0389351 0)
(0.00169177 -0.0383699 0)
(9.84344e-05 -0.0399579 0)
(-0.000974615 -0.0404566 0)
(-0.000390432 -0.0415209 0)
(-0.000960759 -0.0437139 0)
(-0.00105916 -0.042134 0)
(-0.000321359 -0.0419871 0)
(0.000651143 -0.0440482 0)
(0.000128117 -0.0433139 0)
(-0.000181958 -0.0439286 0)
(0.000348447 -0.0454916 0)
(0.000187471 -0.0462338 0)
(0.00060209 -0.0441398 0)
(0.000601717 -0.0400631 0)
(0.00103362 -0.0438021 0)
(0.000478096 -0.0449887 0)
(0.000152232 -0.0446631 0)
(-0.000709721 -0.0429077 0)
(0.000339374 -0.0410925 0)
(4.82039e-05 -0.0422407 0)
(0.000224253 -0.0429996 0)
(-0.000286323 -0.0428807 0)
(-0.000553394 -0.0438297 0)
(-0.00111052 -0.0420054 0)
(0.00023322 -0.0416553 0)
(0.00119829 -0.0384444 0)
(0.00122914 -0.0351082 0)
(0.000788996 -0.0360222 0)
(0.00101099 -0.0394384 0)
(0.00126669 -0.0368891 0)
(0.00174254 -0.0370394 0)
(0.000725701 -0.0387504 0)
(2.63187e-05 -0.0404437 0)
(-0.000130682 -0.0391898 0)
(-0.000329798 -0.039682 0)
(0.000412596 -0.0419736 0)
(-0.000129159 -0.0435293 0)
(-0.000199406 -0.0406417 0)
(-7.04206e-05 -0.0418568 0)
(-0.000179992 -0.0423988 0)
(-0.000203675 -0.0420105 0)
(-0.000182044 -0.0418239 0)
(-4.46301e-05 -0.0423033 0)
(0.000107846 -0.0416965 0)
(0.000262728 -0.0414757 0)
(0.00110953 -0.0369392 0)
(0.000328005 -0.0399261 0)
(5.57292e-05 -0.0397731 0)
(0.000196545 -0.0401521 0)
(0.000384426 -0.0407313 0)
(0.000382026 -0.0413376 0)
(0.000428345 -0.0435011 0)
(9.4172e-05 -0.0460864 0)
(-0.000713926 -0.0454016 0)
(0.000171358 -0.0449317 0)
(0.000465595 -0.0465649 0)
(0.000290832 -0.0463364 0)
(9.96813e-05 -0.0455269 0)
(0.000125279 -0.0441856 0)
(-6.57504e-06 -0.0445623 0)
(-0.000760622 -0.0426263 0)
(-9.33753e-05 -0.0426935 0)
(-0.000378204 -0.0429942 0)
(-0.000359603 -0.042611 0)
(-0.000949667 -0.0421945 0)
(-0.000453771 -0.0444818 0)
(8.28168e-05 -0.0443719 0)
(0.000492651 -0.0444063 0)
(-5.4215e-05 -0.0436868 0)
(-0.000385874 -0.0427657 0)
(0.000620013 -0.0417086 0)
(0.000411544 -0.0409149 0)
(0.000705355 -0.0404095 0)
(-0.000140655 -0.0404983 0)
(0.000772069 -0.0402774 0)
(0.000229398 -0.0388359 0)
(0.000371539 -0.041785 0)
(-0.000391668 -0.0373309 0)
(0.000274384 -0.0372673 0)
(-0.000771611 -0.0401375 0)
(9.94011e-05 -0.040785 0)
(-0.000263011 -0.0400886 0)
(0.000112182 -0.0413061 0)
(-0.000383902 -0.0431641 0)
(0.00075049 -0.0441239 0)
(0.000634411 -0.0436164 0)
(0.000390019 -0.0417507 0)
(0.000865591 -0.0417547 0)
(0.00138998 -0.0416564 0)
(0.000468748 -0.0407386 0)
(0.000455467 -0.0425484 0)
(0.000441014 -0.0437144 0)
(-0.000174057 -0.0444332 0)
(-0.000274559 -0.0429446 0)
(-0.000139039 -0.0410879 0)
(0.00081582 -0.0420759 0)
(-0.000166404 -0.0477879 0)
(-0.000157554 -0.0465762 0)
(6.73777e-05 -0.0446123 0)
(-0.000248134 -0.0446405 0)
(-0.000205535 -0.0435568 0)
(9.65397e-07 -0.0435096 0)
(-0.000116737 -0.04476 0)
(-0.000549638 -0.0442577 0)
(-0.000430323 -0.0446606 0)
(-0.000609999 -0.0434175 0)
(0.000385504 -0.0428637 0)
(-0.000394958 -0.0453984 0)
(4.80673e-05 -0.045933 0)
(0.000225675 -0.0458087 0)
(-0.00023707 -0.0442486 0)
(-0.000206925 -0.0420699 0)
(0.000730434 -0.0405841 0)
(0.000674351 -0.0399134 0)
(0.000844608 -0.0400671 0)
(-0.000199788 -0.0358682 0)
(-0.000320708 -0.036902 0)
(-2.43944e-05 -0.0374091 0)
(0.000166248 -0.0379823 0)
(0.000634656 -0.0392681 0)
(-6.43461e-05 -0.0405497 0)
(0.000358571 -0.0415282 0)
(0.000543805 -0.042083 0)
(-8.94789e-05 -0.0422023 0)
(-0.000676769 -0.0440741 0)
(0.000742215 -0.0438819 0)
(0.00207233 -0.0435614 0)
(0.000693471 -0.0425683 0)
(0.000223946 -0.0423781 0)
(-0.000864554 -0.0451026 0)
(0.00123022 -0.0444495 0)
(0.000289617 -0.045573 0)
(9.93523e-05 -0.0453956 0)
(0.000356952 -0.0453166 0)
(0.00045746 -0.0443484 0)
(-0.000640212 -0.0447021 0)
(-0.000541015 -0.0479884 0)
(-3.37208e-05 -0.0478255 0)
(-0.000412691 -0.0462505 0)
(-0.000443368 -0.0458883 0)
(0.000151376 -0.0430137 0)
(-0.00037081 -0.0451012 0)
(-6.78456e-05 -0.0456199 0)
(-8.42067e-07 -0.0454007 0)
(-9.17632e-05 -0.0450038 0)
(-0.000253979 -0.0456377 0)
(-0.000160474 -0.0459439 0)
(0.000160861 -0.0453719 0)
(0.000211863 -0.0446847 0)
(-0.000528108 -0.0444091 0)
(-0.00104143 -0.0443326 0)
(0.000524365 -0.0415964 0)
(0.000342238 -0.0411179 0)
(5.23529e-05 -0.0404536 0)
(0.000540721 -0.0399318 0)
(2.62931e-05 -0.0399071 0)
(0.000101503 -0.0349054 0)
(0.000938405 -0.0381191 0)
(0.000489779 -0.0391865 0)
(9.60674e-06 -0.0416962 0)
(0.000351588 -0.043214 0)
(0.00145538 -0.0432486 0)
(0.0001183 -0.0432735 0)
(-0.00049414 -0.0460605 0)
(-0.000344369 -0.0466324 0)
(3.59232e-05 -0.0462123 0)
(0.00111483 -0.0440165 0)
(0.00127823 -0.0429551 0)
(0.000541045 -0.0456231 0)
(0.000209471 -0.0450355 0)
(0.00110755 -0.0390622 0)
(0.000630311 -0.0468667 0)
(0.000498358 -0.0446113 0)
(9.62978e-05 -0.0427744 0)
(0.000641668 -0.0441223 0)
(0.00100347 -0.0443572 0)
(0.000364177 -0.0487394 0)
(-0.000318706 -0.0478804 0)
(-0.000528474 -0.0470598 0)
(-0.000273221 -0.0468313 0)
(-1.29098e-05 -0.0464738 0)
(-0.000897337 -0.0439899 0)
(5.38625e-05 -0.0451029 0)
(-0.000542043 -0.0456862 0)
(-8.22563e-05 -0.0457226 0)
(-0.000239424 -0.0457235 0)
(-0.000560866 -0.0456557 0)
(0.000120454 -0.0453878 0)
(-0.00105982 -0.0432661 0)
(-0.000429899 -0.0443458 0)
(-0.000989268 -0.0433818 0)
(-0.000199333 -0.0433615 0)
(-0.000375588 -0.0446265 0)
(-1.69077e-06 -0.044327 0)
(0.000806579 -0.0420055 0)
(-0.000486159 -0.04026 0)
(-0.000247232 -0.0405957 0)
(6.33444e-05 -0.0413339 0)
(0.00047199 -0.0439547 0)
(0.000844373 -0.0425212 0)
(0.000651592 -0.0429586 0)
(-0.000577617 -0.0440491 0)
(-0.000660981 -0.0453304 0)
(-0.000526202 -0.0458053 0)
(-6.73331e-06 -0.0465215 0)
(0.00020281 -0.0464729 0)
(-0.000137775 -0.0441767 0)
(-0.000644844 -0.0424292 0)
(-0.000343893 -0.0411231 0)
(0.000476803 -0.0381467 0)
(-0.00115832 -0.0385273 0)
(-0.000582583 -0.0383379 0)
(-0.00107684 -0.0382952 0)
(-0.00368348 -0.0395114 0)
(-0.00392715 -0.0389158 0)
(-0.0048322 -0.0397595 0)
(-2.77093e-05 -0.0444661 0)
(-0.00105352 -0.0431014 0)
(-0.00039897 -0.0444617 0)
(-0.000136572 -0.0461447 0)
(-0.00044827 -0.0465399 0)
(-0.000596634 -0.046866 0)
(-0.000893037 -0.0451391 0)
(-7.54789e-05 -0.0436524 0)
(-0.000733327 -0.0451949 0)
(-0.000109651 -0.0452614 0)
(0.000468705 -0.0443887 0)
(0.000931795 -0.0439998 0)
(-0.000590931 -0.044669 0)
(-0.000489181 -0.0435795 0)
(-1.89136e-05 -0.0431526 0)
(-0.000183816 -0.0440006 0)
(-0.00061149 -0.0408202 0)
(0.000208602 -0.0438228 0)
(-0.000523493 -0.0457024 0)
(-0.000246235 -0.047351 0)
(0.000812225 -0.0462068 0)
(0.000222656 -0.045706 0)
(0.000244145 -0.0469366 0)
(0.000325333 -0.0467726 0)
(0.000170866 -0.0444972 0)
(-0.000218502 -0.044719 0)
(9.34379e-05 -0.0449704 0)
(0.000178923 -0.0439753 0)
(-8.72274e-05 -0.0439428 0)
(0.000504807 -0.0444794 0)
(0.000105803 -0.0435002 0)
(0.000341271 -0.0422687 0)
(0.000196738 -0.0416712 0)
(0.000221438 -0.0411045 0)
(0.000171016 -0.0391076 0)
(-0.000232728 -0.0388834 0)
(-0.0012293 -0.0398582 0)
(0.000237058 -0.0376375 0)
(0.000230527 -0.0380533 0)
(-9.09805e-06 -0.0409664 0)
(-0.000419235 -0.041983 0)
(-0.00141566 -0.0437634 0)
(0.00120921 -0.036567 0)
(-0.000966296 -0.0360213 0)
(-0.000956261 -0.036137 0)
(0.000297087 -0.0369051 0)
(-0.00140492 -0.0377799 0)
(-0.000363809 -0.036864 0)
(-0.00036874 -0.0369682 0)
(0.000347401 -0.0370443 0)
(0.000817131 -0.0402022 0)
(6.10647e-05 -0.042627 0)
(6.04001e-05 -0.0448918 0)
(0.000366536 -0.0458074 0)
(0.000310505 -0.0463752 0)
(-0.000164828 -0.0448969 0)
(-0.00037508 -0.0443536 0)
(-0.000469393 -0.0437036 0)
(-0.000851836 -0.0404459 0)
(-0.000589488 -0.0456344 0)
(-0.000259957 -0.0433471 0)
(-0.00038528 -0.0474213 0)
(7.57919e-05 -0.0465632 0)
(0.000346553 -0.0459584 0)
(-0.000154906 -0.0491776 0)
(-0.000914769 -0.0494015 0)
(-0.00047772 -0.0493684 0)
(0.000434128 -0.0479618 0)
(-0.000315711 -0.0463159 0)
(-0.000470469 -0.0442209 0)
(-0.000519199 -0.0433921 0)
(0.000928183 -0.0428047 0)
(0.000183265 -0.0445645 0)
(0.000166193 -0.0409573 0)
(-2.65196e-05 -0.0425767 0)
(-0.000416826 -0.0409585 0)
(-0.000220686 -0.0390403 0)
(-0.000318268 -0.03937 0)
(-0.000592034 -0.0391795 0)
(8.6716e-05 -0.038214 0)
(0.000496095 -0.0395433 0)
(0.000223126 -0.0401378 0)
(0.000252139 -0.0390661 0)
(0.000591894 -0.0410887 0)
(-2.86443e-05 -0.044135 0)
(-0.00106245 -0.0435506 0)
(0.000392997 -0.0357935 0)
(-5.78854e-05 -0.035348 0)
(-0.000538443 -0.0336828 0)
(-0.00140838 -0.034149 0)
(-0.000949858 -0.0391883 0)
(-9.8982e-05 -0.0402297 0)
(-0.000319672 -0.0389234 0)
(-0.000196066 -0.0402329 0)
(0.000400604 -0.0433573 0)
(-0.0002941 -0.0422178 0)
(0.000898629 -0.0432401 0)
(-0.00026481 -0.0456636 0)
(-0.000269807 -0.0471975 0)
(0.000625038 -0.0470099 0)
(-0.000963254 -0.0455081 0)
(0.000180595 -0.0439789 0)
(0.000100947 -0.0434609 0)
(-0.00044527 -0.0445958 0)
(-6.09735e-06 -0.0487939 0)
(0.000217021 -0.0492313 0)
(0.000287629 -0.0508681 0)
(2.74654e-05 -0.0516942 0)
(0.000408641 -0.0486609 0)
(2.56795e-05 -0.0502761 0)
(0.000361401 -0.0509244 0)
(-0.000383382 -0.0469087 0)
(-0.000162272 -0.0452401 0)
(-2.59183e-05 -0.0464781 0)
(0.00157598 -0.0446428 0)
(0.000629329 -0.0438998 0)
(-3.50533e-05 -0.0419574 0)
(-0.000977374 -0.0419383 0)
(-0.000225912 -0.0406016 0)
(0.000109031 -0.0395805 0)
(-0.000502547 -0.0393124 0)
(-0.000501218 -0.0394489 0)
(-0.000315045 -0.0395828 0)
(-0.000148364 -0.0394351 0)
(-0.000364432 -0.0393229 0)
(-0.000780316 -0.0404616 0)
(-0.000341455 -0.0431888 0)
(0.00010496 -0.0433017 0)
(0.000261781 -0.0435161 0)
(0.000548914 -0.0435207 0)
(-0.000120039 -0.0401772 0)
(-0.000610301 -0.0388094 0)
(-0.000172898 -0.0408471 0)
(-7.0299e-05 -0.0452927 0)
(-0.000304875 -0.0421736 0)
(0.000261693 -0.0402414 0)
(0.000386558 -0.039025 0)
(0.000336265 -0.0415787 0)
(-0.000499069 -0.0442312 0)
(0.0005656 -0.0458956 0)
(0.00136837 -0.0438022 0)
(0.000765489 -0.0433537 0)
(1.65722e-05 -0.0432354 0)
(-0.000187633 -0.0447088 0)
(-0.000219301 -0.0450614 0)
(8.95304e-05 -0.0471458 0)
(0.000652191 -0.0467455 0)
(-4.00713e-05 -0.0467926 0)
(0.000109048 -0.0501444 0)
(-0.00127879 -0.0512268 0)
(-3.91342e-05 -0.0509113 0)
(-2.71223e-05 -0.049716 0)
(-0.00126655 -0.0461105 0)
(-0.00112004 -0.0426861 0)
(-0.000425801 -0.0453144 0)
(-0.00133257 -0.0437912 0)
(-0.000682579 -0.04438 0)
(-0.000774876 -0.0459495 0)
(-0.000520194 -0.0473364 0)
(0.00109415 -0.0449547 0)
(9.294e-05 -0.0440453 0)
(-0.00175199 -0.0426487 0)
(-0.00101413 -0.0410671 0)
(-0.000860403 -0.0398441 0)
(-0.00185249 -0.0396518 0)
(-0.0011653 -0.0428496 0)
(9.46159e-05 -0.0407988 0)
(0.000655537 -0.0405464 0)
(4.79279e-05 -0.0415458 0)
(3.06638e-05 -0.0426677 0)
(0.000350761 -0.0430677 0)
(0.000224011 -0.0429853 0)
(0.000143094 -0.0430607 0)
(0.000258338 -0.0427499 0)
(-0.000906375 -0.0433655 0)
(-0.000924296 -0.0428382 0)
(0.00192908 -0.0385218 0)
(0.00136848 -0.0428132 0)
(0.000220728 -0.0413866 0)
(-8.33625e-07 -0.0426704 0)
(0.000272881 -0.0439827 0)
(0.000619761 -0.0435017 0)
(0.000629868 -0.0437355 0)
(0.000348516 -0.0433429 0)
(0.00146286 -0.0414769 0)
(0.000937581 -0.0382941 0)
(-0.000239107 -0.0450465 0)
(0.000190035 -0.0452495 0)
(0.000439644 -0.0448778 0)
(0.000668151 -0.0441508 0)
(-0.000282158 -0.0460299 0)
(-0.00170735 -0.0458919 0)
(-0.00060155 -0.0487766 0)
(-0.000549655 -0.0480745 0)
(-0.000576616 -0.0449225 0)
(-0.000363692 -0.042938 0)
(-0.000336611 -0.0439552 0)
(-0.00136142 -0.0452894 0)
(-0.00021894 -0.0462661 0)
(-0.000946685 -0.0491636 0)
(-0.00036693 -0.0480287 0)
(-0.000611543 -0.0437568 0)
(0.000460392 -0.044569 0)
(0.000521089 -0.0451988 0)
(-0.00114256 -0.0438655 0)
(-0.000818124 -0.0407217 0)
(-0.00041938 -0.0398163 0)
(1.13192e-06 -0.0419308 0)
(-0.000330431 -0.0440527 0)
(0.000104565 -0.0436649 0)
(-0.000118595 -0.0427426 0)
(0.000148179 -0.0431398 0)
(8.05059e-05 -0.0444462 0)
(-0.000423085 -0.0450644 0)
(5.51596e-05 -0.044747 0)
(0.000236812 -0.0441675 0)
(0.000187011 -0.0440302 0)
(0.000652552 -0.0393623 0)
(0.000163427 -0.0408769 0)
(0.000114439 -0.0407496 0)
(0.000569927 -0.0377781 0)
(0.000885339 -0.0419092 0)
(0.000471193 -0.0416672 0)
(0.00064618 -0.0416607 0)
(0.000782695 -0.0415698 0)
(0.000398787 -0.0405457 0)
(0.00068075 -0.0401587 0)
(0.000512635 -0.038067 0)
(-0.000144336 -0.0370306 0)
(-0.000269757 -0.0345699 0)
(-5.56775e-05 -0.0391169 0)
(-0.00045773 -0.0336605 0)
(-0.00102822 -0.0396918 0)
(-0.000856676 -0.0378947 0)
(-0.000155211 -0.0374134 0)
(-0.000273715 -0.038059 0)
(0.000475586 -0.0413973 0)
(0.0012644 -0.0424436 0)
(-3.33111e-05 -0.0423898 0)
(-8.37537e-05 -0.0414877 0)
(-0.000207881 -0.0429776 0)
(-0.000617405 -0.0441998 0)
(-0.000509052 -0.0442239 0)
(-0.000150374 -0.0467247 0)
(-0.000727136 -0.0472992 0)
(-0.000277864 -0.0464791 0)
(0.000497138 -0.0405086 0)
(-0.0016956 -0.0379132 0)
(-0.00291041 -0.0367555 0)
(-0.0037082 -0.0400508 0)
(-0.00198326 -0.0395127 0)
(-0.000792989 -0.0392168 0)
(-0.000981341 -0.0423906 0)
(-0.000461556 -0.0436806 0)
(-0.000197466 -0.0444371 0)
(-0.000395823 -0.0439046 0)
(-0.000328729 -0.0438342 0)
(-0.000360359 -0.0436124 0)
(0.000394683 -0.0440453 0)
(-1.06959e-05 -0.0449864 0)
(-0.000730829 -0.044002 0)
(0.000184193 -0.0437015 0)
(-0.000638229 -0.0387684 0)
(0.000182557 -0.0390785 0)
(0.000450587 -0.0397432 0)
(0.000445078 -0.0399291 0)
(0.000618633 -0.0409893 0)
(0.00067829 -0.0418174 0)
(0.00117275 -0.0400435 0)
(0.00150572 -0.0392692 0)
(0.000866402 -0.0400112 0)
(0.000601079 -0.0407096 0)
(4.52028e-05 -0.0407964 0)
(0.000737726 -0.0402184 0)
(0.000602598 -0.0373127 0)
(0.000280168 -0.0371075 0)
(0.000225127 -0.0380882 0)
(1.81889e-06 -0.0381423 0)
(-0.000397694 -0.0386146 0)
(-0.000409336 -0.0376843 0)
(-0.000827212 -0.0375716 0)
(-0.000252133 -0.0389592 0)
(-0.000147851 -0.0405426 0)
(0.000123912 -0.0407118 0)
(-0.000434197 -0.040317 0)
(-0.000314192 -0.0396131 0)
(-0.000169414 -0.0390298 0)
(-0.000600931 -0.0394915 0)
(0.000245301 -0.0394399 0)
(-9.78373e-06 -0.0397032 0)
(-0.000349325 -0.038551 0)
(-0.000120745 -0.0356478 0)
(-0.00150745 -0.0374927 0)
(-0.00117377 -0.0372362 0)
(0.000609629 -0.0382258 0)
(-0.00192739 -0.0389132 0)
(-0.00127781 -0.0396654 0)
(0.000235987 -0.0428558 0)
(-0.00100258 -0.045071 0)
(-0.000671786 -0.0454364 0)
(-0.000338469 -0.0435678 0)
(-0.000566845 -0.0429081 0)
(0.000174354 -0.0416849 0)
(0.000605517 -0.042444 0)
(0.000422238 -0.0427143 0)
(0.000547656 -0.0418964 0)
(0.000212485 -0.0405967 0)
(0.000415862 -0.0419399 0)
(0.00122747 -0.0404031 0)
(-0.000295388 -0.040041 0)
(0.00214417 -0.0357806 0)
(0.00327953 -0.0344661 0)
(0.00104257 -0.0401433 0)
(0.00117211 -0.0417001 0)
(0.00192032 -0.0399963 0)
(0.00238144 -0.0397508 0)
(0.00102338 -0.0408219 0)
(0.000586978 -0.0425282 0)
(-0.000212858 -0.0426432 0)
(-0.000541718 -0.0389606 0)
(-0.00036214 -0.0388626 0)
(0.00065797 -0.0379201 0)
(0.00147331 -0.0383105 0)
(-4.44573e-05 -0.0407899 0)
(0.000540297 -0.0382951 0)
(0.000250599 -0.0372284 0)
(0.00014758 -0.0386741 0)
(0.000286107 -0.0397028 0)
(0.000238075 -0.0381733 0)
(-0.000582326 -0.0383816 0)
(-0.000263448 -0.0387743 0)
(-0.000487739 -0.038701 0)
(0.000488444 -0.0406132 0)
(-0.00110612 -0.0404852 0)
(-0.000477756 -0.0418143 0)
(-0.000407819 -0.0392551 0)
(-0.000525941 -0.0400798 0)
(-0.00110656 -0.0368755 0)
(1.85667e-06 -0.0369771 0)
(0.000476619 -0.036556 0)
(0.000946163 -0.0403909 0)
(0.00112779 -0.0437188 0)
(-0.000656238 -0.0416179 0)
(-0.000383776 -0.0427687 0)
(-0.000588751 -0.0450047 0)
(-0.00126345 -0.0459656 0)
(-0.000538729 -0.0406614 0)
(-0.000460715 -0.0407926 0)
(0.00029163 -0.0403031 0)
(0.000688839 -0.0407577 0)
(-0.00138598 -0.0377511 0)
(-0.0010971 -0.0384005 0)
(-0.000310265 -0.0398974 0)
(-0.000223717 -0.039758 0)
(-0.000579252 -0.0444652 0)
(0.00127765 -0.0412252 0)
(0.00262138 -0.0353687 0)
(0.0016534 -0.0372648 0)
(0.000758343 -0.0411164 0)
(0.000487728 -0.0412768 0)
(0.000527527 -0.0408281 0)
(0.000764727 -0.0412529 0)
(0.000791749 -0.0422081 0)
(0.000290942 -0.0419849 0)
(-0.000196055 -0.0405217 0)
(-0.000434807 -0.0392803 0)
(0.00116513 -0.0395496 0)
(-0.000614297 -0.0426373 0)
(-0.000328099 -0.0421365 0)
(-0.000454825 -0.0385126 0)
(-0.000208075 -0.0359989 0)
(-0.000591191 -0.0364187 0)
(-0.000506924 -0.0385227 0)
(-0.000758432 -0.0367364 0)
(-0.000322276 -0.0357552 0)
(-0.000504264 -0.0356781 0)
(-0.000601774 -0.0418994 0)
(-0.00164566 -0.0399093 0)
(-0.00196163 -0.0382791 0)
(-0.000299779 -0.0427986 0)
(0.000111518 -0.0416568 0)
(0.000239643 -0.039366 0)
(2.99586e-05 -0.0384338 0)
(5.69926e-05 -0.0396593 0)
(0.00104875 -0.0409058 0)
(-0.000392118 -0.0396891 0)
(-0.000385776 -0.0402413 0)
(-0.000888508 -0.0411401 0)
(-0.00118394 -0.040307 0)
(-0.000914394 -0.0421142 0)
(0.00023166 -0.0387803 0)
(-0.000992217 -0.0400962 0)
(-0.000249191 -0.0408634 0)
(0.000343476 -0.0406434 0)
(0.000403534 -0.0380942 0)
(0.00123955 -0.0379848 0)
(0.00105152 -0.0382331 0)
(-0.000977716 -0.0392036 0)
(0.000425289 -0.0424876 0)
(0.000911615 -0.0395998 0)
(0.000763014 -0.0386498 0)
(0.000498852 -0.0402531 0)
(0.000254937 -0.041037 0)
(0.00070032 -0.0403476 0)
(0.000583201 -0.0385254 0)
(0.00104307 -0.0380931 0)
(6.65771e-05 -0.0389674 0)
(0.000815223 -0.0396443 0)
(9.43929e-05 -0.0409463 0)
(0.000375844 -0.0407964 0)
(0.000115857 -0.0410346 0)
(9.88747e-05 -0.0394943 0)
(7.17112e-06 -0.0411166 0)
(-8.59821e-05 -0.0407955 0)
(-0.000646601 -0.0393951 0)
(-0.000371598 -0.0361645 0)
(-0.000172757 -0.0378033 0)
(-0.000920558 -0.037367 0)
(0.00013791 -0.0388941 0)
(-0.000793176 -0.0371571 0)
(-0.000239257 -0.0374455 0)
(0.000174709 -0.0378728 0)
(-0.0014678 -0.0398094 0)
(0.000333359 -0.039865 0)
(-0.000559866 -0.0431631 0)
(0.000520204 -0.0408357 0)
(0.000182292 -0.0393315 0)
(0.000352699 -0.0408692 0)
(0.000488196 -0.0423496 0)
(0.000366587 -0.0433398 0)
(0.000618896 -0.0435425 0)
(0.000148358 -0.0430404 0)
(2.39182e-05 -0.0423154 0)
(-0.000235159 -0.0419264 0)
(-0.00161218 -0.0396017 0)
(-0.00154737 -0.0394162 0)
(-0.00121664 -0.0405845 0)
(2.8734e-05 -0.042212 0)
(0.000415108 -0.0415744 0)
(7.91726e-05 -0.0427027 0)
(0.000589168 -0.0440083 0)
(0.000950755 -0.0437972 0)
(0.000381463 -0.0425605 0)
(0.000316022 -0.0386626 0)
(0.0009192 -0.0372072 0)
(0.00122102 -0.0377212 0)
(0.00135545 -0.0372356 0)
(0.000686155 -0.0372852 0)
(-0.00109991 -0.0387144 0)
(0.00100048 -0.0417342 0)
(0.00256348 -0.0377876 0)
(0.00104301 -0.0400034 0)
(-0.000494094 -0.0403365 0)
(-3.64537e-05 -0.0422102 0)
(-0.000429606 -0.0409168 0)
(4.99483e-05 -0.0401816 0)
(-0.00108462 -0.0384908 0)
(-0.000267685 -0.0400146 0)
(-7.0282e-05 -0.0400256 0)
(-0.00037183 -0.0394518 0)
(-0.000312308 -0.0391997 0)
(-0.000488507 -0.0400072 0)
(-0.000566365 -0.0415653 0)
(-1.66707e-06 -0.042648 0)
(0.000752728 -0.0403865 0)
(0.000861955 -0.0402355 0)
(0.000489343 -0.0397616 0)
(0.000561215 -0.0402812 0)
(-0.000882495 -0.0430385 0)
(0.00111362 -0.0426615 0)
(0.000352095 -0.0444646 0)
(0.000146429 -0.0460919 0)
(0.000714849 -0.0455 0)
(0.000283225 -0.0443744 0)
(-0.000157274 -0.0453434 0)
(6.41529e-05 -0.046197 0)
(-9.09431e-05 -0.0455706 0)
(-4.56237e-05 -0.0458694 0)
(-0.000507101 -0.045265 0)
(-0.000555023 -0.0456624 0)
(-0.000777936 -0.0451024 0)
(-0.00162267 -0.0454151 0)
(0.000164301 -0.0424167 0)
(-0.00095462 -0.0410589 0)
(0.00056515 -0.0464313 0)
(0.00042663 -0.0452061 0)
(-0.000262335 -0.0471086 0)
(-0.000411689 -0.0405879 0)
(0.000409243 -0.0371827 0)
(-0.000113274 -0.036373 0)
(0.000518397 -0.0370071 0)
(0.000385341 -0.0359327 0)
(-0.00053596 -0.0365553 0)
(0.000517768 -0.0389039 0)
(0.000729527 -0.0384373 0)
(0.000886324 -0.0397096 0)
(0.000600794 -0.0391605 0)
(0.000388567 -0.0402685 0)
(-0.000249039 -0.0389971 0)
(-0.000762162 -0.0382952 0)
(-0.0001404 -0.0378165 0)
(9.36176e-05 -0.0394377 0)
(-0.000243223 -0.0365622 0)
(-0.00135431 -0.0364613 0)
(-0.000167388 -0.0384437 0)
(0.000179897 -0.037032 0)
(-0.000672241 -0.038138 0)
(0.000639026 -0.0383917 0)
(0.0009179 -0.0387295 0)
(0.000910315 -0.0398857 0)
(0.00115869 -0.0397846 0)
(0.000596035 -0.039668 0)
(0.000648224 -0.037858 0)
(7.15143e-05 -0.0415039 0)
(0.000717926 -0.0445951 0)
(-0.000106163 -0.0451632 0)
(-0.000159114 -0.0467515 0)
(-0.000302653 -0.0462349 0)
(0.000260754 -0.0451364 0)
(0.000642636 -0.0448471 0)
(0.000679614 -0.0450072 0)
(0.000545316 -0.0449604 0)
(8.54033e-05 -0.0452695 0)
(-3.01816e-05 -0.0454719 0)
(-0.000462226 -0.0462423 0)
(-0.000844441 -0.0458719 0)
(-0.000348331 -0.0465212 0)
(-0.000321064 -0.039804 0)
(0.000119129 -0.0434863 0)
(-8.4381e-06 -0.0441846 0)
(0.000177712 -0.0449684 0)
(0.000227581 -0.0445475 0)
(0.000128178 -0.0418006 0)
(0.00140969 -0.0368202 0)
(0.00168643 -0.0362797 0)
(0.00027635 -0.0383961 0)
(-0.000240241 -0.0392091 0)
(-9.74153e-05 -0.0381006 0)
(0.000707271 -0.0378958 0)
(0.000360021 -0.0386445 0)
(0.000867996 -0.0402892 0)
(0.000300492 -0.0390795 0)
(0.000101678 -0.0382946 0)
(-0.0011321 -0.033315 0)
(0.000273617 -0.036115 0)
(-0.000349075 -0.0394479 0)
(-0.000133768 -0.0401458 0)
(-0.000121138 -0.0402552 0)
(0.0004112 -0.0385703 0)
(0.000189198 -0.0379303 0)
(-0.000382088 -0.038784 0)
(0.000104277 -0.0380467 0)
(0.00108456 -0.0384736 0)
(0.000382106 -0.0382264 0)
(0.000415551 -0.0350474 0)
(0.000471862 -0.03498 0)
(0.000180932 -0.0363952 0)
(0.000276292 -0.0366546 0)
(-0.00071732 -0.0347407 0)
(-0.000688514 -0.0377493 0)
(-0.000150276 -0.0394093 0)
(-0.000516528 -0.0393235 0)
(-0.000571114 -0.0376348 0)
(-0.000414523 -0.0366767 0)
(-1.19208e-05 -0.0392048 0)
(0.000325529 -0.0409208 0)
(0.000197642 -0.04237 0)
(0.000180688 -0.0432668 0)
(6.83614e-05 -0.0445008 0)
(0.000115343 -0.0455057 0)
(-0.000414059 -0.0457621 0)
(-0.000733663 -0.0444918 0)
(0.000439308 -0.041507 0)
(0.000127207 -0.0412784 0)
(-0.000109729 -0.0463449 0)
(-0.000133134 -0.0467212 0)
(-7.93793e-05 -0.0443818 0)
(8.87796e-05 -0.0411624 0)
(-0.000247609 -0.0404499 0)
(-0.000485547 -0.038109 0)
(-0.000200861 -0.0382259 0)
(0.000109145 -0.0382881 0)
(0.00072569 -0.0382955 0)
(0.000192385 -0.0380389 0)
(0.000769762 -0.0388952 0)
(0.0014952 -0.0398936 0)
(0.000455173 -0.0404202 0)
(0.000226832 -0.040951 0)
(-0.00107645 -0.0372271 0)
(0.000615624 -0.0402785 0)
(-5.66165e-05 -0.0430507 0)
(0.000358525 -0.0418284 0)
(-0.000308528 -0.040479 0)
(0.000388739 -0.0422096 0)
(-0.00015259 -0.0431863 0)
(0.000209577 -0.0427556 0)
(0.000782148 -0.0442384 0)
(-0.000337493 -0.0446922 0)
(-0.000618131 -0.0434092 0)
(2.86851e-05 -0.0434063 0)
(0.0012665 -0.0435065 0)
(0.00104509 -0.0400433 0)
(0.000832853 -0.0416277 0)
(0.000857002 -0.0389376 0)
(0.000313053 -0.0393433 0)
(-0.000186086 -0.0390831 0)
(-0.000199148 -0.039906 0)
(-6.40531e-05 -0.0379392 0)
(-0.000320674 -0.0364665 0)
(-9.4462e-06 -0.0380315 0)
(0.000113953 -0.040608 0)
(0.000202483 -0.0420216 0)
(0.000144236 -0.0431561 0)
(0.000265429 -0.0435413 0)
(0.000221194 -0.0435146 0)
(0.00040645 -0.0426732 0)
(-0.000301501 -0.0442142 0)
(4.81439e-05 -0.0433087 0)
(-0.000325032 -0.0439787 0)
(-0.000539111 -0.0444813 0)
(0.000549678 -0.0424705 0)
(0.00010623 -0.044565 0)
(0.000986242 -0.0404401 0)
(-0.00102531 -0.0432961 0)
(-0.000184553 -0.0397057 0)
(0.000580698 -0.0398966 0)
(0.000846031 -0.0393826 0)
(0.00135045 -0.0388687 0)
(0.000146938 -0.0381709 0)
(0.000352697 -0.041067 0)
(0.00062849 -0.0419817 0)
(0.00025446 -0.0424318 0)
(0.000367311 -0.0421364 0)
(0.000427745 -0.0429235 0)
(-7.10395e-05 -0.0406996 0)
(0.000821907 -0.0407853 0)
(-0.000416707 -0.0429417 0)
(9.60784e-05 -0.0424824 0)
(0.000698578 -0.0419468 0)
(0.000596837 -0.043893 0)
(0.000448073 -0.0445979 0)
(-0.000504862 -0.0456447 0)
(0.000207204 -0.0467794 0)
(-0.000115131 -0.0452514 0)
(-0.000214044 -0.0447959 0)
(0.000804515 -0.0434652 0)
(0.000470228 -0.0445204 0)
(0.00113734 -0.0422131 0)
(0.000205415 -0.0418818 0)
(-0.000127914 -0.0445196 0)
(-0.00067362 -0.044599 0)
(-0.000116944 -0.0440869 0)
(-0.000237577 -0.0426057 0)
(-0.00141667 -0.0432986 0)
(-0.0016495 -0.044662 0)
(-0.000496944 -0.0419435 0)
(0.000512679 -0.0404314 0)
(0.000398471 -0.0430041 0)
(0.000568717 -0.0433337 0)
(7.06989e-05 -0.0429512 0)
(0.000172216 -0.0417326 0)
(0.000335296 -0.0420614 0)
(3.33062e-05 -0.0428536 0)
(-0.000527176 -0.0436686 0)
(0.000101762 -0.0444142 0)
(-0.000376705 -0.0433649 0)
(0.00015211 -0.0442144 0)
(-0.000230311 -0.044092 0)
(-0.000601581 -0.0451866 0)
(0.00101801 -0.0438969 0)
(0.00121872 -0.0395361 0)
(0.00128102 -0.0387614 0)
(6.45767e-05 -0.0404944 0)
(-0.00033332 -0.040616 0)
(0.000168371 -0.0413843 0)
(-9.62229e-05 -0.0396918 0)
(0.000738833 -0.0379768 0)
(0.000471775 -0.0390203 0)
(0.000397837 -0.0408223 0)
(0.000612299 -0.0420417 0)
(0.00129775 -0.0413679 0)
(0.00119117 -0.0406872 0)
(0.000173768 -0.0421064 0)
(-0.0002215 -0.0412156 0)
(0.000785614 -0.0435097 0)
(-0.000115523 -0.045278 0)
(0.000495611 -0.0436366 0)
(0.00069874 -0.0448405 0)
(0.000256357 -0.0452683 0)
(0.00105052 -0.043424 0)
(0.0017126 -0.0463482 0)
(0.000162431 -0.043832 0)
(-0.000255 -0.0450415 0)
(-0.000135267 -0.0449141 0)
(0.000136025 -0.0447788 0)
(1.03622e-05 -0.0449779 0)
(9.01229e-05 -0.0454952 0)
(-0.000573106 -0.0458086 0)
(-0.000127034 -0.0441414 0)
(0.000450365 -0.0425032 0)
(0.000394968 -0.0422578 0)
(0.000418115 -0.0439491 0)
(0.000958229 -0.0454045 0)
(-0.000796362 -0.0447051 0)
(-0.000255972 -0.0462421 0)
(6.55932e-05 -0.0449222 0)
(0.000124935 -0.0428232 0)
(-0.00025333 -0.0430481 0)
(0.000692423 -0.0457864 0)
(9.78196e-05 -0.0453636 0)
(-0.000372231 -0.0442625 0)
(5.99227e-05 -0.0456166 0)
(-0.000535777 -0.0411668 0)
(-0.000353913 -0.043598 0)
(-0.000868537 -0.0434347 0)
(-0.00010324 -0.0423972 0)
(-0.000811169 -0.0415864 0)
(-0.000503402 -0.0411519 0)
(1.01784e-05 -0.0424946 0)
(0.000683678 -0.0428993 0)
(0.001427 -0.0414029 0)
(0.00139137 -0.0400559 0)
(0.000614114 -0.0406546 0)
(-0.000248875 -0.041228 0)
(-0.000109169 -0.0428104 0)
(-0.000439164 -0.0432142 0)
(0.000285308 -0.0414071 0)
(-0.000408363 -0.0438107 0)
(0.000829456 -0.0426841 0)
(0.000408447 -0.0445652 0)
(0.00103258 -0.0447518 0)
(0.00116702 -0.0448222 0)
(-0.000513062 -0.0478939 0)
(-0.000390018 -0.0481901 0)
(-0.000341469 -0.0463442 0)
(-0.000158708 -0.0461556 0)
(-0.000481466 -0.0432815 0)
(9.74374e-05 -0.0438853 0)
(3.57319e-05 -0.0433635 0)
(-0.000390305 -0.0448313 0)
(-0.000746322 -0.0458272 0)
(-0.000306484 -0.0433476 0)
(8.59332e-05 -0.0432809 0)
(0.000788309 -0.0429653 0)
(0.000627076 -0.0428772 0)
(-0.000131729 -0.0454351 0)
(-0.000102418 -0.0452761 0)
(-2.43814e-05 -0.0446801 0)
(0.000421738 -0.0431702 0)
(0.000345562 -0.0414343 0)
(0.000146681 -0.04035 0)
(9.78302e-05 -0.0426593 0)
(-0.000160648 -0.0445772 0)
(-0.000361932 -0.0444021 0)
(-0.000553462 -0.0438675 0)
(0.000501401 -0.0440272 0)
(0.000631959 -0.0417117 0)
(0.00107395 -0.0393244 0)
(0.000603558 -0.0455571 0)
(-0.00014556 -0.0453903 0)
(-0.000864239 -0.0437494 0)
(-0.000594018 -0.0421744 0)
(-0.000533997 -0.0424083 0)
(-0.000878087 -0.0431694 0)
(-0.000753494 -0.0432491 0)
(-0.000796288 -0.0437977 0)
(-0.000301598 -0.0423478 0)
(0.000788807 -0.0409462 0)
(0.0007716 -0.0401765 0)
(8.62197e-05 -0.0411109 0)
(0.00014732 -0.0421622 0)
(3.49283e-05 -0.0425109 0)
(0.000743798 -0.0415008 0)
(0.00158458 -0.0418587 0)
(0.0006269 -0.0428128 0)
(0.000869378 -0.0462994 0)
(-0.00025786 -0.0463093 0)
(-0.000785212 -0.0421352 0)
(-0.000321674 -0.0418505 0)
(1.68783e-05 -0.0426619 0)
(-3.47802e-05 -0.0406986 0)
(-0.000237763 -0.0427693 0)
(-0.000530952 -0.0439126 0)
(-0.000153271 -0.0438059 0)
(0.000312812 -0.0442221 0)
(0.00197254 -0.0412634 0)
(0.000940291 -0.0422083 0)
(-0.000827213 -0.0424678 0)
(0.000247687 -0.0423613 0)
(-0.000643843 -0.0419737 0)
(-0.000157035 -0.0432499 0)
(0.000340399 -0.0452107 0)
(8.57008e-05 -0.0414689 0)
(-0.000470639 -0.0425409 0)
(-6.59843e-05 -0.0430416 0)
(-0.000402856 -0.0423006 0)
(-0.000121823 -0.0425563 0)
(-2.05183e-05 -0.0437917 0)
(0.000103723 -0.0442038 0)
(-0.000383003 -0.0436729 0)
(0.000233077 -0.0400809 0)
(0.000250983 -0.041108 0)
(8.72543e-06 -0.0407664 0)
(-0.000373696 -0.0416589 0)
(0.000286085 -0.0439002 0)
(0.000267168 -0.0421201 0)
(0.000174426 -0.0406356 0)
(-0.00057392 -0.0410112 0)
(0.000233659 -0.042161 0)
(-0.00023632 -0.0418558 0)
(0.000334771 -0.0404107 0)
(0.000216714 -0.0416001 0)
(9.64229e-07 -0.0424959 0)
(-0.000131301 -0.0427045 0)
(4.17126e-05 -0.0412947 0)
(0.000439006 -0.0419805 0)
(0.000569947 -0.0423353 0)
(0.0010754 -0.0398742 0)
(0.00170968 -0.0418555 0)
(0.000748258 -0.0395856 0)
(0.000754065 -0.0422535 0)
(-0.000624434 -0.0433289 0)
(-0.000667184 -0.0406211 0)
(-0.000543884 -0.0423545 0)
(-0.000360402 -0.0413712 0)
(0.000163222 -0.0414697 0)
(0.000316522 -0.0416029 0)
(-5.17864e-05 -0.0418711 0)
(0.000254913 -0.0417393 0)
(0.000285294 -0.0413972 0)
(0.00197394 -0.0374363 0)
(0.000115372 -0.0388659 0)
(-0.000268893 -0.0403989 0)
(0.00070382 -0.0404126 0)
(0.00017401 -0.0403102 0)
(-0.000623411 -0.0407662 0)
(0.000412243 -0.0414048 0)
(0.000898854 -0.0419097 0)
(-0.000689561 -0.042124 0)
(-2.3192e-05 -0.0420331 0)
(-0.000672057 -0.0400772 0)
(-8.35636e-05 -0.040286 0)
(-0.000506361 -0.042124 0)
(-0.000431537 -0.0438014 0)
(-0.000233938 -0.0439926 0)
(-0.000315471 -0.0435336 0)
(0.000172372 -0.0412925 0)
(0.000724049 -0.0394397 0)
(0.00100376 -0.039278 0)
(0.000391402 -0.0420464 0)
(8.04646e-05 -0.0428439 0)
(0.000788347 -0.0430563 0)
(-9.16873e-05 -0.0423096 0)
(0.000414201 -0.0410163 0)
(0.000221284 -0.0406477 0)
(0.000152198 -0.0403864 0)
(0.000504762 -0.0395286 0)
(0.000600712 -0.0387615 0)
(0.000417427 -0.0369068 0)
(-8.97382e-05 -0.0401584 0)
(0.000104803 -0.0404943 0)
(0.000568582 -0.0426619 0)
(0.00089736 -0.0389712 0)
(0.000641701 -0.0387033 0)
(0.000367683 -0.0384827 0)
(0.000442643 -0.0379275 0)
(9.76956e-05 -0.0373591 0)
(-0.000237764 -0.038264 0)
(-0.000180866 -0.0388545 0)
(-0.000622379 -0.0403278 0)
(-0.000671544 -0.0427323 0)
(-0.00027555 -0.0415438 0)
(0.000379092 -0.0407922 0)
(0.00110171 -0.0427363 0)
(0.000368371 -0.0422251 0)
(0.000618404 -0.0414577 0)
(0.000701584 -0.0398206 0)
(0.000533047 -0.0379638 0)
(-0.000183626 -0.0374255 0)
(0.00039192 -0.0395788 0)
(-0.000522327 -0.0395524 0)
(-0.000459454 -0.0377506 0)
(0.000683594 -0.0364242 0)
(-0.000507237 -0.0395256 0)
(-0.000172497 -0.0391123 0)
(0.000331044 -0.0374563 0)
(0.000454137 -0.0375142 0)
(-0.000186517 -0.0402736 0)
(-0.000744861 -0.0419679 0)
(-0.000639404 -0.0425528 0)
(-0.000143149 -0.0420767 0)
(-0.00115239 -0.0433419 0)
(0.00159094 -0.0402171 0)
(0.00151669 -0.0384255 0)
(0.00128803 -0.0381272 0)
(-3.926e-05 -0.041552 0)
(0.000235927 -0.042616 0)
(1.68322e-05 -0.0420532 0)
(-4.05811e-05 -0.0414418 0)
(2.33521e-05 -0.0378343 0)
(-0.000240994 -0.039196 0)
(0.000328428 -0.0387794 0)
(-0.00057582 -0.0370761 0)
(-0.000283629 -0.037135 0)
(0.000230877 -0.0356962 0)
(0.000103138 -0.0380236 0)
(0.000177612 -0.0384734 0)
(0.00110289 -0.0391896 0)
(-1.61193e-05 -0.0377198 0)
(-0.000121372 -0.0371691 0)
(-1.40561e-05 -0.0365371 0)
(0.00118591 -0.0356839 0)
(-0.000798029 -0.0379689 0)
(-0.000772249 -0.0376909 0)
(-0.000987685 -0.0393609 0)
(0.000982638 -0.0393655 0)
(0.00153603 -0.0366595 0)
(0.00145712 -0.0364005 0)
(0.00109489 -0.0413066 0)
(0.00057268 -0.0410232 0)
(0.000543493 -0.0397486 0)
(0.000677871 -0.0390396 0)
(0.00135355 -0.0395668 0)
(-0.000973864 -0.0369324 0)
(-6.5789e-05 -0.0379589 0)
(-0.000336899 -0.0372901 0)
(-2.79015e-05 -0.0346893 0)
(-0.000670758 -0.0353757 0)
(0.000472964 -0.0350947 0)
(0.000231668 -0.0353267 0)
(-0.000625645 -0.0371757 0)
(-0.000870124 -0.0399187 0)
(0.000237031 -0.0395863 0)
(0.000247676 -0.0391684 0)
(-0.000827963 -0.0416028 0)
(-0.000483573 -0.0430754 0)
(-0.000490244 -0.043005 0)
(0.000119487 -0.0399172 0)
(-0.000162962 -0.0407128 0)
(0.00013581 -0.0406752 0)
(0.000256479 -0.0408315 0)
(-4.01426e-05 -0.0408317 0)
(-6.94103e-05 -0.0395045 0)
(-0.000132645 -0.0394192 0)
(0.000572611 -0.038358 0)
(0.000134039 -0.0382333 0)
(-3.35339e-05 -0.0364066 0)
(6.41343e-05 -0.0370727 0)
(-0.000234156 -0.0375069 0)
(-0.0001248 -0.0373188 0)
(0.000373233 -0.0367535 0)
(5.85926e-05 -0.0379562 0)
(-0.000348572 -0.0381799 0)
(-0.000620329 -0.0331004 0)
(-0.000116483 -0.0335834 0)
(-2.42503e-05 -0.0364269 0)
(0.000152674 -0.0365669 0)
(0.000468219 -0.0362717 0)
(0.000149615 -0.0367443 0)
(0.000324037 -0.0367741 0)
(0.000356323 -0.0368329 0)
(0.000323246 -0.0364965 0)
(0.00156506 -0.0389766 0)
(0.000631539 -0.035372 0)
(0.0015604 -0.0357246 0)
(-0.000316628 -0.0353582 0)
(0.000365319 -0.0384873 0)
(-0.000572707 -0.0380207 0)
(-0.000684671 -0.0370566 0)
(-0.000997282 -0.0376974 0)
(0.00204315 -0.0347917 0)
(-0.000180831 -0.0368267 0)
(-0.000512582 -0.0373166 0)
(-0.000558365 -0.0380242 0)
(-0.000421832 -0.0387055 0)
(-0.000162453 -0.0395223 0)
(-0.000279316 -0.0400357 0)
(-0.00168666 -0.0429635 0)
(-0.000722271 -0.0417074 0)
(-0.000435681 -0.0410386 0)
(-0.000210005 -0.0435234 0)
(0.00054475 -0.0412377 0)
(0.000337281 -0.0416304 0)
(0.000222208 -0.0408221 0)
(-0.000471878 -0.0373603 0)
(-0.000411967 -0.0387595 0)
(-0.000878 -0.0376757 0)
(-0.000413231 -0.0401367 0)
(0.000242519 -0.0379269 0)
(1.87905e-05 -0.0382618 0)
(0.000261363 -0.038334 0)
(0.000310582 -0.0377201 0)
(8.07765e-05 -0.0372633 0)
(0.000158097 -0.0366432 0)
(-0.000426431 -0.0406732 0)
(5.27376e-05 -0.0409615 0)
(-0.000565854 -0.0357937 0)
(-0.000269872 -0.0370864 0)
(5.36489e-05 -0.0396336 0)
(-0.000562379 -0.0406753 0)
(0.000436693 -0.0402095 0)
(-0.000310872 -0.041146 0)
(8.00015e-05 -0.0408847 0)
(0.000426357 -0.0361551 0)
(0.000546333 -0.0371604 0)
(0.00160172 -0.0348772 0)
(0.00157148 -0.0340578 0)
(0.000605654 -0.0357089 0)
(-0.000572023 -0.0361624 0)
(0.000223901 -0.0382044 0)
(0.000104965 -0.0394962 0)
(-0.000360877 -0.0376813 0)
(-0.000717348 -0.0392001 0)
(0.00059605 -0.037262 0)
(0.00103359 -0.0369312 0)
(0.00107337 -0.0368488 0)
(0.00079496 -0.0380661 0)
(0.000634927 -0.0395103 0)
(1.43832e-05 -0.0396908 0)
(-0.00029224 -0.0404717 0)
(-0.000334685 -0.0417496 0)
(-0.000171145 -0.0417052 0)
(-9.4083e-05 -0.0407757 0)
(6.96697e-05 -0.0432041 0)
(-0.000479663 -0.0428747 0)
(-0.000157969 -0.0429415 0)
(0.000395998 -0.0422713 0)
(0.000976631 -0.0391658 0)
(0.000260733 -0.0406505 0)
(-0.000315718 -0.0388829 0)
(-0.000750861 -0.0397387 0)
(-0.000347382 -0.0418029 0)
(-0.000303375 -0.0408993 0)
(6.40011e-06 -0.0418792 0)
(0.000481085 -0.0437153 0)
(0.00103398 -0.0448243 0)
(0.000104531 -0.042295 0)
(-2.87762e-05 -0.0424438 0)
(0.000257756 -0.0427657 0)
(0.000165758 -0.0433817 0)
(0.00104999 -0.0403775 0)
(-5.31222e-05 -0.0402631 0)
(-0.000186495 -0.0391128 0)
(0.000383366 -0.0396029 0)
(-0.000674047 -0.0420096 0)
(-0.000119048 -0.0410474 0)
(-0.00014797 -0.0400131 0)
(-0.000412102 -0.0390879 0)
(0.000662228 -0.0365814 0)
(0.00070502 -0.0387226 0)
(0.000512419 -0.0348464 0)
(-0.000383524 -0.0355375 0)
(-0.000926203 -0.036879 0)
(-0.00133286 -0.0373943 0)
(-0.000251185 -0.0403163 0)
(0.000193344 -0.0410077 0)
(-0.000365064 -0.0410972 0)
(0.00202624 -0.0372254 0)
(0.000911173 -0.037403 0)
(0.00031094 -0.0397607 0)
(-0.000262723 -0.0403652 0)
(5.99062e-05 -0.0412731 0)
(-1.13001e-05 -0.0421674 0)
(-0.00027695 -0.0421675 0)
(-0.000533522 -0.0419768 0)
(-0.000326092 -0.0416442 0)
(0.000396051 -0.0426174 0)
(-0.00127727 -0.0433955 0)
(-0.000795642 -0.0428415 0)
(-0.000126487 -0.0411086 0)
(0.000282826 -0.0419756 0)
(0.000407191 -0.0423672 0)
(0.00017908 -0.0413088 0)
(0.000238812 -0.0408136 0)
(0.000728661 -0.0378039 0)
(0.000212944 -0.0398759 0)
(1.56004e-05 -0.0406048 0)
(0.000402897 -0.0422445 0)
(-0.000321021 -0.039714 0)
(0.000198843 -0.0391629 0)
(9.22234e-05 -0.0396293 0)
(7.46075e-05 -0.040093 0)
(-1.76897e-05 -0.0409598 0)
(4.28567e-05 -0.0413322 0)
(0.000628441 -0.0411282 0)
(-0.00116244 -0.0406244 0)
(0.000381822 -0.038202 0)
(0.000338091 -0.037479 0)
(-0.000611558 -0.0386672 0)
(-2.02071e-05 -0.0393628 0)
(-0.000458832 -0.038118 0)
(-0.00107952 -0.0426223 0)
(-0.000584998 -0.0413802 0)
(0.00171456 -0.0402896 0)
(0.000181132 -0.0389871 0)
(0.000532642 -0.039986 0)
(1.54765e-05 -0.0417055 0)
(-0.00149128 -0.0410154 0)
(-0.00248131 -0.040366 0)
(-0.00321145 -0.0378281 0)
(-0.00276776 -0.0372236 0)
(-0.00234913 -0.0398387 0)
(-0.000721133 -0.0405379 0)
(0.000595721 -0.0387264 0)
(0.00078561 -0.0378364 0)
(0.000176297 -0.041856 0)
(-0.000169873 -0.0414374 0)
(0.000683497 -0.0413776 0)
(-0.000737646 -0.0399451 0)
(-0.00056062 -0.0393295 0)
(-0.000270471 -0.0383996 0)
(-0.000501622 -0.0402699 0)
(0.000438041 -0.0368991 0)
(-0.000716768 -0.0396487 0)
(-0.00146384 -0.0423349 0)
(-0.000487615 -0.0435068 0)
(0.000123587 -0.0387655 0)
(0.000329767 -0.0394192 0)
(0.000823952 -0.0381917 0)
(-0.00102967 -0.0354381 0)
(-9.59399e-05 -0.0355206 0)
(-4.80534e-05 -0.0390865 0)
(-0.000305168 -0.0366664 0)
(6.21377e-05 -0.0365031 0)
(0.000114389 -0.0374014 0)
(8.25057e-06 -0.03811 0)
(-5.97821e-06 -0.0387165 0)
(-6.9391e-06 -0.0390898 0)
(0.000125825 -0.039074 0)
(0.000601001 -0.039301 0)
(0.000178982 -0.0362459 0)
(-0.000647267 -0.0356349 0)
(-3.44606e-05 -0.0360306 0)
(0.000196501 -0.0358894 0)
(-0.000725918 -0.0356147 0)
(0.000296182 -0.033493 0)
(0.000960157 -0.0372127 0)
(0.00113393 -0.039611 0)
(0.000922902 -0.0391864 0)
(-5.31723e-05 -0.0388585 0)
(-0.00142353 -0.037418 0)
(-0.000918709 -0.0372169 0)
(0.00141457 -0.03523 0)
(0.000468561 -0.0380248 0)
(-0.000151146 -0.0375105 0)
(-9.05084e-06 -0.0370934 0)
(-0.000288436 -0.0367277 0)
(-0.000397981 -0.0375902 0)
(-0.000160714 -0.0367973 0)
(9.1325e-05 -0.0350755 0)
(-0.00025437 -0.0357504 0)
(0.00142461 -0.0398308 0)
(-0.00249237 -0.0326133 0)
(-0.00103078 -0.0412233 0)
(-0.00139028 -0.0398271 0)
(4.73265e-06 -0.0350191 0)
(-0.000512038 -0.0337808 0)
(-6.56948e-05 -0.0331558 0)
(0.00103708 -0.0300237 0)
(-0.000256115 -0.0288717 0)
(-0.000125938 -0.0366006 0)
(0.000498397 -0.038124 0)
(0.000677554 -0.036175 0)
(0.00071179 -0.0336395 0)
(-0.000209758 -0.0290804 0)
(0.000733853 -0.0284731 0)
(-0.0016264 -0.0326469 0)
(-0.000662003 -0.03486 0)
(0.000146012 -0.0365412 0)
(0.000220225 -0.0360883 0)
(-0.000719797 -0.0325252 0)
(0.000325149 -0.0348717 0)
(-0.000329093 -0.0334634 0)
(-0.000497352 -0.0335148 0)
(-0.000181283 -0.0324825 0)
(-8.04442e-06 -0.0320142 0)
(-0.000135633 -0.0314231 0)
(-0.000281957 -0.0308445 0)
(0.000359905 -0.0314724 0)
(-0.000203224 -0.0320627 0)
(0.000502917 -0.0274232 0)
(0.000430324 -0.02787 0)
(-0.000269321 -0.03128 0)
(0.000122435 -0.0309438 0)
(0.000273006 -0.0287474 0)
(-0.000216911 -0.0327461 0)
(0.000110478 -0.0352339 0)
(-0.000373445 -0.0355419 0)
(-0.000365583 -0.0360067 0)
(0.000397032 -0.0349278 0)
(-0.000807949 -0.0285834 0)
(-0.000593673 -0.0276799 0)
(-0.000692558 -0.0285871 0)
(0.000234215 -0.0316861 0)
(0.00047227 -0.0328162 0)
(0.000498327 -0.0314239 0)
(0.000249342 -0.0317702 0)
(0.00031384 -0.0338883 0)
(-0.00129183 -0.0306431 0)
(-0.0028649 -0.0273364 0)
(-0.00250871 -0.0257687 0)
(-0.00103669 -0.0270727 0)
(-0.00423374 -0.0357499 0)
(-0.000552941 -0.0330749 0)
(0.000882466 -0.025914 0)
(0.000186336 -0.0257433 0)
(-0.000578565 -0.0256643 0)
(0.000123369 -0.0226418 0)
(0.000652453 -0.0237217 0)
(0.00173361 -0.0299074 0)
(4.53173e-05 -0.0278794 0)
(-0.00112614 -0.0269554 0)
(0.000945074 -0.0260636 0)
(0.000473277 -0.0294263 0)
(0.00141186 -0.0251391 0)
(0.000125022 -0.0338125 0)
(-0.00022758 -0.0291538 0)
(3.12985e-06 -0.0291406 0)
(-0.000235088 -0.029177 0)
(6.95353e-05 -0.0312769 0)
(0.000440454 -0.0328111 0)
(-8.72996e-05 -0.0267729 0)
(0.000178641 -0.0257143 0)
(0.00103873 -0.0249822 0)
(0.000130418 -0.0243824 0)
(-0.000344572 -0.0274773 0)
(0.000454007 -0.0213646 0)
(0.000680576 -0.0251535 0)
(-0.000282577 -0.0238485 0)
(0.000645457 -0.0259604 0)
(4.92785e-05 -0.0258875 0)
(-1.40691e-05 -0.0252009 0)
(-5.32354e-05 -0.0236785 0)
(0.000152009 -0.0287716 0)
(0.00011843 -0.0286533 0)
(0.000545256 -0.0282977 0)
(-0.00126511 -0.0271983 0)
(-0.00282428 -0.0261277 0)
(-0.00193709 -0.0255198 0)
(0.00024862 -0.0288832 0)
(0.000514277 -0.0283963 0)
(0.000693144 -0.0278448 0)
(0.000773585 -0.0282315 0)
(-5.255e-05 -0.0268702 0)
(0.000623252 -0.0295888 0)
(-7.15354e-05 -0.0254478 0)
(-0.000621019 -0.0253946 0)
(-0.00113598 -0.02492 0)
(-0.00136007 -0.0252807 0)
(-2.76879e-06 -0.0307301 0)
(-0.00186395 -0.0327999 0)
(0.000399881 -0.0322454 0)
(-0.000528544 -0.0328056 0)
(-0.000410792 -0.0278639 0)
(-5.26586e-05 -0.0262584 0)
(-0.00022738 -0.0256332 0)
(0.000432638 -0.0259793 0)
(0.000223162 -0.0256281 0)
(0.000154612 -0.0261166 0)
(-0.000386417 -0.0317522 0)
(-0.000130597 -0.0266174 0)
(-0.000210721 -0.0293628 0)
(-0.00116411 -0.0290371 0)
(0.001196 -0.0280262 0)
(0.00153038 -0.0310598 0)
(0.000576847 -0.0315967 0)
(0.000378738 -0.0269802 0)
(0.00161921 -0.0251503 0)
(-0.000105803 -0.0265817 0)
(-0.000227745 -0.0270522 0)
(-9.49408e-05 -0.0274821 0)
(-0.000112647 -0.0275671 0)
(-0.000182705 -0.0273786 0)
(1.77756e-05 -0.0280038 0)
(0.000257489 -0.0270807 0)
(0.000661036 -0.0252074 0)
(0.000512971 -0.0304476 0)
(0.000282036 -0.0293425 0)
(0.000722507 -0.0273099 0)
(-0.000177874 -0.0259852 0)
(-0.000903474 -0.0245747 0)
(-0.000174561 -0.0259417 0)
(0.000125906 -0.0257848 0)
(-0.000104852 -0.0253894 0)
(0.000241286 -0.030554 0)
(-0.000369182 -0.0289109 0)
(0.000114194 -0.0298388 0)
(-0.000564511 -0.0247718 0)
(-0.000223095 -0.0269581 0)
(-0.00190696 -0.0278083 0)
(-0.000981579 -0.0280353 0)
(-0.000686611 -0.0282785 0)
(0.000533356 -0.0292828 0)
(-0.000241193 -0.0297356 0)
(0.000420933 -0.0301846 0)
(0.000683956 -0.0299918 0)
(-0.00011078 -0.0273915 0)
(0.000575969 -0.0283303 0)
(-0.000190374 -0.0288184 0)
(-0.000220205 -0.0290479 0)
(0.000345111 -0.0291159 0)
(-0.00309632 -0.0297762 0)
(-0.00116808 -0.0307889 0)
(-0.000760103 -0.0310826 0)
(0.001224 -0.0329117 0)
(-6.89172e-05 -0.032978 0)
(-0.00117482 -0.0370666 0)
(-0.000942216 -0.036695 0)
)


// ************************************************************************* //
