/*--------------------------------*- C++ -*----------------------------------*\
  =========                 |
  \\      /  F ield         | OpenFOAM: The Open Source CFD Toolbox
   \\    /   O peration     | Website:  https://openfoam.org
    \\  /    A nd           | Version:  12
     \\/     M anipulation  |
\*---------------------------------------------------------------------------*/
FoamFile
{
    format      ascii;
    class       vectorField;
    location    "0.05/lagrangian/cloud";
    object      U;
}
// * * * * * * * * * * * * * * * * * * * * * * * * * * * * * * * * * * * * * //


3850
(
(0 -0.00114565 0)
(0 -0.000108325 0)
(0 -0.0468584 0)
(0 -0.0489683 0)
(0 -0.0502083 0)
(0 -0.0502775 0)
(0 -0.0502724 0)
(0 -0.0501704 0)
(0 -0.0502738 0)
(0 -0.0502748 0)
(0 -0.0502724 0)
(0 -0.0502724 0)
(0 -0.0502724 0)
(0 -0.0502724 0)
(0 -0.0502724 0)
(0 -0.0501704 0)
(0 -0.0502738 0)
(0 -0.0502748 0)
(0 -0.0501704 0)
(0 -0.0502738 0)
(0 -0.0502748 0)
(0 -0.0502724 0)
(0 -0.0502724 0)
(0 -0.0502724 0)
(0 -0.0502724 0)
(0 -0.0502724 0)
(0 -0.0501704 0)
(0 -0.0502738 0)
(0 -0.0502748 0)
(0 -0.0502724 0)
(0 -0.0502724 0)
(0 -0.0502724 0)
(0 -0.0502724 0)
(0 -0.0501704 0)
(0 -0.0502738 0)
(0 -0.0502748 0)
(0 -0.0502724 0)
(0 -0.0502724 0)
(0 -0.0502724 0)
(0 -0.0501704 0)
(0 -0.050172 0)
(0 -0.0501743 0)
(0 -0.0502763 0)
(0 -0.0502748 0)
(0 -0.0502724 0)
(0 -0.0502724 0)
(0 -0.0502724 0)
(0 -0.0502724 0)
(0 -0.0502724 0)
(0 -0.0502724 0)
(0 -0.0502724 0)
(0 -0.0502724 0)
(0 -0.0502724 0)
(0 -0.0502724 0)
(0 -0.0502724 0)
(0 -0.0502724 0)
(0 -0.0502724 0)
(0 -0.0502724 0)
(0 -0.0502724 0)
(0 -0.0502724 0)
(0 -0.0502724 0)
(0 -0.0502724 0)
(0 -0.0502724 0)
(0 -0.0501704 0)
(0 -0.050172 0)
(0 -0.0502763 0)
(0 -0.0502748 0)
(0 -0.0502724 0)
(0 -0.0502724 0)
(0 -0.0502724 0)
(0 -0.050063 0)
(0 -0.0500684 0)
(0 -0.0502845 0)
(0 -0.0500696 0)
(0 -0.0501754 0)
(0 -0.00114565 0)
(0 -0.000108325 0)
(0 -0.0468584 0)
(0 -0.0489683 0)
(0 -0.0502083 0)
(0 -0.0502775 0)
(0 -0.0502724 0)
(0 -0.0502724 0)
(0 -0.0502724 0)
(0 -0.0502724 0)
(0 -0.0502724 0)
(0 -0.0502724 0)
(0 -0.0502724 0)
(0 -0.0502724 0)
(0 -0.0502724 0)
(0 -0.0502724 0)
(0 -0.0502724 0)
(0 -0.0502724 0)
(0 -0.0502724 0)
(0 -0.0502724 0)
(0 -0.0502724 0)
(0 -0.0501704 0)
(0 -0.050172 0)
(0 -0.0502763 0)
(0 -0.0502748 0)
(0 -0.0502724 0)
(0 -0.0501704 0)
(0 -0.050172 0)
(0 -0.0501743 0)
(0 -0.0502763 0)
(0 -0.0501727 0)
(0 -0.0502738 0)
(0 -0.0502748 0)
(0 -0.0502724 0)
(0 -0.0502724 0)
(0 -0.0501704 0)
(0 -0.0502738 0)
(0 -0.0502748 0)
(0 -0.0502724 0)
(0 -0.0502724 0)
(0 -0.0502724 0)
(0 -0.0502724 0)
(0 -0.0502724 0)
(0 -0.0502724 0)
(0 -0.0502724 0)
(0 -0.0502724 0)
(0 -0.0502724 0)
(0 -0.0502724 0)
(0 -0.0502724 0)
(0 -0.0502724 0)
(0 -0.0502724 0)
(0 -0.0502724 0)
(0 -0.0502724 0)
(0 -0.0502724 0)
(0 -0.0502724 0)
(0 -0.0502724 0)
(0 -0.0502724 0)
(0 -0.0502724 0)
(0 -0.0502724 0)
(0 -0.0502724 0)
(0 -0.0502724 0)
(0 -0.0502724 0)
(0 -0.0502724 0)
(0 -0.0502724 0)
(0 -0.0502724 0)
(0 -0.0502724 0)
(0 -0.0502724 0)
(0 -0.0502724 0)
(0 -0.0501704 0)
(0 -0.0502738 0)
(0 -0.0501727 0)
(0 -0.0502738 0)
(0 -0.0502748 0)
(0 -0.0501704 0)
(0 -0.0500647 0)
(0 -0.00114565 0)
(0 -0.000108325 0)
(0 -0.0468584 0)
(0 -0.0489683 0)
(0 -0.0502083 0)
(0 -0.0502775 0)
(0 -0.0501704 0)
(0 -0.0502738 0)
(0 -0.0502748 0)
(0 -0.0502724 0)
(0 -0.0502724 0)
(0 -0.0502724 0)
(0 -0.0502724 0)
(0 -0.0502724 0)
(0 -0.0501704 0)
(0 -0.050172 0)
(0 -0.0501743 0)
(0 -0.0502763 0)
(0 -0.0501727 0)
(0 -0.0502738 0)
(0 -0.0502748 0)
(0 -0.0502724 0)
(0 -0.0501704 0)
(0 -0.050172 0)
(0 -0.0502763 0)
(0 -0.0501727 0)
(0 -0.0502738 0)
(0 -0.0502748 0)
(0 -0.0502724 0)
(0 -0.0502724 0)
(0 -0.0502724 0)
(0 -0.0502724 0)
(0 -0.0502724 0)
(0 -0.0502724 0)
(0 -0.0502724 0)
(0 -0.0502724 0)
(0 -0.0501704 0)
(0 -0.0502738 0)
(0 -0.0502748 0)
(0 -0.0502724 0)
(0 -0.0501704 0)
(0 -0.0502738 0)
(0 -0.0502748 0)
(0 -0.0502724 0)
(0 -0.0502724 0)
(0 -0.0502724 0)
(0 -0.0502724 0)
(0 -0.0502724 0)
(0 -0.0502724 0)
(0 -0.0502724 0)
(0 -0.0502724 0)
(0 -0.0502724 0)
(0 -0.0502724 0)
(0 -0.0502724 0)
(0 -0.0502724 0)
(0 -0.0502724 0)
(0 -0.0501704 0)
(0 -0.0502738 0)
(0 -0.0502748 0)
(0 -0.0502724 0)
(0 -0.0502724 0)
(0 -0.0502724 0)
(0 -0.0502724 0)
(0 -0.0501704 0)
(0 -0.0502738 0)
(0 -0.0502748 0)
(0 -0.0502724 0)
(0 -0.0502724 0)
(0 -0.0502724 0)
(0 -0.0502724 0)
(0 -0.0501704 0)
(0 -0.0502738 0)
(0 -0.0502748 0)
(0 -0.0502724 0)
(0 -0.0502724 0)
(0 -0.00114565 0)
(0 -0.000108325 0)
(0 -0.0468584 0)
(0 -0.0489683 0)
(0 -0.0502083 0)
(0 -0.0502775 0)
(0 -0.0502724 0)
(0 -0.0502724 0)
(0 -0.0502724 0)
(0 -0.0502724 0)
(0 -0.0502724 0)
(0 -0.0501704 0)
(0 -0.0502738 0)
(0 -0.0501727 0)
(0 -0.0502738 0)
(0 -0.0502748 0)
(0 -0.0502724 0)
(0 -0.0502724 0)
(0 -0.0502724 0)
(0 -0.0502724 0)
(0 -0.0502724 0)
(0 -0.0502724 0)
(0 -0.0502724 0)
(0 -0.0502724 0)
(0 -0.0502724 0)
(0 -0.0502724 0)
(0 -0.0502724 0)
(0 -0.0502724 0)
(0 -0.0501704 0)
(0 -0.0502738 0)
(0 -0.0502748 0)
(0 -0.0502724 0)
(0 -0.0502724 0)
(0 -0.0502724 0)
(0 -0.0502724 0)
(0 -0.0502724 0)
(0 -0.0502724 0)
(0 -0.0502724 0)
(0 -0.0502724 0)
(0 -0.0501704 0)
(0 -0.0502738 0)
(0 -0.0501727 0)
(0 -0.0502738 0)
(0 -0.0502748 0)
(0 -0.0502724 0)
(0 -0.0502724 0)
(0 -0.0502724 0)
(0 -0.0502724 0)
(0 -0.0502724 0)
(0 -0.0502724 0)
(0 -0.0502724 0)
(0 -0.0502724 0)
(0 -0.0502724 0)
(0 -0.0502724 0)
(0 -0.0502724 0)
(0 -0.0502724 0)
(0 -0.0502724 0)
(0 -0.0502724 0)
(0 -0.0502724 0)
(0 -0.0502724 0)
(0 -0.0502724 0)
(0 -0.0502724 0)
(0 -0.0502724 0)
(0 -0.0501704 0)
(0 -0.0502738 0)
(0 -0.0502748 0)
(0 -0.0502724 0)
(0 -0.0502724 0)
(0 -0.0502724 0)
(0 -0.0502724 0)
(0 -0.0501704 0)
(0 -0.0500647 0)
(0 -0.0502794 0)
(0 -0.0502799 0)
(0 -0.0502724 0)
(0 -0.00114565 0)
(0 -0.000108325 0)
(0 -0.0468584 0)
(0 -0.0489683 0)
(0 -0.0502083 0)
(0 -0.0502775 0)
(0 -0.0502724 0)
(0 -0.0502724 0)
(0 -0.0502724 0)
(0 -0.0502724 0)
(0 -0.0502724 0)
(0 -0.0501704 0)
(0 -0.0502738 0)
(0 -0.0500651 0)
(0 -0.050277 0)
(0 -0.0502799 0)
(0 -0.0502724 0)
(0 -0.0502724 0)
(0 -0.0502724 0)
(0 -0.0502724 0)
(0 -0.0502724 0)
(0 -0.0502724 0)
(0 -0.0502724 0)
(0 -0.0502724 0)
(0 -0.0502724 0)
(0 -0.0502724 0)
(0 -0.0499511 0)
(0 -0.0502815 0)
(0 -0.0502872 0)
(0 -0.050063 0)
(0 -0.050277 0)
(0 -0.0502799 0)
(0 -0.0502724 0)
(0 -0.0502724 0)
(0 -0.0502724 0)
(0 -0.0502724 0)
(0 -0.0502724 0)
(0 -0.0502724 0)
(0 -0.0502724 0)
(0 -0.0502724 0)
(0 -0.0501704 0)
(0 -0.0502738 0)
(0 -0.0500651 0)
(0 -0.050277 0)
(0 -0.0502799 0)
(0 -0.0502724 0)
(0 -0.0501704 0)
(0 -0.0500647 0)
(0 -0.0502794 0)
(0 -0.0500696 0)
(0 -0.0501754 0)
(0 -0.0502814 0)
(0 -0.0502748 0)
(0 -0.0502724 0)
(0 -0.0502724 0)
(0 -0.0502724 0)
(0 -0.0502724 0)
(0 -0.0502724 0)
(0 -0.0502724 0)
(0 -0.0501704 0)
(0 -0.0502738 0)
(0 -0.0502748 0)
(0 -0.0502724 0)
(0 -0.050063 0)
(0 -0.050277 0)
(0 -0.0502799 0)
(0 -0.0502724 0)
(0 -0.0502724 0)
(0 -0.0502724 0)
(0 -0.0502724 0)
(0 -0.0502724 0)
(0 -0.0502724 0)
(0 -0.0502724 0)
(0 -0.0502724 0)
(0 -0.0502724 0)
(0 -0.00114565 0)
(0 -0.000108325 0)
(0 -0.0468584 0)
(0 -0.0489683 0)
(0 -0.0502083 0)
(0 -0.0502775 0)
(0 -0.0502724 0)
(0 -0.0502724 0)
(0 -0.0501704 0)
(0 -0.0502738 0)
(0 -0.0502748 0)
(0 -0.0502724 0)
(0 -0.0502724 0)
(0 -0.0502724 0)
(0 -0.0502724 0)
(0 -0.0502724 0)
(0 -0.0502724 0)
(0 -0.0501704 0)
(0 -0.0502738 0)
(0 -0.0502748 0)
(0 -0.0502724 0)
(0 -0.0502724 0)
(0 -0.0502724 0)
(0 -0.0502724 0)
(0 -0.0502724 0)
(0 -0.0501704 0)
(0 -0.0502738 0)
(0 -0.0502748 0)
(0 -0.0502724 0)
(0 -0.0501704 0)
(0 -0.0502738 0)
(0 -0.0502748 0)
(0 -0.0502724 0)
(0 -0.0502724 0)
(0 -0.0502724 0)
(0 -0.0502724 0)
(0 -0.0502724 0)
(0 -0.0502724 0)
(0 -0.0502724 0)
(0 -0.050063 0)
(0 -0.0501754 0)
(0 -0.0502814 0)
(0 -0.0501727 0)
(0 -0.0502738 0)
(0 -0.0502748 0)
(0 -0.0502724 0)
(0 -0.0502724 0)
(0 -0.0501704 0)
(0 -0.0502738 0)
(0 -0.0502748 0)
(0 -0.0502724 0)
(0 -0.0502724 0)
(0 -0.0502724 0)
(0 -0.0502724 0)
(0 -0.0502724 0)
(0 -0.0502724 0)
(0 -0.0502724 0)
(0 -0.0502724 0)
(0 -0.0502724 0)
(0 -0.0501704 0)
(0 -0.0502738 0)
(0 -0.0502748 0)
(0 -0.0502724 0)
(0 -0.0502724 0)
(0 -0.0502724 0)
(0 -0.0501704 0)
(0 -0.0502738 0)
(0 -0.0502748 0)
(0 -0.0502724 0)
(0 -0.0502724 0)
(0 -0.0502724 0)
(0 -0.0502724 0)
(0 -0.0502724 0)
(0 -0.0502724 0)
(0 -0.0502724 0)
(0 -0.00114565 0)
(0 -0.000108325 0)
(0 -0.0468584 0)
(0 -0.0489683 0)
(0 -0.0502083 0)
(0 -0.0502775 0)
(0 -0.0502724 0)
(0 -0.0502724 0)
(0 -0.0502724 0)
(0 -0.0502724 0)
(0 -0.0502724 0)
(0 -0.0502724 0)
(0 -0.0502724 0)
(0 -0.0502724 0)
(0 -0.0502724 0)
(0 -0.0502724 0)
(0 -0.0502724 0)
(0 -0.0501704 0)
(0 -0.0500647 0)
(0 -0.0502794 0)
(0 -0.0502799 0)
(0 -0.0501704 0)
(0 -0.050172 0)
(0 -0.0501743 0)
(0 -0.0502763 0)
(0 -0.0502748 0)
(0 -0.0502724 0)
(0 -0.0502724 0)
(0 -0.0502724 0)
(0 -0.050063 0)
(0 -0.0501754 0)
(0 -0.0502814 0)
(0 -0.0502748 0)
(0 -0.0502724 0)
(0 -0.0502724 0)
(0 -0.0502724 0)
(0 -0.0502724 0)
(0 -0.0502724 0)
(0 -0.0502724 0)
(0 -0.0501704 0)
(0 -0.0502738 0)
(0 -0.0501727 0)
(0 -0.050172 0)
(0 -0.0502763 0)
(0 -0.0502748 0)
(0 -0.0502724 0)
(0 -0.0502724 0)
(0 -0.0501704 0)
(0 -0.0502738 0)
(0 -0.0502748 0)
(0 -0.0501704 0)
(0 -0.0502738 0)
(0 -0.0502748 0)
(0 -0.0502724 0)
(0 -0.0502724 0)
(0 -0.0502724 0)
(0 -0.0502724 0)
(0 -0.0502724 0)
(0 -0.0502724 0)
(0 -0.0502724 0)
(0 -0.0501704 0)
(0 -0.0502738 0)
(0 -0.0502748 0)
(0 -0.0502724 0)
(0 -0.0501704 0)
(0 -0.0500647 0)
(0 -0.0500705 0)
(0 -0.0502845 0)
(0 -0.0502799 0)
(0 -0.0502724 0)
(0 -0.050063 0)
(0 -0.050277 0)
(0 -0.0502799 0)
(0 -0.0501704 0)
(0 -0.0502738 0)
(0 -0.00114565 0)
(0 -0.000108325 0)
(0 -0.0468584 0)
(0 -0.0489683 0)
(0 -0.0502083 0)
(0 -0.0502775 0)
(0 -0.0502724 0)
(0 -0.0501704 0)
(0 -0.0502738 0)
(0 -0.0502748 0)
(0 -0.0502724 0)
(0 -0.0502724 0)
(0 -0.0502724 0)
(0 -0.0502724 0)
(0 -0.0502724 0)
(0 -0.0502724 0)
(0 -0.0502724 0)
(0 -0.0502724 0)
(0 -0.0502724 0)
(0 -0.0502724 0)
(0 -0.0501704 0)
(0 -0.0502738 0)
(0 -0.0501727 0)
(0 -0.0502738 0)
(0 -0.0502748 0)
(0 -0.0502724 0)
(0 -0.0501704 0)
(0 -0.0502738 0)
(0 -0.0502748 0)
(0 -0.0502724 0)
(0 -0.0502724 0)
(0 -0.0502724 0)
(0 -0.0502724 0)
(0 -0.050063 0)
(0 -0.050277 0)
(0 -0.0502799 0)
(0 -0.0502724 0)
(0 -0.0502724 0)
(0 -0.0502724 0)
(0 -0.0502724 0)
(0 -0.0501704 0)
(0 -0.0502738 0)
(0 -0.0502748 0)
(0 -0.0502724 0)
(0 -0.0502724 0)
(0 -0.0501704 0)
(0 -0.0502738 0)
(0 -0.0502748 0)
(0 -0.0502724 0)
(0 -0.050063 0)
(0 -0.050277 0)
(0 -0.0502799 0)
(0 -0.0502724 0)
(0 -0.0502724 0)
(0 -0.0502724 0)
(0 -0.0502724 0)
(0 -0.0502724 0)
(0 -0.0502724 0)
(0 -0.0502724 0)
(0 -0.0502724 0)
(0 -0.0502724 0)
(0 -0.0502724 0)
(0 -0.0502724 0)
(0 -0.0502724 0)
(0 -0.0502724 0)
(0 -0.0501704 0)
(0 -0.0502738 0)
(0 -0.0502748 0)
(0 -0.0502724 0)
(0 -0.0502724 0)
(0 -0.0502724 0)
(0 -0.050063 0)
(0 -0.050277 0)
(0 -0.0502799 0)
(0 -0.0502724 0)
(0 -0.00114565 0)
(0 -0.000108325 0)
(0 -0.0468584 0)
(0 -0.0489683 0)
(0 -0.0502083 0)
(0 -0.0501752 0)
(0 -0.0502738 0)
(0 -0.0502748 0)
(0 -0.0502724 0)
(0 -0.0502724 0)
(0 -0.0502724 0)
(0 -0.0502724 0)
(0 -0.0501704 0)
(0 -0.0502738 0)
(0 -0.0502748 0)
(0 -0.0502724 0)
(0 -0.0501704 0)
(0 -0.0502738 0)
(0 -0.0502748 0)
(0 -0.0501704 0)
(0 -0.0502738 0)
(0 -0.0502748 0)
(0 -0.0501704 0)
(0 -0.0502738 0)
(0 -0.0502748 0)
(0 -0.0502724 0)
(0 -0.050063 0)
(0 -0.050277 0)
(0 -0.0501775 0)
(0 -0.0502738 0)
(0 -0.0500651 0)
(0 -0.050277 0)
(0 -0.0502799 0)
(0 -0.0502724 0)
(0 -0.0502724 0)
(0 -0.050063 0)
(0 -0.050277 0)
(0 -0.0502799 0)
(0 -0.0502724 0)
(0 -0.0502724 0)
(0 -0.0502724 0)
(0 -0.0502724 0)
(0 -0.0501704 0)
(0 -0.050172 0)
(0 -0.0502763 0)
(0 -0.0500651 0)
(0 -0.050277 0)
(0 -0.0502799 0)
(0 -0.0502724 0)
(0 -0.050063 0)
(0 -0.050277 0)
(0 -0.0502799 0)
(0 -0.0502724 0)
(0 -0.0502724 0)
(0 -0.0501704 0)
(0 -0.0502738 0)
(0 -0.0500651 0)
(0 -0.0501754 0)
(0 -0.0502814 0)
(0 -0.0502748 0)
(0 -0.0501704 0)
(0 -0.0502738 0)
(0 -0.0502748 0)
(0 -0.0502724 0)
(0 -0.0502724 0)
(0 -0.0501704 0)
(0 -0.0502738 0)
(0 -0.0501727 0)
(0 -0.0502738 0)
(0 -0.0502748 0)
(0 -0.0502724 0)
(0 -0.0501704 0)
(0 -0.0502738 0)
(0 -0.0501727 0)
(0 -0.0502738 0)
(0 -0.00114565 0)
(0 -0.000108325 0)
(0 -0.0468584 0)
(0 -0.048913 0)
(0 -0.0502129 0)
(0 -0.050285 0)
(0 -0.0501704 0)
(0 -0.050172 0)
(0 -0.0501743 0)
(0 -0.0502763 0)
(0 -0.0502748 0)
(0 -0.0502724 0)
(0 -0.0502724 0)
(0 -0.050063 0)
(0 -0.050277 0)
(0 -0.0502799 0)
(0 -0.0502724 0)
(0 -0.0502724 0)
(0 -0.0501704 0)
(0 -0.0502738 0)
(0 -0.0502748 0)
(0 -0.0502724 0)
(0 -0.0501704 0)
(0 -0.0502738 0)
(0 -0.0502748 0)
(0 -0.0501704 0)
(0 -0.0502738 0)
(0 -0.0502748 0)
(0 -0.0502724 0)
(0 -0.0501704 0)
(0 -0.0502738 0)
(0 -0.0502748 0)
(0 -0.0502724 0)
(0 -0.0502724 0)
(0 -0.0501704 0)
(0 -0.0502738 0)
(0 -0.0502748 0)
(0 -0.0502724 0)
(0 -0.0502724 0)
(0 -0.0501704 0)
(0 -0.0502738 0)
(0 -0.0502748 0)
(0 -0.0502724 0)
(0 -0.050063 0)
(0 -0.050277 0)
(0 -0.0502799 0)
(0 -0.0502724 0)
(0 -0.0502724 0)
(0 -0.0502724 0)
(0 -0.0502724 0)
(0 -0.050063 0)
(0 -0.050277 0)
(0 -0.0502799 0)
(0 -0.0502724 0)
(0 -0.0502724 0)
(0 -0.0502724 0)
(0 -0.0502724 0)
(0 -0.0502724 0)
(0 -0.0502724 0)
(0 -0.0502724 0)
(0 -0.0502724 0)
(0 -0.0502724 0)
(0 -0.0502724 0)
(0 -0.0502724 0)
(0 -0.0502724 0)
(0 -0.0502724 0)
(0 -0.0501704 0)
(0 -0.050172 0)
(0 -0.0500668 0)
(0 -0.0502794 0)
(0 -0.0501775 0)
(0 -0.050172 0)
(0 -0.0502763 0)
(0 -0.0501727 0)
(0 -0.0502738 0)
(0 -0.00114565 0)
(0 -0.000108325 0)
(0 -0.0468584 0)
(0 -0.0489683 0)
(0 -0.0502083 0)
(0 -0.0502775 0)
(0 -0.0502724 0)
(0 -0.0502724 0)
(0 -0.0502724 0)
(0 -0.0502724 0)
(0 -0.0502724 0)
(0 -0.0502724 0)
(0 -0.0502724 0)
(0 -0.0502724 0)
(0 -0.0502724 0)
(0 -0.0501704 0)
(0 -0.0502738 0)
(0 -0.0502748 0)
(0 -0.0501704 0)
(0 -0.0502738 0)
(0 -0.0502748 0)
(0 -0.050063 0)
(0 -0.050277 0)
(0 -0.0502799 0)
(0 -0.0502724 0)
(0 -0.0502724 0)
(0 -0.0502724 0)
(0 -0.0502724 0)
(0 -0.0501704 0)
(0 -0.0500647 0)
(0 -0.0501776 0)
(0 -0.0502814 0)
(0 -0.0502748 0)
(0 -0.0501704 0)
(0 -0.0502738 0)
(0 -0.0502748 0)
(0 -0.0502724 0)
(0 -0.0502724 0)
(0 -0.0501704 0)
(0 -0.0502738 0)
(0 -0.0502748 0)
(0 -0.0502724 0)
(0 -0.0502724 0)
(0 -0.0502724 0)
(0 -0.0502724 0)
(0 -0.0502724 0)
(0 -0.0502724 0)
(0 -0.0502724 0)
(0 -0.0502724 0)
(0 -0.0502724 0)
(0 -0.0502724 0)
(0 -0.0502724 0)
(0 -0.0501704 0)
(0 -0.0502738 0)
(0 -0.0502748 0)
(0 -0.0502724 0)
(0 -0.0502724 0)
(0 -0.050063 0)
(0 -0.050277 0)
(0 -0.0502799 0)
(0 -0.0502724 0)
(0 -0.0502724 0)
(0 -0.0502724 0)
(0 -0.0502724 0)
(0 -0.0502724 0)
(0 -0.0501704 0)
(0 -0.0502738 0)
(0 -0.0502748 0)
(0 -0.0501704 0)
(0 -0.0500647 0)
(0 -0.0502794 0)
(0 -0.0502799 0)
(0 -0.0502724 0)
(0 -0.0501704 0)
(0 -0.050172 0)
(0 -0.00114565 0)
(0 -0.000108325 0)
(0 -0.0468584 0)
(0 -0.0489363 0)
(0 -0.0502098 0)
(0 -0.0502799 0)
(0 -0.0502724 0)
(0 -0.0502724 0)
(0 -0.0502724 0)
(0 -0.0502724 0)
(0 -0.0502724 0)
(0 -0.0502724 0)
(0 -0.0501704 0)
(0 -0.0502738 0)
(0 -0.0502748 0)
(0 -0.0502724 0)
(0 -0.0502724 0)
(0 -0.0502724 0)
(0 -0.050063 0)
(0 -0.050277 0)
(0 -0.0502799 0)
(0 -0.0502724 0)
(0 -0.0501704 0)
(0 -0.0502738 0)
(0 -0.0502748 0)
(0 -0.0501704 0)
(0 -0.0502738 0)
(0 -0.0502748 0)
(0 -0.0502724 0)
(0 -0.0502724 0)
(0 -0.0502724 0)
(0 -0.0502724 0)
(0 -0.0502724 0)
(0 -0.0502724 0)
(0 -0.0502724 0)
(0 -0.0502724 0)
(0 -0.0501704 0)
(0 -0.0502738 0)
(0 -0.0502748 0)
(0 -0.0502724 0)
(0 -0.050063 0)
(0 -0.0501754 0)
(0 -0.0502814 0)
(0 -0.0501727 0)
(0 -0.0502738 0)
(0 -0.0502748 0)
(0 -0.0502724 0)
(0 -0.0502724 0)
(0 -0.0501704 0)
(0 -0.0502738 0)
(0 -0.0502748 0)
(0 -0.0502724 0)
(0 -0.0501704 0)
(0 -0.0502738 0)
(0 -0.0502748 0)
(0 -0.0502724 0)
(0 -0.0502724 0)
(0 -0.0502724 0)
(0 -0.0501704 0)
(0 -0.050172 0)
(0 -0.0502763 0)
(0 -0.0502748 0)
(0 -0.0502724 0)
(0 -0.0502724 0)
(0 -0.0502724 0)
(0 -0.0502724 0)
(0 -0.0501704 0)
(0 -0.050172 0)
(0 -0.0502763 0)
(0 -0.0502748 0)
(0 -0.0502724 0)
(0 -0.0501704 0)
(0 -0.0502738 0)
(0 -0.0502748 0)
(0 -0.0502724 0)
(0 -0.00114565 0)
(0 -0.000108325 0)
(0 -0.0468584 0)
(0 -0.0489683 0)
(0 -0.0502083 0)
(0 -0.0501752 0)
(0 -0.0502738 0)
(0 -0.0502748 0)
(0 -0.0502724 0)
(0 -0.0502724 0)
(0 -0.0502724 0)
(0 -0.0502724 0)
(0 -0.0499511 0)
(0 -0.0501803 0)
(0 -0.0502887 0)
(0 -0.0501727 0)
(0 -0.0500647 0)
(0 -0.0500705 0)
(0 -0.0501825 0)
(0 -0.0502814 0)
(0 -0.0502748 0)
(0 -0.0502724 0)
(0 -0.0498351 0)
(0 -0.0502872 0)
(0 -0.0502962 0)
(0 -0.0502724 0)
(0 -0.0502724 0)
(0 -0.0502724 0)
(0 -0.0502724 0)
(0 -0.0502724 0)
(0 -0.0502724 0)
(0 -0.0502724 0)
(0 -0.0502724 0)
(0 -0.0502724 0)
(0 -0.050063 0)
(0 -0.0501754 0)
(0 -0.0502814 0)
(0 -0.0502748 0)
(0 -0.0502724 0)
(0 -0.0501704 0)
(0 -0.0500647 0)
(0 -0.0501776 0)
(0 -0.0502814 0)
(0 -0.0502748 0)
(0 -0.0502724 0)
(0 -0.0502724 0)
(0 -0.0502724 0)
(0 -0.0502724 0)
(0 -0.0501704 0)
(0 -0.0502738 0)
(0 -0.0502748 0)
(0 -0.0502724 0)
(0 -0.0501704 0)
(0 -0.050172 0)
(0 -0.0502763 0)
(0 -0.0502748 0)
(0 -0.0502724 0)
(0 -0.0502724 0)
(0 -0.0502724 0)
(0 -0.0502724 0)
(0 -0.0501704 0)
(0 -0.0502738 0)
(0 -0.0501727 0)
(0 -0.050172 0)
(0 -0.0502763 0)
(0 -0.0502748 0)
(0 -0.0502724 0)
(0 -0.0502724 0)
(0 -0.050063 0)
(0 -0.050277 0)
(0 -0.0502799 0)
(0 -0.0502724 0)
(0 -0.0502724 0)
(0 -0.0502724 0)
(0 -0.0501704 0)
(0 -0.00114565 0)
(0 -0.000108325 0)
(0 -0.0468584 0)
(0 -0.0489683 0)
(0 -0.0502083 0)
(0 -0.0502775 0)
(0 -0.0502724 0)
(0 -0.0502724 0)
(0 -0.0502724 0)
(0 -0.0502724 0)
(0 -0.0502724 0)
(0 -0.0501704 0)
(0 -0.0502738 0)
(0 -0.0502748 0)
(0 -0.0502724 0)
(0 -0.0502724 0)
(0 -0.0502724 0)
(0 -0.0502724 0)
(0 -0.0499511 0)
(0 -0.0502815 0)
(0 -0.0501844 0)
(0 -0.0502738 0)
(0 -0.0502748 0)
(0 -0.0501704 0)
(0 -0.0502738 0)
(0 -0.0501727 0)
(0 -0.0502738 0)
(0 -0.0502748 0)
(0 -0.0502724 0)
(0 -0.0502724 0)
(0 -0.0502724 0)
(0 -0.0501704 0)
(0 -0.050172 0)
(0 -0.0502763 0)
(0 -0.0502748 0)
(0 -0.0502724 0)
(0 -0.0502724 0)
(0 -0.0502724 0)
(0 -0.0502724 0)
(0 -0.0501704 0)
(0 -0.0502738 0)
(0 -0.0502748 0)
(0 -0.0502724 0)
(0 -0.0499511 0)
(0 -0.0501803 0)
(0 -0.0502887 0)
(0 -0.0502748 0)
(0 -0.0502724 0)
(0 -0.0502724 0)
(0 -0.0501704 0)
(0 -0.0502738 0)
(0 -0.0502748 0)
(0 -0.0501704 0)
(0 -0.0502738 0)
(0 -0.0500651 0)
(0 -0.050277 0)
(0 -0.0502799 0)
(0 -0.0502724 0)
(0 -0.0502724 0)
(0 -0.0502724 0)
(0 -0.0502724 0)
(0 -0.0502724 0)
(0 -0.0502724 0)
(0 -0.0501704 0)
(0 -0.0502738 0)
(0 -0.0502748 0)
(0 -0.0501704 0)
(0 -0.0502738 0)
(0 -0.0502748 0)
(0 -0.0502724 0)
(0 -0.0501704 0)
(0 -0.050172 0)
(0 -0.0502763 0)
(0 -0.0502748 0)
(0 -0.0502724 0)
(0 -0.00114565 0)
(0 -0.000108325 0)
(0 -0.0468584 0)
(0 -0.0489683 0)
(0 -0.0502083 0)
(0 -0.0502775 0)
(0 -0.0502724 0)
(0 -0.0502724 0)
(0 -0.0502724 0)
(0 -0.0502724 0)
(0 -0.0502724 0)
(0 -0.0501704 0)
(0 -0.0502738 0)
(0 -0.0501727 0)
(0 -0.050172 0)
(0 -0.0502763 0)
(0 -0.0502748 0)
(0 -0.0502724 0)
(0 -0.0501704 0)
(0 -0.0502738 0)
(0 -0.0502748 0)
(0 -0.0501704 0)
(0 -0.050172 0)
(0 -0.0502763 0)
(0 -0.0501727 0)
(0 -0.0502738 0)
(0 -0.0502748 0)
(0 -0.0502724 0)
(0 -0.0501704 0)
(0 -0.0500647 0)
(0 -0.0502794 0)
(0 -0.0502799 0)
(0 -0.0502724 0)
(0 -0.0501704 0)
(0 -0.0502738 0)
(0 -0.0502748 0)
(0 -0.0502724 0)
(0 -0.0502724 0)
(0 -0.0501704 0)
(0 -0.0502738 0)
(0 -0.0502748 0)
(0 -0.0502724 0)
(0 -0.0502724 0)
(0 -0.0501704 0)
(0 -0.0502738 0)
(0 -0.0502748 0)
(0 -0.0502724 0)
(0 -0.0502724 0)
(0 -0.0502724 0)
(0 -0.0502724 0)
(0 -0.0502724 0)
(0 -0.0502724 0)
(0 -0.0502724 0)
(0 -0.0502724 0)
(0 -0.050063 0)
(0 -0.050277 0)
(0 -0.0502799 0)
(0 -0.0501704 0)
(0 -0.0502738 0)
(0 -0.0502748 0)
(0 -0.0502724 0)
(0 -0.0501704 0)
(0 -0.0502738 0)
(0 -0.049953 0)
(0 -0.0502815 0)
(0 -0.0502872 0)
(0 -0.0502724 0)
(0 -0.0502724 0)
(0 -0.0502724 0)
(0 -0.0502724 0)
(0 -0.0501704 0)
(0 -0.0502738 0)
(0 -0.0501727 0)
(0 -0.0500647 0)
(0 -0.0502794 0)
(0 -0.00114565 0)
(0 -0.000108325 0)
(0 -0.0468584 0)
(0 -0.0489683 0)
(0 -0.0502083 0)
(0 -0.0502775 0)
(0 -0.0502724 0)
(0 -0.0502724 0)
(0 -0.0502724 0)
(0 -0.0502724 0)
(0 -0.0502724 0)
(0 -0.0502724 0)
(0 -0.0501704 0)
(0 -0.0502738 0)
(0 -0.0502748 0)
(0 -0.0502724 0)
(0 -0.0502724 0)
(0 -0.0502724 0)
(0 -0.0502724 0)
(0 -0.0502724 0)
(0 -0.0502724 0)
(0 -0.0502724 0)
(0 -0.0502724 0)
(0 -0.0501704 0)
(0 -0.0502738 0)
(0 -0.0502748 0)
(0 -0.0502724 0)
(0 -0.0502724 0)
(0 -0.0502724 0)
(0 -0.0502724 0)
(0 -0.0502724 0)
(0 -0.0502724 0)
(0 -0.0502724 0)
(0 -0.0501704 0)
(0 -0.0502738 0)
(0 -0.0502748 0)
(0 -0.0502724 0)
(0 -0.0502724 0)
(0 -0.0502724 0)
(0 -0.0501704 0)
(0 -0.0502738 0)
(0 -0.0502748 0)
(0 -0.0502724 0)
(0 -0.0502724 0)
(0 -0.0502724 0)
(0 -0.0502724 0)
(0 -0.0502724 0)
(0 -0.0502724 0)
(0 -0.0501704 0)
(0 -0.0502738 0)
(0 -0.0502748 0)
(0 -0.0502724 0)
(0 -0.050063 0)
(0 -0.050277 0)
(0 -0.0502799 0)
(0 -0.0502724 0)
(0 -0.0502724 0)
(0 -0.0502724 0)
(0 -0.050063 0)
(0 -0.050277 0)
(0 -0.0502799 0)
(0 -0.0502724 0)
(0 -0.0501704 0)
(0 -0.050172 0)
(0 -0.0502763 0)
(0 -0.0502748 0)
(0 -0.0502724 0)
(0 -0.050063 0)
(0 -0.050277 0)
(0 -0.0502799 0)
(0 -0.0502724 0)
(0 -0.0502724 0)
(0 -0.0501704 0)
(0 -0.0502738 0)
(0 -0.0502748 0)
(0 -0.00114565 0)
(0 -0.000108325 0)
(0 -0.0468584 0)
(0 -0.0489683 0)
(0 -0.0502083 0)
(0 -0.0502775 0)
(0 -0.0502724 0)
(0 -0.0502724 0)
(0 -0.0501704 0)
(0 -0.0502738 0)
(0 -0.0502748 0)
(0 -0.0501704 0)
(0 -0.0502738 0)
(0 -0.0502748 0)
(0 -0.0502724 0)
(0 -0.0502724 0)
(0 -0.0502724 0)
(0 -0.0502724 0)
(0 -0.0502724 0)
(0 -0.0502724 0)
(0 -0.0502724 0)
(0 -0.0502724 0)
(0 -0.0502724 0)
(0 -0.0502724 0)
(0 -0.0502724 0)
(0 -0.0501704 0)
(0 -0.0502738 0)
(0 -0.0502748 0)
(0 -0.0502724 0)
(0 -0.0502724 0)
(0 -0.0502724 0)
(0 -0.0502724 0)
(0 -0.0502724 0)
(0 -0.0502724 0)
(0 -0.0501704 0)
(0 -0.0502738 0)
(0 -0.0502748 0)
(0 -0.0502724 0)
(0 -0.0502724 0)
(0 -0.0502724 0)
(0 -0.0502724 0)
(0 -0.0501704 0)
(0 -0.050172 0)
(0 -0.0501743 0)
(0 -0.0502763 0)
(0 -0.0502748 0)
(0 -0.0501704 0)
(0 -0.0502738 0)
(0 -0.0502748 0)
(0 -0.0502724 0)
(0 -0.0502724 0)
(0 -0.0502724 0)
(0 -0.0502724 0)
(0 -0.0502724 0)
(0 -0.0502724 0)
(0 -0.0502724 0)
(0 -0.0502724 0)
(0 -0.0501704 0)
(0 -0.0500647 0)
(0 -0.0502794 0)
(0 -0.0502799 0)
(0 -0.0502724 0)
(0 -0.0502724 0)
(0 -0.0502724 0)
(0 -0.0502724 0)
(0 -0.0502724 0)
(0 -0.0502724 0)
(0 -0.0502724 0)
(0 -0.050063 0)
(0 -0.050277 0)
(0 -0.0501775 0)
(0 -0.0500647 0)
(0 -0.0502794 0)
(0 -0.0501775 0)
(0 -0.0502738 0)
(0 -0.00114565 0)
(0 -0.000108325 0)
(0 -0.0468584 0)
(0 -0.0489683 0)
(0 -0.0502083 0)
(0 -0.0501752 0)
(0 -0.0500647 0)
(0 -0.0502794 0)
(0 -0.0502799 0)
(0 -0.0501704 0)
(0 -0.0502738 0)
(0 -0.0502748 0)
(0 -0.050063 0)
(0 -0.0500684 0)
(0 -0.0502845 0)
(0 -0.0502799 0)
(0 -0.0502724 0)
(0 -0.0502724 0)
(0 -0.0501704 0)
(0 -0.0502738 0)
(0 -0.049953 0)
(0 -0.0502815 0)
(0 -0.0502872 0)
(0 -0.0502724 0)
(0 -0.0501704 0)
(0 -0.0502738 0)
(0 -0.0502748 0)
(0 -0.0502724 0)
(0 -0.050063 0)
(0 -0.050277 0)
(0 -0.0501775 0)
(0 -0.0502738 0)
(0 -0.0502748 0)
(0 -0.0502724 0)
(0 -0.0502724 0)
(0 -0.0501704 0)
(0 -0.0502738 0)
(0 -0.0502748 0)
(0 -0.0502724 0)
(0 -0.0502724 0)
(0 -0.0502724 0)
(0 -0.0502724 0)
(0 -0.0499511 0)
(0 -0.0502815 0)
(0 -0.0502872 0)
(0 -0.050063 0)
(0 -0.0501754 0)
(0 -0.0502814 0)
(0 -0.0502748 0)
(0 -0.0502724 0)
(0 -0.0501704 0)
(0 -0.0502738 0)
(0 -0.0502748 0)
(0 -0.0502724 0)
(0 -0.0502724 0)
(0 -0.0502724 0)
(0 -0.0501704 0)
(0 -0.050172 0)
(0 -0.0501743 0)
(0 -0.0502763 0)
(0 -0.0501727 0)
(0 -0.0502738 0)
(0 -0.0502748 0)
(0 -0.0502724 0)
(0 -0.0502724 0)
(0 -0.0502724 0)
(0 -0.0501704 0)
(0 -0.0502738 0)
(0 -0.0502748 0)
(0 -0.0501704 0)
(0 -0.0502738 0)
(0 -0.0501727 0)
(0 -0.0502738 0)
(0 -0.0502748 0)
(0 -0.0502724 0)
(0 -0.00114565 0)
(0 -0.000108325 0)
(0 -0.0468584 0)
(0 -0.0489683 0)
(0 -0.0502083 0)
(0 -0.0502775 0)
(0 -0.0502724 0)
(0 -0.0501704 0)
(0 -0.050172 0)
(0 -0.0502763 0)
(0 -0.0502748 0)
(0 -0.0502724 0)
(0 -0.0502724 0)
(0 -0.0502724 0)
(0 -0.0502724 0)
(0 -0.0502724 0)
(0 -0.0502724 0)
(0 -0.0501704 0)
(0 -0.049953 0)
(0 -0.0502839 0)
(0 -0.0502872 0)
(0 -0.0501704 0)
(0 -0.0502738 0)
(0 -0.0502748 0)
(0 -0.0502724 0)
(0 -0.0502724 0)
(0 -0.0502724 0)
(0 -0.0502724 0)
(0 -0.0502724 0)
(0 -0.0502724 0)
(0 -0.0502724 0)
(0 -0.0502724 0)
(0 -0.0502724 0)
(0 -0.0502724 0)
(0 -0.0501704 0)
(0 -0.0502738 0)
(0 -0.0502748 0)
(0 -0.0502724 0)
(0 -0.0502724 0)
(0 -0.0501704 0)
(0 -0.0502738 0)
(0 -0.0502748 0)
(0 -0.0502724 0)
(0 -0.0502724 0)
(0 -0.0502724 0)
(0 -0.0502724 0)
(0 -0.0501704 0)
(0 -0.0502738 0)
(0 -0.0502748 0)
(0 -0.0502724 0)
(0 -0.0502724 0)
(0 -0.0502724 0)
(0 -0.0502724 0)
(0 -0.0501704 0)
(0 -0.0502738 0)
(0 -0.0502748 0)
(0 -0.0502724 0)
(0 -0.0502724 0)
(0 -0.0502724 0)
(0 -0.0502724 0)
(0 -0.0502724 0)
(0 -0.050063 0)
(0 -0.0501754 0)
(0 -0.0502814 0)
(0 -0.0502748 0)
(0 -0.0502724 0)
(0 -0.0502724 0)
(0 -0.0502724 0)
(0 -0.0502724 0)
(0 -0.0502724 0)
(0 -0.0502724 0)
(0 -0.050063 0)
(0 -0.050277 0)
(0 -0.0502799 0)
(0 -0.0502724 0)
(0 -0.00114565 0)
(0 -0.000108325 0)
(0 -0.0468584 0)
(0 -0.0489683 0)
(0 -0.0502083 0)
(0 -0.0502775 0)
(0 -0.0502724 0)
(0 -0.0502724 0)
(0 -0.0502724 0)
(0 -0.0502724 0)
(0 -0.0502724 0)
(0 -0.0502724 0)
(0 -0.0502724 0)
(0 -0.0502724 0)
(0 -0.0501704 0)
(0 -0.0502738 0)
(0 -0.0502748 0)
(0 -0.0502724 0)
(0 -0.0501704 0)
(0 -0.0502738 0)
(0 -0.0502748 0)
(0 -0.0502724 0)
(0 -0.0501704 0)
(0 -0.0502738 0)
(0 -0.0502748 0)
(0 -0.0501704 0)
(0 -0.0502738 0)
(0 -0.0502748 0)
(0 -0.0502724 0)
(0 -0.0502724 0)
(0 -0.0501704 0)
(0 -0.0502738 0)
(0 -0.0502748 0)
(0 -0.0502724 0)
(0 -0.0502724 0)
(0 -0.0502724 0)
(0 -0.0502724 0)
(0 -0.0501704 0)
(0 -0.050172 0)
(0 -0.0502763 0)
(0 -0.0502748 0)
(0 -0.0502724 0)
(0 -0.0502724 0)
(0 -0.0502724 0)
(0 -0.0501704 0)
(0 -0.0502738 0)
(0 -0.0501727 0)
(0 -0.0502738 0)
(0 -0.0502748 0)
(0 -0.0502724 0)
(0 -0.0502724 0)
(0 -0.0501704 0)
(0 -0.0502738 0)
(0 -0.0502748 0)
(0 -0.0502724 0)
(0 -0.0502724 0)
(0 -0.0502724 0)
(0 -0.0502724 0)
(0 -0.0502724 0)
(0 -0.0502724 0)
(0 -0.0502724 0)
(0 -0.0502724 0)
(0 -0.0502724 0)
(0 -0.0502724 0)
(0 -0.0502724 0)
(0 -0.0502724 0)
(0 -0.0502724 0)
(0 -0.0502724 0)
(0 -0.0502724 0)
(0 -0.0502724 0)
(0 -0.0501704 0)
(0 -0.0502738 0)
(0 -0.0502748 0)
(0 -0.0502724 0)
(0 -0.0502724 0)
(0 -0.00114565 0)
(0 -0.000108325 0)
(0 -0.0468584 0)
(0 -0.0489683 0)
(0 -0.0502083 0)
(0 -0.0502775 0)
(0 -0.0502724 0)
(0 -0.0502724 0)
(0 -0.0502724 0)
(0 -0.0502724 0)
(0 -0.050063 0)
(0 -0.0501754 0)
(0 -0.0500713 0)
(0 -0.0502794 0)
(0 -0.0502799 0)
(0 -0.0502724 0)
(0 -0.0502724 0)
(0 -0.0502724 0)
(0 -0.0502724 0)
(0 -0.0502724 0)
(0 -0.0501704 0)
(0 -0.050172 0)
(0 -0.0502763 0)
(0 -0.0502748 0)
(0 -0.0502724 0)
(0 -0.0501704 0)
(0 -0.0502738 0)
(0 -0.0502748 0)
(0 -0.0502724 0)
(0 -0.0501704 0)
(0 -0.050172 0)
(0 -0.0501743 0)
(0 -0.0502763 0)
(0 -0.0502748 0)
(0 -0.0502724 0)
(0 -0.0502724 0)
(0 -0.0501704 0)
(0 -0.0502738 0)
(0 -0.0502748 0)
(0 -0.0502724 0)
(0 -0.0502724 0)
(0 -0.0502724 0)
(0 -0.0502724 0)
(0 -0.0502724 0)
(0 -0.0502724 0)
(0 -0.0502724 0)
(0 -0.0502724 0)
(0 -0.0502724 0)
(0 -0.0502724 0)
(0 -0.0502724 0)
(0 -0.0502724 0)
(0 -0.050063 0)
(0 -0.050277 0)
(0 -0.0502799 0)
(0 -0.0502724 0)
(0 -0.0502724 0)
(0 -0.0502724 0)
(0 -0.0502724 0)
(0 -0.0502724 0)
(0 -0.0502724 0)
(0 -0.0502724 0)
(0 -0.0502724 0)
(0 -0.0502724 0)
(0 -0.0502724 0)
(0 -0.0502724 0)
(0 -0.0502724 0)
(0 -0.0502724 0)
(0 -0.0502724 0)
(0 -0.0502724 0)
(0 -0.0502724 0)
(0 -0.0502724 0)
(0 -0.0502724 0)
(0 -0.0502724 0)
(0 -0.0501704 0)
(0 -0.0502738 0)
(0 -0.00114565 0)
(0 -0.000108325 0)
(0 -0.0468584 0)
(0 -0.0489683 0)
(0 -0.0502083 0)
(0 -0.0502775 0)
(0 -0.0502724 0)
(0 -0.0502724 0)
(0 -0.0502724 0)
(0 -0.0502724 0)
(0 -0.0502724 0)
(0 -0.0502724 0)
(0 -0.0501704 0)
(0 -0.0502738 0)
(0 -0.0502748 0)
(0 -0.0502724 0)
(0 -0.0502724 0)
(0 -0.0501704 0)
(0 -0.0502738 0)
(0 -0.0501727 0)
(0 -0.0502738 0)
(0 -0.0501727 0)
(0 -0.0502738 0)
(0 -0.0501727 0)
(0 -0.0502738 0)
(0 -0.0501727 0)
(0 -0.0502738 0)
(0 -0.0502748 0)
(0 -0.0502724 0)
(0 -0.0502724 0)
(0 -0.0502724 0)
(0 -0.0501704 0)
(0 -0.0502738 0)
(0 -0.0502748 0)
(0 -0.0502724 0)
(0 -0.0502724 0)
(0 -0.0502724 0)
(0 -0.0502724 0)
(0 -0.0502724 0)
(0 -0.0499511 0)
(0 -0.0502815 0)
(0 -0.0502872 0)
(0 -0.0501704 0)
(0 -0.0502738 0)
(0 -0.0500651 0)
(0 -0.0501754 0)
(0 -0.0502814 0)
(0 -0.0501727 0)
(0 -0.0502738 0)
(0 -0.0502748 0)
(0 -0.0502724 0)
(0 -0.0502724 0)
(0 -0.0502724 0)
(0 -0.0502724 0)
(0 -0.0502724 0)
(0 -0.050063 0)
(0 -0.050277 0)
(0 -0.0501775 0)
(0 -0.050172 0)
(0 -0.0502763 0)
(0 -0.0502748 0)
(0 -0.0501704 0)
(0 -0.0502738 0)
(0 -0.0501727 0)
(0 -0.0502738 0)
(0 -0.0502748 0)
(0 -0.050063 0)
(0 -0.050277 0)
(0 -0.0502799 0)
(0 -0.0502724 0)
(0 -0.0501704 0)
(0 -0.050172 0)
(0 -0.0501743 0)
(0 -0.0501743 0)
(0 -0.0502763 0)
(0 -0.00114565 0)
(0 -0.000108325 0)
(0 -0.0468584 0)
(0 -0.0489363 0)
(0 -0.0502098 0)
(0 -0.0502799 0)
(0 -0.0502724 0)
(0 -0.0502724 0)
(0 -0.0502724 0)
(0 -0.0502724 0)
(0 -0.0502724 0)
(0 -0.0502724 0)
(0 -0.0502724 0)
(0 -0.0501704 0)
(0 -0.0502738 0)
(0 -0.0502748 0)
(0 -0.0502724 0)
(0 -0.0502724 0)
(0 -0.0502724 0)
(0 -0.0502724 0)
(0 -0.0502724 0)
(0 -0.0501704 0)
(0 -0.0502738 0)
(0 -0.0502748 0)
(0 -0.0501704 0)
(0 -0.0502738 0)
(0 -0.0502748 0)
(0 -0.0502724 0)
(0 -0.0502724 0)
(0 -0.0502724 0)
(0 -0.0502724 0)
(0 -0.0502724 0)
(0 -0.0502724 0)
(0 -0.0501704 0)
(0 -0.050172 0)
(0 -0.0500668 0)
(0 -0.0502794 0)
(0 -0.0502799 0)
(0 -0.0501704 0)
(0 -0.0502738 0)
(0 -0.0502748 0)
(0 -0.0502724 0)
(0 -0.050063 0)
(0 -0.050277 0)
(0 -0.0502799 0)
(0 -0.0502724 0)
(0 -0.0502724 0)
(0 -0.0502724 0)
(0 -0.0502724 0)
(0 -0.0502724 0)
(0 -0.0502724 0)
(0 -0.0502724 0)
(0 -0.050063 0)
(0 -0.050277 0)
(0 -0.0502799 0)
(0 -0.0502724 0)
(0 -0.0502724 0)
(0 -0.0502724 0)
(0 -0.0501704 0)
(0 -0.050172 0)
(0 -0.0501743 0)
(0 -0.0502763 0)
(0 -0.0502748 0)
(0 -0.0502724 0)
(0 -0.0502724 0)
(0 -0.0502724 0)
(0 -0.0502724 0)
(0 -0.0502724 0)
(0 -0.0501704 0)
(0 -0.0502738 0)
(0 -0.0501727 0)
(0 -0.0500647 0)
(0 -0.0502794 0)
(0 -0.0501775 0)
(0 -0.0502738 0)
(0 -0.00114565 0)
(0 -0.000108325 0)
(0 -0.0468584 0)
(0 -0.0489683 0)
(0 -0.0502083 0)
(0 -0.0502775 0)
(0 -0.0502724 0)
(0 -0.0502724 0)
(0 -0.0502724 0)
(0 -0.0502724 0)
(0 -0.0502724 0)
(0 -0.050063 0)
(0 -0.050277 0)
(0 -0.0502799 0)
(0 -0.0502724 0)
(0 -0.0502724 0)
(0 -0.0502724 0)
(0 -0.0502724 0)
(0 -0.0502724 0)
(0 -0.0502724 0)
(0 -0.0502724 0)
(0 -0.0502724 0)
(0 -0.0501704 0)
(0 -0.0502738 0)
(0 -0.0502748 0)
(0 -0.0501704 0)
(0 -0.0502738 0)
(0 -0.0502748 0)
(0 -0.0502724 0)
(0 -0.0502724 0)
(0 -0.0501704 0)
(0 -0.0502738 0)
(0 -0.0502748 0)
(0 -0.0502724 0)
(0 -0.0502724 0)
(0 -0.0502724 0)
(0 -0.0501704 0)
(0 -0.0502738 0)
(0 -0.0502748 0)
(0 -0.0502724 0)
(0 -0.0502724 0)
(0 -0.0502724 0)
(0 -0.0501704 0)
(0 -0.0500647 0)
(0 -0.0502794 0)
(0 -0.0502799 0)
(0 -0.0502724 0)
(0 -0.0502724 0)
(0 -0.0502724 0)
(0 -0.0502724 0)
(0 -0.0501704 0)
(0 -0.0502738 0)
(0 -0.0502748 0)
(0 -0.0502724 0)
(0 -0.0501704 0)
(0 -0.0502738 0)
(0 -0.0502748 0)
(0 -0.0502724 0)
(0 -0.0502724 0)
(0 -0.050063 0)
(0 -0.0501754 0)
(0 -0.0502814 0)
(0 -0.0502748 0)
(0 -0.0502724 0)
(0 -0.0502724 0)
(0 -0.0502724 0)
(0 -0.050063 0)
(0 -0.0501754 0)
(0 -0.0501791 0)
(0 -0.0501743 0)
(0 -0.0501743 0)
(0 -0.0500668 0)
(0 -0.0501776 0)
(0 -0.0502814 0)
(0 -0.0502748 0)
(0 -0.00114565 0)
(0 -0.000108325 0)
(0 -0.0468584 0)
(0 -0.0489363 0)
(0 -0.0502098 0)
(0 -0.0501775 0)
(0 -0.0502738 0)
(0 -0.0502748 0)
(0 -0.0502724 0)
(0 -0.0502724 0)
(0 -0.0502724 0)
(0 -0.0502724 0)
(0 -0.0502724 0)
(0 -0.0502724 0)
(0 -0.0502724 0)
(0 -0.0502724 0)
(0 -0.0501704 0)
(0 -0.050172 0)
(0 -0.0502763 0)
(0 -0.0502748 0)
(0 -0.0502724 0)
(0 -0.0502724 0)
(0 -0.0501704 0)
(0 -0.0502738 0)
(0 -0.0502748 0)
(0 -0.0501704 0)
(0 -0.0500647 0)
(0 -0.0502794 0)
(0 -0.0502799 0)
(0 -0.0502724 0)
(0 -0.0502724 0)
(0 -0.0502724 0)
(0 -0.0501704 0)
(0 -0.0502738 0)
(0 -0.0502748 0)
(0 -0.0502724 0)
(0 -0.0502724 0)
(0 -0.0502724 0)
(0 -0.0502724 0)
(0 -0.0501704 0)
(0 -0.0502738 0)
(0 -0.0502748 0)
(0 -0.050063 0)
(0 -0.050277 0)
(0 -0.0501775 0)
(0 -0.0502738 0)
(0 -0.0502748 0)
(0 -0.0502724 0)
(0 -0.0502724 0)
(0 -0.0502724 0)
(0 -0.0502724 0)
(0 -0.0502724 0)
(0 -0.0502724 0)
(0 -0.0502724 0)
(0 -0.0501704 0)
(0 -0.0502738 0)
(0 -0.0502748 0)
(0 -0.0502724 0)
(0 -0.0502724 0)
(0 -0.0501704 0)
(0 -0.0502738 0)
(0 -0.0501727 0)
(0 -0.0502738 0)
(0 -0.0501727 0)
(0 -0.0502738 0)
(0 -0.0502748 0)
(0 -0.0502724 0)
(0 -0.0502724 0)
(0 -0.0501704 0)
(0 -0.0500647 0)
(0 -0.0502794 0)
(0 -0.0502799 0)
(0 -0.0502724 0)
(0 -0.0502724 0)
(0 -0.0502724 0)
(0 -0.00114565 0)
(0 -0.000108325 0)
(0 -0.0468584 0)
(0 -0.0489683 0)
(0 -0.0501104 0)
(0 -0.0500692 0)
(0 -0.0501776 0)
(0 -0.0500713 0)
(0 -0.0502794 0)
(0 -0.0502799 0)
(0 -0.0502724 0)
(0 -0.050063 0)
(0 -0.050277 0)
(0 -0.0502799 0)
(0 -0.050063 0)
(0 -0.050277 0)
(0 -0.0501775 0)
(0 -0.0500647 0)
(0 -0.0501776 0)
(0 -0.0502814 0)
(0 -0.0502748 0)
(0 -0.0502724 0)
(0 -0.0502724 0)
(0 -0.0502724 0)
(0 -0.0502724 0)
(0 -0.0501704 0)
(0 -0.0502738 0)
(0 -0.0501727 0)
(0 -0.0502738 0)
(0 -0.0501727 0)
(0 -0.0502738 0)
(0 -0.0502748 0)
(0 -0.0502724 0)
(0 -0.0502724 0)
(0 -0.0502724 0)
(0 -0.0501704 0)
(0 -0.050172 0)
(0 -0.0502763 0)
(0 -0.0502748 0)
(0 -0.0502724 0)
(0 -0.0502724 0)
(0 -0.0502724 0)
(0 -0.0502724 0)
(0 -0.0502724 0)
(0 -0.0501704 0)
(0 -0.0502738 0)
(0 -0.0502748 0)
(0 -0.0502724 0)
(0 -0.0501704 0)
(0 -0.0502738 0)
(0 -0.0502748 0)
(0 -0.0502724 0)
(0 -0.0501704 0)
(0 -0.050172 0)
(0 -0.0501743 0)
(0 -0.0500668 0)
(0 -0.0502794 0)
(0 -0.0502799 0)
(0 -0.0502724 0)
(0 -0.0502724 0)
(0 -0.0501704 0)
(0 -0.0502738 0)
(0 -0.0502748 0)
(0 -0.0502724 0)
(0 -0.050063 0)
(0 -0.050277 0)
(0 -0.0500696 0)
(0 -0.050277 0)
(0 -0.0502799 0)
(0 -0.0501704 0)
(0 -0.0500647 0)
(0 -0.0501776 0)
(0 -0.0502814 0)
(0 -0.0502748 0)
(0 -0.0501704 0)
(0 -0.00114565 0)
(0 -0.000108325 0)
(0 -0.0468584 0)
(0 -0.0489363 0)
(0 -0.0502098 0)
(0 -0.0502799 0)
(0 -0.0502724 0)
(0 -0.0502724 0)
(0 -0.0502724 0)
(0 -0.0502724 0)
(0 -0.0502724 0)
(0 -0.0502724 0)
(0 -0.0502724 0)
(0 -0.0502724 0)
(0 -0.0502724 0)
(0 -0.050063 0)
(0 -0.050277 0)
(0 -0.0502799 0)
(0 -0.0502724 0)
(0 -0.0502724 0)
(0 -0.0502724 0)
(0 -0.0502724 0)
(0 -0.0502724 0)
(0 -0.0502724 0)
(0 -0.0502724 0)
(0 -0.0502724 0)
(0 -0.0502724 0)
(0 -0.0502724 0)
(0 -0.0502724 0)
(0 -0.0502724 0)
(0 -0.0502724 0)
(0 -0.0502724 0)
(0 -0.0502724 0)
(0 -0.0501704 0)
(0 -0.0502738 0)
(0 -0.0502748 0)
(0 -0.0502724 0)
(0 -0.0502724 0)
(0 -0.0502724 0)
(0 -0.0501704 0)
(0 -0.0502738 0)
(0 -0.0502748 0)
(0 -0.0502724 0)
(0 -0.0502724 0)
(0 -0.0502724 0)
(0 -0.0502724 0)
(0 -0.0502724 0)
(0 -0.0502724 0)
(0 -0.0502724 0)
(0 -0.0501704 0)
(0 -0.0502738 0)
(0 -0.0502748 0)
(0 -0.0502724 0)
(0 -0.0502724 0)
(0 -0.0502724 0)
(0 -0.0501704 0)
(0 -0.0502738 0)
(0 -0.0500651 0)
(0 -0.050277 0)
(0 -0.0502799 0)
(0 -0.0502724 0)
(0 -0.0502724 0)
(0 -0.0502724 0)
(0 -0.0502724 0)
(0 -0.0502724 0)
(0 -0.0502724 0)
(0 -0.0502724 0)
(0 -0.0502724 0)
(0 -0.0499511 0)
(0 -0.0502815 0)
(0 -0.0502872 0)
(0 -0.0502724 0)
(0 -0.050063 0)
(0 -0.050277 0)
(0 -0.0502799 0)
(0 -0.00114565 0)
(0 -0.000108325 0)
(0 -0.0468584 0)
(0 -0.0489683 0)
(0 -0.0502083 0)
(0 -0.0500675 0)
(0 -0.050277 0)
(0 -0.0502799 0)
(0 -0.0502724 0)
(0 -0.0502724 0)
(0 -0.0501704 0)
(0 -0.0502738 0)
(0 -0.0502748 0)
(0 -0.0502724 0)
(0 -0.0501704 0)
(0 -0.0502738 0)
(0 -0.0502748 0)
(0 -0.0502724 0)
(0 -0.0502724 0)
(0 -0.0502724 0)
(0 -0.0502724 0)
(0 -0.0502724 0)
(0 -0.0499511 0)
(0 -0.0502815 0)
(0 -0.0502872 0)
(0 -0.0502724 0)
(0 -0.0502724 0)
(0 -0.0502724 0)
(0 -0.0502724 0)
(0 -0.0502724 0)
(0 -0.0502724 0)
(0 -0.0502724 0)
(0 -0.0502724 0)
(0 -0.0502724 0)
(0 -0.0502724 0)
(0 -0.0502724 0)
(0 -0.0502724 0)
(0 -0.0502724 0)
(0 -0.0502724 0)
(0 -0.0502724 0)
(0 -0.0502724 0)
(0 -0.0502724 0)
(0 -0.0501704 0)
(0 -0.0502738 0)
(0 -0.0502748 0)
(0 -0.0502724 0)
(0 -0.0502724 0)
(0 -0.0502724 0)
(0 -0.0502724 0)
(0 -0.0502724 0)
(0 -0.0501704 0)
(0 -0.0502738 0)
(0 -0.0501727 0)
(0 -0.050172 0)
(0 -0.0502763 0)
(0 -0.0502748 0)
(0 -0.0502724 0)
(0 -0.0502724 0)
(0 -0.0501704 0)
(0 -0.050172 0)
(0 -0.0502763 0)
(0 -0.0502748 0)
(0 -0.0502724 0)
(0 -0.0502724 0)
(0 -0.0502724 0)
(0 -0.0502724 0)
(0 -0.0502724 0)
(0 -0.0502724 0)
(0 -0.0502724 0)
(0 -0.050063 0)
(0 -0.050277 0)
(0 -0.0502799 0)
(0 -0.0501704 0)
(0 -0.0502738 0)
(0 -0.0502748 0)
(0 -0.00114565 0)
(0 -0.000108325 0)
(0 -0.0468584 0)
(0 -0.0489683 0)
(0 -0.0502083 0)
(0 -0.0502775 0)
(0 -0.0502724 0)
(0 -0.0502724 0)
(0 -0.0502724 0)
(0 -0.0502724 0)
(0 -0.0502724 0)
(0 -0.0502724 0)
(0 -0.0502724 0)
(0 -0.0501704 0)
(0 -0.0502738 0)
(0 -0.0502748 0)
(0 -0.0502724 0)
(0 -0.0502724 0)
(0 -0.0501704 0)
(0 -0.0502738 0)
(0 -0.0502748 0)
(0 -0.0502724 0)
(0 -0.0502724 0)
(0 -0.0502724 0)
(0 -0.0502724 0)
(0 -0.0502724 0)
(0 -0.0501704 0)
(0 -0.0502738 0)
(0 -0.0502748 0)
(0 -0.050063 0)
(0 -0.050277 0)
(0 -0.0502799 0)
(0 -0.0502724 0)
(0 -0.0502724 0)
(0 -0.0502724 0)
(0 -0.0502724 0)
(0 -0.050063 0)
(0 -0.050277 0)
(0 -0.0501775 0)
(0 -0.0502738 0)
(0 -0.0502748 0)
(0 -0.0502724 0)
(0 -0.0501704 0)
(0 -0.050172 0)
(0 -0.0502763 0)
(0 -0.0502748 0)
(0 -0.0501704 0)
(0 -0.0502738 0)
(0 -0.0501727 0)
(0 -0.0502738 0)
(0 -0.0502748 0)
(0 -0.0501704 0)
(0 -0.050172 0)
(0 -0.0501743 0)
(0 -0.0502763 0)
(0 -0.0502748 0)
(0 -0.0502724 0)
(0 -0.0502724 0)
(0 -0.0501704 0)
(0 -0.0502738 0)
(0 -0.0502748 0)
(0 -0.0501704 0)
(0 -0.0502738 0)
(0 -0.0502748 0)
(0 -0.0502724 0)
(0 -0.0501704 0)
(0 -0.050172 0)
(0 -0.0501743 0)
(0 -0.0502763 0)
(0 -0.0502748 0)
(0 -0.0502724 0)
(0 -0.0502724 0)
(0 -0.0502724 0)
(0 -0.0502724 0)
(0 -0.0502724 0)
(0 -0.00114565 0)
(0 -0.000108325 0)
(0 -0.0468584 0)
(0 -0.0489683 0)
(0 -0.0501104 0)
(0 -0.050279 0)
(0 -0.0501727 0)
(0 -0.0500647 0)
(0 -0.0502794 0)
(0 -0.0501775 0)
(0 -0.050172 0)
(0 -0.0501743 0)
(0 -0.0501743 0)
(0 -0.0502763 0)
(0 -0.0502748 0)
(0 -0.0502724 0)
(0 -0.0501704 0)
(0 -0.0500647 0)
(0 -0.0502794 0)
(0 -0.0500696 0)
(0 -0.050277 0)
(0 -0.0502799 0)
(0 -0.0502724 0)
(0 -0.0502724 0)
(0 -0.050063 0)
(0 -0.050277 0)
(0 -0.0502799 0)
(0 -0.0502724 0)
(0 -0.0502724 0)
(0 -0.0502724 0)
(0 -0.0502724 0)
(0 -0.0502724 0)
(0 -0.0502724 0)
(0 -0.0502724 0)
(0 -0.0502724 0)
(0 -0.0501704 0)
(0 -0.0502738 0)
(0 -0.0501727 0)
(0 -0.0502738 0)
(0 -0.0501727 0)
(0 -0.050172 0)
(0 -0.0502763 0)
(0 -0.0501727 0)
(0 -0.0502738 0)
(0 -0.0502748 0)
(0 -0.0502724 0)
(0 -0.0502724 0)
(0 -0.0502724 0)
(0 -0.0502724 0)
(0 -0.0502724 0)
(0 -0.0502724 0)
(0 -0.0501704 0)
(0 -0.050172 0)
(0 -0.0502763 0)
(0 -0.0502748 0)
(0 -0.0502724 0)
(0 -0.0502724 0)
(0 -0.0502724 0)
(0 -0.050063 0)
(0 -0.050277 0)
(0 -0.0502799 0)
(0 -0.0502724 0)
(0 -0.0502724 0)
(0 -0.0502724 0)
(0 -0.0502724 0)
(0 -0.0502724 0)
(0 -0.0502724 0)
(0 -0.0501704 0)
(0 -0.050172 0)
(0 -0.0502763 0)
(0 -0.0502748 0)
(0 -0.0501704 0)
(0 -0.0502738 0)
(0 -0.0501727 0)
(0 -0.0502738 0)
(0 -0.00114565 0)
(0 -0.000108325 0)
(0 -0.0468584 0)
(0 -0.0489683 0)
(0 -0.0502083 0)
(0 -0.0502775 0)
(0 -0.0502724 0)
(0 -0.0502724 0)
(0 -0.0501704 0)
(0 -0.0502738 0)
(0 -0.0500651 0)
(0 -0.050277 0)
(0 -0.0502799 0)
(0 -0.0502724 0)
(0 -0.0502724 0)
(0 -0.0501704 0)
(0 -0.0502738 0)
(0 -0.0502748 0)
(0 -0.0501704 0)
(0 -0.0502738 0)
(0 -0.0502748 0)
(0 -0.0502724 0)
(0 -0.0502724 0)
(0 -0.0502724 0)
(0 -0.0502724 0)
(0 -0.0502724 0)
(0 -0.0502724 0)
(0 -0.0502724 0)
(0 -0.0502724 0)
(0 -0.0502724 0)
(0 -0.0502724 0)
(0 -0.0502724 0)
(0 -0.0502724 0)
(0 -0.0502724 0)
(0 -0.0502724 0)
(0 -0.0502724 0)
(0 -0.0502724 0)
(0 -0.0502724 0)
(0 -0.0502724 0)
(0 -0.0502724 0)
(0 -0.0502724 0)
(0 -0.0502724 0)
(0 -0.0502724 0)
(0 -0.050063 0)
(0 -0.0501754 0)
(0 -0.0501791 0)
(0 -0.0501743 0)
(0 -0.0502763 0)
(0 -0.0502748 0)
(0 -0.0502724 0)
(0 -0.0502724 0)
(0 -0.0502724 0)
(0 -0.0502724 0)
(0 -0.050063 0)
(0 -0.050277 0)
(0 -0.0501775 0)
(0 -0.050172 0)
(0 -0.0502763 0)
(0 -0.0502748 0)
(0 -0.0501704 0)
(0 -0.0502738 0)
(0 -0.0501727 0)
(0 -0.050172 0)
(0 -0.0501743 0)
(0 -0.0501743 0)
(0 -0.0502763 0)
(0 -0.0501727 0)
(0 -0.0502738 0)
(0 -0.0501727 0)
(0 -0.0502738 0)
(0 -0.0501727 0)
(0 -0.0500647 0)
(0 -0.0501776 0)
(0 -0.0502814 0)
(0 -0.0502748 0)
(0 -0.00114565 0)
(0 -0.000108325 0)
(0 -0.0468584 0)
(0 -0.0489363 0)
(0 -0.0502098 0)
(0 -0.0502799 0)
(0 -0.0502724 0)
(0 -0.0501704 0)
(0 -0.0502738 0)
(0 -0.0502748 0)
(0 -0.0502724 0)
(0 -0.0502724 0)
(0 -0.0502724 0)
(0 -0.050063 0)
(0 -0.050277 0)
(0 -0.0501775 0)
(0 -0.0500647 0)
(0 -0.0502794 0)
(0 -0.0501775 0)
(0 -0.0502738 0)
(0 -0.0502748 0)
(0 -0.0502724 0)
(0 -0.0502724 0)
(0 -0.0502724 0)
(0 -0.0502724 0)
(0 -0.0501704 0)
(0 -0.0502738 0)
(0 -0.0502748 0)
(0 -0.0502724 0)
(0 -0.0502724 0)
(0 -0.0501704 0)
(0 -0.0502738 0)
(0 -0.0502748 0)
(0 -0.0502724 0)
(0 -0.0502724 0)
(0 -0.0502724 0)
(0 -0.0502724 0)
(0 -0.0502724 0)
(0 -0.0502724 0)
(0 -0.0502724 0)
(0 -0.0502724 0)
(0 -0.0502724 0)
(0 -0.0502724 0)
(0 -0.0499511 0)
(0 -0.0502815 0)
(0 -0.0502872 0)
(0 -0.0502724 0)
(0 -0.0502724 0)
(0 -0.0502724 0)
(0 -0.0502724 0)
(0 -0.0502724 0)
(0 -0.0502724 0)
(0 -0.0502724 0)
(0 -0.0501704 0)
(0 -0.0502738 0)
(0 -0.0502748 0)
(0 -0.0502724 0)
(0 -0.0502724 0)
(0 -0.0502724 0)
(0 -0.0502724 0)
(0 -0.0502724 0)
(0 -0.0502724 0)
(0 -0.0502724 0)
(0 -0.0502724 0)
(0 -0.0502724 0)
(0 -0.0502724 0)
(0 -0.0501704 0)
(0 -0.0502738 0)
(0 -0.0502748 0)
(0 -0.0501704 0)
(0 -0.0502738 0)
(0 -0.0502748 0)
(0 -0.050063 0)
(0 -0.050277 0)
(0 -0.0502799 0)
(0 -0.00114565 0)
(0 -0.000108325 0)
(0 -0.0468584 0)
(0 -0.0489683 0)
(0 -0.0501104 0)
(0 -0.0501768 0)
(0 -0.0502763 0)
(0 -0.0502748 0)
(0 -0.0502724 0)
(0 -0.0502724 0)
(0 -0.0501704 0)
(0 -0.050172 0)
(0 -0.0502763 0)
(0 -0.0501727 0)
(0 -0.050172 0)
(0 -0.0502763 0)
(0 -0.0502748 0)
(0 -0.0502724 0)
(0 -0.0501704 0)
(0 -0.050172 0)
(0 -0.0502763 0)
(0 -0.0502748 0)
(0 -0.0502724 0)
(0 -0.0502724 0)
(0 -0.0502724 0)
(0 -0.0502724 0)
(0 -0.0501704 0)
(0 -0.0502738 0)
(0 -0.0502748 0)
(0 -0.0502724 0)
(0 -0.0502724 0)
(0 -0.0502724 0)
(0 -0.0502724 0)
(0 -0.0502724 0)
(0 -0.0501704 0)
(0 -0.0502738 0)
(0 -0.0502748 0)
(0 -0.0502724 0)
(0 -0.0502724 0)
(0 -0.0502724 0)
(0 -0.0502724 0)
(0 -0.050063 0)
(0 -0.050277 0)
(0 -0.0502799 0)
(0 -0.0502724 0)
(0 -0.0502724 0)
(0 -0.050063 0)
(0 -0.050277 0)
(0 -0.0502799 0)
(0 -0.0502724 0)
(0 -0.0502724 0)
(0 -0.0502724 0)
(0 -0.0502724 0)
(0 -0.0502724 0)
(0 -0.0502724 0)
(0 -0.0502724 0)
(0 -0.0502724 0)
(0 -0.0501704 0)
(0 -0.0502738 0)
(0 -0.0502748 0)
(0 -0.0502724 0)
(0 -0.0502724 0)
(0 -0.0502724 0)
(0 -0.0502724 0)
(0 -0.0501704 0)
(0 -0.0502738 0)
(0 -0.0502748 0)
(0 -0.0501704 0)
(0 -0.0502738 0)
(0 -0.0501727 0)
(0 -0.0502738 0)
(0 -0.0502748 0)
(0 -0.0502724 0)
(0 -0.0502724 0)
(0 -0.0501704 0)
(0 -0.00114565 0)
(0 -0.000108325 0)
(0 -0.0468584 0)
(0 -0.0489683 0)
(0 -0.0502083 0)
(0 -0.0502775 0)
(0 -0.0502724 0)
(0 -0.0502724 0)
(0 -0.0502724 0)
(0 -0.0502724 0)
(0 -0.0502724 0)
(0 -0.0502724 0)
(0 -0.0502724 0)
(0 -0.0502724 0)
(0 -0.0502724 0)
(0 -0.0502724 0)
(0 -0.0502724 0)
(0 -0.0502724 0)
(0 -0.050063 0)
(0 -0.050277 0)
(0 -0.0502799 0)
(0 -0.0501704 0)
(0 -0.0502738 0)
(0 -0.0502748 0)
(0 -0.0501704 0)
(0 -0.0502738 0)
(0 -0.0502748 0)
(0 -0.0502724 0)
(0 -0.0502724 0)
(0 -0.0502724 0)
(0 -0.0502724 0)
(0 -0.0502724 0)
(0 -0.0502724 0)
(0 -0.0502724 0)
(0 -0.0502724 0)
(0 -0.0501704 0)
(0 -0.0502738 0)
(0 -0.0502748 0)
(0 -0.0502724 0)
(0 -0.0502724 0)
(0 -0.0502724 0)
(0 -0.0501704 0)
(0 -0.0502738 0)
(0 -0.0502748 0)
(0 -0.0502724 0)
(0 -0.0502724 0)
(0 -0.0501704 0)
(0 -0.0502738 0)
(0 -0.0502748 0)
(0 -0.0501704 0)
(0 -0.0502738 0)
(0 -0.0502748 0)
(0 -0.0502724 0)
(0 -0.0502724 0)
(0 -0.0501704 0)
(0 -0.0502738 0)
(0 -0.0502748 0)
(0 -0.0502724 0)
(0 -0.0502724 0)
(0 -0.0501704 0)
(0 -0.0502738 0)
(0 -0.0502748 0)
(0 -0.0502724 0)
(0 -0.0502724 0)
(0 -0.0502724 0)
(0 -0.0502724 0)
(0 -0.0502724 0)
(0 -0.0502724 0)
(0 -0.050063 0)
(0 -0.0500684 0)
(0 -0.0502845 0)
(0 -0.0502799 0)
(0 -0.0502724 0)
(0 -0.0502724 0)
(0 -0.0502724 0)
(0 -0.00114565 0)
(0 -0.000108325 0)
(0 -0.0468584 0)
(0 -0.0489683 0)
(0 -0.0502083 0)
(0 -0.0502775 0)
(0 -0.0502724 0)
(0 -0.0502724 0)
(0 -0.0502724 0)
(0 -0.0502724 0)
(0 -0.0502724 0)
(0 -0.0502724 0)
(0 -0.0502724 0)
(0 -0.0501704 0)
(0 -0.050172 0)
(0 -0.0502763 0)
(0 -0.0502748 0)
(0 -0.0502724 0)
(0 -0.0502724 0)
(0 -0.0502724 0)
(0 -0.0502724 0)
(0 -0.0502724 0)
(0 -0.0502724 0)
(0 -0.0502724 0)
(0 -0.0502724 0)
(0 -0.0502724 0)
(0 -0.0502724 0)
(0 -0.0502724 0)
(0 -0.0502724 0)
(0 -0.0501704 0)
(0 -0.0502738 0)
(0 -0.0502748 0)
(0 -0.0502724 0)
(0 -0.0502724 0)
(0 -0.0502724 0)
(0 -0.0502724 0)
(0 -0.0501704 0)
(0 -0.0502738 0)
(0 -0.0502748 0)
(0 -0.0502724 0)
(0 -0.0502724 0)
(0 -0.0502724 0)
(0 -0.0501704 0)
(0 -0.050172 0)
(0 -0.0502763 0)
(0 -0.0502748 0)
(0 -0.0502724 0)
(0 -0.0502724 0)
(0 -0.0502724 0)
(0 -0.0502724 0)
(0 -0.0502724 0)
(0 -0.0502724 0)
(0 -0.050063 0)
(0 -0.050277 0)
(0 -0.0502799 0)
(0 -0.0502724 0)
(0 -0.0502724 0)
(0 -0.0502724 0)
(0 -0.0502724 0)
(0 -0.0501704 0)
(0 -0.0502738 0)
(0 -0.0501727 0)
(0 -0.0502738 0)
(0 -0.0501727 0)
(0 -0.0502738 0)
(0 -0.0502748 0)
(0 -0.0502724 0)
(0 -0.050063 0)
(0 -0.050277 0)
(0 -0.0502799 0)
(0 -0.0502724 0)
(0 -0.0502724 0)
(0 -0.0502724 0)
(0 -0.0502724 0)
(0 -0.0502724 0)
(0 -0.00114565 0)
(0 -0.000108325 0)
(0 -0.0468584 0)
(0 -0.048913 0)
(0 -0.0502129 0)
(0 -0.050285 0)
(0 -0.0502724 0)
(0 -0.0502724 0)
(0 -0.0502724 0)
(0 -0.0502724 0)
(0 -0.0502724 0)
(0 -0.0501704 0)
(0 -0.0500647 0)
(0 -0.0502794 0)
(0 -0.0502799 0)
(0 -0.0502724 0)
(0 -0.0502724 0)
(0 -0.0501704 0)
(0 -0.0502738 0)
(0 -0.0502748 0)
(0 -0.0502724 0)
(0 -0.0502724 0)
(0 -0.0502724 0)
(0 -0.0502724 0)
(0 -0.0502724 0)
(0 -0.0502724 0)
(0 -0.0502724 0)
(0 -0.0501704 0)
(0 -0.0502738 0)
(0 -0.0502748 0)
(0 -0.0502724 0)
(0 -0.0502724 0)
(0 -0.0501704 0)
(0 -0.050172 0)
(0 -0.0502763 0)
(0 -0.0501727 0)
(0 -0.050172 0)
(0 -0.0502763 0)
(0 -0.0502748 0)
(0 -0.0502724 0)
(0 -0.0502724 0)
(0 -0.0502724 0)
(0 -0.0502724 0)
(0 -0.0501704 0)
(0 -0.0502738 0)
(0 -0.0501727 0)
(0 -0.0502738 0)
(0 -0.0502748 0)
(0 -0.0501704 0)
(0 -0.050172 0)
(0 -0.0500668 0)
(0 -0.0502794 0)
(0 -0.0501775 0)
(0 -0.0502738 0)
(0 -0.0502748 0)
(0 -0.0502724 0)
(0 -0.0502724 0)
(0 -0.050063 0)
(0 -0.050277 0)
(0 -0.0501775 0)
(0 -0.0502738 0)
(0 -0.0502748 0)
(0 -0.0501704 0)
(0 -0.0502738 0)
(0 -0.0501727 0)
(0 -0.0502738 0)
(0 -0.0501727 0)
(0 -0.0502738 0)
(0 -0.0502748 0)
(0 -0.0501704 0)
(0 -0.0502738 0)
(0 -0.0502748 0)
(0 -0.0502724 0)
(0 -0.050063 0)
(0 -0.049957 0)
(0 -0.00114565 0)
(0 -0.000108325 0)
(0 -0.0468584 0)
(0 -0.0489683 0)
(0 -0.050008 0)
(0 -0.0502821 0)
(0 -0.0502799 0)
(0 -0.0502724 0)
(0 -0.0502724 0)
(0 -0.0502724 0)
(0 -0.0502724 0)
(0 -0.0502724 0)
(0 -0.0502724 0)
(0 -0.0502724 0)
(0 -0.0502724 0)
(0 -0.0502724 0)
(0 -0.0502724 0)
(0 -0.0502724 0)
(0 -0.0502724 0)
(0 -0.0502724 0)
(0 -0.0501704 0)
(0 -0.050172 0)
(0 -0.0502763 0)
(0 -0.0502748 0)
(0 -0.0502724 0)
(0 -0.0501704 0)
(0 -0.0502738 0)
(0 -0.0502748 0)
(0 -0.0502724 0)
(0 -0.0501704 0)
(0 -0.0502738 0)
(0 -0.0502748 0)
(0 -0.0502724 0)
(0 -0.0502724 0)
(0 -0.0502724 0)
(0 -0.0502724 0)
(0 -0.0501704 0)
(0 -0.0502738 0)
(0 -0.0502748 0)
(0 -0.0501704 0)
(0 -0.0502738 0)
(0 -0.0502748 0)
(0 -0.0501704 0)
(0 -0.0502738 0)
(0 -0.0502748 0)
(0 -0.0502724 0)
(0 -0.0502724 0)
(0 -0.0502724 0)
(0 -0.0502724 0)
(0 -0.0502724 0)
(0 -0.0502724 0)
(0 -0.0502724 0)
(0 -0.0502724 0)
(0 -0.0502724 0)
(0 -0.0502724 0)
(0 -0.0501704 0)
(0 -0.0502738 0)
(0 -0.0502748 0)
(0 -0.050063 0)
(0 -0.0501754 0)
(0 -0.0502814 0)
(0 -0.0502748 0)
(0 -0.0502724 0)
(0 -0.0501704 0)
(0 -0.0502738 0)
(0 -0.0502748 0)
(0 -0.0502724 0)
(0 -0.0502724 0)
(0 -0.0502724 0)
(0 -0.0502724 0)
(0 -0.0502724 0)
(0 -0.0502724 0)
(0 -0.0499511 0)
(0 -0.0501803 0)
(0 -0.0502887 0)
(0 -0.00114565 0)
(0 -0.000108325 0)
(0 -0.0468584 0)
(0 -0.0489683 0)
(0 -0.0502083 0)
(0 -0.0502775 0)
(0 -0.0502724 0)
(0 -0.0502724 0)
(0 -0.0501704 0)
(0 -0.050172 0)
(0 -0.0502763 0)
(0 -0.0502748 0)
(0 -0.0502724 0)
(0 -0.0501704 0)
(0 -0.0502738 0)
(0 -0.0501727 0)
(0 -0.050172 0)
(0 -0.0502763 0)
(0 -0.0502748 0)
(0 -0.0502724 0)
(0 -0.0502724 0)
(0 -0.0502724 0)
(0 -0.0502724 0)
(0 -0.0502724 0)
(0 -0.0501704 0)
(0 -0.0502738 0)
(0 -0.0502748 0)
(0 -0.0502724 0)
(0 -0.0502724 0)
(0 -0.0502724 0)
(0 -0.0501704 0)
(0 -0.0502738 0)
(0 -0.0502748 0)
(0 -0.0502724 0)
(0 -0.0502724 0)
(0 -0.0501704 0)
(0 -0.0502738 0)
(0 -0.0502748 0)
(0 -0.0502724 0)
(0 -0.0502724 0)
(0 -0.0502724 0)
(0 -0.0501704 0)
(0 -0.050172 0)
(0 -0.0502763 0)
(0 -0.0502748 0)
(0 -0.0502724 0)
(0 -0.0502724 0)
(0 -0.0502724 0)
(0 -0.0502724 0)
(0 -0.0502724 0)
(0 -0.0502724 0)
(0 -0.0502724 0)
(0 -0.0502724 0)
(0 -0.050063 0)
(0 -0.050277 0)
(0 -0.0502799 0)
(0 -0.0501704 0)
(0 -0.0502738 0)
(0 -0.0502748 0)
(0 -0.0502724 0)
(0 -0.0502724 0)
(0 -0.0502724 0)
(0 -0.050063 0)
(0 -0.0501754 0)
(0 -0.0502814 0)
(0 -0.0502748 0)
(0 -0.0502724 0)
(0 -0.0501704 0)
(0 -0.0502738 0)
(0 -0.0502748 0)
(0 -0.0502724 0)
(0 -0.0502724 0)
(0 -0.0501704 0)
(0 -0.0502738 0)
(0 -0.0502748 0)
(0 -0.00114565 0)
(0 -0.000108325 0)
(0 -0.0468584 0)
(0 -0.0489363 0)
(0 -0.049904 0)
(0 -0.0502891 0)
(0 -0.0502872 0)
(0 -0.0501704 0)
(0 -0.0502738 0)
(0 -0.0502748 0)
(0 -0.0502724 0)
(0 -0.0502724 0)
(0 -0.0502724 0)
(0 -0.0502724 0)
(0 -0.0502724 0)
(0 -0.0502724 0)
(0 -0.0502724 0)
(0 -0.0502724 0)
(0 -0.050063 0)
(0 -0.050277 0)
(0 -0.0501775 0)
(0 -0.050172 0)
(0 -0.0501743 0)
(0 -0.0502763 0)
(0 -0.0502748 0)
(0 -0.0502724 0)
(0 -0.0502724 0)
(0 -0.0502724 0)
(0 -0.0502724 0)
(0 -0.0502724 0)
(0 -0.0502724 0)
(0 -0.0501704 0)
(0 -0.0502738 0)
(0 -0.0502748 0)
(0 -0.0502724 0)
(0 -0.0502724 0)
(0 -0.0502724 0)
(0 -0.0502724 0)
(0 -0.0502724 0)
(0 -0.0502724 0)
(0 -0.0502724 0)
(0 -0.0502724 0)
(0 -0.0502724 0)
(0 -0.0502724 0)
(0 -0.0502724 0)
(0 -0.0502724 0)
(0 -0.0501704 0)
(0 -0.0502738 0)
(0 -0.0502748 0)
(0 -0.0502724 0)
(0 -0.0502724 0)
(0 -0.0502724 0)
(0 -0.0502724 0)
(0 -0.0499511 0)
(0 -0.0502815 0)
(0 -0.0502872 0)
(0 -0.0502724 0)
(0 -0.0502724 0)
(0 -0.0502724 0)
(0 -0.0502724 0)
(0 -0.050063 0)
(0 -0.050277 0)
(0 -0.0501775 0)
(0 -0.0502738 0)
(0 -0.0502748 0)
(0 -0.0501704 0)
(0 -0.050172 0)
(0 -0.0502763 0)
(0 -0.0502748 0)
(0 -0.0502724 0)
(0 -0.0502724 0)
(0 -0.0502724 0)
(0 -0.0502724 0)
(0 -0.0501704 0)
(0 -0.0502738 0)
(0 -0.00114565 0)
(0 -0.000108325 0)
(0 -0.0468584 0)
(0 -0.0489683 0)
(0 -0.0502083 0)
(0 -0.0502775 0)
(0 -0.0502724 0)
(0 -0.0502724 0)
(0 -0.0502724 0)
(0 -0.0502724 0)
(0 -0.0502724 0)
(0 -0.0502724 0)
(0 -0.0502724 0)
(0 -0.0502724 0)
(0 -0.0502724 0)
(0 -0.0502724 0)
(0 -0.0502724 0)
(0 -0.0502724 0)
(0 -0.0501704 0)
(0 -0.050172 0)
(0 -0.0502763 0)
(0 -0.0502748 0)
(0 -0.0502724 0)
(0 -0.0502724 0)
(0 -0.0502724 0)
(0 -0.0502724 0)
(0 -0.0501704 0)
(0 -0.0502738 0)
(0 -0.0502748 0)
(0 -0.0502724 0)
(0 -0.0502724 0)
(0 -0.0502724 0)
(0 -0.0502724 0)
(0 -0.0502724 0)
(0 -0.0501704 0)
(0 -0.050172 0)
(0 -0.0502763 0)
(0 -0.0502748 0)
(0 -0.0502724 0)
(0 -0.0502724 0)
(0 -0.0502724 0)
(0 -0.050063 0)
(0 -0.050277 0)
(0 -0.0502799 0)
(0 -0.0502724 0)
(0 -0.0502724 0)
(0 -0.050063 0)
(0 -0.050277 0)
(0 -0.0502799 0)
(0 -0.0502724 0)
(0 -0.0502724 0)
(0 -0.0501704 0)
(0 -0.0502738 0)
(0 -0.0501727 0)
(0 -0.0502738 0)
(0 -0.0502748 0)
(0 -0.0502724 0)
(0 -0.0502724 0)
(0 -0.0502724 0)
(0 -0.0502724 0)
(0 -0.0502724 0)
(0 -0.0502724 0)
(0 -0.0502724 0)
(0 -0.0502724 0)
(0 -0.0501704 0)
(0 -0.0502738 0)
(0 -0.0502748 0)
(0 -0.0502724 0)
(0 -0.0502724 0)
(0 -0.0502724 0)
(0 -0.0501704 0)
(0 -0.0502738 0)
(0 -0.0502748 0)
(0 -0.0502724 0)
(0 -0.0501704 0)
(0 -0.00114565 0)
(0 -0.000108325 0)
(0 -0.0468584 0)
(0 -0.0489683 0)
(0 -0.0501104 0)
(0 -0.050279 0)
(0 -0.0502748 0)
(0 -0.0502724 0)
(0 -0.0502724 0)
(0 -0.0502724 0)
(0 -0.0502724 0)
(0 -0.0502724 0)
(0 -0.0501704 0)
(0 -0.0502738 0)
(0 -0.0502748 0)
(0 -0.0502724 0)
(0 -0.0501704 0)
(0 -0.0502738 0)
(0 -0.0502748 0)
(0 -0.0502724 0)
(0 -0.0502724 0)
(0 -0.0502724 0)
(0 -0.0502724 0)
(0 -0.0502724 0)
(0 -0.0502724 0)
(0 -0.0502724 0)
(0 -0.0502724 0)
(0 -0.0501704 0)
(0 -0.0502738 0)
(0 -0.0500651 0)
(0 -0.0501754 0)
(0 -0.0502814 0)
(0 -0.0502748 0)
(0 -0.0502724 0)
(0 -0.0502724 0)
(0 -0.0502724 0)
(0 -0.0502724 0)
(0 -0.0502724 0)
(0 -0.0502724 0)
(0 -0.0502724 0)
(0 -0.0502724 0)
(0 -0.0502724 0)
(0 -0.0501704 0)
(0 -0.0502738 0)
(0 -0.0502748 0)
(0 -0.0502724 0)
(0 -0.0502724 0)
(0 -0.0502724 0)
(0 -0.0502724 0)
(0 -0.0502724 0)
(0 -0.0502724 0)
(0 -0.0502724 0)
(0 -0.0502724 0)
(0 -0.0502724 0)
(0 -0.0502724 0)
(0 -0.0502724 0)
(0 -0.050063 0)
(0 -0.050277 0)
(0 -0.0501775 0)
(0 -0.0500647 0)
(0 -0.0502794 0)
(0 -0.0502799 0)
(0 -0.0502724 0)
(0 -0.0502724 0)
(0 -0.0502724 0)
(0 -0.0502724 0)
(0 -0.0502724 0)
(0 -0.0501704 0)
(0 -0.0502738 0)
(0 -0.0502748 0)
(0 -0.0501704 0)
(0 -0.050172 0)
(0 -0.0502763 0)
(0 -0.0502748 0)
(0 -0.0502724 0)
(0 -0.00114565 0)
(0 -0.000108325 0)
(0 -0.0468584 0)
(0 -0.0489683 0)
(0 -0.0502083 0)
(0 -0.0501752 0)
(0 -0.0502738 0)
(0 -0.0502748 0)
(0 -0.0502724 0)
(0 -0.0502724 0)
(0 -0.0502724 0)
(0 -0.0502724 0)
(0 -0.0502724 0)
(0 -0.0502724 0)
(0 -0.0502724 0)
(0 -0.0502724 0)
(0 -0.0502724 0)
(0 -0.0502724 0)
(0 -0.0501704 0)
(0 -0.0502738 0)
(0 -0.0502748 0)
(0 -0.0501704 0)
(0 -0.0502738 0)
(0 -0.0501727 0)
(0 -0.0502738 0)
(0 -0.0502748 0)
(0 -0.0501704 0)
(0 -0.0502738 0)
(0 -0.0502748 0)
(0 -0.0502724 0)
(0 -0.0502724 0)
(0 -0.0501704 0)
(0 -0.0502738 0)
(0 -0.0502748 0)
(0 -0.0501704 0)
(0 -0.0502738 0)
(0 -0.0502748 0)
(0 -0.0502724 0)
(0 -0.0502724 0)
(0 -0.0502724 0)
(0 -0.0502724 0)
(0 -0.050063 0)
(0 -0.050277 0)
(0 -0.0502799 0)
(0 -0.0502724 0)
(0 -0.0502724 0)
(0 -0.0502724 0)
(0 -0.0502724 0)
(0 -0.0502724 0)
(0 -0.0502724 0)
(0 -0.0502724 0)
(0 -0.050063 0)
(0 -0.050277 0)
(0 -0.0501775 0)
(0 -0.0502738 0)
(0 -0.0502748 0)
(0 -0.0502724 0)
(0 -0.0499511 0)
(0 -0.0502815 0)
(0 -0.0501844 0)
(0 -0.0502738 0)
(0 -0.0502748 0)
(0 -0.0502724 0)
(0 -0.0502724 0)
(0 -0.0502724 0)
(0 -0.0501704 0)
(0 -0.050172 0)
(0 -0.0502763 0)
(0 -0.0501727 0)
(0 -0.0502738 0)
(0 -0.0502748 0)
(0 -0.0502724 0)
(0 -0.0501704 0)
(0 -0.0502738 0)
(0 -0.0502748 0)
(0 -0.00114565 0)
(0 -0.000108325 0)
(0 -0.0468584 0)
(0 -0.0489683 0)
(0 -0.0502083 0)
(0 -0.0502775 0)
(0 -0.0501704 0)
(0 -0.0502738 0)
(0 -0.0502748 0)
(0 -0.0502724 0)
(0 -0.0502724 0)
(0 -0.050063 0)
(0 -0.050277 0)
(0 -0.0502799 0)
(0 -0.0501704 0)
(0 -0.050172 0)
(0 -0.0502763 0)
(0 -0.0502748 0)
(0 -0.0502724 0)
(0 -0.0501704 0)
(0 -0.050172 0)
(0 -0.0499549 0)
(0 -0.0502839 0)
(0 -0.0502872 0)
(0 -0.0502724 0)
(0 -0.0502724 0)
(0 -0.0502724 0)
(0 -0.0502724 0)
(0 -0.0501704 0)
(0 -0.0502738 0)
(0 -0.0502748 0)
(0 -0.0501704 0)
(0 -0.0502738 0)
(0 -0.0502748 0)
(0 -0.0502724 0)
(0 -0.0502724 0)
(0 -0.0502724 0)
(0 -0.0502724 0)
(0 -0.0502724 0)
(0 -0.0502724 0)
(0 -0.0502724 0)
(0 -0.050063 0)
(0 -0.050277 0)
(0 -0.0501775 0)
(0 -0.0502738 0)
(0 -0.0501727 0)
(0 -0.0502738 0)
(0 -0.0502748 0)
(0 -0.050063 0)
(0 -0.050277 0)
(0 -0.0502799 0)
(0 -0.0502724 0)
(0 -0.0502724 0)
(0 -0.0502724 0)
(0 -0.0502724 0)
(0 -0.0501704 0)
(0 -0.0502738 0)
(0 -0.0501727 0)
(0 -0.050172 0)
(0 -0.0502763 0)
(0 -0.0502748 0)
(0 -0.0502724 0)
(0 -0.0501704 0)
(0 -0.0502738 0)
(0 -0.0502748 0)
(0 -0.0502724 0)
(0 -0.0502724 0)
(0 -0.050063 0)
(0 -0.050277 0)
(0 -0.0502799 0)
(0 -0.0501704 0)
(0 -0.050172 0)
(0 -0.0502763 0)
(0 -0.0502748 0)
(0 -0.0501704 0)
(0 -0.00114565 0)
(0 -0.000108325 0)
(0 -0.0468584 0)
(0 -0.0489683 0)
(0 -0.0502083 0)
(0 -0.0502775 0)
(0 -0.0502724 0)
(0 -0.0502724 0)
(0 -0.0502724 0)
(0 -0.0502724 0)
(0 -0.0502724 0)
(0 -0.0502724 0)
(0 -0.0502724 0)
(0 -0.0502724 0)
(0 -0.0502724 0)
(0 -0.0502724 0)
(0 -0.0502724 0)
(0 -0.0501704 0)
(0 -0.0500647 0)
(0 -0.0502794 0)
(0 -0.0502799 0)
(0 -0.0502724 0)
(0 -0.050063 0)
(0 -0.050277 0)
(0 -0.0502799 0)
(0 -0.0501704 0)
(0 -0.0502738 0)
(0 -0.0502748 0)
(0 -0.0502724 0)
(0 -0.0502724 0)
(0 -0.0502724 0)
(0 -0.0502724 0)
(0 -0.0502724 0)
(0 -0.0502724 0)
(0 -0.0502724 0)
(0 -0.0502724 0)
(0 -0.0502724 0)
(0 -0.0502724 0)
(0 -0.0502724 0)
(0 -0.0502724 0)
(0 -0.0502724 0)
(0 -0.0502724 0)
(0 -0.0502724 0)
(0 -0.0502724 0)
(0 -0.0502724 0)
(0 -0.0502724 0)
(0 -0.0502724 0)
(0 -0.0502724 0)
(0 -0.0502724 0)
(0 -0.0502724 0)
(0 -0.0502724 0)
(0 -0.0502724 0)
(0 -0.0502724 0)
(0 -0.0502724 0)
(0 -0.0502724 0)
(0 -0.0502724 0)
(0 -0.0502724 0)
(0 -0.0502724 0)
(0 -0.0502724 0)
(0 -0.0502724 0)
(0 -0.0502724 0)
(0 -0.0499511 0)
(0 -0.0502815 0)
(0 -0.0502872 0)
(0 -0.0502724 0)
(0 -0.0502724 0)
(0 -0.0502724 0)
(0 -0.0502724 0)
(0 -0.0502724 0)
(0 -0.0502724 0)
(0 -0.0502724 0)
(0 -0.0502724 0)
(0 -0.0502724 0)
(0 -0.0502724 0)
(0 -0.0502724 0)
(0 -0.00114565 0)
(0 -0.000108325 0)
(0 -0.0468584 0)
(0 -0.0489683 0)
(0 -0.0502083 0)
(0 -0.0501752 0)
(0 -0.0502738 0)
(0 -0.0502748 0)
(0 -0.0502724 0)
(0 -0.0502724 0)
(0 -0.0502724 0)
(0 -0.0502724 0)
(0 -0.0502724 0)
(0 -0.0501704 0)
(0 -0.0502738 0)
(0 -0.0502748 0)
(0 -0.0502724 0)
(0 -0.0502724 0)
(0 -0.0501704 0)
(0 -0.0502738 0)
(0 -0.0501727 0)
(0 -0.0502738 0)
(0 -0.0502748 0)
(0 -0.0501704 0)
(0 -0.0502738 0)
(0 -0.0502748 0)
(0 -0.0501704 0)
(0 -0.0502738 0)
(0 -0.0502748 0)
(0 -0.0501704 0)
(0 -0.050172 0)
(0 -0.0502763 0)
(0 -0.0502748 0)
(0 -0.0502724 0)
(0 -0.0502724 0)
(0 -0.0502724 0)
(0 -0.0502724 0)
(0 -0.0502724 0)
(0 -0.0502724 0)
(0 -0.0502724 0)
(0 -0.050063 0)
(0 -0.050277 0)
(0 -0.0502799 0)
(0 -0.0502724 0)
(0 -0.0502724 0)
(0 -0.0502724 0)
(0 -0.0502724 0)
(0 -0.0502724 0)
(0 -0.050063 0)
(0 -0.050277 0)
(0 -0.0502799 0)
(0 -0.0502724 0)
(0 -0.0501704 0)
(0 -0.0502738 0)
(0 -0.0501727 0)
(0 -0.0500647 0)
(0 -0.0502794 0)
(0 -0.0502799 0)
(0 -0.0502724 0)
(0 -0.0502724 0)
(0 -0.0502724 0)
(0 -0.0502724 0)
(0 -0.050063 0)
(0 -0.050277 0)
(0 -0.0502799 0)
(0 -0.0502724 0)
(0 -0.0502724 0)
(0 -0.0502724 0)
(0 -0.0502724 0)
(0 -0.0502724 0)
(0 -0.0502724 0)
(0 -0.0502724 0)
(0 -0.0502724 0)
(0 -0.0502724 0)
(0 -0.0502724 0)
(0 -0.00114565 0)
(0 -0.000108325 0)
(0 -0.0468584 0)
(0 -0.0489683 0)
(0 -0.0502083 0)
(0 -0.0501752 0)
(0 -0.0502738 0)
(0 -0.0502748 0)
(0 -0.0501704 0)
(0 -0.0502738 0)
(0 -0.0502748 0)
(0 -0.0502724 0)
(0 -0.0501704 0)
(0 -0.050172 0)
(0 -0.0502763 0)
(0 -0.0502748 0)
(0 -0.0501704 0)
(0 -0.0502738 0)
(0 -0.0502748 0)
(0 -0.0502724 0)
(0 -0.0502724 0)
(0 -0.0502724 0)
(0 -0.0502724 0)
(0 -0.0502724 0)
(0 -0.0502724 0)
(0 -0.0502724 0)
(0 -0.0502724 0)
(0 -0.0502724 0)
(0 -0.0502724 0)
(0 -0.0502724 0)
(0 -0.0502724 0)
(0 -0.0502724 0)
(0 -0.0502724 0)
(0 -0.0502724 0)
(0 -0.0502724 0)
(0 -0.0502724 0)
(0 -0.0502724 0)
(0 -0.0502724 0)
(0 -0.0502724 0)
(0 -0.0502724 0)
(0 -0.0502724 0)
(0 -0.0502724 0)
(0 -0.0502724 0)
(0 -0.0501704 0)
(0 -0.0502738 0)
(0 -0.0502748 0)
(0 -0.0502724 0)
(0 -0.0501704 0)
(0 -0.0502738 0)
(0 -0.0502748 0)
(0 -0.0502724 0)
(0 -0.0502724 0)
(0 -0.0501704 0)
(0 -0.0502738 0)
(0 -0.0502748 0)
(0 -0.0502724 0)
(0 -0.0502724 0)
(0 -0.0502724 0)
(0 -0.0502724 0)
(0 -0.0502724 0)
(0 -0.0502724 0)
(0 -0.0502724 0)
(0 -0.0501704 0)
(0 -0.0502738 0)
(0 -0.0502748 0)
(0 -0.0502724 0)
(0 -0.050063 0)
(0 -0.050277 0)
(0 -0.0500696 0)
(0 -0.050277 0)
(0 -0.0500696 0)
(0 -0.050277 0)
(0 -0.0502799 0)
(0 -0.0501704 0)
(0 -0.0502738 0)
(0 -0.00114565 0)
(0 -0.000108325 0)
(0 -0.0468584 0)
(0 -0.0489363 0)
(0 -0.050112 0)
(0 -0.0502814 0)
(0 -0.0502748 0)
(0 -0.0502724 0)
(0 -0.0502724 0)
(0 -0.0502724 0)
(0 -0.0502724 0)
(0 -0.0502724 0)
(0 -0.0502724 0)
(0 -0.0502724 0)
(0 -0.0502724 0)
(0 -0.0502724 0)
(0 -0.0502724 0)
(0 -0.0502724 0)
(0 -0.0502724 0)
(0 -0.0502724 0)
(0 -0.0501704 0)
(0 -0.0502738 0)
(0 -0.0502748 0)
(0 -0.0502724 0)
(0 -0.0502724 0)
(0 -0.0502724 0)
(0 -0.0502724 0)
(0 -0.0502724 0)
(0 -0.0502724 0)
(0 -0.0501704 0)
(0 -0.0502738 0)
(0 -0.0502748 0)
(0 -0.0502724 0)
(0 -0.0502724 0)
(0 -0.0502724 0)
(0 -0.0502724 0)
(0 -0.0502724 0)
(0 -0.0502724 0)
(0 -0.0502724 0)
(0 -0.0502724 0)
(0 -0.0502724 0)
(0 -0.0502724 0)
(0 -0.0502724 0)
(0 -0.0502724 0)
(0 -0.0502724 0)
(0 -0.0501704 0)
(0 -0.0502738 0)
(0 -0.0502748 0)
(0 -0.0502724 0)
(0 -0.0502724 0)
(0 -0.0502724 0)
(0 -0.0502724 0)
(0 -0.0501704 0)
(0 -0.0502738 0)
(0 -0.0502748 0)
(0 -0.0501704 0)
(0 -0.0500647 0)
(0 -0.0502794 0)
(0 -0.0502799 0)
(0 -0.0502724 0)
(0 -0.0502724 0)
(0 -0.0502724 0)
(0 -0.0502724 0)
(0 -0.0501704 0)
(0 -0.0502738 0)
(0 -0.0502748 0)
(0 -0.0502724 0)
(0 -0.0502724 0)
(0 -0.0502724 0)
(0 -0.0502724 0)
(0 -0.0501704 0)
(0 -0.0502738 0)
(0 -0.0502748 0)
(0 -0.0502724 0)
(0 -0.0502724 0)
(0 -0.00114565 0)
(0 -0.000108325 0)
(0 -0.0468584 0)
(0 -0.0489683 0)
(0 -0.0502083 0)
(0 -0.0502775 0)
(0 -0.0502724 0)
(0 -0.0502724 0)
(0 -0.0502724 0)
(0 -0.0502724 0)
(0 -0.050063 0)
(0 -0.050277 0)
(0 -0.0501775 0)
(0 -0.0502738 0)
(0 -0.0502748 0)
(0 -0.0502724 0)
(0 -0.0502724 0)
(0 -0.0502724 0)
(0 -0.0502724 0)
(0 -0.0502724 0)
(0 -0.0502724 0)
(0 -0.0502724 0)
(0 -0.0501704 0)
(0 -0.0502738 0)
(0 -0.0502748 0)
(0 -0.0502724 0)
(0 -0.050063 0)
(0 -0.050277 0)
(0 -0.0502799 0)
(0 -0.0501704 0)
(0 -0.0502738 0)
(0 -0.0502748 0)
(0 -0.0502724 0)
(0 -0.0501704 0)
(0 -0.050172 0)
(0 -0.0502763 0)
(0 -0.0502748 0)
(0 -0.0502724 0)
(0 -0.0502724 0)
(0 -0.0502724 0)
(0 -0.0501704 0)
(0 -0.0502738 0)
(0 -0.0501727 0)
(0 -0.0502738 0)
(0 -0.0502748 0)
(0 -0.0502724 0)
(0 -0.0502724 0)
(0 -0.0502724 0)
(0 -0.050063 0)
(0 -0.050277 0)
(0 -0.0502799 0)
(0 -0.0502724 0)
(0 -0.0501704 0)
(0 -0.0502738 0)
(0 -0.0501727 0)
(0 -0.0500647 0)
(0 -0.0502794 0)
(0 -0.0502799 0)
(0 -0.0501704 0)
(0 -0.050172 0)
(0 -0.0502763 0)
(0 -0.0502748 0)
(0 -0.0499511 0)
(0 -0.0502815 0)
(0 -0.0502872 0)
(0 -0.0502724 0)
(0 -0.0502724 0)
(0 -0.0502724 0)
(0 -0.0502724 0)
(0 -0.0502724 0)
(0 -0.0502724 0)
(0 -0.0501704 0)
(0 -0.0502738 0)
(0 -0.0502748 0)
(0 -0.0502724 0)
(0 -0.00114565 0)
(0 -0.000108325 0)
(0 -0.0468584 0)
(0 -0.0489683 0)
(0 -0.0502083 0)
(0 -0.0502775 0)
(0 -0.0502724 0)
(0 -0.0502724 0)
(0 -0.0502724 0)
(0 -0.0502724 0)
(0 -0.0502724 0)
(0 -0.0502724 0)
(0 -0.0502724 0)
(0 -0.0502724 0)
(0 -0.0501704 0)
(0 -0.0502738 0)
(0 -0.0501727 0)
(0 -0.0502738 0)
(0 -0.0502748 0)
(0 -0.0502724 0)
(0 -0.0502724 0)
(0 -0.0501704 0)
(0 -0.0502738 0)
(0 -0.0500651 0)
(0 -0.050277 0)
(0 -0.0502799 0)
(0 -0.0502724 0)
(0 -0.0501704 0)
(0 -0.0502738 0)
(0 -0.0502748 0)
(0 -0.050063 0)
(0 -0.050277 0)
(0 -0.0502799 0)
(0 -0.0502724 0)
(0 -0.0502724 0)
(0 -0.0501704 0)
(0 -0.050172 0)
(0 -0.0502763 0)
(0 -0.0502748 0)
(0 -0.0502724 0)
(0 -0.0502724 0)
(0 -0.0501704 0)
(0 -0.0502738 0)
(0 -0.0502748 0)
(0 -0.0501704 0)
(0 -0.050172 0)
(0 -0.0502763 0)
(0 -0.0502748 0)
(0 -0.0502724 0)
(0 -0.0502724 0)
(0 -0.0502724 0)
(0 -0.0502724 0)
(0 -0.0502724 0)
(0 -0.0502724 0)
(0 -0.0502724 0)
(0 -0.0502724 0)
(0 -0.0502724 0)
(0 -0.0502724 0)
(0 -0.0502724 0)
(0 -0.0502724 0)
(0 -0.0502724 0)
(0 -0.0502724 0)
(0 -0.0502724 0)
(0 -0.0502724 0)
(0 -0.0502724 0)
(0 -0.0502724 0)
(0 -0.0502724 0)
(0 -0.050063 0)
(0 -0.050277 0)
(0 -0.0501775 0)
(0 -0.0500647 0)
(0 -0.0502794 0)
(0 -0.0502799 0)
(0 -0.0501704 0)
(0 -0.0502738 0)
(0 -0.00114565 0)
(0 -0.000108325 0)
(0 -0.0468584 0)
(0 -0.0489683 0)
(0 -0.0502083 0)
(0 -0.0501752 0)
(0 -0.0502738 0)
(0 -0.0502748 0)
(0 -0.0502724 0)
(0 -0.0502724 0)
(0 -0.0502724 0)
(0 -0.0502724 0)
(0 -0.0502724 0)
(0 -0.0502724 0)
(0 -0.0501704 0)
(0 -0.050172 0)
(0 -0.0502763 0)
(0 -0.0502748 0)
(0 -0.0502724 0)
(0 -0.0502724 0)
(0 -0.0502724 0)
(0 -0.0502724 0)
(0 -0.0502724 0)
(0 -0.0502724 0)
(0 -0.0502724 0)
(0 -0.0502724 0)
(0 -0.0502724 0)
(0 -0.0502724 0)
(0 -0.0502724 0)
(0 -0.0501704 0)
(0 -0.050172 0)
(0 -0.0502763 0)
(0 -0.0502748 0)
(0 -0.0502724 0)
(0 -0.0502724 0)
(0 -0.0502724 0)
(0 -0.0502724 0)
(0 -0.0502724 0)
(0 -0.0502724 0)
(0 -0.0501704 0)
(0 -0.0502738 0)
(0 -0.0502748 0)
(0 -0.0502724 0)
(0 -0.0501704 0)
(0 -0.0502738 0)
(0 -0.0502748 0)
(0 -0.0502724 0)
(0 -0.0502724 0)
(0 -0.0501704 0)
(0 -0.0502738 0)
(0 -0.0502748 0)
(0 -0.0502724 0)
(0 -0.0502724 0)
(0 -0.0502724 0)
(0 -0.0502724 0)
(0 -0.0502724 0)
(0 -0.0502724 0)
(0 -0.0502724 0)
(0 -0.0499511 0)
(0 -0.0502815 0)
(0 -0.0501844 0)
(0 -0.0500647 0)
(0 -0.0502794 0)
(0 -0.0502799 0)
(0 -0.0502724 0)
(0 -0.0502724 0)
(0 -0.0502724 0)
(0 -0.0502724 0)
(0 -0.0502724 0)
(0 -0.0502724 0)
(0 -0.0501704 0)
(0 -0.0502738 0)
(0 -0.0502748 0)
(0 -0.0501704 0)
(0 -0.0502738 0)
(0 -0.0502814 0)
(0 -0.0502748 0)
(0 -0.0502794 0)
(0 -0.0502799 0)
(0 -0.0501704 0)
(0 -0.0502738 0)
(0 -0.0502724 0)
(0 -0.0502724 0)
(0 -0.0502724 0)
(0 -0.0502724 0)
(0 -0.0502724 0)
(0 -0.0502724 0)
(0 -0.0502748 0)
(0 -0.0502724 0)
(0 -0.0502724 0)
(0 -0.0501704 0)
(0 -0.0502748 0)
(0 -0.0502724 0)
(0 -0.0502748 0)
(0 -0.0502724 0)
(0 -0.0502763 0)
(0 -0.0501727 0)
(0 -0.0501704 0)
(0 -0.0502738 0)
(0 -0.0502738 0)
(0 -0.0501727 0)
(0 -0.0502724 0)
(0 -0.0501704 0)
(0 -0.0502799 0)
(0 -0.0502724 0)
(0 -0.0502724 0)
(0 -0.0502724 0)
(0 -0.049953 0)
(0 -0.0502815 0)
(0 -0.0502724 0)
(0 -0.0502724 0)
(0 -0.0502724 0)
(0 -0.0502724 0)
(0 -0.0502724 0)
(0 -0.0502724 0)
(0 -0.0501727 0)
(0 -0.0502738 0)
(0 -0.0502748 0)
(0 -0.0502724 0)
(0 -0.0502748 0)
(0 -0.0502724 0)
(0 -0.0501704 0)
(0 -0.0502738 0)
(0 -0.050063 0)
(0 -0.050277 0)
(0 -0.0502738 0)
(0 -0.0501727 0)
(0 -0.0502724 0)
(0 -0.0502724 0)
(0 -0.0502724 0)
(0 -0.0502724 0)
(0 -0.0501704 0)
(0 -0.0502738 0)
(0 -0.0502748 0)
(0 -0.0502724 0)
(0 -0.0501704 0)
(0 -0.0502738 0)
(0 -0.0499511 0)
(0 -0.0502815 0)
(0 -0.0502738 0)
(0 -0.0502748 0)
(0 -0.0502724 0)
(0 -0.0502724 0)
(0 -0.0502724 0)
(0 -0.050063 0)
(0 -0.0502891 0)
(0 -0.0502872 0)
(0 -0.0501727 0)
(0 -0.0500647 0)
(0 -0.0501704 0)
(0 -0.0502738 0)
(0 -0.0501727 0)
(0 -0.0502738 0)
(0 -0.0502738 0)
(0 -0.0502748 0)
(0 -0.050063 0)
(0 -0.050277 0)
(0 -0.0502724 0)
(0 -0.0502724 0)
(0 -0.0502738 0)
(0 -0.0501727 0)
(0 -0.0502724 0)
(0 -0.0502724 0)
(0 -0.0502724 0)
(0 -0.0502724 0)
(0 -0.0501727 0)
(0 -0.0502738 0)
(0 -0.050063 0)
(0 -0.050277 0)
(0 -0.0502724 0)
(0 -0.0502724 0)
(0 -0.0500651 0)
(0 -0.050277 0)
(0 -0.0502748 0)
(0 -0.0502724 0)
)


// ************************************************************************* //
