/*--------------------------------*- C++ -*----------------------------------*\
  =========                 |
  \\      /  F ield         | OpenFOAM: The Open Source CFD Toolbox
   \\    /   O peration     | Website:  https://openfoam.org
    \\  /    A nd           | Version:  12
     \\/     M anipulation  |
\*---------------------------------------------------------------------------*/
FoamFile
{
    format      ascii;
    class       volScalarField::Internal;
    location    "0.25";
    object      cloud:UCoeff;
}
// * * * * * * * * * * * * * * * * * * * * * * * * * * * * * * * * * * * * * //

dimensions      [1 0 0 0 0 0 0];

value           nonuniform List<scalar> 
3750
(
2.21646e-06
3.68819e-07
4.74664e-08
1.3036e-07
6.57971e-08
0
6.12898e-08
6.31352e-08
0
6.43016e-08
6.17859e-08
1.48351e-07
6.01991e-08
6.53832e-08
0
6.40589e-08
6.35843e-08
6.28782e-08
1.55288e-07
6.10317e-08
6.15355e-08
6.6959e-08
6.36047e-08
0
6.5399e-08
0
1.54881e-07
6.11013e-08
6.62347e-08
1.54039e-07
6.21155e-08
6.29213e-08
0
6.3792e-08
6.38309e-08
6.26054e-08
6.24709e-08
5.98683e-08
6.12589e-08
6.56774e-08
6.56004e-08
0
6.44796e-08
6.43136e-08
1.43432e-07
0
6.30617e-08
6.40511e-08
1.74475e-07
1.2782e-07
6.09061e-08
5.70693e-08
6.4928e-08
0
6.36136e-08
6.1632e-08
1.71727e-08
1.01546e-07
6.06115e-08
6.12274e-08
1.4707e-07
7.08686e-08
1.40268e-07
0
5.95511e-08
6.40425e-08
6.22894e-08
6.42449e-08
6.32789e-08
6.27752e-08
6.27739e-08
6.49381e-08
1.49842e-07
6.05376e-08
6.2498e-08
2.24053e-06
3.6336e-07
5.51966e-08
6.14423e-08
2.87506e-09
8.99796e-08
2.26416e-07
6.46341e-08
0
0
6.04918e-08
1.50805e-07
6.02804e-08
6.2478e-08
6.35949e-08
6.1582e-08
0
6.05167e-08
6.11649e-08
6.17375e-08
6.22464e-08
6.39377e-08
1.51188e-07
1.41282e-07
6.32693e-08
6.04931e-08
0
6.41216e-08
1.00413e-08
4.18253e-08
1.48381e-07
8.49155e-08
9.76512e-08
8.43419e-08
6.23971e-08
0
0
6.18209e-08
6.17414e-08
1.79296e-07
3.65784e-08
6.11741e-08
0
6.32809e-08
6.14982e-08
0
0
0
0
1.50231e-07
6.17693e-08
6.4031e-08
1.52887e-07
6.26654e-08
6.36163e-08
5.61757e-08
5.60972e-08
5.98798e-08
6.18771e-08
0
6.33959e-08
7.24726e-08
1.46303e-07
6.22645e-08
5.97612e-08
0
1.90152e-07
1.08436e-07
6.26581e-08
0
6.29701e-08
0
5.89795e-08
6.1661e-08
1.47188e-07
2.21229e-06
1.0913e-07
6.01605e-08
6.30972e-08
5.80603e-08
6.01581e-08
5.91182e-08
6.4369e-08
6.25405e-08
0
6.33656e-08
5.67448e-08
5.53743e-08
6.72547e-08
6.32511e-08
6.07124e-08
6.27326e-08
1.14903e-07
8.12535e-08
1.41207e-07
6.38237e-08
7.59957e-08
4.59677e-08
6.03022e-08
6.16123e-08
6.02678e-08
6.27566e-08
6.08933e-08
6.33828e-08
6.2862e-08
6.18535e-08
5.61212e-08
5.89305e-08
1.43254e-07
6.06889e-08
1.42369e-07
1.44896e-07
6.07821e-08
6.18705e-08
6.16479e-08
5.93853e-08
5.88154e-08
1.58646e-07
6.38399e-08
5.94631e-08
1.45502e-07
6.00215e-08
5.98079e-08
1.55856e-07
1.54134e-07
6.24849e-08
6.45854e-08
6.50188e-08
6.53241e-08
9.10676e-08
1.13955e-07
5.85024e-08
3.05704e-08
5.3648e-09
6.30969e-08
6.15802e-08
6.23958e-08
6.27906e-08
6.32945e-08
6.19167e-08
6.17543e-08
6.37851e-08
6.3168e-08
6.07159e-08
6.10747e-08
6.27199e-08
6.30628e-08
6.32953e-08
6.00809e-08
6.18834e-08
2.70199e-06
1.42897e-07
6.39196e-08
6.06403e-08
6.16523e-08
5.98442e-08
6.1931e-08
6.29116e-08
6.27986e-08
6.18368e-08
6.13793e-08
6.56478e-08
6.52768e-08
6.22147e-08
5.92351e-08
7.5298e-08
1.32513e-07
5.97536e-08
6.14282e-08
1.16283e-07
8.37544e-08
1.25721e-08
3.99822e-08
6.89193e-08
9.73712e-08
1.01317e-07
5.99455e-08
6.19028e-08
6.14666e-08
1.47634e-07
1.11814e-07
7.86413e-08
6.12768e-08
0
6.05624e-08
6.23327e-08
6.00035e-08
1.42514e-07
6.18712e-08
6.13244e-08
6.1783e-08
6.06401e-08
6.36681e-08
6.37546e-08
6.22813e-08
5.95227e-08
5.89048e-08
0
6.15336e-08
6.51545e-08
1.02131e-07
1.01917e-07
6.36887e-08
6.22837e-08
6.10006e-08
5.68092e-08
6.09479e-08
6.09898e-08
6.16508e-08
0
6.50741e-08
6.21353e-08
1.51909e-07
6.0528e-08
5.96229e-08
6.19703e-08
6.70683e-08
6.31203e-08
6.21194e-08
2.57813e-08
1.82765e-08
6.28814e-08
6.32637e-08
1.48426e-07
6.09831e-08
2.7076e-06
1.36598e-07
5.82669e-08
5.88648e-08
1.43104e-07
8.86139e-09
1.24766e-07
6.0911e-08
6.19984e-08
6.33044e-08
6.20523e-08
6.409e-08
6.49445e-08
6.53457e-08
0
0
0
6.2836e-08
6.1779e-08
8.69266e-08
4.20524e-08
5.65462e-08
6.20171e-08
6.32458e-08
6.38967e-08
1.87281e-08
1.12182e-07
6.20908e-08
1.11746e-07
6.54074e-09
0
0
7.67339e-08
6.49822e-08
4.47496e-08
6.26236e-08
6.13723e-08
6.03773e-08
6.04503e-08
5.99002e-08
6.24443e-08
6.56743e-08
6.41983e-08
6.26429e-08
6.29443e-08
6.32411e-08
6.83256e-09
5.13944e-08
6.13153e-08
6.11328e-08
1.54662e-07
6.18165e-08
6.15975e-08
6.25665e-08
6.20963e-08
6.09161e-08
7.10238e-08
9.20566e-08
7.27126e-08
7.2884e-09
5.44198e-08
5.78951e-08
1.19776e-07
7.67657e-08
6.09552e-08
0
6.43053e-08
6.358e-08
6.21312e-08
6.16237e-08
6.33821e-08
1.50959e-07
6.02461e-08
6.25169e-08
6.22066e-08
2.28445e-06
1.07847e-07
6.65763e-08
6.14956e-08
0
6.14348e-08
7.66878e-08
5.29202e-08
1.39233e-07
1.424e-07
2.80981e-08
6.30142e-08
6.46713e-08
0
6.39455e-08
6.26191e-08
1.5712e-07
0
0
0
6.35291e-08
6.42085e-08
6.30378e-08
6.17065e-08
9.59103e-09
4.40757e-08
6.32254e-08
6.41275e-08
6.08026e-08
6.06915e-08
1.49777e-07
6.03835e-08
6.30055e-08
6.08093e-08
6.08912e-08
5.62659e-08
6.12491e-08
5.95326e-08
6.02034e-08
6.39356e-08
6.18503e-08
6.03947e-08
6.35322e-08
6.03625e-08
5.99859e-08
1.51433e-07
1.58888e-07
5.13617e-09
8.61168e-08
1.09801e-07
6.06325e-08
6.13547e-08
6.15747e-08
6.28482e-08
6.31177e-08
6.09874e-08
1.53694e-07
6.05008e-08
6.04619e-08
6.21848e-08
6.58824e-08
6.30087e-08
6.2182e-08
6.32475e-08
2.57393e-08
9.41933e-08
3.04409e-08
3.92373e-08
3.45466e-08
5.94101e-08
1.51092e-07
6.06891e-08
6.21079e-08
6.04307e-08
6.12973e-08
2.20131e-06
4.12211e-08
1.46908e-07
1.42025e-07
1.44552e-07
0
0
1.20799e-07
3.72211e-09
9.50273e-09
6.17388e-08
6.12564e-08
0
6.48955e-08
6.27005e-08
1.59539e-07
6.29952e-08
6.08012e-08
6.10137e-08
6.09839e-08
6.09009e-08
6.37089e-08
1.55374e-07
6.23536e-08
6.26161e-08
6.17225e-08
6.17265e-08
6.25174e-08
6.42988e-08
1.27355e-08
7.91366e-08
1.09563e-07
6.05167e-08
5.85159e-08
6.02286e-08
6.41687e-08
7.95933e-08
4.63782e-08
0
2.38302e-09
1.08017e-07
3.89364e-08
3.7225e-08
6.3446e-08
1.45224e-07
6.15799e-08
6.73191e-08
6.56554e-08
0
0
6.19909e-08
1.17751e-07
1.69387e-08
4.9233e-08
6.46143e-08
6.22097e-08
8.64562e-08
5.30345e-08
7.12119e-08
1.23887e-07
6.58272e-08
6.39149e-08
3.30471e-08
1.36533e-09
6.41354e-08
6.15241e-08
6.49335e-08
6.17567e-08
5.93585e-08
5.96213e-08
6.29064e-08
6.96246e-08
1.48855e-07
6.24657e-08
6.57102e-08
2.78033e-06
2.24741e-07
6.15196e-08
6.04033e-08
5.81848e-08
6.07051e-08
6.21712e-08
6.29594e-08
1.06294e-07
1.55087e-07
7.4835e-08
6.48902e-08
1.46734e-07
8.754e-08
3.78729e-08
6.49862e-08
6.21887e-08
5.84816e-08
0
1.44023e-07
6.09918e-08
6.20744e-08
6.4126e-08
1.56123e-07
6.10595e-08
6.03044e-08
6.43226e-08
0
6.17061e-08
2.76939e-08
1.23935e-08
1.50402e-07
6.27067e-08
5.7865e-08
5.85096e-08
0
0
6.43135e-08
6.19007e-08
1.48838e-07
6.01583e-08
6.1588e-08
6.09511e-08
6.3305e-08
6.30503e-08
6.31209e-08
6.32345e-08
0
6.46241e-08
6.31057e-08
6.03328e-08
6.04958e-08
6.36643e-08
6.80786e-08
0
6.27568e-08
6.25105e-08
6.29146e-08
6.22144e-08
6.20983e-08
6.28682e-08
6.2217e-08
6.33834e-08
6.21294e-08
6.23896e-08
5.93253e-08
6.00855e-08
6.17389e-08
7.76771e-08
1.30843e-07
6.11876e-08
6.24196e-08
6.59582e-08
6.54851e-08
1.99869e-08
2.68216e-06
1.14894e-07
0
6.39749e-08
5.73833e-08
5.98539e-08
1.53957e-07
6.11064e-08
5.93186e-08
5.81364e-08
6.28279e-08
6.06357e-08
6.49043e-08
2.88877e-08
1.27289e-07
1.14966e-07
1.42896e-07
1.38028e-07
1.40092e-07
6.21104e-08
0
6.16765e-08
6.49063e-08
5.93327e-08
5.77933e-08
5.81646e-08
1.89627e-08
2.92115e-08
6.4381e-08
8.30439e-09
5.04065e-08
0
0
0
0
6.0431e-08
1.49381e-07
5.97443e-08
6.18507e-08
6.16898e-08
6.14458e-08
8.09143e-08
4.34139e-08
9.64886e-08
1.1476e-07
6.16203e-08
6.19451e-08
6.31198e-08
6.25482e-08
6.21369e-08
6.41384e-08
6.09752e-08
6.39808e-08
6.63402e-08
0
6.3234e-08
6.31432e-08
3.61649e-08
3.17224e-10
6.28436e-08
6.2834e-08
6.28823e-08
6.48392e-08
1.55147e-07
6.09313e-08
5.93628e-08
5.91514e-08
6.02534e-08
6.2068e-08
6.22765e-08
1.52941e-07
0
6.16533e-08
6.6983e-08
6.24421e-08
3.17664e-06
0
5.82222e-08
7.11796e-08
1.31439e-07
5.9518e-08
6.24212e-08
6.25688e-08
6.30156e-08
1.57339e-07
0
6.13209e-08
6.16005e-08
6.50757e-08
6.4515e-08
6.32598e-08
6.28488e-08
6.12708e-08
6.12184e-08
6.13943e-08
5.93277e-08
6.33458e-08
6.4543e-08
6.17555e-08
0
5.98531e-08
6.2006e-08
1.47841e-07
6.25389e-08
6.649e-08
6.52411e-08
6.46625e-08
6.001e-08
5.77629e-08
1.47078e-07
6.03663e-08
3.0146e-08
8.83621e-09
6.10379e-08
6.24873e-08
6.20703e-08
6.22261e-08
1.14584e-07
8.93659e-08
6.25317e-08
0
0
6.21727e-08
6.16886e-08
6.18977e-08
6.10712e-08
6.10615e-08
6.29958e-08
6.66271e-08
0
6.31309e-08
6.03193e-08
6.57105e-08
6.56963e-08
1.64234e-08
3.10346e-08
6.17276e-08
6.3381e-08
6.38724e-08
9.53494e-08
1.0707e-07
6.02052e-08
5.97973e-08
6.20657e-08
6.24963e-08
5.75345e-08
5.83452e-08
6.63221e-08
6.96017e-08
8.38522e-09
2.19418e-06
1.3871e-07
5.71753e-08
6.11258e-08
6.06459e-08
6.03262e-08
6.07428e-08
0
6.24916e-08
6.43564e-08
6.33509e-08
6.04387e-08
6.33638e-08
6.36777e-08
2.21027e-08
2.31097e-08
6.28829e-08
6.23626e-08
6.15523e-08
1.43603e-07
6.46578e-08
6.35211e-08
6.37917e-08
6.36867e-08
6.17049e-08
6.18697e-08
6.21272e-08
0
6.57611e-08
6.37601e-08
6.32375e-08
6.36177e-08
1.51057e-07
5.91993e-08
6.05945e-08
5.95571e-08
6.23905e-08
3.19046e-08
7.65138e-08
6.05248e-08
6.06658e-08
6.17199e-08
6.29201e-08
6.44523e-08
6.42125e-08
6.44713e-08
6.30648e-08
6.17791e-08
6.04211e-08
1.09354e-07
9.49741e-08
1.13792e-08
4.22892e-08
6.41721e-08
6.40785e-08
6.2291e-08
6.2258e-08
6.43177e-08
6.34439e-08
6.27324e-08
6.24944e-08
1.1859e-07
8.49767e-08
0
6.17909e-08
6.20456e-08
6.20282e-08
6.05913e-08
5.9285e-08
6.33018e-08
6.03017e-08
6.01532e-08
6.81613e-08
6.96703e-08
6.49349e-08
2.23052e-06
3.54101e-07
5.53535e-08
6.20136e-08
6.06038e-08
6.10441e-08
6.32908e-08
1.54815e-07
6.62962e-08
6.27014e-08
6.20882e-08
6.47995e-08
6.54494e-08
7.71728e-09
8.55631e-08
5.26864e-08
4.33181e-08
5.3755e-08
6.22074e-08
6.18465e-08
8.00419e-08
1.2943e-07
6.32367e-08
1.22184e-08
1.23594e-07
6.07443e-08
6.03486e-08
6.12163e-08
6.14251e-08
6.25065e-08
1.56992e-07
6.24414e-08
6.01723e-08
6.01074e-08
6.08985e-08
6.19074e-08
6.19989e-08
5.97698e-08
6.02063e-08
6.08096e-08
6.08198e-08
9.88958e-08
1.07037e-07
6.38145e-08
0
6.36e-08
5.90546e-08
1.44888e-07
1.43038e-07
0
6.26968e-08
6.4979e-08
6.67659e-08
2.77557e-08
1.33863e-08
1.09046e-07
8.6983e-08
6.09904e-08
6.4598e-08
6.33433e-08
6.76705e-08
1.20225e-07
1.43996e-09
6.24256e-08
6.25772e-08
6.30567e-08
5.83181e-08
6.13638e-08
6.0308e-08
6.13046e-08
6.09697e-08
6.14907e-08
6.35112e-08
6.40645e-08
1.56438e-07
1.84008e-06
1.43365e-07
6.00269e-08
6.09426e-08
6.21049e-08
6.28457e-08
6.22478e-08
6.44144e-08
6.43015e-08
6.18924e-08
2.7357e-08
9.38487e-08
6.27879e-08
6.24714e-08
6.35353e-08
6.27003e-08
6.15704e-08
6.21248e-08
2.3644e-08
2.00484e-08
6.2772e-08
6.4558e-08
6.33248e-08
6.19051e-08
5.9656e-08
6.03634e-08
1.52589e-07
6.02683e-08
6.60638e-08
6.55285e-08
6.29919e-08
6.38974e-08
6.14372e-08
6.27536e-08
6.11556e-08
8.82791e-08
1.16002e-07
6.06844e-08
6.01062e-08
6.09519e-08
6.12131e-08
6.18305e-08
6.36994e-08
6.44912e-08
6.64622e-08
1.43991e-07
5.9946e-08
6.09789e-08
5.99489e-08
6.10282e-08
6.33346e-08
5.9274e-08
6.52534e-08
6.41366e-08
1.46358e-07
8.2451e-08
3.83567e-08
7.58913e-08
9.91631e-08
9.18179e-08
6.3362e-08
6.46762e-08
6.18359e-08
5.94345e-08
6.36896e-08
6.01835e-08
5.77551e-08
6.06518e-08
6.06239e-08
6.2171e-08
6.12351e-08
6.27812e-08
6.31406e-08
6.41533e-08
6.3191e-08
3.22719e-06
1.39617e-07
9.20672e-09
4.09037e-08
6.25679e-08
6.36256e-08
6.18485e-08
6.29167e-08
6.3341e-08
6.23607e-08
6.47317e-08
6.5099e-08
6.35086e-08
1.559e-07
6.46537e-08
0
6.07821e-08
6.2007e-08
6.35259e-08
2.76742e-08
4.6417e-08
1.01983e-07
6.23458e-08
5.97025e-08
6.27848e-08
6.25227e-08
6.60208e-08
6.48539e-08
6.24782e-08
6.25567e-08
6.12114e-08
6.35853e-08
6.37154e-08
6.21233e-08
6.10024e-08
6.17749e-08
1.23995e-07
7.5048e-08
5.98732e-08
6.15412e-08
6.12614e-08
6.19974e-08
6.54945e-08
0
6.27939e-08
6.27632e-08
6.26062e-08
6.2312e-08
6.24227e-08
6.13608e-08
0
6.62036e-08
3.4435e-08
2.44325e-09
0
1.53051e-07
6.30055e-08
5.95208e-08
6.43963e-08
6.66314e-08
6.66984e-08
6.54599e-08
0
6.21914e-08
6.33276e-08
6.1595e-08
6.17065e-08
6.08808e-08
1.46907e-07
6.33461e-08
6.2422e-08
6.50413e-08
6.31627e-08
7.06971e-08
5.33463e-08
2.26453e-06
2.07446e-07
5.64379e-08
6.21726e-08
6.14608e-08
6.14089e-08
6.37218e-08
6.24001e-08
6.32337e-08
6.64481e-08
6.75211e-08
6.52528e-08
6.10799e-08
6.02123e-08
2.9078e-08
5.88553e-08
3.41627e-08
8.34724e-08
1.04704e-07
1.12434e-08
1.23715e-07
5.7522e-08
6.06886e-08
6.14427e-08
5.95575e-08
6.39393e-08
6.62008e-08
1.72608e-08
3.44928e-08
6.17043e-08
6.10129e-08
6.20853e-08
6.13662e-08
6.20688e-08
6.2672e-08
6.23403e-08
6.34652e-08
6.0906e-08
6.34519e-08
1.52501e-07
1.40199e-08
3.77431e-08
6.19361e-08
6.2757e-08
6.18317e-08
6.45425e-08
2.42373e-08
1.95154e-08
6.18197e-08
6.06371e-08
7.30151e-08
8.25137e-08
1.21201e-07
6.3457e-08
6.10687e-08
6.054e-08
6.32838e-08
6.25263e-08
6.28509e-08
6.58889e-08
2.03493e-08
8.09805e-08
1.13383e-08
6.23747e-08
6.26083e-08
6.91419e-08
6.79437e-08
4.9437e-08
5.95124e-08
6.20779e-08
6.23217e-08
1.56066e-07
6.18719e-08
6.57353e-08
1.47139e-07
2.19907e-06
1.61791e-07
6.73011e-08
6.06747e-08
6.24045e-08
6.46681e-08
6.50458e-08
6.16603e-08
6.26068e-08
6.37143e-08
0
6.61122e-08
6.40651e-08
6.14996e-08
6.22937e-08
6.30828e-08
6.2872e-08
8.56217e-08
1.26506e-07
6.34917e-08
5.89328e-08
5.83372e-08
6.08444e-08
6.05012e-08
6.1409e-08
6.38162e-08
0
6.37773e-08
6.64647e-08
6.32923e-08
6.22573e-08
6.08398e-08
6.08727e-08
6.51837e-08
6.3945e-08
6.28256e-08
6.23559e-08
6.26807e-08
6.20976e-08
6.24452e-08
6.34697e-08
6.24199e-08
6.21018e-08
6.45852e-08
6.26688e-08
6.68312e-08
0
6.24405e-08
6.18604e-08
1.18217e-07
8.07872e-08
6.01215e-08
6.34499e-08
7.35215e-08
6.72015e-08
5.01428e-08
6.38332e-08
6.25835e-08
6.12214e-08
6.16732e-08
6.2774e-08
5.82877e-08
6.13661e-08
6.04128e-08
6.04927e-08
6.26232e-08
6.27396e-08
6.1951e-08
6.18539e-08
0
0
0
6.44411e-08
9.95366e-08
1.0121e-07
2.77627e-06
2.80812e-07
5.89083e-08
6.03014e-08
6.37327e-08
6.39272e-08
6.33451e-08
6.22173e-08
5.95395e-08
6.0437e-08
6.64885e-08
0
6.51792e-08
6.16799e-08
6.06759e-08
1.51781e-07
6.08713e-08
6.11339e-08
6.30243e-08
6.37883e-08
6.04951e-08
5.96819e-08
6.0483e-08
6.15175e-08
6.21966e-08
6.32585e-08
7.87437e-09
5.13516e-08
6.21943e-08
6.30666e-08
6.31636e-08
6.14349e-08
6.12365e-08
6.28045e-08
8.27846e-08
9.17249e-08
6.80172e-08
1.91398e-08
5.04396e-08
6.33362e-08
6.59304e-08
6.54852e-08
6.17674e-08
6.39107e-08
0
6.265e-08
6.32518e-08
6.15429e-08
1.54711e-07
6.19321e-08
6.21835e-08
6.21614e-08
6.38355e-08
6.33218e-08
6.15791e-08
6.15931e-08
6.28744e-08
6.15238e-08
6.1129e-08
6.2852e-08
6.32278e-08
1.53987e-07
5.98098e-08
5.97074e-08
6.16811e-08
6.09266e-08
6.23328e-08
6.13866e-08
6.02332e-08
1.45971e-07
5.90309e-08
6.29261e-08
0
0
6.88832e-08
2.26034e-07
3.93234e-07
6.41113e-08
6.46545e-08
6.08086e-08
6.11349e-08
1.56858e-07
6.21211e-08
6.13731e-08
6.28569e-08
6.36219e-08
6.24577e-08
6.18415e-08
6.11882e-08
6.20792e-08
6.35817e-08
6.2412e-08
6.54711e-08
2.40932e-08
3.41308e-08
5.05748e-08
6.1117e-08
6.06723e-08
6.17709e-08
6.26989e-08
6.30413e-08
6.21309e-08
6.29755e-08
6.31809e-08
6.11428e-08
6.15951e-08
6.09628e-08
6.03478e-08
1.52386e-07
6.10408e-08
6.16519e-08
6.42528e-08
0
6.28237e-08
6.19608e-08
6.26768e-08
6.29571e-08
4.60793e-09
5.45112e-08
6.35496e-08
6.36796e-08
6.30947e-08
6.13737e-08
5.93887e-08
6.44207e-08
1.58595e-07
6.44993e-08
2.06575e-08
2.57198e-08
6.69162e-08
1.50343e-07
6.36267e-08
5.9477e-08
6.04681e-08
8.18808e-08
1.28358e-07
6.10365e-08
6.18387e-08
6.34858e-08
6.32382e-08
6.18713e-08
6.26024e-08
6.12816e-08
5.99341e-08
5.83846e-08
1.43907e-07
1.52586e-07
1.50925e-07
1.50693e-07
0
3.84386e-06
3.03831e-08
6.71968e-08
6.35374e-08
6.24427e-08
6.38309e-08
6.32857e-08
7.90553e-08
1.40537e-07
6.2527e-08
6.13131e-08
6.17187e-08
6.2949e-08
6.01093e-08
5.86397e-08
6.03746e-08
6.42931e-08
0
6.3154e-08
6.4721e-08
0
6.20604e-08
6.04534e-08
6.12872e-08
6.19616e-08
1.55591e-07
6.20238e-08
6.12674e-08
6.1614e-08
6.08009e-08
6.04479e-08
6.04661e-08
7.84478e-08
1.25204e-07
6.64451e-08
6.31166e-08
6.42803e-08
6.56065e-08
0
6.14852e-08
6.2106e-08
6.20485e-08
6.25454e-08
6.20147e-08
5.96138e-08
6.39731e-08
6.33342e-08
6.00937e-08
6.35696e-08
6.48677e-08
0
6.43545e-08
6.37649e-08
6.14184e-08
6.20165e-08
1.57147e-07
6.22166e-08
6.13633e-08
5.99976e-08
6.18505e-08
6.15494e-08
6.20994e-08
6.60679e-08
6.52454e-08
2.38827e-08
1.89239e-08
6.19894e-08
6.19051e-08
6.07731e-08
5.94589e-08
6.07683e-08
6.30657e-08
6.30928e-08
6.30214e-08
6.22484e-08
1.86609e-06
1.16221e-07
5.80549e-08
6.30111e-08
6.15563e-08
6.64047e-08
1.53576e-07
6.59172e-08
6.52385e-08
6.43571e-08
6.05553e-08
6.10958e-08
6.24264e-08
5.87217e-08
2.34143e-08
6.54624e-08
1.62656e-08
6.33561e-08
6.27644e-08
2.27537e-08
2.32575e-08
6.441e-08
6.35605e-08
6.05952e-08
1.53832e-07
6.56488e-08
6.4792e-08
6.26068e-08
5.97281e-08
6.13397e-08
6.0234e-08
6.13412e-08
6.1592e-08
6.1784e-08
1.5617e-07
6.43294e-08
2.03749e-08
6.80884e-08
4.39971e-08
4.03876e-08
6.01301e-08
6.17591e-08
6.10551e-08
6.08465e-08
1.5686e-07
6.43288e-08
6.30686e-08
6.01626e-08
0
6.24293e-08
6.49117e-08
6.55375e-08
6.15683e-08
6.08738e-08
6.26974e-08
0
1.9089e-09
1.02e-07
1.02666e-07
0
6.26639e-08
0
6.25881e-08
6.47031e-08
6.38677e-08
0
6.19695e-08
6.29113e-08
0
6.12015e-08
6.74435e-08
3.32948e-08
7.75529e-08
1.7501e-10
0
1.92736e-06
4.3695e-07
5.64231e-08
0
6.32198e-08
6.74602e-08
6.44298e-08
6.38145e-08
6.21226e-08
6.27107e-08
6.31913e-08
6.24429e-08
6.18388e-08
6.1073e-08
6.29759e-08
0
9.80869e-08
1.45793e-07
1.65768e-08
3.24834e-08
6.33515e-08
9.67588e-08
8.41446e-08
8.42933e-08
6.30898e-08
6.21679e-08
6.30999e-08
6.23888e-08
6.40005e-08
8.67778e-08
5.17894e-08
4.55547e-08
6.10288e-08
6.27346e-08
6.46598e-08
6.40086e-08
6.21868e-08
6.22662e-08
6.2354e-08
6.23436e-08
6.17029e-08
8.88667e-08
5.85682e-08
1.18558e-07
6.18929e-08
6.21771e-08
6.30095e-08
6.26662e-08
0
6.20939e-08
6.43803e-08
6.40099e-08
6.23677e-08
1.10209e-07
1.05352e-08
6.47737e-08
6.51688e-08
6.07848e-08
1.0105e-07
8.92821e-08
6.01544e-08
6.09298e-08
6.33152e-08
1.57516e-08
3.52443e-08
6.31042e-08
6.22595e-08
6.36585e-08
2.8265e-08
9.66913e-09
6.25834e-08
6.37544e-08
6.26583e-08
1.23318e-07
6.16173e-08
2.562e-06
2.29773e-07
1.71784e-08
1.42316e-07
6.20358e-08
0
0
3.28568e-08
7.69157e-08
6.24783e-08
6.37484e-08
6.22136e-08
6.11221e-08
6.10201e-08
1.56371e-07
5.89436e-08
9.82738e-08
6.93502e-08
1.54653e-07
4.09591e-08
6.08198e-08
6.01958e-08
6.09437e-08
6.49698e-08
6.27573e-08
6.18527e-08
6.14374e-08
6.40258e-08
6.23863e-08
6.19404e-08
7.0726e-08
5.60898e-08
6.27562e-08
5.98831e-08
6.43545e-08
2.15741e-08
4.51693e-08
4.40683e-08
6.42657e-08
6.51523e-08
1.45277e-07
5.91308e-08
5.98827e-08
6.67431e-08
6.47051e-08
6.15976e-08
6.23007e-08
6.17783e-08
6.12052e-08
6.23555e-08
6.20722e-08
6.32901e-08
1.1473e-07
8.74076e-08
1.54085e-07
1.56346e-07
1.57043e-08
1.13698e-07
5.82286e-08
6.18796e-08
2.43843e-08
1.75414e-08
6.26529e-08
6.42024e-08
6.37285e-08
6.35167e-08
6.2511e-08
6.22874e-08
6.126e-08
1.45503e-07
6.00732e-08
6.16813e-08
6.32314e-08
6.27855e-08
1.47356e-07
1.97157e-06
7.13507e-08
7.29412e-08
4.73059e-08
1.50294e-07
6.22824e-08
1.48513e-07
1.48139e-07
6.33535e-08
6.0441e-08
1.48413e-07
5.92443e-08
5.97084e-08
1.52338e-07
0
0
0
0
6.69215e-08
1.4596e-07
6.02488e-08
6.12533e-08
6.24924e-08
6.35859e-08
1.13888e-08
6.19801e-08
1.23087e-07
6.16246e-08
6.18027e-08
6.21575e-08
6.37918e-08
6.5095e-08
6.31041e-08
6.38797e-08
6.18727e-08
6.04796e-08
6.27086e-08
3.47676e-08
8.02731e-08
6.20697e-08
6.04446e-08
6.07163e-08
6.16664e-08
6.25547e-08
6.26196e-08
6.38255e-08
6.34578e-08
6.19683e-08
6.21005e-08
6.02424e-08
6.33948e-08
6.4599e-08
0
6.42539e-08
6.22181e-08
6.28439e-08
6.40363e-08
5.8375e-08
0
6.23187e-08
5.9008e-08
6.16782e-08
6.16715e-08
6.10515e-08
1.57283e-07
6.16979e-08
1.43483e-07
6.67903e-08
6.76531e-08
4.79454e-08
6.19065e-08
6.49183e-08
6.37164e-08
4.11633e-09
5.53148e-08
9.54257e-07
6.62576e-07
2.96437e-07
5.9913e-08
5.44167e-08
0
6.17301e-08
6.45342e-08
2.23657e-08
2.56905e-08
6.28488e-08
6.33623e-08
9.36559e-08
1.12285e-07
1.11021e-07
8.49355e-08
6.09556e-08
6.12989e-08
0
0
3.07028e-08
7.20123e-09
6.25396e-08
6.24062e-08
6.35771e-08
6.38112e-08
6.19836e-08
6.1516e-08
6.30138e-08
6.25593e-08
6.21094e-08
6.31632e-08
6.3076e-08
6.19101e-08
6.31017e-08
5.95616e-08
6.22149e-08
6.15022e-08
6.38735e-08
6.28068e-08
6.18113e-08
6.15424e-08
6.2391e-08
6.28094e-08
8.30196e-08
4.3967e-08
6.29313e-08
1.4711e-07
1.45492e-07
5.8844e-08
6.23877e-08
0
1.56279e-07
6.2822e-08
6.19794e-08
6.29397e-08
6.3525e-08
6.32109e-08
6.29526e-08
6.23836e-08
6.28891e-08
6.23197e-08
6.17708e-08
6.26697e-08
1.54423e-07
6.07184e-08
6.2456e-08
6.11251e-08
6.22472e-08
6.28334e-08
6.18552e-08
6.40415e-08
0
6.30078e-08
6.25357e-08
1.71055e-06
4.39997e-07
4.21365e-08
6.59815e-08
6.27712e-09
5.06148e-08
6.27288e-08
6.4225e-08
6.47809e-08
6.32095e-08
6.39081e-08
0
6.15299e-08
6.24477e-08
6.12188e-08
1.53341e-07
5.94418e-08
6.23158e-08
1.43504e-07
6.1222e-08
6.18221e-08
6.33144e-08
6.21162e-08
6.10125e-08
6.18619e-08
6.30206e-08
6.40056e-08
6.31877e-08
6.25182e-08
6.43464e-08
6.35295e-08
6.32404e-08
6.29507e-08
6.25434e-08
7.79265e-08
1.27376e-07
5.87671e-08
6.33492e-08
6.618e-08
9.08006e-09
4.52497e-08
6.25366e-08
6.33963e-08
6.40038e-08
7.23997e-08
5.19881e-08
6.22754e-08
0
6.40527e-08
1.49356e-07
6.24786e-08
6.3305e-08
6.70825e-08
3.26906e-08
5.53206e-09
6.26622e-08
6.42039e-08
6.39419e-08
6.25255e-08
6.15686e-08
6.0964e-08
6.68931e-08
6.39893e-08
6.15765e-08
1.12955e-07
4.47898e-08
6.39972e-08
1.25226e-08
1.18435e-07
6.10601e-08
6.31699e-08
6.67044e-08
0
6.15183e-08
6.15301e-08
1.02405e-06
6.75144e-07
4.64304e-08
6.36775e-08
6.20252e-08
6.3177e-08
9.01766e-08
1.22826e-07
7.63842e-09
1.36504e-07
0
6.30058e-08
6.24003e-08
6.22078e-08
6.35365e-08
6.36387e-08
6.25897e-08
6.12375e-08
7.64857e-08
1.28542e-07
6.07338e-08
6.16786e-08
6.28873e-08
6.20738e-08
6.44659e-08
1.06689e-08
4.70837e-08
6.76333e-08
6.40765e-08
6.03783e-08
6.20897e-08
8.02652e-08
1.32721e-07
6.03337e-08
1.52116e-07
5.97735e-08
6.13532e-08
6.47116e-08
0
6.29037e-08
5.4471e-08
6.37521e-08
2.82293e-08
1.21292e-08
6.05545e-08
1.45074e-07
1.95453e-07
1.04298e-07
0
8.25932e-09
1.3153e-07
6.21314e-08
6.2086e-08
6.3517e-08
0
6.18944e-08
8.39125e-08
8.45442e-08
1.04001e-07
5.90336e-08
6.06796e-08
6.19397e-08
6.21781e-08
6.17789e-08
0
1.9606e-08
6.54486e-08
6.26649e-08
0
6.0409e-08
7.44006e-08
1.39471e-07
6.38636e-08
6.30853e-08
6.24841e-08
2.82912e-06
8.65786e-08
1.32567e-07
6.1007e-08
5.97897e-08
0
6.24474e-08
6.26976e-08
6.3664e-08
6.25058e-08
6.2051e-08
0
6.19486e-08
8.98534e-08
6.11365e-08
3.55962e-08
6.18267e-08
6.29666e-08
5.97437e-08
1.4812e-07
6.0672e-08
6.23387e-08
6.09767e-08
1.53484e-07
6.32006e-08
6.55177e-08
6.55761e-08
6.424e-08
5.96599e-08
6.24688e-08
6.39083e-08
6.31267e-08
6.08894e-08
6.13309e-08
6.16181e-08
6.14418e-08
6.15062e-08
8.17966e-08
4.73362e-08
6.39994e-08
6.22466e-08
0
6.32996e-08
1.47905e-07
0
6.08033e-08
6.24791e-08
6.09984e-08
5.92863e-08
6.2002e-08
1.5096e-07
5.9516e-08
6.08743e-08
6.25924e-08
6.30311e-08
6.27614e-08
6.41191e-08
6.31226e-08
6.17522e-08
5.93243e-08
6.08209e-08
6.22786e-08
6.18694e-08
6.13531e-08
6.27404e-08
1.55956e-07
6.45441e-10
6.24509e-08
1.43929e-07
6.12673e-08
6.55035e-08
6.60538e-08
6.74334e-08
6.50996e-08
9.31851e-08
9.588e-07
3.87647e-07
5.78475e-08
6.13689e-08
2.36996e-08
1.71859e-08
1.4655e-07
1.5045e-07
2.57726e-08
3.70931e-08
3.82138e-08
7.95429e-08
1.3264e-07
6.31107e-08
6.09659e-08
2.77329e-09
6.12541e-08
6.50302e-08
6.15071e-08
0
6.02075e-08
6.98383e-08
1.02052e-07
2.94783e-08
6.57704e-08
9.05641e-08
7.26314e-08
8.76973e-08
6.0992e-08
6.04382e-08
6.10762e-08
6.34e-08
6.31339e-08
6.18775e-08
6.31079e-08
5.94705e-08
6.42606e-08
2.37662e-08
2.13179e-08
6.21367e-08
6.19636e-08
6.2666e-08
6.40777e-08
0
0
0
6.22159e-08
6.13038e-08
1.55635e-07
6.14144e-08
6.21377e-08
6.23795e-08
6.19908e-08
6.29805e-08
6.29915e-08
6.16147e-08
6.60025e-08
6.27313e-08
6.22682e-08
6.07055e-08
6.15973e-08
6.28139e-08
6.36448e-08
6.23563e-08
1.46377e-07
0
1.52198e-07
5.91717e-08
5.80588e-08
6.36884e-08
6.58187e-08
6.65541e-08
6.51415e-08
6.16787e-08
6.27446e-08
1.59232e-06
7.15266e-07
1.62304e-07
8.67741e-08
0
1.47036e-07
6.21276e-08
6.04926e-08
1.48158e-07
1.4332e-07
6.02746e-08
6.25183e-08
6.38276e-08
5.63163e-08
5.75698e-08
6.45589e-08
6.35377e-08
6.43611e-08
3.21808e-08
4.30703e-08
1.08056e-07
6.20026e-08
6.02366e-08
6.08342e-08
6.19779e-08
6.40122e-08
6.31687e-08
6.19175e-08
6.10447e-08
6.1445e-08
6.30433e-08
6.42884e-08
6.39899e-08
6.28556e-08
6.27617e-08
6.38017e-08
2.42224e-08
1.99698e-08
6.08839e-08
6.10794e-08
6.14557e-08
1.56436e-07
1.19167e-07
6.38662e-08
8.00645e-08
1.27014e-07
6.14268e-08
7.05732e-08
1.42129e-07
6.41984e-08
0
6.23394e-08
6.10648e-08
6.26309e-08
6.24454e-08
5.90374e-08
6.11492e-08
6.26852e-08
6.33016e-08
6.24826e-08
9.89196e-08
7.50008e-08
7.20488e-08
1.47977e-08
5.08082e-08
1.44546e-07
6.13075e-08
6.25499e-08
6.15407e-08
6.3618e-08
6.41864e-08
6.48917e-08
6.49768e-08
6.47435e-08
6.22899e-08
5.59964e-07
5.62894e-07
1.23874e-07
6.21466e-08
6.26697e-08
0
0
0
0
6.27422e-08
5.95482e-08
6.17728e-08
6.50911e-08
2.86829e-08
8.22273e-08
6.003e-08
6.43366e-08
3.3806e-08
2.14707e-08
4.44623e-08
6.03618e-08
6.32014e-08
6.20706e-08
1.15172e-07
8.26224e-08
6.50983e-08
5.55799e-09
5.19647e-08
6.23054e-08
6.2283e-08
6.22409e-08
6.2927e-08
6.66318e-08
0
6.32399e-08
6.21303e-08
9.32785e-08
9.59859e-08
7.32836e-08
5.92334e-08
6.12251e-08
6.70306e-08
8.71086e-08
5.93143e-08
5.25581e-08
5.72446e-08
6.21783e-08
6.23967e-08
6.22595e-08
6.28907e-08
6.33326e-08
6.37364e-08
6.18062e-08
6.22542e-08
6.2001e-08
6.03555e-08
6.08621e-08
6.12397e-08
1.53914e-07
6.27303e-08
6.72514e-08
6.50535e-08
3.01051e-08
1.73341e-08
4.92213e-08
6.24672e-08
6.2512e-08
6.22967e-08
6.22395e-08
6.37212e-08
6.56956e-08
1.53135e-07
6.69673e-08
6.16581e-08
6.11635e-08
3.91039e-06
2.47672e-07
6.29002e-08
1.57681e-07
6.04865e-08
5.95251e-08
6.14572e-08
6.22363e-08
6.94526e-08
5.55602e-08
6.12142e-08
6.0496e-08
6.27835e-08
6.27356e-08
6.18779e-08
6.02939e-08
6.288e-08
6.29741e-08
6.54977e-08
3.00445e-08
7.96305e-08
1.41837e-07
6.03786e-08
5.99914e-08
6.46219e-08
6.35356e-08
6.16221e-08
6.57159e-08
6.54205e-08
6.58419e-08
6.20781e-08
0
6.20873e-08
6.37385e-08
6.15281e-08
6.33571e-08
6.26005e-08
6.19809e-08
7.3081e-08
1.29818e-07
6.04289e-08
0
0
6.18701e-08
6.10627e-08
6.21492e-08
6.34684e-08
6.31008e-08
6.27791e-08
6.20913e-08
6.34101e-08
6.54571e-08
0
6.29432e-08
6.18875e-08
1.45984e-07
5.92039e-08
6.11898e-08
1.20315e-07
8.51095e-08
6.7313e-08
2.38268e-08
1.95235e-08
6.15173e-08
6.17846e-08
6.22214e-08
6.26093e-08
6.29291e-08
6.28838e-08
6.19237e-08
6.21803e-08
6.17266e-08
1.61371e-07
6.26325e-08
1.73149e-08
2.81975e-06
2.03151e-07
1.4464e-07
6.84336e-08
6.25919e-08
5.99388e-08
5.89936e-08
6.14014e-08
6.14358e-08
1.46645e-07
1.42914e-07
5.72277e-08
6.17677e-08
6.27255e-08
6.35492e-08
6.70024e-08
3.07956e-08
7.59485e-09
6.31868e-08
6.40728e-08
6.18711e-08
6.14377e-08
1.45956e-07
6.22349e-08
1.96171e-08
2.88456e-08
6.21109e-08
6.66059e-08
0
6.24444e-08
1.51866e-07
6.18335e-08
6.28865e-08
1.08842e-07
1.00232e-07
6.21437e-08
6.03714e-08
6.1002e-08
6.1341e-08
6.02893e-08
7.81548e-08
1.38351e-07
6.43237e-08
5.94719e-08
5.92918e-08
6.33416e-08
6.41779e-08
1.45281e-08
3.62888e-08
6.02441e-08
6.13171e-08
6.28447e-08
6.67403e-08
6.44342e-08
5.8551e-08
5.80669e-08
6.03031e-08
6.12312e-08
2.19087e-08
5.86433e-08
3.16849e-08
6.43614e-08
6.24687e-08
6.21952e-08
6.14138e-08
6.213e-08
6.17706e-08
6.24978e-08
6.31598e-08
6.30302e-08
6.24489e-08
6.33254e-08
6.31548e-08
9.8551e-08
1.163e-07
7.2373e-07
1.12738e-07
5.9965e-08
6.66058e-08
6.32021e-08
6.1543e-08
6.08033e-08
6.25018e-08
6.20942e-08
0
8.61705e-09
4.48453e-08
6.17553e-08
6.60426e-08
6.36482e-08
2.92967e-08
8.66343e-08
1.50732e-07
6.28395e-08
6.3495e-08
0
0
0
6.25306e-08
6.36865e-08
5.89214e-08
1.9738e-08
2.68844e-08
6.29755e-08
6.16336e-08
6.18458e-08
6.28494e-08
1.54818e-07
6.13248e-08
6.3025e-08
6.24928e-08
6.21422e-08
6.11191e-08
6.12496e-08
7.95125e-08
1.29408e-07
6.70446e-08
6.3333e-08
5.807e-08
6.39693e-08
6.49782e-08
6.59031e-08
6.4724e-08
0
5.9549e-08
1.09424e-07
4.20155e-08
2.89467e-08
8.25082e-08
1.28129e-07
5.88831e-08
6.10367e-08
6.21445e-08
6.36914e-08
6.5214e-08
6.50352e-08
6.31464e-08
6.13969e-08
6.09579e-08
6.08031e-08
6.2652e-08
6.13072e-08
6.33461e-08
6.4957e-08
6.18378e-08
6.0799e-08
6.14259e-08
6.28846e-08
6.36329e-08
6.34289e-08
2.32973e-06
3.43426e-07
1.17439e-07
6.37866e-08
6.32745e-08
6.21926e-08
6.34064e-08
6.40148e-08
8.42604e-08
1.20884e-07
6.00054e-08
6.13945e-08
6.18503e-08
6.38872e-08
1.20274e-07
7.87891e-08
0
5.9307e-08
1.08967e-07
9.33414e-08
1.0228e-07
6.11501e-08
6.1875e-08
6.20263e-08
6.3252e-08
9.79101e-08
7.22229e-08
1.61548e-08
6.08083e-08
6.10226e-08
6.17258e-08
6.27856e-08
6.35474e-08
6.36193e-08
6.30749e-08
6.26052e-08
6.17303e-08
6.39879e-08
0
1.19405e-07
7.67426e-08
6.20889e-08
6.39657e-08
6.04285e-08
6.25906e-08
1.06299e-07
1.08516e-07
7.45425e-09
5.15399e-08
6.10765e-08
0
6.63724e-08
1.43208e-07
5.97788e-08
6.04912e-08
6.22957e-08
0
0
2.76439e-07
6.52471e-08
0
6.15946e-08
6.06062e-08
6.09963e-08
6.0134e-08
1.54774e-07
0
6.38764e-08
1.18092e-07
7.062e-09
5.98167e-08
6.23407e-08
6.365e-08
6.38584e-08
6.31288e-08
1.28672e-06
2.42539e-07
5.60412e-08
6.37027e-08
6.58727e-08
1.36374e-07
6.28239e-08
6.81967e-08
3.08412e-08
4.34097e-08
1.0714e-07
5.96706e-08
6.34727e-08
6.76583e-08
6.33206e-08
6.18613e-08
6.09434e-08
6.21487e-08
9.52788e-08
1.40332e-07
5.87203e-08
5.95131e-08
6.19383e-08
1.16379e-07
7.9738e-08
6.12643e-08
6.34902e-08
6.30518e-08
6.25091e-08
6.01119e-08
6.4638e-08
6.59555e-08
0
6.09872e-08
6.33829e-08
6.2541e-08
5.9656e-08
6.26804e-08
6.20483e-08
6.24865e-08
6.24902e-08
6.31871e-08
6.27919e-08
6.29143e-08
6.21902e-08
6.36883e-08
6.34127e-08
6.41561e-08
9.95675e-08
1.0063e-07
1.45923e-07
5.77453e-08
5.92238e-08
6.17964e-08
6.35087e-08
0
1.54676e-07
6.48871e-08
6.59518e-08
0
6.08752e-08
6.08152e-08
0
6.13733e-08
6.17835e-08
6.35533e-08
3.40942e-08
7.87057e-08
5.90219e-08
1.46567e-07
6.48377e-08
6.40122e-08
6.36165e-08
6.59919e-08
6.33138e-08
3.28181e-06
5.12807e-07
6.03025e-08
1.16722e-07
8.14434e-08
6.38007e-08
6.45992e-08
3.19399e-08
8.52347e-09
6.26235e-08
6.11255e-08
6.12764e-08
8.56085e-08
1.21287e-07
6.59698e-08
6.51071e-08
6.47551e-08
5.91419e-08
5.86368e-08
0
5.80219e-08
6.08015e-08
6.29636e-08
1.04406e-07
9.57984e-08
5.91191e-08
6.41442e-08
6.32791e-08
6.30866e-08
6.20517e-08
9.62485e-09
4.89425e-08
6.44203e-08
6.36933e-08
6.49216e-08
6.34095e-08
6.43611e-08
6.34127e-08
6.27956e-08
6.10567e-08
6.23184e-08
6.19898e-08
6.31354e-08
6.26179e-08
6.47915e-08
1.55711e-07
6.19086e-08
6.07582e-08
6.0178e-08
6.1682e-08
1.47602e-07
6.15125e-08
5.84332e-08
6.04134e-08
0
6.15947e-08
6.61908e-08
6.71943e-08
6.7016e-08
0
6.0795e-08
6.14414e-08
6.05678e-08
3.11656e-08
3.6949e-08
4.62083e-08
5.61624e-08
6.05783e-08
6.28701e-08
6.17887e-08
1.55441e-07
6.32333e-08
6.40055e-08
6.76923e-08
9.5533e-09
1.65524e-06
5.97346e-08
0
5.72477e-08
9.68971e-08
1.13026e-07
6.01678e-09
8.32467e-08
1.09655e-07
6.19462e-08
6.25317e-08
6.10028e-08
5.93987e-08
6.13356e-08
6.19974e-08
6.19502e-08
6.60086e-08
8.41571e-08
4.07114e-08
6.29145e-08
6.12834e-08
6.05386e-08
1.53475e-07
6.22939e-08
6.04796e-08
6.06181e-08
6.19e-08
6.32747e-08
6.57493e-08
1.88578e-08
2.35133e-08
6.37515e-08
6.42543e-08
6.41186e-08
6.25893e-08
6.32843e-08
6.51152e-08
6.5743e-08
6.52238e-08
2.89679e-08
8.65092e-09
6.1534e-08
1.51326e-07
6.01496e-08
6.4066e-08
6.44007e-08
6.19821e-08
6.08145e-08
6.2209e-08
6.31951e-08
6.14347e-08
1.52477e-07
5.89544e-08
6.09107e-08
6.01645e-08
6.24414e-08
6.81072e-08
0
6.48036e-08
6.42658e-08
6.2759e-08
6.16367e-08
6.15082e-08
6.5929e-08
2.54841e-08
9.31488e-08
6.0131e-08
6.16319e-08
6.20434e-08
6.2626e-08
6.35934e-08
5.95765e-08
6.66254e-08
6.84564e-08
0
1.29735e-06
1.37437e-07
6.64336e-08
6.41779e-08
6.44333e-08
6.72407e-08
9.05298e-08
3.72237e-08
6.44592e-08
6.39745e-08
6.29015e-08
0
6.23716e-08
6.34284e-08
6.38783e-08
6.39562e-08
6.24076e-08
5.99281e-08
6.35069e-08
6.15361e-08
6.07615e-08
6.11119e-08
1.51904e-07
6.07997e-08
6.00202e-08
6.18288e-08
6.24851e-08
6.26709e-08
6.35248e-08
1.94427e-08
9.57205e-08
1.4755e-07
6.59511e-08
1.00309e-08
4.64025e-08
6.16739e-08
1.0301e-07
2.4879e-08
6.3695e-08
6.51939e-08
6.40606e-08
6.30968e-08
6.25106e-08
6.20156e-08
1.5708e-07
6.25407e-08
6.04664e-08
6.31856e-08
6.63452e-08
0
6.22467e-08
6.18446e-08
6.20853e-08
6.11227e-08
1.52466e-07
6.2183e-08
9.82864e-08
3.09765e-08
6.54857e-08
6.25586e-08
6.26101e-08
6.20644e-08
6.14462e-08
1.00005e-07
1.02269e-07
5.90264e-08
6.19775e-08
0
6.20091e-08
6.29542e-08
6.05448e-08
6.15557e-08
6.68859e-08
6.50655e-08
6.28633e-08
2.7096e-06
1.80522e-07
1.11385e-07
6.68599e-08
6.48822e-08
0
5.82141e-08
6.07535e-08
6.13887e-08
1.53217e-07
6.17058e-08
5.98638e-08
5.97666e-08
6.116e-08
6.33432e-08
6.35626e-08
6.90304e-08
1.43878e-07
5.98522e-08
6.12285e-08
6.17445e-08
6.30201e-08
6.27761e-08
6.13512e-08
6.05645e-08
1.51415e-07
5.87531e-08
5.97341e-08
6.46455e-08
6.01451e-08
5.75936e-08
6.34287e-08
1.57459e-07
1.79162e-08
3.11084e-08
6.18577e-08
6.27541e-08
6.145e-08
6.28178e-08
6.36261e-08
7.08907e-08
7.99553e-08
6.81449e-08
8.27835e-08
9.09348e-08
6.43499e-08
2.65894e-08
1.37613e-08
6.26898e-08
6.34945e-08
6.26732e-08
6.20229e-08
6.27651e-08
6.31251e-08
6.18541e-08
6.38346e-08
1.55363e-07
6.55588e-08
6.1228e-08
5.98896e-08
6.11049e-08
6.16867e-08
1.24124e-07
7.62346e-08
5.895e-08
5.90061e-08
5.91137e-08
6.40196e-08
0
6.13225e-08
6.1749e-08
6.42102e-08
6.32833e-08
6.42547e-08
7.13342e-08
2.67462e-06
5.1134e-08
5.91514e-08
6.70844e-08
1.59121e-08
1.22174e-07
6.08216e-08
6.09632e-08
6.19325e-08
6.26358e-08
6.19913e-08
5.89679e-08
6.01369e-08
1.53207e-07
6.41131e-08
6.58055e-08
0
5.92157e-08
5.88187e-08
6.164e-08
6.54518e-08
0
6.16592e-08
6.31603e-08
6.41107e-08
6.42229e-08
1.49984e-07
6.00272e-08
6.14437e-08
6.16452e-08
6.17177e-08
6.68373e-08
6.2585e-08
2.44908e-08
9.98988e-08
3.09066e-08
6.43067e-08
7.9461e-08
5.96104e-08
6.30456e-08
6.45516e-08
6.43183e-08
6.19921e-08
6.29363e-08
2.5817e-08
6.42448e-08
6.61312e-08
8.71774e-08
6.02431e-08
6.32394e-08
6.29986e-08
6.26198e-08
6.54537e-08
3.30507e-08
3.26387e-08
3.34761e-08
6.30618e-08
6.61283e-08
6.31085e-08
6.415e-08
6.2764e-08
8.12067e-08
1.30538e-07
5.97711e-08
1.13981e-07
8.16713e-08
6.09232e-08
6.36187e-08
1.00152e-08
4.45366e-08
6.62239e-08
6.26698e-08
6.31203e-08
6.3751e-08
6.26671e-08
1.98126e-06
2.86466e-07
5.80649e-08
6.35953e-08
1.59536e-07
6.27845e-08
6.19375e-08
6.35519e-08
3.51666e-09
5.62448e-08
6.1558e-08
9.77903e-08
1.06447e-07
6.20718e-08
6.32023e-08
0
6.23732e-08
5.92294e-08
6.12402e-08
6.22283e-08
6.03808e-08
6.03141e-08
6.15927e-08
6.4111e-08
6.39345e-08
6.4206e-08
6.16705e-08
6.03117e-08
8.31644e-08
1.22316e-07
5.98764e-08
5.60832e-08
6.26625e-08
6.0998e-08
6.14638e-08
6.51806e-08
6.27249e-08
5.92345e-08
6.71432e-08
1.51378e-07
6.59214e-08
0
6.70092e-08
5.32647e-08
1.55882e-07
6.14971e-08
6.05883e-08
6.14584e-08
6.43888e-08
6.5651e-08
0
6.1394e-08
6.12882e-08
6.33974e-08
1.49374e-08
3.41957e-08
6.43951e-08
6.15459e-08
6.14068e-08
6.46622e-08
7.44661e-08
1.40985e-07
6.18742e-08
6.11669e-08
6.09786e-08
6.05863e-08
6.24516e-08
6.2551e-08
6.33768e-08
6.60422e-08
6.47403e-08
6.1758e-08
6.5928e-08
0
6.28621e-08
2.60356e-06
1.53006e-07
1.57743e-07
0
6.51518e-08
6.28129e-08
6.39128e-08
5.87826e-08
6.21748e-08
6.22229e-08
2.12352e-08
2.20118e-08
0
0
0
9.10041e-08
3.30644e-08
6.44126e-08
1.59934e-07
6.14594e-08
5.97816e-08
0
6.17612e-08
6.30244e-08
6.31119e-08
6.55076e-08
6.48449e-08
6.25629e-08
0
0
6.21173e-08
1.55356e-07
6.01903e-08
6.2176e-08
1.56564e-07
6.49343e-08
3.1461e-08
1.45632e-08
5.1202e-08
1.06592e-07
1.10346e-07
6.14457e-08
5.84895e-08
5.95893e-08
5.7496e-08
6.02913e-08
6.10973e-08
6.10608e-08
6.57896e-08
2.8095e-08
1.3468e-08
6.15868e-08
5.78232e-08
6.37273e-08
6.39939e-08
5.8799e-08
5.93818e-08
5.9506e-08
6.07885e-08
6.2418e-08
6.31579e-08
6.40755e-08
6.43296e-08
6.3018e-08
6.21717e-08
6.23384e-08
6.26685e-08
6.31581e-08
6.575e-08
6.71001e-08
6.7898e-08
7.04313e-08
6.28591e-08
6.26309e-08
6.27993e-08
2.35279e-06
1.38736e-07
1.0168e-07
1.01272e-07
6.39452e-08
6.6891e-08
0
6.21003e-08
6.15491e-08
6.22794e-08
6.13007e-08
6.20029e-08
6.11877e-08
6.2999e-08
6.34177e-08
1.4776e-07
6.10362e-08
6.36016e-08
6.43069e-08
6.08768e-08
5.9737e-08
6.1139e-08
6.17928e-08
6.19236e-08
0
6.3857e-08
6.37212e-08
0
1.48498e-07
6.18071e-08
0
0
0
1.5501e-07
6.2834e-08
6.33952e-08
6.21681e-08
6.33478e-08
6.80841e-08
6.73874e-08
1.42485e-08
3.68739e-08
6.1207e-08
6.21816e-08
6.18715e-08
6.5046e-08
6.27563e-08
6.38872e-08
6.51256e-08
6.44848e-08
6.3487e-08
6.16319e-08
6.13535e-08
8.78316e-08
6.83575e-08
7.01182e-08
1.04241e-07
5.84658e-08
6.0836e-08
6.47036e-08
6.15856e-08
6.51918e-08
6.36703e-08
6.12114e-08
6.23647e-08
6.054e-08
5.98875e-08
6.62655e-08
0
6.47229e-08
6.45284e-08
6.36258e-08
6.08848e-08
6.22353e-08
6.19393e-08
2.77191e-06
1.0116e-07
1.51035e-07
6.26158e-08
6.15909e-08
6.55661e-08
6.50421e-08
6.34311e-08
2.0472e-08
2.45806e-08
6.12484e-08
6.76166e-08
1.08432e-07
9.0375e-08
6.03856e-08
5.93932e-08
6.29124e-08
6.43171e-08
6.52098e-08
6.21516e-08
6.07811e-08
6.00051e-08
6.2537e-08
6.12847e-08
6.39152e-08
0
6.19177e-08
0
6.30204e-08
6.13849e-08
5.94482e-08
1.15674e-07
7.85962e-08
6.24234e-08
6.22255e-08
6.1615e-08
6.39238e-08
6.60761e-08
6.71945e-08
6.63864e-08
1.8407e-08
3.00387e-08
6.14606e-08
6.2871e-08
6.227e-08
6.08156e-08
6.3665e-08
4.45919e-09
1.47018e-07
6.4784e-08
6.07587e-08
5.91773e-08
6.05451e-08
1.17747e-07
7.92454e-08
6.01818e-08
6.11202e-08
6.00877e-08
6.01357e-08
6.22044e-08
6.21369e-08
6.21431e-08
6.33813e-08
6.38866e-08
6.32775e-08
6.02514e-08
5.98871e-08
6.67136e-08
2.11548e-08
2.59237e-08
6.35193e-08
6.29742e-08
6.13876e-08
6.25417e-08
6.28598e-08
2.27133e-06
7.86099e-08
1.17175e-07
6.13775e-08
9.82166e-08
6.16536e-08
3.01084e-08
6.14548e-08
6.18537e-08
6.23399e-08
6.16067e-08
6.16405e-08
6.16736e-08
6.2207e-08
6.12733e-08
5.54179e-08
6.43712e-08
6.63808e-08
6.64657e-08
0
5.60029e-08
6.01817e-08
5.90027e-08
6.10955e-08
2.07626e-08
1.03636e-07
6.12709e-08
6.11652e-08
6.07252e-08
1.59604e-07
6.07172e-08
6.13025e-08
7.81492e-08
4.4226e-08
6.2442e-08
6.2178e-08
6.51217e-08
6.47445e-08
8.27539e-08
9.01094e-08
3.39656e-08
5.17634e-08
6.24331e-08
6.33879e-08
6.36073e-08
6.16935e-08
6.25689e-08
6.3715e-08
6.38379e-08
8.81293e-08
7.82118e-08
2.23354e-08
6.04119e-08
1.537e-07
5.87193e-08
5.85529e-08
6.08968e-08
6.03349e-08
6.08994e-08
6.2278e-08
6.17749e-08
6.14166e-08
6.49518e-08
6.44414e-08
2.17578e-08
2.42042e-08
6.09443e-08
6.26294e-08
6.47867e-08
6.4462e-08
6.34742e-08
6.33717e-08
6.10813e-08
6.17874e-08
6.31519e-08
2.70865e-06
1.77557e-07
5.24329e-08
0
6.42702e-08
1.5276e-07
6.00764e-08
6.0053e-08
1.03439e-07
9.70675e-08
5.97195e-08
5.9641e-08
6.2382e-08
6.58265e-08
6.69774e-09
5.04004e-08
6.21484e-08
6.47365e-08
6.68789e-08
6.4345e-08
6.22192e-08
6.21256e-08
6.12399e-08
3.0116e-09
5.81056e-08
0
1.54853e-07
6.14218e-08
6.23187e-08
6.33926e-08
6.28889e-08
6.2658e-08
8.24587e-08
4.13341e-08
6.0143e-08
1.5542e-07
6.41359e-08
2.38991e-08
7.18537e-08
9.06181e-08
0
6.16269e-08
6.07073e-08
1.54389e-07
6.12676e-08
6.33083e-08
6.64015e-08
6.55149e-08
6.38445e-08
6.1918e-08
1.73258e-08
3.0581e-08
6.23128e-08
6.38069e-08
6.30507e-08
6.15172e-08
8.4424e-08
4.24309e-08
6.24046e-08
6.34396e-08
6.20139e-08
6.13422e-08
1.59402e-07
4.48815e-09
5.62028e-08
6.27554e-08
7.73852e-08
1.20104e-07
6.43164e-08
6.54489e-08
6.22232e-08
5.88408e-08
5.94661e-08
6.14859e-08
6.32186e-08
2.34963e-06
1.43565e-07
6.06767e-08
6.7355e-08
6.59735e-08
6.3985e-08
6.4065e-08
6.08296e-08
6.13683e-08
6.274e-08
8.43575e-08
1.1987e-07
5.94902e-08
6.26913e-08
6.39026e-08
6.23562e-08
6.3228e-08
6.10898e-08
6.0835e-08
5.81516e-08
5.61604e-08
6.06281e-08
6.01259e-08
6.14991e-08
6.08976e-08
6.13185e-08
6.22247e-08
6.20331e-08
6.25056e-08
6.33275e-08
6.26756e-08
6.35946e-08
6.2672e-08
6.39178e-08
6.32283e-08
1.2427e-07
2.61582e-09
6.24347e-08
6.17654e-08
6.38456e-08
6.3028e-08
6.3973e-08
6.31335e-08
6.38863e-08
1.57443e-07
6.11426e-08
6.17677e-08
6.29e-08
6.39432e-08
6.4579e-08
0
6.42803e-08
6.34036e-08
6.24945e-08
6.1566e-08
6.11469e-08
6.10773e-08
5.99679e-08
6.43404e-08
3.19534e-08
6.31321e-08
3.59764e-08
1.21549e-07
0
6.43286e-08
1.15374e-07
4.74362e-09
6.19339e-08
6.61091e-08
6.67126e-08
0
5.94652e-08
6.0023e-08
1.53899e-07
6.5217e-08
2.28705e-06
1.28541e-07
6.28629e-08
6.04233e-08
6.15452e-08
6.26305e-08
6.00793e-08
1.06831e-07
9.44157e-08
0
1.00449e-07
1.03057e-07
6.1351e-08
6.16036e-08
6.23173e-08
7.59979e-08
4.76662e-08
6.02048e-08
1.47516e-07
2.88439e-08
8.37381e-09
5.93816e-08
1.48515e-07
5.9933e-08
6.09432e-08
6.08587e-08
6.19682e-08
5.97335e-08
6.03715e-08
6.14536e-08
6.28388e-08
6.00002e-08
6.04189e-08
6.66919e-08
0
6.24888e-08
1.509e-07
6.15618e-08
6.33507e-08
6.49269e-08
6.21717e-08
6.26285e-08
6.54422e-08
6.62853e-08
6.41901e-08
6.07578e-08
6.04814e-08
6.07554e-08
7.44925e-08
5.20284e-08
6.55085e-08
6.18903e-08
6.1303e-08
6.04254e-08
6.21115e-08
6.17715e-08
5.74004e-08
0
5.82184e-08
6.32122e-08
6.26221e-08
6.2476e-08
6.15688e-08
6.15887e-08
6.18156e-08
6.18137e-08
6.16357e-08
6.38527e-08
6.4922e-08
1.55579e-07
6.38686e-08
6.11094e-08
6.07238e-08
6.228e-08
6.38613e-08
2.25964e-06
2.15562e-07
4.62934e-08
0
6.22965e-08
6.36849e-08
6.15345e-08
1.48805e-07
0
5.84535e-08
5.9813e-08
1.48487e-07
5.28129e-08
6.65029e-08
6.45683e-08
6.05385e-08
5.83455e-08
5.95339e-08
6.28353e-08
6.17284e-08
6.16321e-08
0
6.16694e-08
6.34915e-08
1.43949e-07
0
1.47561e-07
1.43758e-07
6.08387e-08
6.44035e-08
6.40689e-08
6.30554e-08
0
6.27804e-08
7.1153e-08
5.32743e-08
6.6042e-08
6.28906e-08
6.29623e-08
6.33262e-08
1.50114e-07
6.04593e-08
6.44032e-08
2.3488e-08
2.81908e-08
6.36305e-08
5.87812e-08
7.3439e-08
1.29344e-07
6.63815e-08
0
1.56198e-07
6.17205e-08
0
6.51948e-08
0
1.39393e-07
5.84852e-08
6.20971e-08
6.49016e-08
0
6.25889e-08
1.55224e-07
6.04769e-08
6.2452e-08
6.26023e-08
6.21089e-08
6.30711e-08
6.38371e-08
6.34112e-08
6.20052e-08
6.00868e-08
6.15382e-08
6.25473e-08
6.28828e-08
2.8045e-06
3.51031e-07
3.16916e-08
5.87674e-08
6.20482e-08
1.2391e-07
2.21885e-11
6.07379e-08
6.32462e-08
6.47419e-08
6.21118e-08
6.14823e-08
6.08372e-08
6.85457e-08
7.01813e-08
6.24598e-08
5.8253e-08
6.02631e-08
8.10822e-08
1.22301e-07
6.18284e-08
6.23707e-08
6.23676e-08
6.22513e-08
6.27803e-08
6.53372e-08
6.60069e-08
6.23006e-08
6.50053e-08
6.53478e-08
6.50202e-08
6.40092e-08
6.38074e-08
6.51105e-08
6.48811e-08
6.17856e-08
6.26687e-08
6.17335e-08
6.11895e-08
6.2204e-08
6.30151e-08
6.32681e-08
6.3897e-08
6.5011e-08
6.80173e-08
6.65981e-08
6.63453e-08
0
6.60799e-08
6.65858e-08
6.46434e-08
6.59618e-08
6.26961e-08
6.20649e-08
6.27637e-08
6.20582e-08
6.16454e-08
7.02292e-08
1.05189e-07
8.19725e-08
6.34899e-08
6.24523e-08
6.31056e-08
6.44424e-08
6.72346e-08
0
6.21998e-08
6.30109e-08
6.34768e-08
6.40045e-08
6.34857e-08
1.48896e-07
6.13837e-08
5.97791e-08
6.44745e-08
)
;


// ************************************************************************* //
