/*--------------------------------*- C++ -*----------------------------------*\
  =========                 |
  \\      /  F ield         | OpenFOAM: The Open Source CFD Toolbox
   \\    /   O peration     | Website:  https://openfoam.org
    \\  /    A nd           | Version:  12
     \\/     M anipulation  |
\*---------------------------------------------------------------------------*/
FoamFile
{
    format      ascii;
    class       vectorField;
    location    "0.6/lagrangian/cloud";
    object      U;
}
// * * * * * * * * * * * * * * * * * * * * * * * * * * * * * * * * * * * * * //


2325
(
(-0.000117463 -0.0270711 0)
(-0.000300213 -0.0266515 0)
(-7.68118e-05 -0.0263328 0)
(0.000275692 -0.0265558 0)
(8.60902e-05 -0.025444 0)
(6.33281e-05 -0.0293472 0)
(-0.000474258 -0.0289841 0)
(-0.00012572 -0.0289005 0)
(-4.63957e-05 -0.0279361 0)
(0.000281256 -0.0271919 0)
(0.000158446 -0.0275935 0)
(9.20515e-05 -0.026541 0)
(-0.00094205 -0.0250946 0)
(0.000272741 -0.0245215 0)
(-0.000406041 -0.0284123 0)
(0.00100772 -0.0276908 0)
(-0.000127517 -0.0286671 0)
(0.000529355 -0.0301748 0)
(-0.000274888 -0.0295155 0)
(0.000159637 -0.0294812 0)
(0.000376783 -0.0296672 0)
(0.000176173 -0.0301257 0)
(5.209e-06 -0.0303833 0)
(0.000254145 -0.030432 0)
(-0.000759105 -0.0303028 0)
(-0.0010578 -0.0290559 0)
(-0.000678299 -0.0276753 0)
(-0.000661625 -0.0302676 0)
(-0.000336002 -0.0312593 0)
(2.22676e-05 -0.0311287 0)
(0.000125279 -0.0304378 0)
(0.0012324 -0.0296049 0)
(-0.000250661 -0.0293417 0)
(3.70953e-05 -0.0294721 0)
(-0.000903888 -0.0297675 0)
(-0.00050136 -0.0313661 0)
(0.000111452 -0.0300344 0)
(-1.30016e-05 -0.032182 0)
(0.00098742 -0.0324793 0)
(0.000186604 -0.031365 0)
(-0.000344134 -0.03017 0)
(-0.000210667 -0.0330282 0)
(-9.0226e-05 -0.0325396 0)
(-0.000671104 -0.0312118 0)
(0.000150575 -0.029306 0)
(0.000869851 -0.0327242 0)
(-0.00264852 -0.0311115 0)
(-0.00149627 -0.0299546 0)
(0.000717158 -0.028536 0)
(0.000357469 -0.0317154 0)
(0.000313305 -0.0340584 0)
(0.000646161 -0.0349213 0)
(0.000215521 -0.0369708 0)
(-1.63054e-05 -0.0362914 0)
(-0.00120045 -0.0354717 0)
(0.000225658 -0.0342028 0)
(2.92959e-05 -0.0363416 0)
(-0.000195396 -0.0363214 0)
(-0.000104336 -0.0342311 0)
(9.26707e-05 -0.0345731 0)
(0.000479952 -0.0325045 0)
(0.000348357 -0.033931 0)
(-0.000420166 -0.033039 0)
(0.00155421 -0.0314359 0)
(0.00118063 -0.027985 0)
(0.000947925 -0.0279698 0)
(0.00137396 -0.0262889 0)
(0.000476529 -0.0255009 0)
(-0.000772787 -0.022562 0)
(-0.00102298 -0.0272357 0)
(0.000216559 -0.0295885 0)
(-0.00100501 -0.0264944 0)
(-0.000818927 -0.0275559 0)
(-0.000273695 -0.0278824 0)
(-0.000885645 -0.030164 0)
(-0.000206505 -0.0327068 0)
(0.000331266 -0.0322666 0)
(-0.000122821 -0.030704 0)
(0.000468987 -0.0305765 0)
(0.00113312 -0.0291004 0)
(-0.000369818 -0.0285768 0)
(0.000358112 -0.0265586 0)
(-0.000562716 -0.0286806 0)
(0.0004845 -0.031583 0)
(0.000563233 -0.0335628 0)
(0.00165621 -0.0318217 0)
(-3.81383e-05 -0.0312245 0)
(-0.00120203 -0.0296082 0)
(-0.000223255 -0.0294001 0)
(0.00137351 -0.0354389 0)
(0.000365046 -0.0328506 0)
(0.000216969 -0.031566 0)
(0.00045934 -0.0319064 0)
(0.0010729 -0.0325596 0)
(0.00103304 -0.0334659 0)
(-0.000622409 -0.0354899 0)
(0.000618889 -0.0393982 0)
(-0.0025046 -0.0340825 0)
(-0.000808729 -0.031112 0)
(-0.000572669 -0.0301209 0)
(-0.000832453 -0.0330326 0)
(0.00155307 -0.0335141 0)
(0.00133373 -0.0340837 0)
(0.00190801 -0.0348052 0)
(0.00164731 -0.0343559 0)
(-0.000181084 -0.0334535 0)
(0.00125269 -0.0432567 0)
(0.00162067 -0.03997 0)
(-0.000239886 -0.0447572 0)
(-0.000131594 -0.0401114 0)
(0.000189695 -0.0355324 0)
(0.0010486 -0.0357238 0)
(-0.000232431 -0.0334607 0)
(-0.000206156 -0.0394936 0)
(-0.000185611 -0.0372993 0)
(0.000594731 -0.0374396 0)
(0.000179881 -0.0396521 0)
(-0.000193724 -0.041196 0)
(-0.000338094 -0.0389443 0)
(0.00030813 -0.0348285 0)
(0.00177561 -0.0332468 0)
(0.000135822 -0.0369772 0)
(-0.00150509 -0.0337213 0)
(0.000972355 -0.0350364 0)
(0.000419005 -0.0360632 0)
(0.000417179 -0.0362724 0)
(-0.00036084 -0.0355392 0)
(0.000320832 -0.0354263 0)
(4.593e-05 -0.0315428 0)
(-0.000930213 -0.0379067 0)
(0.000373964 -0.0380974 0)
(0.000211772 -0.0380354 0)
(-0.000105012 -0.0386039 0)
(0.000128497 -0.0394919 0)
(0.000240391 -0.0395541 0)
(-0.000130608 -0.0416265 0)
(3.26296e-05 -0.0426543 0)
(-0.000333962 -0.0434685 0)
(-0.000329926 -0.0449991 0)
(0.000385574 -0.0438822 0)
(0.00132718 -0.039771 0)
(0.000356179 -0.0427123 0)
(0.000700862 -0.0398413 0)
(0.00034544 -0.0396974 0)
(0.000102578 -0.0407932 0)
(0.000336421 -0.04021 0)
(-3.08806e-05 -0.0402909 0)
(-0.000268254 -0.039726 0)
(-0.000430111 -0.0385937 0)
(-0.00127086 -0.0447674 0)
(2.17874e-05 -0.0410931 0)
(-0.00170191 -0.0402739 0)
(5.6346e-05 -0.0394419 0)
(0.00117578 -0.0403954 0)
(-0.000642101 -0.0461314 0)
(0.000793779 -0.0431988 0)
(0.000256991 -0.042359 0)
(-0.000701157 -0.0421393 0)
(-0.00036053 -0.0409431 0)
(-0.000612765 -0.0421358 0)
(0.000300716 -0.0397967 0)
(-0.000970723 -0.0413316 0)
(-0.0011411 -0.0402826 0)
(-0.000191903 -0.0403884 0)
(0.000336012 -0.0369469 0)
(0.000241221 -0.0395484 0)
(0.000156313 -0.0380685 0)
(0.000282695 -0.0391941 0)
(-7.99936e-05 -0.0393464 0)
(-0.000118688 -0.0399351 0)
(-0.000466499 -0.0400276 0)
(-0.000329019 -0.0377956 0)
(-1.94507e-05 -0.0415009 0)
(0.00118743 -0.043001 0)
(0.000648733 -0.0415542 0)
(0.000187707 -0.0403428 0)
(-7.967e-06 -0.0429506 0)
(-9.7314e-05 -0.0436004 0)
(-0.00015192 -0.0438936 0)
(-5.35802e-05 -0.043342 0)
(0.000123074 -0.0430574 0)
(0.000209074 -0.043253 0)
(-1.83248e-05 -0.0440161 0)
(0.000177949 -0.0438982 0)
(0.000417732 -0.0442172 0)
(5.76385e-05 -0.04333 0)
(5.94415e-05 -0.0419549 0)
(0.000339333 -0.042842 0)
(0.00077353 -0.0436694 0)
(0.000388436 -0.0448361 0)
(0.000267687 -0.0449545 0)
(0.000264256 -0.0447522 0)
(0.000164298 -0.0445315 0)
(-0.000462819 -0.0427555 0)
(0.000861299 -0.0421957 0)
(0.000607829 -0.0415496 0)
(0.000397887 -0.0418096 0)
(0.00039102 -0.0439826 0)
(-0.000687148 -0.0453249 0)
(0.000211424 -0.0433862 0)
(0.00104086 -0.0432142 0)
(0.000226976 -0.0434354 0)
(0.000277336 -0.0408805 0)
(-0.000164474 -0.0419951 0)
(0.000382569 -0.0425021 0)
(-0.00127051 -0.0424611 0)
(-0.000834339 -0.0426564 0)
(-0.00107659 -0.0419208 0)
(0.000783875 -0.0379848 0)
(0.000868144 -0.0391463 0)
(2.50173e-05 -0.0409761 0)
(-0.000104885 -0.0414759 0)
(7.88354e-06 -0.0430671 0)
(9.84169e-05 -0.0441594 0)
(0.000952571 -0.0437325 0)
(0.00103427 -0.0422988 0)
(0.000297381 -0.0430088 0)
(-6.76203e-05 -0.0445567 0)
(-0.000230139 -0.0449858 0)
(0.000837328 -0.0442571 0)
(-0.00119118 -0.0435463 0)
(0.000175967 -0.0430277 0)
(0.00015558 -0.0428763 0)
(0.000555932 -0.042327 0)
(0.00116597 -0.04176 0)
(-0.000247639 -0.0425207 0)
(0.000139189 -0.0426348 0)
(2.57854e-05 -0.0439877 0)
(0.000437438 -0.0433967 0)
(0.000338835 -0.0428535 0)
(-0.000191302 -0.0426876 0)
(0.00112519 -0.0441419 0)
(0.000587381 -0.0451184 0)
(0.000203921 -0.0458783 0)
(-3.56194e-05 -0.0452545 0)
(0.000373995 -0.044546 0)
(-0.00125722 -0.0404917 0)
(0.000250681 -0.0407492 0)
(0.000184337 -0.0390281 0)
(-5.11267e-05 -0.0402815 0)
(-4.46311e-05 -0.0417421 0)
(-0.000456334 -0.04197 0)
(-0.000711985 -0.0445913 0)
(-0.000630029 -0.0444129 0)
(0.000188116 -0.042364 0)
(4.74102e-05 -0.042554 0)
(0.000487959 -0.0425987 0)
(0.000164808 -0.0421307 0)
(-0.000323057 -0.0417395 0)
(-0.00014494 -0.04229 0)
(-0.000212614 -0.0421858 0)
(-0.000223393 -0.0423929 0)
(7.81657e-05 -0.0427596 0)
(0.00154335 -0.0409272 0)
(-0.000547546 -0.0443455 0)
(0.000143063 -0.0435412 0)
(0.00118211 -0.042965 0)
(0.000362421 -0.0429741 0)
(0.000171519 -0.0447169 0)
(-2.24602e-05 -0.045746 0)
(3.39529e-05 -0.0461754 0)
(-1.59016e-05 -0.0460911 0)
(0.000728713 -0.0452185 0)
(0.000537624 -0.0458817 0)
(-0.000106295 -0.0454044 0)
(-0.000481427 -0.0440212 0)
(-0.000982152 -0.0432671 0)
(6.40987e-05 -0.0437663 0)
(0.000207537 -0.0427276 0)
(0.000153237 -0.043753 0)
(-0.000174176 -0.0437738 0)
(-0.000126845 -0.0436781 0)
(-9.87651e-05 -0.0435957 0)
(0.000204718 -0.0441753 0)
(0.00128232 -0.0447213 0)
(0.00050169 -0.0448225 0)
(0.000270318 -0.044865 0)
(-0.000400924 -0.0453331 0)
(-0.00023543 -0.0455519 0)
(6.83457e-05 -0.0450624 0)
(-4.60397e-05 -0.0469873 0)
(-0.000231703 -0.0443035 0)
(0.000485695 -0.0436257 0)
(0.000253384 -0.0466298 0)
(0.000398016 -0.0453767 0)
(0.000367773 -0.0439798 0)
(0.000848546 -0.0420423 0)
(-0.000117124 -0.0449665 0)
(0.000678097 -0.0442743 0)
(0.000501867 -0.0400305 0)
(0.000392792 -0.0425275 0)
(0.000222107 -0.0429163 0)
(7.05212e-07 -0.0419434 0)
(-2.4615e-05 -0.0422053 0)
(-0.000235973 -0.04317 0)
(5.69547e-05 -0.0434518 0)
(-0.000255754 -0.0424893 0)
(-0.00158826 -0.0418654 0)
(-0.000740853 -0.0417993 0)
(-0.00144737 -0.0421611 0)
(-0.00038526 -0.0475206 0)
(-0.00026229 -0.0484843 0)
(0.000525001 -0.0473008 0)
(0.000622302 -0.0475972 0)
(0.000474954 -0.0478156 0)
(0.00106685 -0.0467912 0)
(0.00022074 -0.0476163 0)
(0.000185812 -0.0474536 0)
(0.000428628 -0.0470948 0)
(0.000754808 -0.0470151 0)
(-0.000167464 -0.0464076 0)
(-5.94675e-05 -0.0458942 0)
(-0.000225148 -0.0445649 0)
(-0.000622534 -0.0440088 0)
(2.49125e-06 -0.0442812 0)
(0.000510599 -0.0438374 0)
(-1.18744e-05 -0.0448897 0)
(-0.000429468 -0.0454942 0)
(-0.000352834 -0.0449275 0)
(0.000217217 -0.0446442 0)
(0.000513813 -0.0453679 0)
(0.00131631 -0.0453177 0)
(0.000145479 -0.0451677 0)
(0.000106891 -0.0421758 0)
(0.00189059 -0.0418995 0)
(0.000266183 -0.0446696 0)
(-0.000190518 -0.0457792 0)
(0.00061685 -0.0461568 0)
(0.00134199 -0.0455106 0)
(0.000849307 -0.0468035 0)
(-0.000652227 -0.0451524 0)
(2.51789e-05 -0.0461637 0)
(0.000271088 -0.0443965 0)
(-0.000202249 -0.0456865 0)
(-0.000100182 -0.0453439 0)
(-0.00119118 -0.0414109 0)
(-0.000706078 -0.0456204 0)
(0.000488629 -0.0449702 0)
(0.000278089 -0.044979 0)
(-0.000181631 -0.0452939 0)
(-0.000178693 -0.0454152 0)
(-0.000337348 -0.0452119 0)
(-0.00149941 -0.0439257 0)
(-8.83395e-05 -0.0436439 0)
(-3.63326e-06 -0.0445836 0)
(-0.000532531 -0.0433407 0)
(-8.30635e-05 -0.0425921 0)
(-0.000338787 -0.0457296 0)
(-1.88476e-05 -0.0471747 0)
(0.000227046 -0.0484148 0)
(0.000483617 -0.0502231 0)
(-0.000378826 -0.0511671 0)
(-0.000551758 -0.0490508 0)
(0.000114962 -0.0488676 0)
(0.000326774 -0.0478665 0)
(0.000589023 -0.0478596 0)
(0.000588805 -0.0470733 0)
(-0.000111583 -0.046366 0)
(-0.000289267 -0.0465409 0)
(-0.000516898 -0.0454768 0)
(-0.000479283 -0.0457671 0)
(0.00123354 -0.0457849 0)
(-6.11142e-05 -0.0470137 0)
(-0.000515884 -0.0472618 0)
(-0.00016146 -0.0464074 0)
(-0.000520595 -0.0465574 0)
(-0.000126721 -0.0457826 0)
(0.00024545 -0.0450932 0)
(0.00042651 -0.0446903 0)
(0.000752623 -0.0452018 0)
(0.000658552 -0.0445851 0)
(0.000211495 -0.0440064 0)
(1.91435e-05 -0.0443806 0)
(-0.000277203 -0.0454177 0)
(-0.000190658 -0.0461776 0)
(0.000283896 -0.0440862 0)
(-0.000238996 -0.044435 0)
(0.000849398 -0.0467564 0)
(-0.000693405 -0.0463172 0)
(-0.000879074 -0.043844 0)
(1.57316e-05 -0.0458554 0)
(5.83528e-05 -0.0463776 0)
(0.00035348 -0.0468613 0)
(0.000658309 -0.0473402 0)
(0.000525762 -0.0476801 0)
(-0.000307027 -0.0489446 0)
(0.000769718 -0.0499242 0)
(-0.0011124 -0.0498784 0)
(-0.000183355 -0.0500348 0)
(0.000340289 -0.0488148 0)
(0.000321124 -0.0497452 0)
(9.07626e-06 -0.0476426 0)
(-0.000197415 -0.048009 0)
(8.90977e-05 -0.0481784 0)
(-0.00202993 -0.0481154 0)
(-0.0004171 -0.0502744 0)
(0.000838313 -0.0506388 0)
(-0.000372218 -0.051257 0)
(-0.000713562 -0.0489541 0)
(0.00012763 -0.0490739 0)
(0.000176124 -0.0474569 0)
(0.000474404 -0.0475393 0)
(0.000420185 -0.0474054 0)
(8.83695e-05 -0.0476617 0)
(0.000391234 -0.047818 0)
(0.000143753 -0.046634 0)
(-0.000332558 -0.0460638 0)
(-0.00065037 -0.0464792 0)
(-0.000884502 -0.0465307 0)
(-0.000445839 -0.0472071 0)
(-0.000324511 -0.0467496 0)
(-0.000338187 -0.0464992 0)
(5.63506e-05 -0.0468002 0)
(0.000389878 -0.0462085 0)
(0.000330499 -0.0459645 0)
(0.000670052 -0.0442627 0)
(0.000823929 -0.0437736 0)
(0.000362685 -0.044807 0)
(0.000189418 -0.0446436 0)
(0.000391176 -0.0441211 0)
(-0.000147979 -0.0437183 0)
(-0.000575824 -0.0422687 0)
(0.000383164 -0.0445985 0)
(0.000246476 -0.0447121 0)
(-4.19794e-05 -0.0452427 0)
(0.000877357 -0.0452138 0)
(0.00110581 -0.0456017 0)
(0.000341254 -0.0465907 0)
(0.000248424 -0.0473752 0)
(2.86555e-05 -0.0486271 0)
(5.89158e-06 -0.0485871 0)
(-0.000251854 -0.048653 0)
(0.000531413 -0.0510737 0)
(-0.00035621 -0.0512812 0)
(-0.000394281 -0.0514026 0)
(-0.000798095 -0.0519505 0)
(-9.92107e-05 -0.0517718 0)
(0.000395644 -0.0512376 0)
(0.000514196 -0.0512465 0)
(-0.000571641 -0.0490605 0)
(-0.00037852 -0.0502854 0)
(-0.000277204 -0.050782 0)
(-0.000470438 -0.0506416 0)
(-0.00078687 -0.0490168 0)
(-0.000375868 -0.0480334 0)
(0.00053033 -0.0468664 0)
(0.000580261 -0.0478327 0)
(0.00168605 -0.0444474 0)
(-7.64482e-05 -0.0448002 0)
(0.000248345 -0.0462678 0)
(0.000372188 -0.0464293 0)
(0.000198782 -0.0475034 0)
(-0.000491613 -0.0462661 0)
(-0.00140679 -0.0455883 0)
(-0.00124015 -0.0457047 0)
(-0.000387726 -0.0475789 0)
(-0.000232267 -0.0470349 0)
(9.9947e-06 -0.0465111 0)
(0.000364372 -0.0457862 0)
(-0.000242007 -0.0449905 0)
(0.000823382 -0.0443915 0)
(0.000503784 -0.0433039 0)
(0.000774105 -0.0434007 0)
(0.000254044 -0.0428004 0)
(0.000264683 -0.0413378 0)
(0.00060632 -0.0403406 0)
(-0.000730163 -0.0417781 0)
(6.2831e-05 -0.0434779 0)
(7.98588e-05 -0.0434852 0)
(0.000449059 -0.04332 0)
(0.00167449 -0.0428534 0)
(0.000109443 -0.0443158 0)
(-0.000217247 -0.0455426 0)
(0.000323175 -0.043487 0)
(0.000321037 -0.0440835 0)
(0.000350485 -0.04462 0)
(0.000276164 -0.0447592 0)
(0.000128807 -0.044511 0)
(0.000225438 -0.0453879 0)
(-0.00109575 -0.0482195 0)
(-0.000224993 -0.0488465 0)
(-0.000798995 -0.0485447 0)
(-0.000718211 -0.049687 0)
(0.000204025 -0.0511629 0)
(0.0001594 -0.0512701 0)
(-0.00111353 -0.0464164 0)
(-0.000126598 -0.0470805 0)
(0.00031389 -0.0482268 0)
(0.000893233 -0.048863 0)
(0.00037435 -0.0486764 0)
(0.000805894 -0.0477788 0)
(-0.000580375 -0.0473507 0)
(-0.000443835 -0.046667 0)
(0.000104962 -0.0463713 0)
(0.000266973 -0.0437858 0)
(0.000191464 -0.0436028 0)
(0.000368685 -0.043226 0)
(6.90578e-05 -0.0440278 0)
(-0.000302024 -0.0437159 0)
(-0.000760797 -0.0432314 0)
(-0.000902122 -0.0457261 0)
(-0.000940719 -0.0452297 0)
(-0.000685549 -0.0455977 0)
(0.000445426 -0.0464971 0)
(0.00039915 -0.0475719 0)
(0.000254339 -0.0457226 0)
(-0.00027618 -0.0451321 0)
(0.00216497 -0.0442404 0)
(0.000287491 -0.0433993 0)
(0.00158021 -0.0429755 0)
(0.000720987 -0.0407128 0)
(6.62397e-05 -0.0406165 0)
(-0.000343544 -0.0405837 0)
(0.000107983 -0.0415419 0)
(6.68789e-05 -0.0453346 0)
(0.000556672 -0.0450745 0)
(0.000608842 -0.0436357 0)
(0.000588859 -0.0423822 0)
(0.000446817 -0.0418002 0)
(0.000122303 -0.0408201 0)
(0.000217864 -0.0398844 0)
(8.26229e-05 -0.0389703 0)
(-0.000586063 -0.0390607 0)
(-0.000308651 -0.0378036 0)
(-0.00103762 -0.0359329 0)
(-0.000322963 -0.0374379 0)
(0.000331412 -0.0415984 0)
(-8.35319e-05 -0.039455 0)
(0.000536562 -0.0356028 0)
(-0.00128844 -0.0445316 0)
(-0.00105998 -0.0411142 0)
(9.81261e-05 -0.0456319 0)
(1.92602e-05 -0.0479139 0)
(-0.000344677 -0.0475852 0)
(-0.000968142 -0.0486914 0)
(-0.00139893 -0.0468414 0)
(-0.000750662 -0.0461917 0)
(-0.00020744 -0.0472421 0)
(-3.32655e-05 -0.047313 0)
(-0.000438494 -0.046784 0)
(-0.000231446 -0.0463156 0)
(-0.000132864 -0.0449305 0)
(-0.000270139 -0.0435911 0)
(-0.00016633 -0.043351 0)
(0.000574198 -0.0437214 0)
(0.000224693 -0.0433864 0)
(-0.00049942 -0.043448 0)
(-0.000719843 -0.0436498 0)
(-0.000169198 -0.0442396 0)
(8.76147e-06 -0.044466 0)
(-0.000449492 -0.0462215 0)
(-0.000349216 -0.0470535 0)
(0.000106996 -0.0463472 0)
(-0.000125949 -0.0454091 0)
(-5.29166e-05 -0.0435375 0)
(-0.00102638 -0.0400229 0)
(0.000854715 -0.0427719 0)
(-0.00095501 -0.0384926 0)
(-0.000161479 -0.0415712 0)
(0.000897409 -0.0408808 0)
(0.00075202 -0.0418475 0)
(-0.00061912 -0.0449066 0)
(-0.000546216 -0.0467183 0)
(9.90715e-05 -0.0427267 0)
(-0.000328523 -0.0423246 0)
(-0.000146411 -0.0429741 0)
(-0.000683867 -0.0376593 0)
(-0.000607284 -0.0401238 0)
(0.000547795 -0.0364999 0)
(0.00146471 -0.0353936 0)
(0.000222939 -0.035918 0)
(-0.00013997 -0.0356264 0)
(-0.000113794 -0.0330303 0)
(-0.0018036 -0.0342944 0)
(-5.97701e-05 -0.0370152 0)
(-1.95952e-05 -0.0388172 0)
(0.000394626 -0.0401806 0)
(0.000328242 -0.0415402 0)
(-0.00056154 -0.0429285 0)
(0.000310858 -0.0411066 0)
(-0.000312811 -0.0415115 0)
(-0.0013072 -0.0420528 0)
(-0.00156178 -0.0424271 0)
(0.000351689 -0.0452693 0)
(0.000302686 -0.0468379 0)
(-0.000111584 -0.0468845 0)
(7.01048e-07 -0.0459788 0)
(1.13551e-05 -0.04439 0)
(-9.74544e-05 -0.0428511 0)
(-0.000405533 -0.0430459 0)
(0.000584806 -0.044163 0)
(9.91522e-05 -0.0436016 0)
(0.000130277 -0.043837 0)
(0.000137944 -0.0432532 0)
(0.000149098 -0.0440312 0)
(-1.97895e-05 -0.0457469 0)
(5.38713e-05 -0.0461943 0)
(0.000330912 -0.0450048 0)
(0.000207464 -0.0451983 0)
(-0.0012916 -0.0400606 0)
(-0.000645348 -0.0400197 0)
(-9.27735e-05 -0.0396034 0)
(0.00021641 -0.0396108 0)
(0.000920736 -0.040494 0)
(0.00108539 -0.0395855 0)
(0.00133114 -0.0412805 0)
(0.00158446 -0.0421425 0)
(0.000893962 -0.0428738 0)
(0.000704963 -0.0400481 0)
(0.000398932 -0.0408595 0)
(-0.000450029 -0.0425331 0)
(-0.00110168 -0.0409915 0)
(-0.000147926 -0.0438898 0)
(-0.000347721 -0.0376574 0)
(-0.00029779 -0.0389488 0)
(-0.000316112 -0.0414531 0)
(-0.000826789 -0.0413991 0)
(-0.000855901 -0.0438712 0)
(-0.000664332 -0.0445036 0)
(-0.000565582 -0.044086 0)
(8.22716e-05 -0.04324 0)
(0.000365431 -0.042643 0)
(0.00294924 -0.0421202 0)
(0.000852397 -0.0430743 0)
(-0.000751589 -0.0420787 0)
(-0.000108299 -0.0415432 0)
(5.90789e-05 -0.042381 0)
(0.000937043 -0.0460867 0)
(8.65864e-05 -0.0465026 0)
(0.000161481 -0.0449295 0)
(-0.000609645 -0.0439203 0)
(-0.000708141 -0.044276 0)
(-0.00100984 -0.043987 0)
(-0.000252861 -0.0419524 0)
(0.00072065 -0.0424332 0)
(0.00069472 -0.0444166 0)
(0.0003922 -0.0437815 0)
(0.000206867 -0.0438195 0)
(7.20816e-05 -0.0443945 0)
(0.00108647 -0.0446327 0)
(0.00113049 -0.0442861 0)
(-0.000158996 -0.0447752 0)
(-0.000172258 -0.0437919 0)
(-0.000741285 -0.043855 0)
(-0.000658737 -0.0428348 0)
(-0.000306493 -0.04281 0)
(5.54717e-05 -0.0410495 0)
(0.00173463 -0.038872 0)
(0.00105584 -0.0394586 0)
(-0.000394438 -0.0425524 0)
(0.000661694 -0.0441848 0)
(0.000885284 -0.0431659 0)
(0.00102072 -0.0421675 0)
(0.000751193 -0.0409979 0)
(0.0011442 -0.0419748 0)
(0.000670249 -0.041124 0)
(0.000631825 -0.0429968 0)
(-8.56719e-05 -0.0444647 0)
(-0.000111257 -0.0460258 0)
(-3.61454e-05 -0.0465532 0)
(-0.000402741 -0.0464987 0)
(-0.00108551 -0.0450683 0)
(0.000398697 -0.0451989 0)
(0.000606678 -0.0457878 0)
(-1.53662e-05 -0.0462438 0)
(-0.000440866 -0.0463204 0)
(-0.000420685 -0.0449923 0)
(-0.000190342 -0.0440612 0)
(0.00172972 -0.0430154 0)
(0.00297018 -0.041437 0)
(0.000993982 -0.039875 0)
(5.77913e-05 -0.041227 0)
(-0.000221541 -0.0429561 0)
(7.88577e-05 -0.0436473 0)
(9.12381e-05 -0.0440157 0)
(-0.000782353 -0.042883 0)
(-0.00103134 -0.0418117 0)
(-0.000201884 -0.0418505 0)
(-1.05196e-05 -0.0437323 0)
(-0.00129393 -0.0433763 0)
(0.000156957 -0.0439757 0)
(-0.00044949 -0.0443053 0)
(9.40713e-06 -0.0437718 0)
(0.000153896 -0.0443112 0)
(0.000143793 -0.0427827 0)
(0.000205352 -0.0410684 0)
(6.85733e-05 -0.0427794 0)
(-0.000102744 -0.0425498 0)
(-0.000196641 -0.044058 0)
(-0.000421718 -0.0442349 0)
(0.000696962 -0.0439538 0)
(-0.00117585 -0.0430361 0)
(-0.000767589 -0.0434716 0)
(0.000540955 -0.0441884 0)
(-0.000637199 -0.040742 0)
(-0.000307424 -0.0457572 0)
(-0.000851513 -0.0441714 0)
(0.000554348 -0.0438925 0)
(-0.000820959 -0.0455165 0)
(0.0010361 -0.0432007 0)
(0.000223878 -0.0419281 0)
(0.00120676 -0.0434464 0)
(-0.00129175 -0.0431204 0)
(0.00130038 -0.0457166 0)
(0.000294117 -0.0476151 0)
(0.000460152 -0.0478655 0)
(-0.000783276 -0.0470135 0)
(-0.000118091 -0.0460947 0)
(-0.000263275 -0.0458658 0)
(-0.000166393 -0.0462342 0)
(-0.000141377 -0.0469319 0)
(-0.000767201 -0.0451965 0)
(0.000240209 -0.0429129 0)
(0.00191584 -0.0430386 0)
(0.000669999 -0.0404573 0)
(0.00077742 -0.0403012 0)
(-4.31563e-05 -0.0392821 0)
(0.000477135 -0.0392416 0)
(2.2717e-05 -0.0413307 0)
(0.0013969 -0.0402545 0)
(0.00147317 -0.0399832 0)
(-0.000378508 -0.0411733 0)
(0.000282374 -0.0423212 0)
(-0.000358183 -0.0424404 0)
(0.000174246 -0.0450051 0)
(-0.000164207 -0.0451181 0)
(-0.000516805 -0.0448906 0)
(-0.000281102 -0.0434236 0)
(0.000121622 -0.0428598 0)
(9.00359e-05 -0.0423811 0)
(-6.56603e-05 -0.0425896 0)
(-0.000566569 -0.0401994 0)
(0.000848444 -0.0402883 0)
(0.000111776 -0.042489 0)
(-0.000772467 -0.0428399 0)
(-0.00118965 -0.0436189 0)
(0.000794067 -0.0454417 0)
(-0.000202666 -0.0441555 0)
(-0.000719151 -0.0443604 0)
(0.000693407 -0.0454176 0)
(-9.02029e-05 -0.045463 0)
(0.000951353 -0.0447718 0)
(0.000512245 -0.0454516 0)
(0.000266029 -0.0452138 0)
(0.000678619 -0.0463816 0)
(0.00037092 -0.0470523 0)
(0.000290364 -0.0466125 0)
(0.000209347 -0.0456555 0)
(0.000127174 -0.0452794 0)
(-0.000146327 -0.046525 0)
(-2.79393e-05 -0.0465172 0)
(0.000698086 -0.0462166 0)
(-0.000404001 -0.0450973 0)
(-4.36497e-05 -0.0456033 0)
(-0.000423461 -0.046365 0)
(-0.000785218 -0.0463605 0)
(-0.00113884 -0.0457416 0)
(-7.66688e-05 -0.0430734 0)
(0.000144153 -0.0423245 0)
(0.00115815 -0.0399821 0)
(0.00100905 -0.0366749 0)
(0.000268553 -0.0388226 0)
(0.000788051 -0.0411419 0)
(0.00100304 -0.0398325 0)
(0.00214559 -0.0402548 0)
(0.00112532 -0.0411478 0)
(0.000224331 -0.0431045 0)
(-0.000231802 -0.0425788 0)
(-0.0003127 -0.045227 0)
(-0.000484923 -0.0461369 0)
(-0.000362981 -0.0455868 0)
(-0.000802227 -0.0424906 0)
(-0.000304474 -0.043517 0)
(-8.90067e-05 -0.0439202 0)
(-0.000386813 -0.0436319 0)
(0.000110463 -0.0430909 0)
(0.000220002 -0.0430084 0)
(-0.000239532 -0.0433446 0)
(-0.000681664 -0.0435091 0)
(0.00115913 -0.0400777 0)
(0.000283301 -0.0421761 0)
(0.000751786 -0.0420872 0)
(0.0011992 -0.0423883 0)
(0.00072087 -0.0432032 0)
(0.000997511 -0.0440949 0)
(0.000218969 -0.0447002 0)
(0.000862964 -0.0458504 0)
(0.000359883 -0.0463989 0)
(0.000133041 -0.0474743 0)
(0.000163056 -0.0481498 0)
(0.000274112 -0.0481892 0)
(6.49754e-05 -0.0490343 0)
(-0.00021331 -0.0483362 0)
(-8.79795e-05 -0.0473426 0)
(-1.03485e-05 -0.0467539 0)
(-8.46535e-05 -0.0454102 0)
(-7.94072e-05 -0.0457751 0)
(-0.000160967 -0.0454494 0)
(-0.000118414 -0.0448633 0)
(-0.000492593 -0.0459401 0)
(-8.00548e-05 -0.0446189 0)
(-0.000634962 -0.0442692 0)
(0.000214028 -0.0431218 0)
(0.000414128 -0.0453529 0)
(0.000165101 -0.0457187 0)
(0.000392074 -0.0449559 0)
(0.000430402 -0.044612 0)
(0.000416756 -0.0432009 0)
(0.00065335 -0.0432065 0)
(0.000927705 -0.042799 0)
(0.000143297 -0.0427189 0)
(-6.10875e-06 -0.0426018 0)
(-0.00139475 -0.0410649 0)
(-0.000546409 -0.0434524 0)
(3.30189e-05 -0.0400527 0)
(0.0010105 -0.0394749 0)
(-0.000936167 -0.0411687 0)
(-0.000264045 -0.0437967 0)
(7.54326e-05 -0.043119 0)
(-6.21113e-06 -0.0425504 0)
(-0.000181848 -0.0436693 0)
(-0.000425062 -0.0469499 0)
(0.000940905 -0.0437017 0)
(0.000485884 -0.0454892 0)
(0.000638441 -0.0455531 0)
(0.000821247 -0.0440302 0)
(0.000989362 -0.0425832 0)
(0.000628004 -0.0433625 0)
(0.000111053 -0.0431972 0)
(0.000436121 -0.0443979 0)
(-0.000218423 -0.0442411 0)
(-0.000682558 -0.0437052 0)
(-0.00036356 -0.0433708 0)
(0.000411413 -0.0478102 0)
(-0.000109689 -0.0488795 0)
(-0.000423923 -0.0491984 0)
(-0.000622548 -0.0491029 0)
(-0.000299373 -0.0495058 0)
(-0.00011467 -0.0466659 0)
(-0.000156384 -0.047188 0)
(-0.000300892 -0.0447242 0)
(6.7092e-05 -0.045727 0)
(0.000148507 -0.0460358 0)
(0.000106283 -0.0469781 0)
(0.000295461 -0.046891 0)
(5.4705e-06 -0.0453039 0)
(-0.00042101 -0.0459155 0)
(0.000682429 -0.0458091 0)
(-0.000370382 -0.0466057 0)
(-0.000251361 -0.0475506 0)
(-0.000388124 -0.0460808 0)
(0.000587074 -0.0442245 0)
(0.000376975 -0.0422563 0)
(1.91453e-05 -0.0425982 0)
(8.9345e-05 -0.0429827 0)
(-0.000266456 -0.0389904 0)
(-0.000713548 -0.0394343 0)
(-3.95272e-05 -0.0400719 0)
(-2.91563e-06 -0.0417128 0)
(4.18384e-05 -0.0413014 0)
(-0.000613255 -0.0419048 0)
(9.89329e-05 -0.044414 0)
(0.000805908 -0.0430667 0)
(0.00151304 -0.0438069 0)
(-0.000446529 -0.0453452 0)
(0.000896331 -0.0449808 0)
(0.00180558 -0.0447826 0)
(0.00110069 -0.0445388 0)
(0.00086639 -0.0446503 0)
(0.000316364 -0.0455168 0)
(0.000507535 -0.0474333 0)
(0.000685776 -0.0472855 0)
(1.15899e-05 -0.0468272 0)
(-0.000105987 -0.0466775 0)
(-0.000268208 -0.0465955 0)
(-0.000451721 -0.0453831 0)
(-4.28587e-06 -0.0496271 0)
(-0.000428319 -0.0499277 0)
(-0.000240889 -0.0504822 0)
(-0.000350408 -0.0495147 0)
(-0.000602003 -0.0497684 0)
(-0.000138862 -0.0481445 0)
(-0.000362042 -0.0471868 0)
(-0.00064991 -0.0448735 0)
(0.000972067 -0.0451715 0)
(0.00076594 -0.0456907 0)
(0.000341269 -0.0486095 0)
(9.73839e-05 -0.0489523 0)
(5.28437e-05 -0.0485364 0)
(5.16267e-05 -0.0480661 0)
(4.83851e-05 -0.0471833 0)
(-0.000933808 -0.0459122 0)
(-0.000911813 -0.0465449 0)
(0.000595062 -0.0451562 0)
(0.000556122 -0.0441245 0)
(-0.000249551 -0.0429837 0)
(6.64555e-05 -0.0428066 0)
(0.000220904 -0.0426144 0)
(-0.000173597 -0.0422833 0)
(-0.000535044 -0.0392997 0)
(-0.000265504 -0.0425012 0)
(0.000449722 -0.0427652 0)
(0.000570745 -0.0440962 0)
(5.21315e-06 -0.0461646 0)
(-0.000194981 -0.0462046 0)
(0.000740492 -0.0455608 0)
(0.000110355 -0.0454793 0)
(-0.000149337 -0.0472194 0)
(-0.000427097 -0.047851 0)
(0.000874391 -0.0452375 0)
(0.000996277 -0.0431505 0)
(0.000828748 -0.0462914 0)
(0.000758938 -0.0461334 0)
(0.00130742 -0.0409603 0)
(0.000276323 -0.0446114 0)
(7.86324e-05 -0.0471091 0)
(-0.000331871 -0.0471273 0)
(-0.000586367 -0.0454962 0)
(-0.000264585 -0.045462 0)
(-0.000702599 -0.0469566 0)
(-0.000598144 -0.0496842 0)
(-6.36971e-05 -0.0508749 0)
(-0.00108632 -0.049902 0)
(-0.000252459 -0.0499264 0)
(-0.000321026 -0.048996 0)
(-0.000161946 -0.0485958 0)
(-0.000311772 -0.0482827 0)
(0.00069904 -0.0482511 0)
(-0.000404825 -0.0470421 0)
(-0.000130182 -0.047564 0)
(-0.000226969 -0.0481666 0)
(0.000120103 -0.0477169 0)
(0.000299806 -0.0470677 0)
(8.00631e-05 -0.0471943 0)
(-0.00130127 -0.0455462 0)
(-0.000701059 -0.0464111 0)
(-0.000337207 -0.0451754 0)
(-0.00048129 -0.0447058 0)
(0.000220886 -0.0462822 0)
(0.000468006 -0.0470836 0)
(0.000101553 -0.0439917 0)
(-5.41759e-05 -0.0432723 0)
(3.21901e-05 -0.0442067 0)
(-3.99284e-05 -0.0445606 0)
(0.000682727 -0.0449247 0)
(0.000813683 -0.04721 0)
(0.00140803 -0.0456975 0)
(0.00127015 -0.0456896 0)
(0.000687778 -0.0462521 0)
(0.000327463 -0.0474732 0)
(-5.72737e-05 -0.0471035 0)
(-0.000347096 -0.0468085 0)
(0.000246191 -0.0435058 0)
(-0.00042656 -0.0441006 0)
(5.66454e-05 -0.0427478 0)
(0.000892856 -0.0412318 0)
(-0.00153049 -0.0417701 0)
(-0.000367863 -0.0404989 0)
(-0.00100713 -0.0414654 0)
(-0.00342762 -0.0430582 0)
(-0.00241447 -0.0422744 0)
(-0.00203637 -0.0420666 0)
(0.000151784 -0.0440653 0)
(-0.000784361 -0.044006 0)
(-0.000478095 -0.0462038 0)
(-0.000228408 -0.0485864 0)
(-0.00065533 -0.0476748 0)
(-0.000345408 -0.0462083 0)
(-0.000616723 -0.0460522 0)
(-0.000179185 -0.0476195 0)
(-0.00033658 -0.048336 0)
(-0.0010912 -0.0462216 0)
(-0.00041207 -0.048331 0)
(-0.000158659 -0.0469078 0)
(-0.000941735 -0.0476744 0)
(-0.000427838 -0.0459139 0)
(-0.000461645 -0.0458152 0)
(0.000353482 -0.0466508 0)
(-4.81666e-05 -0.0463449 0)
(-0.000528365 -0.0456967 0)
(-0.000566298 -0.0457586 0)
(0.000328182 -0.0450204 0)
(0.000305926 -0.0453873 0)
(0.00037175 -0.0451529 0)
(-0.000224605 -0.0473609 0)
(-0.000465274 -0.0491738 0)
(0.000245456 -0.0495239 0)
(0.000276347 -0.0491774 0)
(6.60009e-05 -0.0485905 0)
(-0.000111378 -0.0480952 0)
(-0.000258871 -0.0474276 0)
(0.000395643 -0.0469664 0)
(0.000523026 -0.0466779 0)
(0.000277467 -0.0462343 0)
(-0.000122417 -0.0454491 0)
(0.000382494 -0.0456736 0)
(-0.000227703 -0.0432798 0)
(0.000132655 -0.0438937 0)
(0.000131483 -0.0419717 0)
(0.000154025 -0.0414525 0)
(-3.3775e-05 -0.0415063 0)
(-0.00125751 -0.0410747 0)
(-0.000315972 -0.0408871 0)
(-7.88245e-05 -0.0415036 0)
(-0.000570348 -0.0425443 0)
(0.00032333 -0.0449616 0)
(-0.00014976 -0.0455456 0)
(0.00208201 -0.0350393 0)
(0.000281115 -0.0353002 0)
(-0.00069974 -0.037448 0)
(-0.000203885 -0.039383 0)
(-0.00060636 -0.0388366 0)
(-0.00175028 -0.0380582 0)
(0.000418181 -0.0389806 0)
(-0.000750758 -0.0417565 0)
(-0.000995022 -0.0413683 0)
(-0.00067619 -0.0412102 0)
(-0.00108622 -0.0417978 0)
(-0.0007315 -0.0436208 0)
(0.000322665 -0.0461286 0)
(0.000337945 -0.0472803 0)
(0.000778825 -0.0476496 0)
(-0.000205468 -0.0463838 0)
(0.00107236 -0.0456801 0)
(-0.000249644 -0.0472305 0)
(-0.000503432 -0.0454316 0)
(-0.000923645 -0.0441753 0)
(0.000315394 -0.046698 0)
(-0.000580326 -0.0439045 0)
(-3.55095e-05 -0.0478496 0)
(-8.99201e-05 -0.0482133 0)
(0.00144021 -0.0484475 0)
(0.000449984 -0.0487073 0)
(0.000316727 -0.0504438 0)
(0.000248469 -0.0512598 0)
(-0.000986426 -0.0492641 0)
(-0.000397808 -0.0481684 0)
(0.000252668 -0.0468604 0)
(0.000400434 -0.0458081 0)
(0.000689718 -0.0468986 0)
(-0.000556489 -0.043938 0)
(-0.000370505 -0.0425933 0)
(-7.14007e-05 -0.0433988 0)
(-0.000194337 -0.043234 0)
(-0.000657863 -0.0416571 0)
(-0.000377344 -0.0422909 0)
(-8.47208e-05 -0.0410137 0)
(0.000169343 -0.0416885 0)
(0.000482151 -0.0429567 0)
(-0.000225616 -0.043486 0)
(0.000839363 -0.0415729 0)
(7.35941e-05 -0.0426545 0)
(0.000298177 -0.044288 0)
(-0.000377739 -0.0453977 0)
(-0.000114031 -0.0425499 0)
(0.000728339 -0.0395622 0)
(0.000270079 -0.0375049 0)
(-0.000653157 -0.0365102 0)
(-0.000650718 -0.0392037 0)
(-0.000589029 -0.0432076 0)
(0.00121187 -0.0414897 0)
(0.000122299 -0.0407119 0)
(-9.08694e-05 -0.0433652 0)
(0.000293488 -0.0454308 0)
(0.000883258 -0.0469424 0)
(0.000470777 -0.0466474 0)
(0.000898803 -0.0456097 0)
(0.00123104 -0.0464439 0)
(0.00101082 -0.046536 0)
(0.000566868 -0.0476728 0)
(0.000298205 -0.0472971 0)
(-0.000675369 -0.0448187 0)
(-0.000737993 -0.0442806 0)
(-0.000999222 -0.0482194 0)
(0.000176213 -0.0493571 0)
(-0.000619319 -0.0496061 0)
(0.00016597 -0.0516877 0)
(-7.86782e-05 -0.0513872 0)
(-4.53892e-05 -0.0509573 0)
(-0.00105402 -0.0504199 0)
(-0.000655507 -0.0483336 0)
(-0.000875961 -0.047738 0)
(0.000360171 -0.0479875 0)
(0.000156124 -0.0467978 0)
(0.000456537 -0.0447606 0)
(-0.000886984 -0.0437215 0)
(-0.000959407 -0.0432664 0)
(-0.000500823 -0.0435648 0)
(-0.000359803 -0.0415786 0)
(0.000106205 -0.0412435 0)
(-0.000630207 -0.0416335 0)
(-0.000252757 -0.0417353 0)
(0.000244552 -0.0428415 0)
(-0.00107855 -0.0430231 0)
(-0.00079178 -0.0434778 0)
(0.000266879 -0.043614 0)
(0.000587465 -0.0439362 0)
(0.000300716 -0.0444085 0)
(-0.000176631 -0.0442485 0)
(-0.000530452 -0.0421642 0)
(0.000248164 -0.042544 0)
(-0.000242681 -0.0426 0)
(-0.000504508 -0.0460183 0)
(-0.000601443 -0.0463353 0)
(-0.00104445 -0.0445037 0)
(0.000793733 -0.0445246 0)
(0.0002457 -0.0436475 0)
(-0.000812505 -0.0422306 0)
(0.00205951 -0.042891 0)
(0.000894315 -0.0461895 0)
(0.00112949 -0.0449981 0)
(0.00112084 -0.0446956 0)
(0.00124883 -0.043466 0)
(0.000509518 -0.0453483 0)
(0.000808038 -0.0470403 0)
(-0.000202359 -0.0482143 0)
(0.000362169 -0.0492737 0)
(0.000239494 -0.0495 0)
(0.000382558 -0.0490266 0)
(0.000921258 -0.0499444 0)
(0.000584168 -0.051568 0)
(-0.000242852 -0.0513689 0)
(-4.06571e-05 -0.0489409 0)
(-0.000368298 -0.0461554 0)
(-0.00104066 -0.0445558 0)
(-0.000561747 -0.0469661 0)
(-0.000150612 -0.0472229 0)
(-0.000307076 -0.0482989 0)
(-0.0014073 -0.0474794 0)
(-0.000307929 -0.0463887 0)
(-0.000934325 -0.0440093 0)
(-0.00136364 -0.044219 0)
(-0.00138422 -0.0445789 0)
(-0.000657933 -0.0417359 0)
(-0.00105615 -0.0409967 0)
(-0.00123158 -0.0447745 0)
(-0.000624229 -0.0447363 0)
(6.17691e-05 -0.0447349 0)
(0.000108819 -0.0451012 0)
(0.000812356 -0.0451627 0)
(0.000405358 -0.0437277 0)
(0.000372805 -0.0429494 0)
(-4.71499e-06 -0.0431061 0)
(-0.000355943 -0.0431984 0)
(0.00020973 -0.0373181 0)
(-0.00115519 -0.0419286 0)
(-0.000718315 -0.0420921 0)
(-0.00128918 -0.0453305 0)
(0.000612007 -0.0463801 0)
(-0.000153192 -0.0461262 0)
(0.000601151 -0.0449561 0)
(0.00137856 -0.0436965 0)
(0.000871467 -0.0431084 0)
(0.00096651 -0.0443472 0)
(0.00095668 -0.0443054 0)
(0.000778893 -0.0434449 0)
(0.000406391 -0.0434633 0)
(0.00194588 -0.0396701 0)
(0.000774236 -0.0398843 0)
(0.000126354 -0.0481328 0)
(0.000189839 -0.0440394 0)
(-0.000918066 -0.0438006 0)
(-0.000103136 -0.0442198 0)
(0.000238374 -0.0465155 0)
(0.00019421 -0.0497761 0)
(0.000462965 -0.0505279 0)
(-0.00130554 -0.0493482 0)
(-0.0001102 -0.0493608 0)
(-0.000210846 -0.0464326 0)
(-0.000852362 -0.0457065 0)
(-0.000455796 -0.0485405 0)
(-0.000766566 -0.0495661 0)
(0.000696915 -0.0494431 0)
(0.000531031 -0.0500349 0)
(-0.00105829 -0.0484804 0)
(-0.000831595 -0.0469768 0)
(-0.000522677 -0.04524 0)
(-0.00099807 -0.0440443 0)
(-0.00155905 -0.0445567 0)
(-0.000845731 -0.0432792 0)
(-0.000412659 -0.0428749 0)
(-0.000327276 -0.0443097 0)
(-0.000728299 -0.0460592 0)
(-0.000485023 -0.0475421 0)
(0.000359613 -0.0452618 0)
(0.000436882 -0.0455187 0)
(0.000473989 -0.0464557 0)
(0.000575045 -0.04624 0)
(0.000347483 -0.0465893 0)
(0.00011983 -0.0446864 0)
(0.00250176 -0.03597 0)
(0.000517165 -0.0416607 0)
(0.000133881 -0.0434969 0)
(-0.000114188 -0.0447864 0)
(0.000829574 -0.0438497 0)
(0.00135414 -0.0444202 0)
(0.00139758 -0.0442501 0)
(0.00142692 -0.0437124 0)
(0.000863432 -0.042352 0)
(0.000594666 -0.0413076 0)
(0.000443771 -0.0405387 0)
(0.000432442 -0.040449 0)
(9.50051e-05 -0.0395833 0)
(-0.000294096 -0.0382195 0)
(-0.000617273 -0.0346592 0)
(-0.000381286 -0.0396912 0)
(0.000373089 -0.0351346 0)
(-0.00107377 -0.0396465 0)
(-0.000324889 -0.0394582 0)
(-0.000647804 -0.0400576 0)
(-0.000375805 -0.0411015 0)
(0.000565444 -0.0424263 0)
(0.000541658 -0.0439864 0)
(9.85522e-05 -0.0446324 0)
(0.000260268 -0.0435572 0)
(-0.000654628 -0.0447649 0)
(-0.00104472 -0.04689 0)
(-0.000310544 -0.0477368 0)
(0.000159643 -0.0484628 0)
(0.000396471 -0.0484527 0)
(-0.0012175 -0.0455497 0)
(-0.000513684 -0.0447985 0)
(-0.00270973 -0.040358 0)
(-0.00312019 -0.039146 0)
(-0.00107342 -0.0413812 0)
(-0.00135864 -0.0422399 0)
(-0.00066647 -0.042296 0)
(-0.000348191 -0.0442195 0)
(-0.000638942 -0.0457921 0)
(-0.000360707 -0.0457251 0)
(-0.000159029 -0.0457752 0)
(0.000320374 -0.0459015 0)
(0.000163659 -0.0469501 0)
(4.31257e-05 -0.0469776 0)
(0.000245401 -0.0464489 0)
(-4.59775e-05 -0.0455666 0)
(-0.000368698 -0.0444151 0)
(0.00146883 -0.0433437 0)
(-0.000173776 -0.0421435 0)
(4.0412e-05 -0.041963 0)
(0.000624611 -0.0426342 0)
(0.000511396 -0.0420735 0)
(0.000568576 -0.0427286 0)
(0.000473435 -0.0432732 0)
(0.000697564 -0.0434843 0)
(0.000887242 -0.0416968 0)
(0.000707024 -0.0406536 0)
(0.000578214 -0.0404557 0)
(0.000121865 -0.0422815 0)
(0.000393191 -0.0420611 0)
(-0.00017016 -0.0398726 0)
(-0.000400701 -0.0388557 0)
(-0.000276009 -0.0393208 0)
(-0.000317474 -0.0400796 0)
(-0.00023215 -0.0411837 0)
(-0.000132873 -0.040973 0)
(-0.000662113 -0.039715 0)
(-0.00018437 -0.0399341 0)
(0.000248105 -0.0415214 0)
(0.000386975 -0.0426199 0)
(9.57081e-05 -0.0422862 0)
(-0.00049635 -0.0419458 0)
(-0.000617352 -0.0418999 0)
(0.000462456 -0.0414692 0)
(0.00136654 -0.0410578 0)
(0.00091661 -0.0397386 0)
(-0.00053155 -0.0376979 0)
(-0.00287895 -0.0392678 0)
(-0.00101159 -0.0393576 0)
(-0.00140972 -0.0386848 0)
(-0.000119631 -0.0420495 0)
(-0.00135254 -0.0432167 0)
(-0.00073097 -0.0426349 0)
(-0.000269943 -0.0456838 0)
(-0.000494434 -0.0449514 0)
(0.00037919 -0.0459821 0)
(-0.000427668 -0.0455044 0)
(-5.12084e-05 -0.0446112 0)
(3.26219e-05 -0.0445493 0)
(4.94875e-05 -0.0450506 0)
(0.000223361 -0.0444793 0)
(0.000549631 -0.0441065 0)
(0.000486449 -0.0450324 0)
(-0.000254043 -0.0445546 0)
(0.00196312 -0.0443519 0)
(0.000981526 -0.0448333 0)
(0.000380255 -0.0424643 0)
(0.00283193 -0.0391279 0)
(0.00160953 -0.0403051 0)
(0.000855338 -0.040449 0)
(0.00028033 -0.0428221 0)
(0.000372559 -0.0440756 0)
(0.0010305 -0.0430866 0)
(0.00116797 -0.0418742 0)
(0.000513004 -0.0436789 0)
(0.000251801 -0.0441854 0)
(0.000419693 -0.0395635 0)
(-0.000356641 -0.041993 0)
(-0.000301262 -0.0402231 0)
(0.0007682 -0.0398599 0)
(-0.000671075 -0.0422516 0)
(0.000643211 -0.042182 0)
(0.000189331 -0.0397881 0)
(0.000299835 -0.0401 0)
(-3.05437e-05 -0.0431184 0)
(-0.000474758 -0.0407855 0)
(-0.00077392 -0.0414642 0)
(-0.000571725 -0.0417321 0)
(-0.00063638 -0.0414098 0)
(0.000468297 -0.0419293 0)
(-0.000392355 -0.0373144 0)
(-0.000819984 -0.0395839 0)
(0.000145983 -0.0410776 0)
(-0.000470633 -0.0418832 0)
(-0.000127911 -0.0406335 0)
(0.000784773 -0.0404235 0)
(0.000424867 -0.0410572 0)
(-0.00085477 -0.0425271 0)
(0.00112427 -0.0452617 0)
(6.72889e-05 -0.0446401 0)
(5.62876e-05 -0.0443496 0)
(-0.00103378 -0.0468211 0)
(0.000212947 -0.0460428 0)
(-0.000578575 -0.0427048 0)
(0.000273402 -0.0445354 0)
(0.000127306 -0.0434652 0)
(-0.000285472 -0.042673 0)
(-0.00171279 -0.039869 0)
(-0.000983029 -0.0398389 0)
(0.000609534 -0.0429353 0)
(0.000608749 -0.0429148 0)
(0.000976741 -0.0443282 0)
(0.000589201 -0.0450688 0)
(0.00056759 -0.0446704 0)
(0.00089218 -0.0421755 0)
(0.00110046 -0.0403287 0)
(0.000879377 -0.0416766 0)
(0.00031904 -0.0410863 0)
(0.000175001 -0.0423984 0)
(0.000200628 -0.0427892 0)
(0.000166181 -0.0430661 0)
(0.000466292 -0.0445676 0)
(4.67459e-05 -0.044063 0)
(-0.000592203 -0.0415636 0)
(0.000176475 -0.0413825 0)
(0.000343348 -0.0426429 0)
(-0.000665842 -0.0429316 0)
(-5.29379e-05 -0.0434035 0)
(0.000194618 -0.041221 0)
(0.000391847 -0.0382366 0)
(-0.000466698 -0.039361 0)
(-0.000772404 -0.0407421 0)
(-0.00112818 -0.0391559 0)
(-0.00101777 -0.0385691 0)
(-0.00126843 -0.039104 0)
(-0.00084634 -0.0408855 0)
(-0.00131182 -0.0423167 0)
(-0.00140673 -0.040511 0)
(-4.82635e-05 -0.0435985 0)
(2.1569e-05 -0.0431436 0)
(-0.000112392 -0.0424857 0)
(0.000383903 -0.0404444 0)
(-0.000252341 -0.0399394 0)
(0.000963733 -0.0413959 0)
(1.25135e-05 -0.0416011 0)
(-0.00119297 -0.0421341 0)
(-0.000847667 -0.0415305 0)
(-0.000831349 -0.041924 0)
(-0.000814247 -0.0425491 0)
(-0.00052575 -0.0398573 0)
(-0.000149316 -0.0430642 0)
(-0.000293164 -0.0449438 0)
(-3.65476e-05 -0.0428441 0)
(0.000320657 -0.0409238 0)
(0.00113518 -0.0404957 0)
(0.000840803 -0.0406127 0)
(-0.000633456 -0.0413689 0)
(-7.49112e-05 -0.046195 0)
(-0.000134599 -0.0452475 0)
(-0.000247656 -0.0443541 0)
(0.000121445 -0.0432072 0)
(0.000708422 -0.0415945 0)
(0.00101236 -0.0411569 0)
(0.000852416 -0.0425085 0)
(0.00107357 -0.0425776 0)
(-0.000267475 -0.0416502 0)
(0.00104826 -0.0412336 0)
(-0.000196831 -0.0404296 0)
(3.74076e-05 -0.0400731 0)
(-0.000873803 -0.0435204 0)
(0.000129405 -0.04315 0)
(0.000254175 -0.0434185 0)
(-3.61158e-05 -0.0424629 0)
(-0.000429868 -0.0433487 0)
(6.48735e-06 -0.0431242 0)
(-0.000109546 -0.0419652 0)
(-0.00034548 -0.0385237 0)
(0.000199769 -0.0398642 0)
(-0.000946778 -0.0388003 0)
(0.000207579 -0.0398497 0)
(-0.000517224 -0.0392294 0)
(2.64236e-05 -0.039326 0)
(0.000377915 -0.0396101 0)
(-0.000644435 -0.0423724 0)
(0.00269283 -0.0439816 0)
(0.000287703 -0.0441705 0)
(0.000304736 -0.0429145 0)
(-8.33231e-05 -0.042579 0)
(0.000355334 -0.0423653 0)
(0.00051493 -0.0431295 0)
(0.000511962 -0.0440385 0)
(0.000507278 -0.0450214 0)
(-6.58292e-07 -0.0450968 0)
(-0.0003174 -0.0438181 0)
(-0.000397571 -0.0435944 0)
(0.000147161 -0.0393799 0)
(-0.000958204 -0.0424404 0)
(-0.00117642 -0.0450163 0)
(-0.00020411 -0.0445583 0)
(-0.00015377 -0.0453078 0)
(-0.000178961 -0.0440961 0)
(0.000247458 -0.0451534 0)
(0.000224041 -0.0457754 0)
(-0.000989641 -0.0453587 0)
(-0.000545802 -0.0456454 0)
(-0.000729552 -0.0457742 0)
(-0.00016319 -0.0392112 0)
(0.000265161 -0.0382545 0)
(0.000294846 -0.0396506 0)
(0.0014463 -0.0396882 0)
(0.000590892 -0.0400355 0)
(-0.000591555 -0.041089 0)
(0.00107872 -0.0438612 0)
(0.0019275 -0.0403126 0)
(0.000628289 -0.0416088 0)
(0.000161409 -0.0429159 0)
(0.000324426 -0.0429396 0)
(-0.000202948 -0.0422806 0)
(-6.37323e-05 -0.0439774 0)
(-0.000360158 -0.0425815 0)
(-0.000731568 -0.0427351 0)
(-0.000862652 -0.0427084 0)
(-0.000236192 -0.0419801 0)
(-0.000214669 -0.0422342 0)
(-0.000763218 -0.0407031 0)
(0.000248746 -0.0440346 0)
(0.000111071 -0.0432125 0)
(-6.30841e-05 -0.0424182 0)
(-0.000114224 -0.0419926 0)
(0.000242829 -0.0423047 0)
(0.000974497 -0.042366 0)
(-0.000363997 -0.0437162 0)
(0.000668624 -0.0452466 0)
(5.93283e-05 -0.0445906 0)
(0.000860221 -0.0460119 0)
(0.000450226 -0.0478807 0)
(-0.000343778 -0.0480085 0)
(0.000557336 -0.0485299 0)
(0.000201801 -0.0481422 0)
(0.000104801 -0.0480839 0)
(-0.000175491 -0.047837 0)
(-0.000272861 -0.0469195 0)
(-0.000460795 -0.0464896 0)
(-0.000709529 -0.046301 0)
(-0.000342824 -0.0473899 0)
(0.000438797 -0.0448613 0)
(-0.00131453 -0.043725 0)
(-0.000722403 -0.0465479 0)
(-0.00153999 -0.0463975 0)
(0.000366914 -0.0496012 0)
(-0.000270813 -0.0421376 0)
(-0.000102803 -0.0413538 0)
(-0.000484115 -0.0408278 0)
(0.0012907 -0.037592 0)
(0.00129672 -0.0373823 0)
(2.9339e-05 -0.0380255 0)
(0.00031419 -0.0373752 0)
(0.000142663 -0.038289 0)
(0.000879177 -0.0416818 0)
(0.000644707 -0.0422914 0)
(0.00028183 -0.0428227 0)
(0.000200384 -0.0414817 0)
(-8.99985e-05 -0.0410511 0)
(-0.000720735 -0.0400432 0)
(-0.000833387 -0.0405964 0)
(-0.000335043 -0.0411511 0)
(0.000180959 -0.0417624 0)
(0.000601714 -0.0389624 0)
(-0.000636803 -0.0388415 0)
(0.000170467 -0.0415747 0)
(3.14043e-05 -0.0400678 0)
(0.000455248 -0.0403695 0)
(0.00090041 -0.0404415 0)
(0.00131442 -0.0407683 0)
(0.000919321 -0.0416864 0)
(0.00159924 -0.040875 0)
(0.000769168 -0.0404949 0)
(9.34133e-05 -0.0416728 0)
(0.000158953 -0.0435685 0)
(0.000368524 -0.0440896 0)
(0.000280718 -0.0462172 0)
(6.88766e-05 -0.0467966 0)
(0.000183997 -0.0471903 0)
(4.13994e-05 -0.0475112 0)
(-9.85453e-05 -0.0470752 0)
(0.000499608 -0.045374 0)
(0.000238821 -0.0464391 0)
(0.000265544 -0.0476467 0)
(-4.77075e-05 -0.0475951 0)
(-0.000305956 -0.0477011 0)
(5.26865e-06 -0.0481968 0)
(0.000108635 -0.0488628 0)
(0.000285298 -0.0452385 0)
(-0.000564308 -0.0455984 0)
(-0.000212701 -0.0452202 0)
(0.000594292 -0.0461082 0)
(0.000304101 -0.0475823 0)
(0.000879616 -0.044453 0)
(0.00153441 -0.0443155 0)
(0.00181934 -0.0377494 0)
(0.00157035 -0.03756 0)
(-0.0008074 -0.040506 0)
(0.00206359 -0.0409249 0)
(0.000183092 -0.0406578 0)
(0.000660486 -0.0416138 0)
(0.000483517 -0.0413394 0)
(0.000258791 -0.0430414 0)
(-0.000143367 -0.0409691 0)
(-0.00034883 -0.040478 0)
(-0.000330778 -0.0378763 0)
(0.00123343 -0.0402142 0)
(-0.0001447 -0.041676 0)
(-0.000194846 -0.0420584 0)
(-5.36688e-05 -0.0420585 0)
(0.00015235 -0.0419837 0)
(0.000185427 -0.0415737 0)
(-7.49012e-06 -0.0418414 0)
(-9.73807e-07 -0.0405104 0)
(0.000788067 -0.0401072 0)
(0.000567827 -0.0401181 0)
(0.000728327 -0.0373453 0)
(-0.00136442 -0.0359615 0)
(-0.000774399 -0.0375925 0)
(-0.000473572 -0.0383172 0)
(9.51041e-05 -0.0356842 0)
(-0.000987002 -0.0388465 0)
(-0.000167262 -0.0403974 0)
(-0.000693524 -0.0401992 0)
(-0.000468592 -0.0397512 0)
(-0.000358913 -0.0397402 0)
(-0.000265493 -0.0417826 0)
(-0.000245702 -0.0432569 0)
(-0.000240453 -0.0457683 0)
(-9.75832e-05 -0.0463698 0)
(-0.000166707 -0.0470597 0)
(-0.000198003 -0.0476187 0)
(0.000163643 -0.0477504 0)
(-0.000388104 -0.0481308 0)
(-0.000482973 -0.0483921 0)
(-0.000176182 -0.0472929 0)
(0.000426826 -0.0458002 0)
(-0.000315286 -0.0463183 0)
(0.000738555 -0.047081 0)
(-0.000623295 -0.0422409 0)
(-0.000753608 -0.044727 0)
(0.00071343 -0.0440749 0)
(0.000490619 -0.0435841 0)
(0.00121618 -0.039994 0)
(0.00272936 -0.038901 0)
(0.00278559 -0.0384925 0)
(0.00077535 -0.041718 0)
(0.00109052 -0.040464 0)
(0.000906278 -0.0409206 0)
(0.0011503 -0.0432363 0)
(0.000317328 -0.043727 0)
(-0.000250832 -0.0438824 0)
(-0.0011056 -0.0401225 0)
(-2.66613e-05 -0.0422875 0)
(-0.000363118 -0.0436453 0)
(-0.00131066 -0.0449231 0)
(-0.000343926 -0.0440019 0)
(0.00046473 -0.0432911 0)
(0.000245323 -0.043977 0)
(-0.000542646 -0.045174 0)
(-0.000223285 -0.0474504 0)
(0.000574539 -0.0472447 0)
(0.00054595 -0.0455038 0)
(-0.000867162 -0.0448668 0)
(0.000406792 -0.0411433 0)
(0.00119828 -0.0395674 0)
(-0.00136505 -0.0424478 0)
(-0.0011458 -0.0426945 0)
(0.000159034 -0.0404883 0)
(-0.000328994 -0.0410787 0)
(-0.000109294 -0.0411889 0)
(0.00056801 -0.0397289 0)
(0.00040249 -0.0410642 0)
(0.000588252 -0.0422065 0)
(0.000230192 -0.043451 0)
(-6.46261e-05 -0.0449402 0)
(-0.000937247 -0.0452183 0)
(-0.000367465 -0.0452536 0)
(-0.000128891 -0.0457127 0)
(0.00127234 -0.0460053 0)
(0.000217092 -0.0465791 0)
(0.000327848 -0.0465633 0)
(0.000368642 -0.0450392 0)
(0.000196601 -0.0456146 0)
(-0.00070966 -0.0433898 0)
(-0.000337213 -0.0472713 0)
(-0.00106881 -0.0375523 0)
(-0.00180678 -0.0399889 0)
(-0.0011818 -0.0422028 0)
(-0.00120643 -0.0420793 0)
(-0.000795928 -0.0455901 0)
(0.00118646 -0.0417137 0)
(0.00138589 -0.0400884 0)
(0.00126088 -0.0386924 0)
(0.00161657 -0.0393891 0)
(0.000315189 -0.0386689 0)
(0.00121123 -0.0415213 0)
(0.00118781 -0.0440324 0)
(0.000448338 -0.044653 0)
(0.0001669 -0.0443115 0)
(-0.000237548 -0.0444749 0)
(-0.000239486 -0.0432762 0)
(-0.000359011 -0.0431868 0)
(-0.0014586 -0.0440612 0)
(-0.000467342 -0.0444553 0)
(-0.000983858 -0.0440869 0)
(-0.000403002 -0.0449056 0)
(0.000378431 -0.0465343 0)
(0.00041434 -0.0471194 0)
(0.00038222 -0.048072 0)
(-3.65361e-05 -0.0470036 0)
(-0.000149999 -0.0457463 0)
(0.00294817 -0.0435235 0)
(0.00110756 -0.0457817 0)
(-0.00248566 -0.0433317 0)
(-0.00161559 -0.043706 0)
(-0.00157134 -0.0470636 0)
(-0.000195203 -0.0462133 0)
(0.000572877 -0.0459303 0)
(0.001488 -0.0455097 0)
(-0.00111836 -0.0444424 0)
(0.000412666 -0.0460683 0)
(2.28742e-05 -0.0449918 0)
(-0.00235014 -0.0426107 0)
(-0.000337636 -0.0438331 0)
(-0.000326233 -0.0456918 0)
(-2.568e-06 -0.0452011 0)
(-0.000118008 -0.0459941 0)
(0.000137087 -0.0471374 0)
(0.000869595 -0.0463784 0)
(0.000950574 -0.0460776 0)
(-0.000637163 -0.0472746 0)
(0.000648504 -0.0427368 0)
(-0.00049772 -0.0459437 0)
(0.000437623 -0.0394772 0)
(0.000750435 -0.0407714 0)
(0.000955911 -0.0457419 0)
(0.000641312 -0.0443856 0)
(3.74473e-05 -0.0458792 0)
(-0.000129349 -0.0469959 0)
(0.00236131 -0.0435623 0)
(0.00155902 -0.0400569 0)
(0.00217532 -0.0391251 0)
(0.00052206 -0.0402494 0)
(0.000537114 -0.0403516 0)
(-3.12717e-05 -0.0420659 0)
(0.000435542 -0.0412655 0)
(0.000515043 -0.0396984 0)
(0.00101214 -0.0404316 0)
(0.000295495 -0.0426259 0)
(-0.000156738 -0.0443749 0)
(-0.000178998 -0.0453069 0)
(0.000340236 -0.0446771 0)
(0.00029496 -0.0441016 0)
(0.000374711 -0.0443382 0)
(-0.00012029 -0.046117 0)
(-9.88975e-05 -0.0455221 0)
(-2.42027e-05 -0.0471176 0)
(0.000926701 -0.0455869 0)
(-0.000167041 -0.0461376 0)
(0.000864971 -0.0480029 0)
(0.000555689 -0.0460105 0)
(-4.55852e-05 -0.0475481 0)
(0.00019114 -0.0482137 0)
(0.000128344 -0.04814 0)
(-0.000527064 -0.0472712 0)
(0.00066386 -0.0443405 0)
(-0.00070839 -0.0438461 0)
(-0.000250199 -0.0449447 0)
(4.88867e-05 -0.0466587 0)
(0.000647611 -0.0469705 0)
(-0.000278498 -0.0440477 0)
(0.000641522 -0.0433935 0)
(0.000216375 -0.0459265 0)
(0.00120263 -0.0448168 0)
(-0.000187675 -0.0466401 0)
(3.61024e-05 -0.0473887 0)
(0.000140134 -0.0475434 0)
(-3.58074e-05 -0.0463264 0)
(-0.000311341 -0.0462704 0)
(-7.29325e-05 -0.0454439 0)
(-0.000150995 -0.0462394 0)
(0.00090554 -0.0466376 0)
(0.000299977 -0.047278 0)
(-0.000252916 -0.047743 0)
(-0.000285991 -0.0432688 0)
(0.000889714 -0.0455837 0)
(-0.000134188 -0.0439185 0)
(6.7663e-06 -0.0414613 0)
(-0.000495348 -0.0410663 0)
(-0.000499199 -0.0417134 0)
(-0.000753311 -0.044902 0)
(-0.000625785 -0.0443813 0)
(2.28302e-05 -0.0436867 0)
(0.00115873 -0.0426603 0)
(0.00102999 -0.0418756 0)
(0.000111724 -0.0427688 0)
(-0.000129749 -0.0437138 0)
(7.00731e-05 -0.044693 0)
(0.000743222 -0.0443011 0)
(-7.66069e-05 -0.0458516 0)
(2.52372e-05 -0.0452362 0)
(0.000384614 -0.0461844 0)
(-0.000289859 -0.0473386 0)
(-2.22746e-05 -0.0478093 0)
(3.64565e-05 -0.0470919 0)
(7.82867e-05 -0.0470826 0)
(0.00104992 -0.0475401 0)
(0.000469631 -0.0483921 0)
(0.000137846 -0.0487273 0)
(-0.000462784 -0.0445324 0)
(0.000474155 -0.0452034 0)
(0.000693432 -0.0446887 0)
(0.000118326 -0.0443211 0)
(-0.00040668 -0.0445752 0)
(9.72104e-05 -0.0469384 0)
(-0.000390436 -0.0451456 0)
(-0.000792878 -0.0440345 0)
(3.92528e-05 -0.0458982 0)
(-0.000501768 -0.0458559 0)
(-0.000212475 -0.0456944 0)
(-0.000175008 -0.045406 0)
(-0.000190168 -0.0456801 0)
(-8.31002e-05 -0.0447423 0)
(0.000466289 -0.0452215 0)
(8.11505e-05 -0.0455641 0)
(-0.00040087 -0.0453835 0)
(-7.40447e-05 -0.04604 0)
(0.000443903 -0.04586 0)
(-4.02298e-05 -0.0458607 0)
(5.99554e-05 -0.0454659 0)
(0.000634679 -0.042226 0)
(2.62333e-05 -0.0422786 0)
(-0.000744956 -0.0440014 0)
(0.000593276 -0.0456237 0)
(-0.000382752 -0.0461982 0)
(-0.000933639 -0.0454932 0)
(-0.00100757 -0.0435872 0)
(0.000445493 -0.0430491 0)
(7.60342e-05 -0.0426805 0)
(-0.000330572 -0.0423054 0)
(-0.000339226 -0.0438899 0)
(0.000235854 -0.0427399 0)
(0.00162018 -0.0421837 0)
(0.000614718 -0.0425099 0)
(0.000270111 -0.0433034 0)
(-0.000136272 -0.0444784 0)
(0.000772453 -0.0437601 0)
(0.000319318 -0.045069 0)
(-0.000671593 -0.0483869 0)
(-0.000683939 -0.0493737 0)
(-6.40596e-05 -0.0477891 0)
(-0.000123129 -0.0439821 0)
(0.000615708 -0.043477 0)
(0.000581675 -0.0467664 0)
(0.000432165 -0.0454536 0)
(0.000672363 -0.0431985 0)
(0.000808073 -0.0441369 0)
(0.000261903 -0.0439836 0)
(0.000402504 -0.0445917 0)
(0.00172836 -0.0416465 0)
(0.00112851 -0.0424103 0)
(-0.000488769 -0.0427085 0)
(0.000504118 -0.0445092 0)
(-0.000386787 -0.043827 0)
(-0.000188985 -0.0440199 0)
(-0.000225491 -0.045591 0)
(0.00023716 -0.042896 0)
(0.000294948 -0.0448782 0)
(4.73629e-05 -0.0442236 0)
(-0.000361228 -0.0446947 0)
(-0.000458424 -0.0444966 0)
(-0.000458739 -0.0451672 0)
(-0.000146964 -0.0456226 0)
(-0.000513636 -0.0454728 0)
(8.62325e-05 -0.0423982 0)
(-0.000752865 -0.041174 0)
(-5.86903e-05 -0.0415121 0)
(0.000316901 -0.0426052 0)
(0.000171993 -0.0427939 0)
(-0.000585627 -0.0436725 0)
(-0.000857883 -0.0444308 0)
(-0.00103357 -0.0448675 0)
(-0.00058059 -0.0442009 0)
(-0.000863387 -0.0420049 0)
(1.65317e-05 -0.0441298 0)
(-9.16927e-05 -0.0424897 0)
(0.000651865 -0.0411422 0)
(-6.42211e-05 -0.0409177 0)
(-0.00048122 -0.0426234 0)
(-0.000177916 -0.0439172 0)
(-0.000616208 -0.0433359 0)
(0.000163039 -0.0425064 0)
(0.00104028 -0.0432776 0)
(0.000798806 -0.0428589 0)
(0.00157042 -0.0419894 0)
(0.0014647 -0.042694 0)
(3.97717e-05 -0.0440686 0)
(-0.000544609 -0.0446582 0)
(-0.000938146 -0.0427473 0)
(0.000175781 -0.0437207 0)
(0.000219176 -0.0440399 0)
(0.000381395 -0.0440668 0)
(0.000177197 -0.0437706 0)
(0.000206887 -0.0431249 0)
(6.27984e-06 -0.0427485 0)
(0.00023517 -0.0428201 0)
(0.00164689 -0.038958 0)
(0.000415941 -0.0406951 0)
(-0.000160872 -0.041558 0)
(-0.000801684 -0.0413239 0)
(0.000576056 -0.042047 0)
(0.000840017 -0.042086 0)
(0.000175913 -0.0415518 0)
(-0.00141908 -0.0438708 0)
(0.00142456 -0.0422608 0)
(-0.000389395 -0.0445577 0)
(-0.000171965 -0.0440408 0)
(-0.000116313 -0.0427963 0)
(0.000122388 -0.0426644 0)
(-0.000609574 -0.0445781 0)
(-0.000611821 -0.0451926 0)
(-0.000642592 -0.0451123 0)
(0.000664052 -0.0405099 0)
(0.000571579 -0.0400145 0)
(0.000309438 -0.0404439 0)
(0.000826028 -0.0416278 0)
(0.000345145 -0.0426696 0)
(0.000178775 -0.045516 0)
(-0.000277311 -0.0454109 0)
(0.000398355 -0.0437705 0)
(0.00232198 -0.0413642 0)
(0.00122301 -0.0420857 0)
(0.000118815 -0.040586 0)
(0.000414273 -0.0404457 0)
(4.08657e-05 -0.0400389 0)
(-0.000601915 -0.0382983 0)
(-0.000395141 -0.0417768 0)
(0.000633307 -0.0423953 0)
(0.000126797 -0.0437385 0)
(0.0011676 -0.0413052 0)
(0.000564529 -0.0406345 0)
(6.4266e-05 -0.0406628 0)
(0.000163466 -0.0406427 0)
(0.000212593 -0.0408006 0)
(-0.000576894 -0.0415248 0)
(-0.000113511 -0.0405654 0)
(-7.97649e-05 -0.0425756 0)
(-0.000300324 -0.0444131 0)
(-0.000430289 -0.0450318 0)
(0.000857733 -0.0438328 0)
(0.000620511 -0.0442632 0)
(-8.1937e-06 -0.0442107 0)
(-7.85456e-05 -0.0422775 0)
(0.000484141 -0.0393781 0)
(0.00036247 -0.0401609 0)
(-0.000693807 -0.0385658 0)
(0.000808567 -0.0414645 0)
(4.8169e-05 -0.0407845 0)
(-0.000680014 -0.0389063 0)
(-0.000275426 -0.0371657 0)
(-0.000615607 -0.0410702 0)
(-0.000705528 -0.0416072 0)
(-0.000243405 -0.0404306 0)
(0.000787774 -0.0402385 0)
(6.30177e-05 -0.0420681 0)
(-0.000330782 -0.0440125 0)
(-0.00067348 -0.0458292 0)
(-0.000558716 -0.0452576 0)
(-0.000662462 -0.0465747 0)
(0.000333524 -0.0435387 0)
(0.000797565 -0.0390803 0)
(0.000973694 -0.040057 0)
(0.000412971 -0.0406755 0)
(-0.000525348 -0.0443891 0)
(6.29066e-05 -0.0457231 0)
(-0.000207356 -0.0447755 0)
(0.000197553 -0.0437135 0)
(0.00117353 -0.0392163 0)
(-4.30499e-05 -0.0401921 0)
(0.000457312 -0.0398005 0)
(-0.000689101 -0.0388857 0)
(0.000272864 -0.0393183 0)
(0.000200115 -0.0387281 0)
(-9.43559e-05 -0.0395186 0)
(-7.45649e-06 -0.0397845 0)
(0.00134243 -0.0412024 0)
(-0.000107127 -0.0393213 0)
(-0.000106736 -0.0391943 0)
(-9.82921e-05 -0.038665 0)
(0.00209315 -0.0383805 0)
(0.000585644 -0.0408755 0)
(5.42605e-06 -0.040064 0)
(-0.00120064 -0.0421847 0)
(0.000404658 -0.0424868 0)
(0.00121832 -0.0393752 0)
(0.00118774 -0.0384376 0)
(0.000480812 -0.0431316 0)
(0.00110173 -0.0414674 0)
(-0.000181523 -0.0401495 0)
(-8.26243e-05 -0.0414369 0)
(-0.000738584 -0.0415382 0)
(-0.00133567 -0.0392021 0)
(-0.000315341 -0.0389539 0)
(-6.70326e-05 -0.0391109 0)
(0.000628451 -0.0372425 0)
(-0.00110996 -0.03842 0)
(0.00051696 -0.0372503 0)
(0.00171767 -0.0382669 0)
(-8.55711e-05 -0.0403292 0)
(-0.00026838 -0.0421813 0)
(-0.000221804 -0.0435056 0)
(0.000643642 -0.0433426 0)
(-0.00013681 -0.0459078 0)
(-0.000117778 -0.0444489 0)
(0.000122773 -0.0441005 0)
(-0.000125915 -0.0443125 0)
(-0.000269049 -0.0443942 0)
(0.000276074 -0.0429364 0)
(0.000252517 -0.0426818 0)
(0.000291807 -0.0433443 0)
(1.89065e-05 -0.0440128 0)
(-0.000424208 -0.0431341 0)
(-0.000170011 -0.0426325 0)
(0.000227476 -0.0407104 0)
(0.000266641 -0.0407321 0)
(0.000260366 -0.0408391 0)
(-0.000232852 -0.0386125 0)
(8.24593e-05 -0.0386956 0)
(-0.000196173 -0.0387025 0)
(-5.57125e-05 -0.038438 0)
(-0.00101355 -0.0387786 0)
(-3.7897e-05 -0.0394083 0)
(-0.000138834 -0.0398507 0)
(-9.81799e-05 -0.037068 0)
(0.000317487 -0.0372412 0)
(0.000194667 -0.0390421 0)
(0.000175912 -0.0382983 0)
(0.000388028 -0.0381613 0)
(-6.64363e-05 -0.0391641 0)
(0.000248796 -0.038779 0)
(0.000604655 -0.0390935 0)
(-0.000382116 -0.0397773 0)
(0.00105225 -0.0394905 0)
(-0.000535727 -0.0373314 0)
(0.000446114 -0.0372716 0)
(-0.000655831 -0.0383678 0)
(-0.000524405 -0.0398307 0)
(-0.0010082 -0.0399426 0)
(-0.000706201 -0.0395298 0)
(-0.00107402 -0.0396689 0)
(0.00240032 -0.0369704 0)
(0.000129256 -0.0397021 0)
(0.000129474 -0.0397242 0)
(-3.63621e-06 -0.0409972 0)
(-6.45604e-05 -0.0415737 0)
(-0.000449262 -0.0422438 0)
(-0.000531233 -0.0420603 0)
(-0.00142634 -0.0436613 0)
(0.000236524 -0.0434171 0)
(0.00021659 -0.0433951 0)
(-0.000505692 -0.0435826 0)
(0.000216504 -0.0453399 0)
(0.000554046 -0.0446033 0)
(0.000936565 -0.0427448 0)
(0.000223658 -0.0433308 0)
(0.000299742 -0.0434097 0)
(-0.000759688 -0.0398379 0)
(-8.96114e-05 -0.0405206 0)
(-0.000347273 -0.0398668 0)
(-0.000363048 -0.042146 0)
(-0.000663223 -0.0404195 0)
(-0.000353467 -0.0408495 0)
(-0.000239907 -0.0409339 0)
(-0.000207631 -0.039744 0)
(-0.000164219 -0.0385174 0)
(-2.27579e-05 -0.0384791 0)
(0.000352274 -0.0419999 0)
(-0.000350766 -0.0426833 0)
(0.000188153 -0.0383952 0)
(-0.000108765 -0.0387272 0)
(0.000335326 -0.0407832 0)
(-6.73032e-05 -0.0420922 0)
(0.000231909 -0.0420593 0)
(0.000544428 -0.0441932 0)
(0.000231229 -0.0430248 0)
(0.000664273 -0.0390817 0)
(0.0022743 -0.0383705 0)
(0.00128601 -0.0361043 0)
(0.000853284 -0.0372211 0)
(-0.000407892 -0.0371824 0)
(-0.00116945 -0.0378789 0)
(-0.000445993 -0.0397158 0)
(-0.0012196 -0.0403363 0)
(-0.00106793 -0.0391656 0)
(-0.00145355 -0.0411932 0)
(0.00154131 -0.0398027 0)
(0.00159661 -0.0395262 0)
(0.00112415 -0.0400329 0)
(0.000672335 -0.0414171 0)
(0.000244897 -0.042304 0)
(-0.000235929 -0.0428201 0)
(-0.00022173 -0.0430818 0)
(0.000427183 -0.0433089 0)
(0.000537839 -0.0432209 0)
(0.000804704 -0.0431128 0)
(-4.83714e-05 -0.0437712 0)
(-1.68851e-05 -0.0449654 0)
(0.000737174 -0.044343 0)
(0.000153251 -0.0451382 0)
(0.000422845 -0.0450962 0)
(0.000267799 -0.0441289 0)
(0.000207958 -0.041427 0)
(-0.000333383 -0.0431133 0)
(-0.000362843 -0.0401722 0)
(-0.000949366 -0.0408764 0)
(0.000137654 -0.0444869 0)
(-0.000385817 -0.0458361 0)
(-0.00042803 -0.0460287 0)
(-3.47532e-05 -0.045757 0)
(0.000200872 -0.0451345 0)
(-0.000593856 -0.0441054 0)
(-0.000345138 -0.0445224 0)
(-7.07761e-06 -0.0443665 0)
(0.000349408 -0.0446431 0)
(0.00106752 -0.041005 0)
(0.000612261 -0.0421459 0)
(-0.000108276 -0.0412237 0)
(-0.000633715 -0.0416079 0)
(-0.000494732 -0.0442324 0)
(1.40835e-05 -0.0422704 0)
(-6.75295e-05 -0.0412658 0)
(0.000135209 -0.0415104 0)
(0.00110567 -0.0380942 0)
(0.000483527 -0.0401799 0)
(0.000612267 -0.0384389 0)
(-0.00212692 -0.0388706 0)
(-0.00229175 -0.0395221 0)
(-0.00452519 -0.0394203 0)
(-0.000637895 -0.0420466 0)
(-0.000571603 -0.0430451 0)
(0.00274946 -0.0428752 0)
(0.00279391 -0.0389631 0)
(0.000465249 -0.0398174 0)
(0.000133235 -0.0425683 0)
(-0.000124975 -0.0437497 0)
(-9.71723e-05 -0.0450208 0)
(-0.000324046 -0.0449164 0)
(-0.000181284 -0.0448332 0)
(5.30352e-05 -0.0438546 0)
(0.00055628 -0.0446877 0)
(-0.000480718 -0.0438571 0)
(0.000170963 -0.0445207 0)
(0.000552259 -0.0442801 0)
(-0.000270754 -0.0437861 0)
(-0.000300281 -0.0446525 0)
(0.000236987 -0.044404 0)
(0.000128139 -0.0447687 0)
(0.000352236 -0.0440031 0)
(-0.000434824 -0.0431329 0)
(0.000368049 -0.0428025 0)
(-0.00016372 -0.0420691 0)
(-0.00062762 -0.043588 0)
(-0.000217036 -0.0444618 0)
(0.00021809 -0.0448847 0)
(-0.000107447 -0.0424101 0)
(0.00020459 -0.0409727 0)
(5.61532e-05 -0.0413183 0)
(-5.11035e-05 -0.0417943 0)
(-8.17585e-05 -0.0424157 0)
(-0.000129515 -0.0430485 0)
(0.000739501 -0.0431735 0)
(-0.000128505 -0.0428459 0)
(-0.000262532 -0.0411857 0)
(-0.000116908 -0.0396373 0)
(-0.00138616 -0.0391654 0)
(-0.000477223 -0.0410866 0)
(-0.000548293 -0.0426585 0)
(0.000894737 -0.0442218 0)
(0.000923746 -0.0431111 0)
(0.000575162 -0.0412089 0)
(-0.00110224 -0.0416606 0)
(-0.000195388 -0.0423575 0)
(-0.000966116 -0.0431251 0)
(-0.000827627 -0.0395592 0)
(-0.00130044 -0.0399109 0)
(-0.00128668 -0.0396919 0)
(-0.000139335 -0.0377153 0)
(-0.000494443 -0.0417437 0)
(-0.000452567 -0.0416967 0)
(0.000869558 -0.0412366 0)
(0.00104659 -0.0422478 0)
(-2.64347e-06 -0.0437299 0)
(0.000151892 -0.0432397 0)
(0.00240291 -0.0429418 0)
(0.000264591 -0.0430624 0)
(-0.000789737 -0.0420778 0)
(-0.00104945 -0.0377231 0)
(-7.35843e-05 -0.0379953 0)
(0.000306075 -0.0389889 0)
(3.76409e-05 -0.0402124 0)
(-0.000347498 -0.0419105 0)
(0.000301762 -0.0390744 0)
(-0.0016194 -0.0414095 0)
(-0.00115555 -0.0438651 0)
(0.000133968 -0.0445885 0)
(-0.000242035 -0.0432346 0)
(6.73994e-05 -0.0410722 0)
(-0.000812403 -0.0398455 0)
(-0.00061136 -0.0385299 0)
(0.000157711 -0.0393169 0)
(-2.74992e-05 -0.040252 0)
(-0.000102518 -0.0384574 0)
(9.87564e-05 -0.0396761 0)
(0.000200844 -0.0399604 0)
(8.23112e-05 -0.0400164 0)
(-3.77348e-06 -0.0402802 0)
(0.000236252 -0.0408807 0)
(0.000310941 -0.0409534 0)
(0.000333995 -0.0413142 0)
(-9.02074e-05 -0.0399381 0)
(-0.000729649 -0.0377796 0)
(-0.000742546 -0.0381672 0)
(-0.000154926 -0.0375083 0)
(0.000433703 -0.0371346 0)
(3.40973e-05 -0.0352269 0)
(0.000266345 -0.0390209 0)
(-0.000211946 -0.0403477 0)
(-0.000588213 -0.0409968 0)
(-0.000927861 -0.0398203 0)
(-0.00076244 -0.0392846 0)
(-0.00014367 -0.0383746 0)
(0.000139447 -0.0366812 0)
(0.000228693 -0.0396438 0)
(0.000278733 -0.0384125 0)
(-0.00041841 -0.0381878 0)
(-0.000742775 -0.0386141 0)
(-0.000888265 -0.0395408 0)
(-0.000353958 -0.0383928 0)
(0.00032681 -0.0372976 0)
(0.00147237 -0.038614 0)
(-0.00183053 -0.039488 0)
(-0.0030253 -0.0344833 0)
(-0.00272531 -0.0416264 0)
(-0.00352564 -0.0385893 0)
(0.000152474 -0.035512 0)
(-6.77819e-05 -0.0362585 0)
(0.000360818 -0.0359366 0)
(0.000279821 -0.0353992 0)
(0.000125594 -0.0322416 0)
(-0.000301692 -0.0302613 0)
(-0.000128637 -0.0383514 0)
(4.49584e-05 -0.0368871 0)
(-0.000198018 -0.0427737 0)
(-0.00137136 -0.0336068 0)
(-0.000974536 -0.0321816 0)
(0.000518585 -0.0310035 0)
(0.000395568 -0.0373243 0)
(0.000313364 -0.0365728 0)
(0.000913172 -0.039825 0)
(-0.000516006 -0.0366703 0)
(-0.000834702 -0.0339688 0)
(-0.000165831 -0.0361923 0)
(0.000259847 -0.0353395 0)
(-0.000178512 -0.0354855 0)
(3.44536e-05 -0.0348676 0)
(0.000229337 -0.0343749 0)
(0.00047563 -0.0337428 0)
(2.34712e-05 -0.0338767 0)
(0.000363764 -0.034447 0)
(-0.000362502 -0.0331751 0)
(-0.000909516 -0.0323261 0)
(0.00010741 -0.0296454 0)
(1.06476e-05 -0.030441 0)
(-0.00128518 -0.0302771 0)
(-2.28112e-05 -0.0323549 0)
(-0.000303495 -0.0379079 0)
(-0.000363264 -0.0373007 0)
(-0.00102992 -0.0379979 0)
(0.000559763 -0.0370284 0)
(0.00162089 -0.0340343 0)
(6.9748e-05 -0.0304426 0)
(-0.000295371 -0.0309616 0)
(0.000444654 -0.0299596 0)
(0.000519171 -0.0344284 0)
(0.000687473 -0.034329 0)
(0.000663568 -0.0337408 0)
(0.0021507 -0.0347408 0)
(0.000186452 -0.031994 0)
(0.000413062 -0.0292773 0)
(-0.000868509 -0.0284326 0)
(0.000279853 -0.0293669 0)
(-0.00248816 -0.0317169 0)
(-0.00374317 -0.031235 0)
(-9.33667e-05 -0.0354896 0)
(0.000285774 -0.0347423 0)
(-0.000778205 -0.028694 0)
(-0.000783672 -0.0277864 0)
(0.000437582 -0.0265802 0)
(0.00094851 -0.0275237 0)
(-0.00130915 -0.0249606 0)
(0.000128794 -0.0293146 0)
(0.000242266 -0.0295429 0)
(-0.000569229 -0.0312248 0)
(-0.000502339 -0.0295482 0)
(5.23333e-05 -0.0323198 0)
(0.000278494 -0.0287673 0)
(-7.91062e-05 -0.0334731 0)
(-0.000454736 -0.0305777 0)
(-0.000405666 -0.0301128 0)
(1.52243e-05 -0.0321379 0)
(0.000376432 -0.0311742 0)
(-0.000377983 -0.0344291 0)
(6.13236e-05 -0.0288614 0)
(0.000738738 -0.0280604 0)
(0.000187827 -0.0281157 0)
(-0.00015992 -0.028576 0)
(0.000529199 -0.0286859 0)
(0.00148637 -0.0250198 0)
(-0.000521922 -0.0296101 0)
(-0.000795713 -0.0306236 0)
(0.000284193 -0.0270943 0)
(0.000291974 -0.027357 0)
(-0.000120555 -0.0279483 0)
(-0.000200906 -0.0267308 0)
(-0.00370723 -0.027122 0)
(-0.00234181 -0.0282646 0)
(-0.00119079 -0.033774 0)
(0.000633807 -0.025075 0)
(-0.000798949 -0.028497 0)
(0.00119921 -0.030781 0)
(-0.000908819 -0.0293931 0)
(-0.000558355 -0.027201 0)
(-0.00088533 -0.0263883 0)
(-0.000376696 -0.0253317 0)
(-0.000524022 -0.0280136 0)
(0.00138474 -0.0292273 0)
(0.000697145 -0.0266406 0)
(0.000590308 -0.0268136 0)
(0.000162968 -0.0257625 0)
(0.000316971 -0.0275737 0)
(-0.00360187 -0.0338498 0)
(-0.00118869 -0.0347432 0)
(-0.000978522 -0.0339691 0)
(-0.000629243 -0.0359666 0)
(0.00010299 -0.0283968 0)
(-0.000320934 -0.0282788 0)
(-0.00081648 -0.0290741 0)
(-0.000505959 -0.0286118 0)
(0.000191997 -0.0285723 0)
(0.000356495 -0.0287688 0)
(0.00116371 -0.0283754 0)
(0.00277044 -0.0281737 0)
(-0.000494438 -0.0296604 0)
(-0.000159663 -0.030476 0)
(-0.000479246 -0.0316599 0)
(0.00012166 -0.0280328 0)
(-0.00115821 -0.032713 0)
(-0.000401813 -0.031371 0)
(-5.09421e-05 -0.0297838 0)
(0.000557126 -0.02858 0)
(1.55949e-05 -0.0280813 0)
(0.000424441 -0.0279017 0)
(1.79848e-05 -0.0290457 0)
(0.000281041 -0.0294069 0)
(-3.58976e-05 -0.0295628 0)
(-0.00040197 -0.0293192 0)
(-0.000630602 -0.0287006 0)
(-0.000236284 -0.0281868 0)
(-0.00134512 -0.0261186 0)
(-0.000663124 -0.0309969 0)
(0.000351626 -0.0294793 0)
(-0.00105905 -0.02561 0)
(-0.000208119 -0.0275007 0)
(-0.000165104 -0.0278251 0)
(-0.000244953 -0.0283001 0)
(0.000620419 -0.0269929 0)
(0.00102166 -0.0298948 0)
(-0.000178261 -0.0291647 0)
(8.45512e-05 -0.0296133 0)
(-0.000680304 -0.0286691 0)
(-0.000339352 -0.029663 0)
(-0.000363769 -0.0252669 0)
(0.0005162 -0.0280907 0)
(7.73906e-06 -0.0302897 0)
(8.47144e-06 -0.030946 0)
(-0.000361113 -0.028933 0)
(-0.00049624 -0.029823 0)
(-0.000319012 -0.0301474 0)
(-0.000176416 -0.0256392 0)
(0.000599222 -0.028172 0)
(-0.00020582 -0.0287813 0)
(0.00017683 -0.0302394 0)
(0.000229296 -0.0313067 0)
(-0.00128003 -0.0308221 0)
(-0.00246025 -0.0308404 0)
(4.02978e-05 -0.0333444 0)
(-0.000173303 -0.0355661 0)
(0.000393155 -0.0357839 0)
(-0.00204177 -0.0375096 0)
(-0.00104064 -0.038037 0)
)


// ************************************************************************* //
