/*--------------------------------*- C++ -*----------------------------------*\
  =========                 |
  \\      /  F ield         | OpenFOAM: The Open Source CFD Toolbox
   \\    /   O peration     | Website:  https://openfoam.org
    \\  /    A nd           | Version:  12
     \\/     M anipulation  |
\*---------------------------------------------------------------------------*/
FoamFile
{
    format      ascii;
    class       volScalarField::Internal;
    location    "0.05";
    object      cloud:UCoeff;
}
// * * * * * * * * * * * * * * * * * * * * * * * * * * * * * * * * * * * * * //

dimensions      [1 0 0 0 0 0 0];

value           nonuniform List<scalar> 
3750
(
8.25202e-07
8.05748e-07
8.2523e-07
8.27046e-07
8.25202e-07
8.25202e-07
8.05748e-07
8.2523e-07
8.27046e-07
8.25202e-07
8.25202e-07
8.25202e-07
8.05748e-07
8.2523e-07
8.07593e-07
8.2523e-07
8.27046e-07
8.25202e-07
8.25202e-07
8.05748e-07
8.2523e-07
8.27046e-07
8.25202e-07
8.25202e-07
8.05748e-07
8.2523e-07
8.07593e-07
8.2523e-07
8.27046e-07
8.25202e-07
8.05748e-07
8.2523e-07
8.27046e-07
8.25202e-07
8.25202e-07
8.05748e-07
8.05776e-07
8.27074e-07
8.27046e-07
8.05748e-07
8.2523e-07
8.07593e-07
8.2523e-07
8.27046e-07
8.25202e-07
8.05748e-07
8.05776e-07
8.27074e-07
8.27046e-07
8.25202e-07
8.25202e-07
8.25202e-07
8.25202e-07
8.25202e-07
8.25202e-07
8.25202e-07
8.25202e-07
7.85307e-07
8.25288e-07
8.31142e-07
8.25202e-07
8.05748e-07
8.2523e-07
8.27046e-07
7.85307e-07
8.25288e-07
8.11689e-07
8.2523e-07
8.07593e-07
8.2523e-07
8.07593e-07
8.2523e-07
8.27046e-07
6.43924e-07
2.18561e-07
8.25202e-07
7.85307e-07
8.25288e-07
8.31142e-07
8.25202e-07
8.25202e-07
8.25202e-07
8.25202e-07
7.85307e-07
8.05833e-07
8.31169e-07
8.27046e-07
8.25202e-07
8.25202e-07
8.25202e-07
8.25202e-07
8.25202e-07
8.05748e-07
8.2523e-07
8.27046e-07
8.25202e-07
8.25202e-07
8.25202e-07
8.25202e-07
8.25202e-07
8.25202e-07
8.25202e-07
8.25202e-07
8.25202e-07
8.25202e-07
8.25202e-07
7.85307e-07
8.25288e-07
8.31142e-07
8.25202e-07
8.05748e-07
8.2523e-07
8.27046e-07
8.05748e-07
8.2523e-07
8.27046e-07
8.25202e-07
8.25202e-07
8.25202e-07
8.25202e-07
8.25202e-07
8.25202e-07
8.25202e-07
8.25202e-07
8.05748e-07
8.2523e-07
8.27046e-07
8.25202e-07
8.25202e-07
8.25202e-07
8.25202e-07
8.25202e-07
8.25202e-07
8.05748e-07
8.2523e-07
8.07593e-07
8.2523e-07
8.07593e-07
8.2523e-07
7.65897e-07
8.25371e-07
8.17963e-07
8.2523e-07
8.27046e-07
8.25202e-07
8.25202e-07
8.05748e-07
8.2523e-07
6.45776e-07
2.18561e-07
8.07593e-07
8.2523e-07
8.27046e-07
8.05748e-07
8.2523e-07
8.27046e-07
8.25202e-07
8.25202e-07
8.25202e-07
7.85307e-07
8.25288e-07
8.31142e-07
8.25202e-07
8.25202e-07
8.25202e-07
8.25202e-07
8.25202e-07
8.05748e-07
8.05776e-07
8.27074e-07
8.07593e-07
8.05776e-07
8.0762e-07
8.27074e-07
8.27046e-07
8.25202e-07
8.25202e-07
8.25202e-07
8.05748e-07
8.2523e-07
8.27046e-07
8.25202e-07
8.25202e-07
8.25202e-07
7.85307e-07
8.25288e-07
8.31142e-07
8.25202e-07
8.05748e-07
8.2523e-07
7.87152e-07
8.05833e-07
8.31169e-07
8.27046e-07
8.25202e-07
8.25202e-07
8.25202e-07
8.25202e-07
8.05748e-07
8.2523e-07
8.27046e-07
8.25202e-07
7.85307e-07
8.25288e-07
8.31142e-07
8.25202e-07
8.25202e-07
8.25202e-07
8.25202e-07
8.25202e-07
8.25202e-07
8.25202e-07
7.85307e-07
8.25288e-07
7.69996e-07
8.25371e-07
8.17963e-07
8.2523e-07
8.27046e-07
8.25202e-07
8.05748e-07
8.2523e-07
8.27046e-07
6.43924e-07
2.18561e-07
8.05748e-07
8.2523e-07
8.27046e-07
8.25202e-07
8.05748e-07
8.05776e-07
8.27074e-07
8.27046e-07
8.25202e-07
8.25202e-07
8.05748e-07
8.2523e-07
8.07593e-07
8.2523e-07
8.27046e-07
8.05748e-07
8.2523e-07
8.27046e-07
8.25202e-07
8.05748e-07
8.2523e-07
8.27046e-07
8.25202e-07
8.25202e-07
8.25202e-07
8.25202e-07
8.25202e-07
8.25202e-07
8.05748e-07
8.2523e-07
8.27046e-07
8.25202e-07
8.25202e-07
8.25202e-07
8.25202e-07
8.25202e-07
8.05748e-07
8.2523e-07
8.27046e-07
8.25202e-07
8.05748e-07
8.2523e-07
8.07593e-07
8.2523e-07
8.27046e-07
8.25202e-07
8.25202e-07
8.05748e-07
8.2523e-07
8.27046e-07
8.25202e-07
8.25202e-07
8.25202e-07
8.25202e-07
8.25202e-07
8.25202e-07
8.25202e-07
8.25202e-07
8.25202e-07
8.25202e-07
8.25202e-07
8.25202e-07
8.25202e-07
8.25202e-07
8.25202e-07
8.05748e-07
8.2523e-07
8.27046e-07
8.25202e-07
7.85307e-07
8.25288e-07
8.11689e-07
7.85334e-07
6.45776e-07
2.24629e-07
8.25202e-07
8.25202e-07
8.25202e-07
8.05748e-07
8.2523e-07
8.27046e-07
8.25202e-07
8.25202e-07
8.25202e-07
8.25202e-07
8.25202e-07
8.25202e-07
8.05748e-07
8.2523e-07
8.27046e-07
8.25202e-07
8.25202e-07
8.25202e-07
8.05748e-07
8.2523e-07
8.27046e-07
8.25202e-07
7.85307e-07
8.25288e-07
8.31142e-07
7.85307e-07
8.25288e-07
8.11689e-07
8.2523e-07
8.07593e-07
8.05776e-07
8.27074e-07
8.07593e-07
8.2523e-07
8.07593e-07
8.2523e-07
8.27046e-07
8.25202e-07
8.05748e-07
8.05776e-07
8.0762e-07
8.27074e-07
8.27046e-07
8.25202e-07
8.25202e-07
8.25202e-07
8.05748e-07
8.2523e-07
8.27046e-07
8.25202e-07
8.25202e-07
8.25202e-07
8.05748e-07
8.05776e-07
7.87179e-07
8.27132e-07
8.31142e-07
8.25202e-07
7.85307e-07
7.8539e-07
8.11774e-07
7.70022e-07
7.87315e-07
8.18048e-07
8.11717e-07
8.0762e-07
7.87179e-07
8.27132e-07
8.31142e-07
8.05748e-07
8.2523e-07
8.07593e-07
8.05776e-07
6.45776e-07
2.20446e-07
8.25202e-07
8.25202e-07
8.05748e-07
8.05776e-07
8.27074e-07
8.27046e-07
8.25202e-07
8.25202e-07
8.25202e-07
8.05748e-07
8.2523e-07
8.27046e-07
7.85307e-07
8.25288e-07
8.31142e-07
8.05748e-07
8.2523e-07
8.27046e-07
8.05748e-07
8.2523e-07
8.27046e-07
7.85307e-07
8.25288e-07
8.11689e-07
8.05776e-07
8.0762e-07
7.87179e-07
8.07677e-07
8.31169e-07
8.27046e-07
8.25202e-07
8.25202e-07
8.25202e-07
8.25202e-07
8.05748e-07
8.2523e-07
8.07593e-07
8.2523e-07
8.07593e-07
8.05776e-07
8.0762e-07
8.27074e-07
8.27046e-07
8.25202e-07
8.25202e-07
8.25202e-07
8.05748e-07
8.2523e-07
8.27046e-07
8.05748e-07
8.2523e-07
8.27046e-07
8.05748e-07
8.05776e-07
8.27074e-07
8.27046e-07
8.25202e-07
8.25202e-07
8.25202e-07
8.25202e-07
8.25202e-07
8.05748e-07
8.2523e-07
8.27046e-07
7.85307e-07
8.25288e-07
7.9125e-07
7.8539e-07
8.31228e-07
8.31142e-07
8.25202e-07
8.25202e-07
8.25202e-07
6.43924e-07
2.18561e-07
8.25202e-07
8.05748e-07
8.2523e-07
8.07593e-07
8.2523e-07
8.07593e-07
8.2523e-07
8.27046e-07
8.25202e-07
7.85307e-07
8.25288e-07
8.31142e-07
8.05748e-07
8.2523e-07
8.27046e-07
8.25202e-07
8.05748e-07
8.2523e-07
7.65897e-07
8.25371e-07
8.37414e-07
8.25202e-07
8.25202e-07
8.25202e-07
8.25202e-07
7.85307e-07
8.25288e-07
8.31142e-07
8.25202e-07
8.25202e-07
8.25202e-07
8.05748e-07
8.2523e-07
8.27046e-07
8.05748e-07
8.2523e-07
8.07593e-07
8.2523e-07
8.27046e-07
8.25202e-07
7.64051e-07
8.25371e-07
8.37414e-07
8.25202e-07
8.25202e-07
8.25202e-07
8.25202e-07
8.25202e-07
8.25202e-07
8.05748e-07
8.2523e-07
8.27046e-07
8.05748e-07
8.2523e-07
8.27046e-07
8.25202e-07
8.25202e-07
8.25202e-07
8.25202e-07
8.25202e-07
8.25202e-07
8.25202e-07
8.25202e-07
8.25202e-07
8.25202e-07
8.25202e-07
8.25202e-07
8.05748e-07
8.2523e-07
8.27046e-07
8.05748e-07
8.2523e-07
8.27046e-07
6.43924e-07
2.18561e-07
8.2523e-07
8.27046e-07
8.25202e-07
8.25202e-07
8.25202e-07
8.25202e-07
8.25202e-07
8.25202e-07
8.05748e-07
7.85334e-07
8.07677e-07
8.31169e-07
8.27046e-07
8.25202e-07
8.25202e-07
8.25202e-07
8.05748e-07
8.2523e-07
8.27046e-07
8.25202e-07
8.25202e-07
7.64051e-07
8.25371e-07
8.37414e-07
8.25202e-07
8.25202e-07
8.25202e-07
8.25202e-07
8.25202e-07
8.05748e-07
8.2523e-07
8.27046e-07
8.25202e-07
8.05748e-07
8.2523e-07
8.27046e-07
8.25202e-07
8.25202e-07
8.25202e-07
8.05748e-07
8.2523e-07
8.27046e-07
8.25202e-07
8.05748e-07
8.05776e-07
8.0762e-07
8.27074e-07
8.27046e-07
7.85307e-07
8.25288e-07
8.31142e-07
8.25202e-07
8.25202e-07
8.05748e-07
8.2523e-07
8.27046e-07
8.25202e-07
8.25202e-07
8.25202e-07
8.05748e-07
8.2523e-07
8.27046e-07
8.25202e-07
8.25202e-07
8.05748e-07
8.2523e-07
8.27046e-07
8.05748e-07
7.85334e-07
8.07677e-07
8.31169e-07
8.07593e-07
8.2523e-07
6.45776e-07
2.18561e-07
8.05748e-07
8.2523e-07
8.27046e-07
8.05748e-07
8.2523e-07
8.07593e-07
8.2523e-07
7.87152e-07
8.25288e-07
8.31142e-07
8.25202e-07
8.25202e-07
8.25202e-07
8.25202e-07
8.25202e-07
8.25202e-07
8.25202e-07
8.25202e-07
8.05748e-07
8.2523e-07
8.07593e-07
8.05776e-07
8.27074e-07
8.07593e-07
8.05776e-07
8.27074e-07
8.07593e-07
8.2523e-07
8.27046e-07
8.25202e-07
8.25202e-07
8.25202e-07
8.25202e-07
8.25202e-07
8.25202e-07
8.25202e-07
8.25202e-07
8.25202e-07
8.25202e-07
7.85307e-07
8.25288e-07
8.31142e-07
8.05748e-07
8.05776e-07
8.27074e-07
8.27046e-07
8.25202e-07
8.25202e-07
8.05748e-07
8.2523e-07
8.07593e-07
8.05776e-07
8.27074e-07
8.27046e-07
8.05748e-07
8.2523e-07
8.27046e-07
8.25202e-07
8.25202e-07
8.25202e-07
8.25202e-07
8.25202e-07
8.25202e-07
8.05748e-07
8.2523e-07
8.07593e-07
7.85334e-07
8.27132e-07
8.31142e-07
8.25202e-07
8.25202e-07
8.05748e-07
8.05776e-07
6.45776e-07
2.20446e-07
8.05748e-07
8.2523e-07
8.27046e-07
8.25202e-07
8.25202e-07
8.25202e-07
8.05748e-07
8.2523e-07
8.27046e-07
8.25202e-07
8.25202e-07
8.05748e-07
8.2523e-07
8.07593e-07
8.05776e-07
8.27074e-07
8.27046e-07
8.25202e-07
8.25202e-07
8.05748e-07
8.2523e-07
8.27046e-07
8.25202e-07
8.25202e-07
8.05748e-07
8.2523e-07
8.27046e-07
8.25202e-07
8.05748e-07
8.2523e-07
8.27046e-07
8.05748e-07
8.05776e-07
8.27074e-07
8.27046e-07
7.64051e-07
8.25371e-07
8.37414e-07
7.85307e-07
8.25288e-07
7.9125e-07
8.25288e-07
8.31142e-07
8.25202e-07
8.25202e-07
8.25202e-07
7.85307e-07
8.25288e-07
8.31142e-07
7.85307e-07
8.25288e-07
8.31142e-07
8.25202e-07
8.05748e-07
8.2523e-07
8.07593e-07
8.2523e-07
8.27046e-07
8.25202e-07
8.05748e-07
8.2523e-07
8.27046e-07
8.05748e-07
8.2523e-07
8.07593e-07
8.2523e-07
8.27046e-07
8.25202e-07
8.25202e-07
8.25202e-07
8.05748e-07
8.2523e-07
8.27046e-07
6.43924e-07
2.18561e-07
8.2523e-07
7.87152e-07
8.05833e-07
8.31169e-07
8.27046e-07
8.25202e-07
8.25202e-07
7.85307e-07
8.25288e-07
7.9125e-07
8.25288e-07
8.31142e-07
8.25202e-07
8.25202e-07
8.05748e-07
8.2523e-07
8.27046e-07
8.25202e-07
8.25202e-07
8.25202e-07
8.25202e-07
8.25202e-07
8.05748e-07
7.85334e-07
8.27132e-07
8.31142e-07
8.25202e-07
8.05748e-07
7.85334e-07
8.27132e-07
8.31142e-07
8.05748e-07
8.2523e-07
8.27046e-07
8.25202e-07
7.85307e-07
8.25288e-07
8.31142e-07
8.05748e-07
8.2523e-07
8.27046e-07
8.25202e-07
7.85307e-07
8.25288e-07
8.31142e-07
8.05748e-07
8.05776e-07
8.0762e-07
8.0762e-07
8.27074e-07
8.27046e-07
8.25202e-07
8.05748e-07
7.85334e-07
8.27132e-07
8.31142e-07
8.25202e-07
8.25202e-07
8.25202e-07
8.25202e-07
8.05748e-07
8.2523e-07
8.27046e-07
8.25202e-07
8.25202e-07
8.25202e-07
8.25202e-07
8.25202e-07
8.25202e-07
8.25202e-07
8.05748e-07
7.85334e-07
8.27132e-07
6.49889e-07
2.18561e-07
8.27046e-07
8.25202e-07
8.25202e-07
8.25202e-07
8.05748e-07
8.2523e-07
8.27046e-07
8.25202e-07
8.25202e-07
8.25202e-07
8.25202e-07
8.25202e-07
8.25202e-07
8.25202e-07
8.25202e-07
8.25202e-07
8.25202e-07
8.25202e-07
8.05748e-07
8.05776e-07
8.27074e-07
8.27046e-07
8.25202e-07
8.25202e-07
8.05748e-07
8.05776e-07
8.27074e-07
8.27046e-07
8.25202e-07
8.25202e-07
8.25202e-07
8.25202e-07
8.25202e-07
8.05748e-07
8.2523e-07
8.27046e-07
8.25202e-07
8.25202e-07
8.25202e-07
8.25202e-07
8.05748e-07
8.2523e-07
8.27046e-07
8.05748e-07
8.2523e-07
7.87152e-07
8.05833e-07
8.31169e-07
8.27046e-07
7.85307e-07
8.25288e-07
8.31142e-07
8.25202e-07
8.25202e-07
8.25202e-07
8.25202e-07
8.25202e-07
8.25202e-07
8.25202e-07
8.25202e-07
8.25202e-07
8.25202e-07
8.25202e-07
8.25202e-07
8.25202e-07
8.25202e-07
8.25202e-07
8.25202e-07
8.25202e-07
8.25202e-07
8.05748e-07
7.85334e-07
8.27132e-07
6.49889e-07
2.18561e-07
8.2523e-07
8.07593e-07
8.2523e-07
8.27046e-07
8.25202e-07
8.25202e-07
8.25202e-07
8.25202e-07
8.05748e-07
8.2523e-07
8.27046e-07
7.85307e-07
8.25288e-07
8.31142e-07
7.85307e-07
8.05833e-07
8.31169e-07
7.65897e-07
8.25371e-07
8.37414e-07
8.05748e-07
8.2523e-07
8.27046e-07
7.85307e-07
8.25288e-07
8.31142e-07
8.05748e-07
8.2523e-07
8.07593e-07
8.2523e-07
8.27046e-07
8.05748e-07
8.05776e-07
8.27074e-07
8.27046e-07
8.25202e-07
8.25202e-07
8.25202e-07
8.25202e-07
8.05748e-07
8.05776e-07
8.27074e-07
7.87152e-07
8.25288e-07
7.9125e-07
8.25288e-07
8.31142e-07
8.25202e-07
8.25202e-07
8.25202e-07
8.25202e-07
8.25202e-07
8.05748e-07
8.2523e-07
8.27046e-07
8.25202e-07
8.25202e-07
8.25202e-07
8.05748e-07
8.05776e-07
8.27074e-07
8.27046e-07
8.05748e-07
8.2523e-07
8.07593e-07
7.85334e-07
8.07677e-07
8.31169e-07
8.27046e-07
8.25202e-07
7.85307e-07
8.05833e-07
7.91276e-07
6.45776e-07
2.24629e-07
7.85334e-07
8.27132e-07
8.31142e-07
8.25202e-07
8.25202e-07
8.05748e-07
8.2523e-07
8.07593e-07
8.2523e-07
8.27046e-07
8.25202e-07
8.05748e-07
8.05776e-07
8.0762e-07
8.27074e-07
8.07593e-07
8.05776e-07
8.27074e-07
8.27046e-07
8.25202e-07
8.25202e-07
8.25202e-07
8.25202e-07
8.25202e-07
8.25202e-07
8.25202e-07
8.25202e-07
8.25202e-07
8.25202e-07
8.25202e-07
8.25202e-07
7.85307e-07
8.25288e-07
8.11689e-07
8.2523e-07
8.27046e-07
8.25202e-07
8.25202e-07
8.25202e-07
8.25202e-07
8.25202e-07
8.25202e-07
8.25202e-07
8.25202e-07
8.25202e-07
8.25202e-07
7.85307e-07
8.25288e-07
8.31142e-07
8.25202e-07
8.25202e-07
8.25202e-07
8.25202e-07
8.25202e-07
8.25202e-07
7.85307e-07
8.25288e-07
8.31142e-07
8.25202e-07
8.25202e-07
8.25202e-07
8.25202e-07
8.25202e-07
8.25202e-07
8.25202e-07
8.25202e-07
8.25202e-07
8.25202e-07
8.25202e-07
8.25202e-07
8.25202e-07
8.05748e-07
8.2523e-07
6.45776e-07
2.18561e-07
8.25202e-07
8.25202e-07
8.25202e-07
8.25202e-07
8.25202e-07
8.25202e-07
8.25202e-07
8.25202e-07
8.25202e-07
8.25202e-07
8.25202e-07
8.25202e-07
8.25202e-07
8.05748e-07
8.2523e-07
8.27046e-07
8.25202e-07
8.25202e-07
7.85307e-07
8.25288e-07
8.31142e-07
8.25202e-07
8.25202e-07
8.25202e-07
8.25202e-07
8.25202e-07
8.25202e-07
8.25202e-07
8.05748e-07
8.05776e-07
8.0762e-07
8.0762e-07
8.27074e-07
8.27046e-07
8.25202e-07
8.05748e-07
8.05776e-07
8.27074e-07
8.27046e-07
8.25202e-07
8.25202e-07
8.25202e-07
8.25202e-07
8.25202e-07
8.25202e-07
8.25202e-07
8.25202e-07
7.85307e-07
8.25288e-07
8.31142e-07
8.05748e-07
8.05776e-07
8.27074e-07
8.07593e-07
8.2523e-07
8.27046e-07
8.25202e-07
8.25202e-07
8.25202e-07
8.25202e-07
8.25202e-07
8.25202e-07
8.25202e-07
8.25202e-07
8.05748e-07
8.2523e-07
8.27046e-07
8.25202e-07
8.25202e-07
8.25202e-07
8.25202e-07
8.05748e-07
8.2523e-07
6.45776e-07
2.18561e-07
8.25202e-07
8.05748e-07
8.2523e-07
7.87152e-07
8.25288e-07
8.31142e-07
8.05748e-07
7.85334e-07
8.27132e-07
8.31142e-07
7.85307e-07
7.8539e-07
8.31228e-07
8.31142e-07
8.05748e-07
8.2523e-07
8.27046e-07
8.25202e-07
8.25202e-07
8.25202e-07
8.25202e-07
7.85307e-07
8.25288e-07
8.31142e-07
8.05748e-07
8.2523e-07
8.27046e-07
8.25202e-07
8.25202e-07
8.25202e-07
8.25202e-07
8.25202e-07
8.25202e-07
8.25202e-07
8.25202e-07
8.25202e-07
8.25202e-07
8.05748e-07
8.2523e-07
8.27046e-07
8.25202e-07
8.25202e-07
8.25202e-07
7.85307e-07
7.8539e-07
8.31228e-07
8.31142e-07
8.25202e-07
8.25202e-07
8.25202e-07
8.25202e-07
8.25202e-07
8.25202e-07
8.25202e-07
8.25202e-07
7.85307e-07
8.25288e-07
8.11689e-07
8.2523e-07
8.27046e-07
8.25202e-07
8.25202e-07
8.25202e-07
8.25202e-07
8.25202e-07
7.64051e-07
8.25371e-07
8.17963e-07
8.2523e-07
8.27046e-07
7.85307e-07
8.25288e-07
8.31142e-07
6.43924e-07
2.18561e-07
8.37414e-07
8.25202e-07
8.25202e-07
8.25202e-07
8.25202e-07
8.25202e-07
7.85307e-07
8.25288e-07
8.31142e-07
8.25202e-07
8.05748e-07
8.2523e-07
8.27046e-07
8.05748e-07
7.85334e-07
8.27132e-07
8.31142e-07
8.05748e-07
8.2523e-07
8.27046e-07
8.25202e-07
8.05748e-07
8.2523e-07
8.07593e-07
7.85334e-07
8.07677e-07
8.31169e-07
8.27046e-07
8.05748e-07
8.2523e-07
8.27046e-07
8.05748e-07
8.2523e-07
8.27046e-07
8.25202e-07
7.85307e-07
8.25288e-07
7.9125e-07
8.25288e-07
8.31142e-07
8.05748e-07
8.2523e-07
8.27046e-07
8.25202e-07
8.25202e-07
8.25202e-07
8.25202e-07
8.25202e-07
8.05748e-07
8.2523e-07
8.27046e-07
8.05748e-07
8.2523e-07
8.27046e-07
8.25202e-07
8.25202e-07
8.25202e-07
8.05748e-07
8.2523e-07
8.07593e-07
8.2523e-07
8.27046e-07
8.25202e-07
8.25202e-07
8.25202e-07
8.25202e-07
8.25202e-07
8.25202e-07
8.25202e-07
8.25202e-07
8.25202e-07
8.05748e-07
8.05776e-07
6.45776e-07
2.20446e-07
8.25202e-07
8.05748e-07
8.2523e-07
8.07593e-07
8.2523e-07
8.07593e-07
8.2523e-07
8.07593e-07
8.2523e-07
8.27046e-07
8.25202e-07
8.05748e-07
8.05776e-07
8.0762e-07
8.0762e-07
7.87179e-07
7.87235e-07
8.31228e-07
8.31142e-07
8.25202e-07
8.25202e-07
8.25202e-07
8.25202e-07
8.05748e-07
8.2523e-07
8.27046e-07
8.25202e-07
8.05748e-07
8.2523e-07
8.07593e-07
8.2523e-07
8.27046e-07
8.05748e-07
8.2523e-07
8.27046e-07
8.05748e-07
8.2523e-07
8.07593e-07
8.2523e-07
7.87152e-07
8.05833e-07
8.31169e-07
7.87152e-07
8.25288e-07
8.31142e-07
8.05748e-07
8.05776e-07
8.0762e-07
8.27074e-07
8.27046e-07
8.05748e-07
8.05776e-07
8.0762e-07
8.27074e-07
8.27046e-07
8.25202e-07
8.25202e-07
8.25202e-07
8.25202e-07
8.25202e-07
8.25202e-07
8.25202e-07
8.25202e-07
8.25202e-07
7.64051e-07
8.05915e-07
8.37442e-07
8.27046e-07
8.25202e-07
8.05748e-07
8.2523e-07
8.27046e-07
8.25202e-07
6.43924e-07
2.18561e-07
8.25202e-07
8.25202e-07
8.25202e-07
8.25202e-07
8.25202e-07
8.05748e-07
8.2523e-07
8.27046e-07
8.25202e-07
8.25202e-07
8.25202e-07
8.25202e-07
8.25202e-07
8.25202e-07
7.85307e-07
8.25288e-07
8.31142e-07
8.25202e-07
7.64051e-07
8.25371e-07
8.37414e-07
8.25202e-07
8.25202e-07
8.25202e-07
8.25202e-07
7.64051e-07
8.25371e-07
8.37414e-07
8.25202e-07
8.25202e-07
8.25202e-07
8.05748e-07
8.2523e-07
8.27046e-07
8.25202e-07
7.85307e-07
8.25288e-07
7.9125e-07
8.25288e-07
8.31142e-07
8.05748e-07
8.2523e-07
8.27046e-07
8.25202e-07
8.25202e-07
8.25202e-07
8.25202e-07
8.25202e-07
8.25202e-07
8.25202e-07
8.25202e-07
8.25202e-07
8.25202e-07
8.25202e-07
8.05748e-07
8.2523e-07
8.27046e-07
8.25202e-07
7.85307e-07
8.25288e-07
8.31142e-07
8.25202e-07
8.05748e-07
8.2523e-07
8.27046e-07
8.25202e-07
8.25202e-07
8.25202e-07
8.25202e-07
8.25202e-07
8.25202e-07
8.25202e-07
8.05748e-07
6.43924e-07
2.20446e-07
8.25202e-07
8.25202e-07
8.25202e-07
8.25202e-07
8.25202e-07
8.25202e-07
8.25202e-07
8.05748e-07
8.2523e-07
8.07593e-07
8.2523e-07
8.27046e-07
8.25202e-07
8.25202e-07
8.25202e-07
8.25202e-07
8.25202e-07
8.25202e-07
8.25202e-07
8.25202e-07
8.25202e-07
8.25202e-07
8.05748e-07
8.2523e-07
8.07593e-07
8.2523e-07
8.07593e-07
8.2523e-07
8.27046e-07
8.25202e-07
8.25202e-07
8.05748e-07
8.05776e-07
8.27074e-07
8.27046e-07
8.25202e-07
8.25202e-07
8.25202e-07
8.25202e-07
8.25202e-07
8.05748e-07
8.2523e-07
8.27046e-07
8.05748e-07
8.2523e-07
8.27046e-07
8.25202e-07
8.25202e-07
8.25202e-07
8.25202e-07
8.25202e-07
8.25202e-07
8.25202e-07
8.25202e-07
8.25202e-07
8.25202e-07
8.25202e-07
8.05748e-07
8.05776e-07
8.0762e-07
8.27074e-07
8.27046e-07
8.05748e-07
8.2523e-07
8.27046e-07
8.05748e-07
8.2523e-07
8.27046e-07
8.25202e-07
7.85307e-07
8.25288e-07
8.31142e-07
7.64051e-07
6.43924e-07
2.31026e-07
8.27046e-07
8.25202e-07
8.25202e-07
8.25202e-07
8.25202e-07
8.05748e-07
7.85334e-07
8.07677e-07
8.11717e-07
8.27074e-07
8.27046e-07
8.25202e-07
8.25202e-07
8.25202e-07
8.05748e-07
8.05776e-07
8.27074e-07
8.27046e-07
8.25202e-07
8.05748e-07
8.2523e-07
8.27046e-07
8.25202e-07
8.25202e-07
8.25202e-07
8.05748e-07
8.2523e-07
8.27046e-07
8.25202e-07
8.25202e-07
8.25202e-07
8.05748e-07
8.2523e-07
8.27046e-07
8.25202e-07
8.25202e-07
8.25202e-07
8.25202e-07
8.25202e-07
8.25202e-07
8.05748e-07
8.2523e-07
8.07593e-07
8.2523e-07
8.27046e-07
8.25202e-07
8.05748e-07
8.05776e-07
8.0762e-07
8.0762e-07
8.27074e-07
8.27046e-07
8.25202e-07
7.85307e-07
8.25288e-07
8.31142e-07
8.05748e-07
8.2523e-07
8.07593e-07
8.2523e-07
8.27046e-07
8.25202e-07
8.25202e-07
8.05748e-07
8.05776e-07
8.0762e-07
8.27074e-07
8.27046e-07
8.25202e-07
8.25202e-07
8.25202e-07
8.05748e-07
8.2523e-07
6.45776e-07
2.18561e-07
8.25202e-07
8.25202e-07
8.25202e-07
8.05748e-07
8.2523e-07
8.27046e-07
8.05748e-07
8.2523e-07
8.07593e-07
8.2523e-07
8.27046e-07
8.05748e-07
8.2523e-07
8.07593e-07
8.2523e-07
8.27046e-07
8.05748e-07
8.2523e-07
8.27046e-07
8.25202e-07
8.25202e-07
8.25202e-07
8.25202e-07
8.25202e-07
8.25202e-07
8.25202e-07
8.05748e-07
8.2523e-07
7.87152e-07
8.05833e-07
8.31169e-07
8.27046e-07
7.85307e-07
8.25288e-07
8.31142e-07
8.25202e-07
8.25202e-07
8.05748e-07
8.05776e-07
8.27074e-07
8.27046e-07
8.25202e-07
8.05748e-07
8.2523e-07
8.27046e-07
8.25202e-07
8.25202e-07
8.25202e-07
8.25202e-07
8.05748e-07
8.2523e-07
8.27046e-07
8.25202e-07
8.25202e-07
8.05748e-07
8.2523e-07
8.27046e-07
8.05748e-07
8.05776e-07
8.27074e-07
8.27046e-07
8.25202e-07
8.25202e-07
8.25202e-07
8.25202e-07
8.25202e-07
8.05748e-07
8.05776e-07
8.27074e-07
8.27046e-07
8.25202e-07
8.25202e-07
8.25202e-07
6.43924e-07
2.18561e-07
8.25202e-07
8.25202e-07
8.25202e-07
8.25202e-07
8.25202e-07
8.05748e-07
8.2523e-07
8.27046e-07
8.25202e-07
8.05748e-07
8.2523e-07
8.27046e-07
7.85307e-07
8.05833e-07
8.31169e-07
8.27046e-07
8.25202e-07
8.25202e-07
8.25202e-07
8.05748e-07
8.2523e-07
8.27046e-07
8.25202e-07
8.05748e-07
8.2523e-07
8.27046e-07
8.25202e-07
8.25202e-07
8.25202e-07
8.25202e-07
8.25202e-07
8.25202e-07
8.25202e-07
8.25202e-07
8.25202e-07
8.05748e-07
8.2523e-07
8.27046e-07
8.25202e-07
7.85307e-07
8.05833e-07
8.31169e-07
7.87152e-07
8.25288e-07
8.31142e-07
8.25202e-07
8.25202e-07
8.25202e-07
8.05748e-07
8.2523e-07
8.27046e-07
8.25202e-07
8.25202e-07
8.25202e-07
8.25202e-07
8.25202e-07
8.25202e-07
8.25202e-07
8.25202e-07
7.85307e-07
8.25288e-07
8.11689e-07
8.2523e-07
8.27046e-07
8.25202e-07
8.25202e-07
8.25202e-07
8.05748e-07
8.2523e-07
8.27046e-07
8.25202e-07
8.25202e-07
8.05748e-07
6.43924e-07
2.20446e-07
8.27046e-07
8.25202e-07
8.25202e-07
8.25202e-07
8.05748e-07
8.2523e-07
8.27046e-07
8.25202e-07
8.25202e-07
8.05748e-07
8.2523e-07
8.27046e-07
8.25202e-07
7.85307e-07
8.05833e-07
8.31169e-07
8.07593e-07
8.05776e-07
8.27074e-07
8.07593e-07
8.05776e-07
8.27074e-07
8.07593e-07
8.2523e-07
8.27046e-07
8.25202e-07
8.25202e-07
8.05748e-07
8.05776e-07
8.27074e-07
7.87152e-07
8.25288e-07
8.31142e-07
8.25202e-07
8.25202e-07
8.25202e-07
8.05748e-07
8.05776e-07
8.0762e-07
8.27074e-07
8.07593e-07
8.2523e-07
7.87152e-07
8.25288e-07
8.31142e-07
8.05748e-07
8.2523e-07
8.27046e-07
8.25202e-07
8.25202e-07
8.25202e-07
8.25202e-07
8.25202e-07
8.25202e-07
8.25202e-07
8.05748e-07
8.2523e-07
8.07593e-07
7.85334e-07
8.27132e-07
8.31142e-07
8.25202e-07
8.25202e-07
8.25202e-07
8.25202e-07
8.25202e-07
8.25202e-07
8.25202e-07
8.25202e-07
8.25202e-07
7.85307e-07
8.05833e-07
8.31169e-07
6.45776e-07
2.18561e-07
8.31142e-07
8.25202e-07
8.25202e-07
8.25202e-07
8.25202e-07
8.25202e-07
7.85307e-07
8.25288e-07
8.31142e-07
8.25202e-07
8.25202e-07
8.25202e-07
8.25202e-07
8.25202e-07
8.25202e-07
8.25202e-07
8.25202e-07
8.25202e-07
8.25202e-07
8.25202e-07
8.25202e-07
8.25202e-07
8.05748e-07
8.2523e-07
8.07593e-07
8.2523e-07
8.27046e-07
8.25202e-07
8.25202e-07
8.25202e-07
8.25202e-07
8.25202e-07
8.25202e-07
8.25202e-07
8.25202e-07
8.25202e-07
8.25202e-07
8.05748e-07
8.2523e-07
7.87152e-07
8.25288e-07
8.11689e-07
8.2523e-07
8.07593e-07
8.2523e-07
8.27046e-07
8.05748e-07
8.2523e-07
8.07593e-07
7.85334e-07
8.27132e-07
8.31142e-07
8.25202e-07
8.25202e-07
8.25202e-07
8.25202e-07
8.25202e-07
8.25202e-07
7.85307e-07
8.05833e-07
8.11717e-07
8.27074e-07
8.27046e-07
8.25202e-07
8.25202e-07
8.25202e-07
8.25202e-07
8.05748e-07
8.2523e-07
8.27046e-07
8.25202e-07
8.25202e-07
8.05748e-07
6.43924e-07
2.20446e-07
8.2523e-07
8.27046e-07
8.25202e-07
8.25202e-07
8.25202e-07
7.85307e-07
8.25288e-07
8.31142e-07
8.25202e-07
8.25202e-07
8.25202e-07
8.25202e-07
8.25202e-07
8.25202e-07
8.25202e-07
8.25202e-07
8.25202e-07
8.25202e-07
8.25202e-07
8.25202e-07
8.25202e-07
8.25202e-07
8.25202e-07
7.85307e-07
8.25288e-07
8.31142e-07
8.25202e-07
8.25202e-07
8.25202e-07
8.25202e-07
8.25202e-07
8.05748e-07
8.2523e-07
8.27046e-07
8.25202e-07
8.25202e-07
8.25202e-07
8.25202e-07
8.05748e-07
8.2523e-07
8.07593e-07
8.2523e-07
8.07593e-07
8.05776e-07
8.27074e-07
8.07593e-07
8.2523e-07
7.65897e-07
7.85471e-07
8.375e-07
8.11689e-07
8.05776e-07
8.0762e-07
8.0762e-07
8.27074e-07
8.07593e-07
8.2523e-07
8.07593e-07
8.2523e-07
8.27046e-07
8.25202e-07
8.25202e-07
8.25202e-07
8.25202e-07
8.25202e-07
8.05748e-07
8.05776e-07
8.0762e-07
8.27074e-07
8.27046e-07
8.05748e-07
8.05776e-07
8.27074e-07
6.45776e-07
2.18561e-07
8.05748e-07
8.2523e-07
8.07593e-07
8.2523e-07
8.27046e-07
8.25202e-07
7.85307e-07
7.8539e-07
8.11774e-07
8.31169e-07
8.27046e-07
8.25202e-07
8.05748e-07
8.2523e-07
8.27046e-07
8.25202e-07
8.25202e-07
8.25202e-07
8.25202e-07
8.25202e-07
8.25202e-07
8.05748e-07
8.2523e-07
8.27046e-07
8.05748e-07
8.05776e-07
8.27074e-07
7.87152e-07
8.25288e-07
8.31142e-07
8.25202e-07
8.25202e-07
8.25202e-07
8.25202e-07
8.05748e-07
8.2523e-07
8.27046e-07
8.05748e-07
8.2523e-07
8.07593e-07
7.85334e-07
7.4409e-07
8.31412e-07
8.45729e-07
8.05748e-07
8.2523e-07
8.07593e-07
8.2523e-07
8.27046e-07
8.25202e-07
8.25202e-07
8.25202e-07
8.25202e-07
8.05748e-07
8.2523e-07
8.07593e-07
8.2523e-07
8.27046e-07
8.25202e-07
7.85307e-07
8.25288e-07
8.31142e-07
8.25202e-07
8.25202e-07
7.85307e-07
8.25288e-07
8.31142e-07
8.25202e-07
8.25202e-07
8.25202e-07
8.25202e-07
8.25202e-07
8.25202e-07
6.43924e-07
2.18561e-07
8.25202e-07
8.25202e-07
8.25202e-07
8.25202e-07
8.25202e-07
8.25202e-07
8.05748e-07
8.2523e-07
8.27046e-07
8.25202e-07
8.25202e-07
8.25202e-07
8.25202e-07
8.25202e-07
7.85307e-07
8.25288e-07
8.31142e-07
8.05748e-07
8.05776e-07
8.27074e-07
8.27046e-07
8.25202e-07
8.25202e-07
8.05748e-07
8.2523e-07
8.27046e-07
8.25202e-07
8.05748e-07
8.2523e-07
8.27046e-07
8.25202e-07
8.05748e-07
8.2523e-07
8.27046e-07
8.25202e-07
8.25202e-07
8.25202e-07
8.05748e-07
8.2523e-07
8.07593e-07
8.2523e-07
8.27046e-07
8.25202e-07
8.25202e-07
8.25202e-07
8.25202e-07
7.85307e-07
8.25288e-07
8.31142e-07
8.25202e-07
8.25202e-07
8.25202e-07
8.25202e-07
8.25202e-07
8.25202e-07
8.25202e-07
8.05748e-07
8.2523e-07
8.07593e-07
8.2523e-07
8.27046e-07
8.25202e-07
8.25202e-07
8.25202e-07
8.25202e-07
8.25202e-07
8.05748e-07
8.05776e-07
8.27074e-07
8.27046e-07
8.25202e-07
8.25202e-07
8.25202e-07
6.43924e-07
2.18561e-07
8.27046e-07
8.25202e-07
8.25202e-07
8.05748e-07
8.05776e-07
8.27074e-07
8.07593e-07
8.2523e-07
8.27046e-07
7.85307e-07
8.25288e-07
8.31142e-07
8.25202e-07
8.25202e-07
8.05748e-07
8.2523e-07
8.27046e-07
8.25202e-07
8.05748e-07
8.05776e-07
8.0762e-07
8.27074e-07
8.27046e-07
8.25202e-07
8.05748e-07
8.05776e-07
7.87179e-07
7.87235e-07
8.31228e-07
8.31142e-07
7.85307e-07
8.25288e-07
8.31142e-07
8.05748e-07
7.64078e-07
8.07759e-07
8.37442e-07
8.07593e-07
8.05776e-07
8.27074e-07
8.27046e-07
8.25202e-07
8.25202e-07
8.25202e-07
8.25202e-07
7.85307e-07
8.05833e-07
8.11717e-07
7.87179e-07
8.27132e-07
8.31142e-07
8.25202e-07
8.25202e-07
8.25202e-07
8.05748e-07
8.05776e-07
8.27074e-07
8.07593e-07
8.05776e-07
8.0762e-07
8.27074e-07
8.27046e-07
8.05748e-07
8.2523e-07
8.27046e-07
8.25202e-07
8.25202e-07
8.25202e-07
8.25202e-07
8.25202e-07
8.05748e-07
8.05776e-07
7.87179e-07
6.45776e-07
2.24629e-07
7.85307e-07
8.25288e-07
8.31142e-07
8.05748e-07
7.85334e-07
8.27132e-07
8.31142e-07
8.25202e-07
8.25202e-07
8.25202e-07
8.25202e-07
8.25202e-07
8.25202e-07
8.25202e-07
8.05748e-07
8.05776e-07
8.27074e-07
8.27046e-07
8.05748e-07
8.2523e-07
8.27046e-07
8.25202e-07
8.05748e-07
8.2523e-07
8.27046e-07
8.25202e-07
8.25202e-07
8.25202e-07
8.25202e-07
8.05748e-07
8.2523e-07
8.07593e-07
8.2523e-07
8.27046e-07
7.85307e-07
8.25288e-07
8.31142e-07
8.25202e-07
8.25202e-07
8.05748e-07
7.64078e-07
7.87315e-07
8.18048e-07
8.31169e-07
8.07593e-07
8.2523e-07
8.27046e-07
8.25202e-07
8.05748e-07
8.2523e-07
7.87152e-07
8.25288e-07
8.31142e-07
8.05748e-07
8.05776e-07
8.27074e-07
8.27046e-07
8.25202e-07
8.25202e-07
8.25202e-07
8.25202e-07
8.25202e-07
8.25202e-07
8.25202e-07
8.25202e-07
8.25202e-07
8.25202e-07
8.25202e-07
7.64051e-07
7.85471e-07
8.375e-07
8.31142e-07
8.05748e-07
6.43924e-07
2.20446e-07
8.27046e-07
8.05748e-07
8.05776e-07
8.27074e-07
8.07593e-07
8.2523e-07
8.27046e-07
8.25202e-07
8.25202e-07
8.25202e-07
8.05748e-07
8.05776e-07
8.27074e-07
8.07593e-07
8.2523e-07
8.27046e-07
8.25202e-07
8.25202e-07
8.05748e-07
8.2523e-07
8.27046e-07
8.25202e-07
8.25202e-07
8.25202e-07
8.05748e-07
8.2523e-07
8.27046e-07
8.25202e-07
8.05748e-07
8.05776e-07
8.27074e-07
7.65897e-07
8.05915e-07
8.37442e-07
8.27046e-07
8.25202e-07
8.25202e-07
8.25202e-07
8.25202e-07
8.25202e-07
8.05748e-07
8.2523e-07
7.87152e-07
8.05833e-07
8.31169e-07
8.07593e-07
8.05776e-07
8.27074e-07
8.27046e-07
8.25202e-07
8.25202e-07
8.25202e-07
8.25202e-07
8.25202e-07
8.25202e-07
8.25202e-07
7.64051e-07
8.25371e-07
8.17963e-07
8.2523e-07
8.27046e-07
8.25202e-07
8.25202e-07
8.25202e-07
8.25202e-07
8.25202e-07
8.25202e-07
8.25202e-07
8.25202e-07
8.25202e-07
8.05748e-07
8.05776e-07
8.27074e-07
6.45776e-07
2.18561e-07
8.17963e-07
8.2523e-07
8.27046e-07
8.25202e-07
8.25202e-07
8.25202e-07
8.25202e-07
8.25202e-07
8.25202e-07
8.25202e-07
8.25202e-07
8.05748e-07
8.2523e-07
7.87152e-07
8.25288e-07
8.31142e-07
8.05748e-07
8.2523e-07
8.07593e-07
8.2523e-07
8.27046e-07
8.25202e-07
8.25202e-07
8.05748e-07
8.2523e-07
8.27046e-07
8.25202e-07
8.25202e-07
8.25202e-07
8.25202e-07
8.25202e-07
7.85307e-07
8.25288e-07
8.31142e-07
8.25202e-07
7.85307e-07
8.25288e-07
8.31142e-07
8.25202e-07
8.25202e-07
8.25202e-07
8.05748e-07
8.2523e-07
8.27046e-07
8.05748e-07
8.2523e-07
8.27046e-07
8.25202e-07
8.25202e-07
8.25202e-07
8.25202e-07
8.25202e-07
8.25202e-07
8.25202e-07
8.25202e-07
8.25202e-07
8.05748e-07
8.2523e-07
8.27046e-07
8.25202e-07
8.25202e-07
8.25202e-07
8.25202e-07
8.25202e-07
8.25202e-07
8.25202e-07
8.25202e-07
8.25202e-07
8.25202e-07
8.05748e-07
8.2523e-07
8.27046e-07
8.25202e-07
6.43924e-07
2.18561e-07
7.85307e-07
8.25288e-07
8.31142e-07
8.25202e-07
8.05748e-07
8.2523e-07
8.27046e-07
8.25202e-07
7.85307e-07
8.25288e-07
8.11689e-07
7.85334e-07
8.27132e-07
8.31142e-07
8.25202e-07
8.25202e-07
8.25202e-07
8.05748e-07
8.2523e-07
8.27046e-07
8.25202e-07
8.05748e-07
8.05776e-07
8.0762e-07
8.27074e-07
8.27046e-07
8.25202e-07
8.25202e-07
8.25202e-07
8.25202e-07
8.05748e-07
8.2523e-07
8.27046e-07
8.25202e-07
8.05748e-07
8.2523e-07
8.07593e-07
8.2523e-07
8.07593e-07
8.05776e-07
8.0762e-07
8.27074e-07
8.27046e-07
8.05748e-07
8.2523e-07
8.27046e-07
8.05748e-07
8.05776e-07
8.27074e-07
8.27046e-07
7.85307e-07
8.25288e-07
8.31142e-07
8.25202e-07
8.25202e-07
8.25202e-07
8.25202e-07
8.25202e-07
8.25202e-07
7.85307e-07
8.25288e-07
8.31142e-07
8.25202e-07
7.85307e-07
8.25288e-07
8.31142e-07
8.25202e-07
8.25202e-07
8.25202e-07
8.25202e-07
8.25202e-07
8.25202e-07
7.85307e-07
6.43924e-07
2.24629e-07
7.85307e-07
8.25288e-07
8.31142e-07
8.25202e-07
8.25202e-07
8.25202e-07
8.25202e-07
7.85307e-07
8.25288e-07
8.31142e-07
8.25202e-07
7.85307e-07
8.25288e-07
8.11689e-07
8.2523e-07
7.87152e-07
8.25288e-07
8.31142e-07
8.25202e-07
8.25202e-07
8.25202e-07
8.05748e-07
8.2523e-07
8.27046e-07
8.25202e-07
8.05748e-07
8.2523e-07
8.27046e-07
8.25202e-07
8.25202e-07
8.25202e-07
8.25202e-07
8.25202e-07
8.25202e-07
7.85307e-07
7.8539e-07
8.31228e-07
8.31142e-07
8.25202e-07
8.25202e-07
8.25202e-07
8.25202e-07
8.25202e-07
8.25202e-07
8.05748e-07
7.85334e-07
8.27132e-07
8.31142e-07
7.85307e-07
8.25288e-07
8.31142e-07
8.25202e-07
8.25202e-07
8.25202e-07
8.25202e-07
8.05748e-07
8.2523e-07
8.27046e-07
8.25202e-07
8.25202e-07
7.85307e-07
8.25288e-07
8.31142e-07
8.25202e-07
8.25202e-07
8.25202e-07
8.25202e-07
8.25202e-07
8.25202e-07
8.05748e-07
8.2523e-07
8.27046e-07
8.05748e-07
6.43924e-07
2.20446e-07
8.25288e-07
8.11689e-07
8.2523e-07
7.87152e-07
8.25288e-07
8.31142e-07
8.05748e-07
8.2523e-07
8.27046e-07
8.05748e-07
8.2523e-07
8.27046e-07
8.05748e-07
8.2523e-07
8.27046e-07
8.25202e-07
8.25202e-07
8.25202e-07
8.25202e-07
8.25202e-07
7.85307e-07
8.05833e-07
8.31169e-07
8.07593e-07
7.85334e-07
8.27132e-07
8.31142e-07
8.25202e-07
8.25202e-07
8.25202e-07
8.25202e-07
8.25202e-07
8.25202e-07
8.25202e-07
8.25202e-07
8.05748e-07
8.2523e-07
8.27046e-07
8.25202e-07
7.85307e-07
8.05833e-07
8.31169e-07
8.07593e-07
8.2523e-07
8.07593e-07
8.2523e-07
8.27046e-07
8.25202e-07
8.25202e-07
8.25202e-07
8.25202e-07
8.25202e-07
8.25202e-07
8.25202e-07
8.25202e-07
8.25202e-07
8.25202e-07
7.64051e-07
8.25371e-07
8.17963e-07
8.2523e-07
8.27046e-07
8.25202e-07
8.25202e-07
8.25202e-07
8.25202e-07
8.25202e-07
8.05748e-07
8.2523e-07
8.27046e-07
8.25202e-07
8.25202e-07
8.25202e-07
6.43924e-07
2.18561e-07
8.25202e-07
8.25202e-07
8.05748e-07
8.2523e-07
8.07593e-07
8.05776e-07
8.0762e-07
8.27074e-07
8.27046e-07
8.05748e-07
8.05776e-07
8.0762e-07
8.27074e-07
8.07593e-07
7.85334e-07
8.07677e-07
8.11717e-07
8.27074e-07
8.27046e-07
8.25202e-07
8.25202e-07
8.05748e-07
7.64078e-07
8.27215e-07
8.37414e-07
8.25202e-07
8.05748e-07
8.2523e-07
7.87152e-07
8.05833e-07
8.31169e-07
8.07593e-07
8.05776e-07
8.27074e-07
8.27046e-07
8.25202e-07
8.05748e-07
8.2523e-07
8.07593e-07
8.05776e-07
8.27074e-07
8.27046e-07
8.25202e-07
8.05748e-07
8.2523e-07
8.27046e-07
8.25202e-07
8.05748e-07
8.2523e-07
8.27046e-07
8.25202e-07
8.25202e-07
8.05748e-07
8.2523e-07
7.87152e-07
8.25288e-07
8.11689e-07
8.05776e-07
8.27074e-07
8.27046e-07
8.25202e-07
8.05748e-07
8.2523e-07
8.27046e-07
8.25202e-07
8.25202e-07
8.25202e-07
8.25202e-07
8.25202e-07
8.25202e-07
8.05748e-07
8.05776e-07
8.27074e-07
6.45776e-07
2.18561e-07
8.27132e-07
8.31142e-07
8.25202e-07
8.25202e-07
8.25202e-07
8.05748e-07
8.05776e-07
8.27074e-07
8.27046e-07
8.25202e-07
8.25202e-07
8.25202e-07
8.25202e-07
8.05748e-07
8.2523e-07
8.27046e-07
8.25202e-07
8.25202e-07
8.25202e-07
8.25202e-07
8.25202e-07
8.25202e-07
8.25202e-07
8.25202e-07
7.85307e-07
8.25288e-07
8.31142e-07
8.25202e-07
8.25202e-07
8.25202e-07
8.25202e-07
8.25202e-07
8.25202e-07
8.25202e-07
8.05748e-07
8.2523e-07
8.27046e-07
8.25202e-07
8.25202e-07
8.25202e-07
8.25202e-07
8.25202e-07
8.25202e-07
8.25202e-07
8.05748e-07
8.2523e-07
8.27046e-07
8.25202e-07
8.25202e-07
8.25202e-07
8.25202e-07
8.25202e-07
8.25202e-07
8.25202e-07
7.85307e-07
8.05833e-07
8.31169e-07
8.27046e-07
8.25202e-07
8.05748e-07
8.2523e-07
8.07593e-07
8.2523e-07
8.27046e-07
8.25202e-07
8.05748e-07
8.2523e-07
8.07593e-07
8.2523e-07
8.27046e-07
8.05748e-07
8.2523e-07
7.87152e-07
6.43924e-07
2.24629e-07
8.27046e-07
8.25202e-07
8.25202e-07
8.05748e-07
8.2523e-07
8.27046e-07
8.25202e-07
8.25202e-07
8.25202e-07
8.05748e-07
8.2523e-07
8.27046e-07
8.05748e-07
8.2523e-07
7.87152e-07
8.05833e-07
8.31169e-07
8.27046e-07
8.25202e-07
8.25202e-07
8.25202e-07
8.25202e-07
8.05748e-07
8.2523e-07
8.07593e-07
8.2523e-07
8.27046e-07
8.25202e-07
8.05748e-07
8.2523e-07
8.27046e-07
8.05748e-07
8.2523e-07
8.27046e-07
8.05748e-07
8.2523e-07
8.27046e-07
8.05748e-07
8.2523e-07
8.27046e-07
7.85307e-07
8.25288e-07
8.31142e-07
8.25202e-07
8.25202e-07
8.25202e-07
8.25202e-07
8.25202e-07
8.25202e-07
8.25202e-07
8.25202e-07
8.25202e-07
8.25202e-07
8.25202e-07
8.25202e-07
8.25202e-07
8.25202e-07
7.64051e-07
8.25371e-07
8.37414e-07
8.25202e-07
8.25202e-07
8.25202e-07
8.25202e-07
8.25202e-07
8.25202e-07
8.25202e-07
8.25202e-07
8.25202e-07
8.25202e-07
8.25202e-07
8.25202e-07
8.25202e-07
6.43924e-07
2.18561e-07
8.07593e-07
8.2523e-07
8.27046e-07
8.05748e-07
8.2523e-07
8.27046e-07
8.25202e-07
8.25202e-07
8.25202e-07
8.25202e-07
8.25202e-07
8.05748e-07
7.85334e-07
8.27132e-07
8.31142e-07
8.25202e-07
8.25202e-07
8.25202e-07
8.25202e-07
8.25202e-07
8.25202e-07
8.25202e-07
8.25202e-07
8.25202e-07
8.25202e-07
8.25202e-07
8.25202e-07
8.05748e-07
8.2523e-07
8.27046e-07
8.25202e-07
8.25202e-07
7.85307e-07
8.05833e-07
8.31169e-07
8.27046e-07
8.25202e-07
8.25202e-07
8.25202e-07
8.25202e-07
8.25202e-07
8.25202e-07
8.25202e-07
8.25202e-07
8.25202e-07
8.25202e-07
8.25202e-07
8.25202e-07
8.25202e-07
7.85307e-07
8.05833e-07
8.11717e-07
8.27074e-07
8.27046e-07
8.25202e-07
8.25202e-07
8.25202e-07
8.25202e-07
8.25202e-07
8.25202e-07
8.25202e-07
8.25202e-07
8.25202e-07
8.25202e-07
8.25202e-07
8.05748e-07
8.2523e-07
8.27046e-07
8.25202e-07
8.25202e-07
8.25202e-07
8.05748e-07
8.2523e-07
6.45776e-07
2.18561e-07
8.25202e-07
8.25202e-07
8.25202e-07
8.25202e-07
8.25202e-07
8.25202e-07
8.25202e-07
8.25202e-07
8.25202e-07
8.25202e-07
8.25202e-07
8.25202e-07
8.25202e-07
7.85307e-07
8.25288e-07
7.9125e-07
8.05833e-07
8.31169e-07
8.27046e-07
8.25202e-07
8.25202e-07
8.05748e-07
8.2523e-07
8.27046e-07
8.25202e-07
8.25202e-07
8.25202e-07
8.25202e-07
8.25202e-07
8.25202e-07
8.05748e-07
8.2523e-07
8.27046e-07
8.25202e-07
8.05748e-07
8.2523e-07
8.07593e-07
8.2523e-07
8.07593e-07
8.05776e-07
8.0762e-07
8.27074e-07
8.27046e-07
8.25202e-07
8.25202e-07
7.85307e-07
8.25288e-07
8.31142e-07
8.25202e-07
8.25202e-07
8.25202e-07
8.25202e-07
8.25202e-07
7.85307e-07
8.25288e-07
8.31142e-07
8.25202e-07
8.25202e-07
7.64051e-07
8.05915e-07
7.97552e-07
8.27132e-07
8.31142e-07
7.85307e-07
8.25288e-07
7.9125e-07
8.25288e-07
8.31142e-07
8.25202e-07
8.25202e-07
8.25202e-07
8.25202e-07
8.05748e-07
6.43924e-07
2.20446e-07
8.31142e-07
8.25202e-07
8.25202e-07
8.25202e-07
8.25202e-07
8.25202e-07
8.05748e-07
8.2523e-07
8.27046e-07
8.05748e-07
7.64078e-07
8.27215e-07
8.37414e-07
8.25202e-07
7.85307e-07
8.25288e-07
8.31142e-07
8.25202e-07
8.25202e-07
8.05748e-07
8.05776e-07
8.27074e-07
8.27046e-07
8.25202e-07
8.25202e-07
8.25202e-07
8.25202e-07
7.85307e-07
8.05833e-07
8.31169e-07
8.27046e-07
8.25202e-07
8.25202e-07
8.05748e-07
8.2523e-07
7.65897e-07
8.25371e-07
7.97525e-07
8.25288e-07
8.31142e-07
8.25202e-07
8.05748e-07
7.85334e-07
7.65978e-07
8.31311e-07
8.37414e-07
8.25202e-07
8.25202e-07
8.05748e-07
8.05776e-07
8.27074e-07
8.27046e-07
8.25202e-07
8.05748e-07
8.2523e-07
8.27046e-07
8.25202e-07
8.25202e-07
8.05748e-07
8.2523e-07
8.27046e-07
8.05748e-07
8.2523e-07
8.27046e-07
8.25202e-07
8.25202e-07
8.25202e-07
8.25202e-07
8.25202e-07
8.25202e-07
8.25202e-07
8.25202e-07
8.25202e-07
6.43924e-07
2.18561e-07
8.25202e-07
8.25202e-07
8.25202e-07
8.05748e-07
8.2523e-07
8.27046e-07
8.25202e-07
8.05748e-07
8.2523e-07
8.27046e-07
8.25202e-07
8.05748e-07
8.2523e-07
8.07593e-07
8.2523e-07
8.27046e-07
8.25202e-07
8.25202e-07
8.05748e-07
8.2523e-07
8.27046e-07
8.25202e-07
8.25202e-07
8.25202e-07
8.25202e-07
8.25202e-07
8.25202e-07
8.25202e-07
8.25202e-07
8.25202e-07
8.25202e-07
8.25202e-07
7.85307e-07
8.25288e-07
8.31142e-07
8.05748e-07
8.2523e-07
8.27046e-07
8.25202e-07
8.25202e-07
8.25202e-07
8.25202e-07
8.05748e-07
8.2523e-07
8.27046e-07
8.25202e-07
8.25202e-07
8.25202e-07
8.05748e-07
8.2523e-07
7.87152e-07
8.25288e-07
8.31142e-07
8.25202e-07
8.25202e-07
8.25202e-07
8.25202e-07
8.25202e-07
8.25202e-07
8.25202e-07
8.25202e-07
8.05748e-07
8.2523e-07
8.27046e-07
8.05748e-07
7.85334e-07
8.07677e-07
8.31169e-07
8.27046e-07
8.25202e-07
8.25202e-07
8.25202e-07
8.25202e-07
6.43924e-07
2.18561e-07
8.2523e-07
8.07593e-07
8.2523e-07
8.27046e-07
8.05748e-07
8.2523e-07
8.27046e-07
8.25202e-07
8.05748e-07
8.2523e-07
8.07593e-07
8.2523e-07
8.27046e-07
8.25202e-07
8.25202e-07
8.25202e-07
8.25202e-07
8.05748e-07
8.2523e-07
8.27046e-07
7.85307e-07
8.25288e-07
8.31142e-07
8.05748e-07
8.2523e-07
8.07593e-07
8.2523e-07
8.27046e-07
8.25202e-07
8.25202e-07
8.05748e-07
8.05776e-07
8.27074e-07
8.27046e-07
8.25202e-07
8.25202e-07
8.05748e-07
8.05776e-07
8.27074e-07
8.27046e-07
8.25202e-07
8.25202e-07
8.25202e-07
8.05748e-07
8.2523e-07
8.27046e-07
8.05748e-07
8.2523e-07
8.27046e-07
7.85307e-07
8.05833e-07
8.31169e-07
8.07593e-07
8.2523e-07
8.27046e-07
8.25202e-07
8.25202e-07
8.25202e-07
8.25202e-07
8.25202e-07
8.25202e-07
8.05748e-07
8.05776e-07
8.27074e-07
8.27046e-07
8.25202e-07
8.25202e-07
8.25202e-07
8.25202e-07
8.05748e-07
8.2523e-07
8.07593e-07
8.05776e-07
6.45776e-07
2.20446e-07
8.25202e-07
8.25202e-07
8.05748e-07
8.2523e-07
8.27046e-07
8.05748e-07
8.2523e-07
8.27046e-07
8.25202e-07
7.85307e-07
7.8539e-07
8.31228e-07
8.31142e-07
8.25202e-07
8.25202e-07
8.25202e-07
8.25202e-07
8.25202e-07
8.25202e-07
8.25202e-07
8.25202e-07
8.05748e-07
8.2523e-07
8.27046e-07
8.25202e-07
8.05748e-07
8.2523e-07
8.27046e-07
8.25202e-07
8.25202e-07
8.25202e-07
8.25202e-07
8.05748e-07
8.2523e-07
8.27046e-07
8.25202e-07
8.25202e-07
8.25202e-07
8.25202e-07
8.25202e-07
8.25202e-07
8.25202e-07
8.25202e-07
8.25202e-07
8.25202e-07
7.85307e-07
8.25288e-07
8.31142e-07
7.85307e-07
8.25288e-07
8.31142e-07
8.25202e-07
8.25202e-07
8.05748e-07
8.2523e-07
8.07593e-07
8.2523e-07
8.07593e-07
8.2523e-07
8.27046e-07
8.25202e-07
8.25202e-07
8.25202e-07
8.25202e-07
8.25202e-07
8.25202e-07
8.25202e-07
8.05748e-07
8.2523e-07
8.27046e-07
8.25202e-07
8.25202e-07
8.25202e-07
6.43924e-07
2.18561e-07
8.25202e-07
8.05748e-07
8.2523e-07
8.27046e-07
8.25202e-07
8.25202e-07
7.85307e-07
8.25288e-07
8.11689e-07
7.85334e-07
8.27132e-07
8.11689e-07
8.2523e-07
8.27046e-07
8.25202e-07
8.25202e-07
8.25202e-07
8.25202e-07
8.05748e-07
8.05776e-07
8.27074e-07
8.27046e-07
8.25202e-07
8.25202e-07
8.05748e-07
8.2523e-07
8.27046e-07
8.05748e-07
8.2523e-07
8.27046e-07
8.05748e-07
8.2523e-07
8.07593e-07
8.05776e-07
8.27074e-07
8.27046e-07
8.25202e-07
8.25202e-07
8.05748e-07
8.05776e-07
8.27074e-07
8.27046e-07
8.25202e-07
8.25202e-07
8.25202e-07
8.25202e-07
8.05748e-07
8.2523e-07
8.07593e-07
7.85334e-07
7.87235e-07
7.70078e-07
8.11856e-07
8.37442e-07
8.27046e-07
8.25202e-07
8.25202e-07
8.25202e-07
8.05748e-07
8.2523e-07
8.27046e-07
8.25202e-07
8.05748e-07
7.64078e-07
8.07759e-07
8.1799e-07
8.0762e-07
7.87179e-07
7.87235e-07
8.31228e-07
8.31142e-07
7.85307e-07
8.05833e-07
6.49889e-07
2.20446e-07
8.27046e-07
8.25202e-07
8.25202e-07
7.85307e-07
8.25288e-07
8.31142e-07
8.25202e-07
8.25202e-07
8.05748e-07
8.2523e-07
7.87152e-07
8.05833e-07
8.11717e-07
8.27074e-07
8.27046e-07
8.05748e-07
8.2523e-07
8.27046e-07
8.05748e-07
8.2523e-07
8.27046e-07
8.25202e-07
8.25202e-07
8.05748e-07
8.2523e-07
8.07593e-07
8.2523e-07
8.27046e-07
8.25202e-07
8.25202e-07
8.25202e-07
8.25202e-07
8.05748e-07
8.2523e-07
8.27046e-07
8.25202e-07
8.25202e-07
8.25202e-07
8.25202e-07
8.25202e-07
8.25202e-07
7.85307e-07
8.25288e-07
8.31142e-07
8.25202e-07
8.25202e-07
8.25202e-07
8.25202e-07
8.05748e-07
8.2523e-07
8.27046e-07
8.25202e-07
8.25202e-07
8.25202e-07
8.25202e-07
8.25202e-07
8.25202e-07
8.25202e-07
8.25202e-07
8.25202e-07
8.25202e-07
8.25202e-07
8.25202e-07
8.25202e-07
8.25202e-07
8.05748e-07
8.2523e-07
8.27046e-07
8.25202e-07
8.25202e-07
8.25202e-07
8.25202e-07
8.25202e-07
6.43924e-07
2.18561e-07
8.31142e-07
8.25202e-07
8.25202e-07
8.25202e-07
8.25202e-07
8.05748e-07
8.2523e-07
8.27046e-07
8.05748e-07
8.2523e-07
8.27046e-07
8.25202e-07
8.25202e-07
8.25202e-07
8.25202e-07
8.25202e-07
8.25202e-07
8.25202e-07
8.05748e-07
8.2523e-07
8.27046e-07
8.25202e-07
8.25202e-07
8.25202e-07
8.25202e-07
8.05748e-07
8.2523e-07
8.07593e-07
8.2523e-07
8.27046e-07
8.25202e-07
8.05748e-07
8.2523e-07
8.27046e-07
8.25202e-07
8.05748e-07
8.2523e-07
8.27046e-07
8.05748e-07
7.85334e-07
8.07677e-07
8.11717e-07
8.27074e-07
8.07593e-07
7.85334e-07
8.27132e-07
8.31142e-07
7.85307e-07
8.25288e-07
8.31142e-07
8.25202e-07
8.25202e-07
8.25202e-07
8.25202e-07
8.05748e-07
8.2523e-07
8.07593e-07
7.85334e-07
7.87235e-07
8.11774e-07
8.31169e-07
8.27046e-07
8.25202e-07
8.25202e-07
8.25202e-07
8.25202e-07
8.25202e-07
8.05748e-07
8.2523e-07
8.27046e-07
8.25202e-07
8.25202e-07
8.25202e-07
6.43924e-07
2.18561e-07
8.25202e-07
8.05748e-07
8.2523e-07
8.27046e-07
8.25202e-07
8.25202e-07
7.85307e-07
8.25288e-07
8.11689e-07
8.2523e-07
8.27046e-07
8.05748e-07
8.2523e-07
8.27046e-07
8.25202e-07
8.25202e-07
8.25202e-07
8.25202e-07
8.05748e-07
8.05776e-07
8.27074e-07
8.27046e-07
8.25202e-07
8.25202e-07
7.85307e-07
7.8539e-07
8.31228e-07
8.11689e-07
8.2523e-07
8.27046e-07
8.05748e-07
8.2523e-07
8.07593e-07
8.05776e-07
8.27074e-07
8.27046e-07
8.05748e-07
8.2523e-07
8.07593e-07
8.05776e-07
8.27074e-07
8.27046e-07
8.25202e-07
8.25202e-07
8.25202e-07
8.25202e-07
8.05748e-07
8.2523e-07
8.07593e-07
7.85334e-07
7.87235e-07
7.70078e-07
8.11856e-07
8.37442e-07
8.27046e-07
8.25202e-07
8.25202e-07
8.25202e-07
8.25202e-07
8.25202e-07
8.25202e-07
8.25202e-07
8.05748e-07
7.85334e-07
8.07677e-07
8.11717e-07
8.0762e-07
7.87179e-07
7.87235e-07
8.31228e-07
8.31142e-07
7.85307e-07
8.05833e-07
6.49889e-07
2.20446e-07
8.31142e-07
8.25202e-07
8.25202e-07
8.25202e-07
8.25202e-07
8.25202e-07
8.25202e-07
8.25202e-07
8.25202e-07
8.25202e-07
8.05748e-07
8.2523e-07
8.27046e-07
8.05748e-07
8.05776e-07
8.27074e-07
8.27046e-07
8.25202e-07
8.05748e-07
8.2523e-07
8.27046e-07
8.25202e-07
8.25202e-07
8.25202e-07
7.64051e-07
8.05915e-07
8.1799e-07
7.65923e-07
7.87315e-07
8.375e-07
8.31142e-07
8.25202e-07
8.25202e-07
8.25202e-07
8.25202e-07
8.05748e-07
8.05776e-07
8.0762e-07
8.27074e-07
8.27046e-07
8.25202e-07
8.25202e-07
8.25202e-07
7.85307e-07
8.25288e-07
8.31142e-07
8.05748e-07
8.2523e-07
8.27046e-07
8.25202e-07
8.25202e-07
8.25202e-07
8.25202e-07
8.25202e-07
8.25202e-07
8.25202e-07
8.05748e-07
7.85334e-07
8.27132e-07
8.11689e-07
8.2523e-07
8.27046e-07
8.25202e-07
8.25202e-07
8.25202e-07
8.25202e-07
8.25202e-07
8.05748e-07
8.2523e-07
8.27046e-07
7.85307e-07
8.25288e-07
8.31142e-07
6.43924e-07
2.18561e-07
8.25202e-07
8.25202e-07
8.25202e-07
8.25202e-07
8.25202e-07
8.25202e-07
8.05748e-07
8.2523e-07
8.27046e-07
8.05748e-07
8.2523e-07
8.27046e-07
8.25202e-07
8.25202e-07
7.85307e-07
8.25288e-07
8.31142e-07
8.25202e-07
8.05748e-07
7.64078e-07
8.27215e-07
8.37414e-07
8.25202e-07
8.25202e-07
7.64051e-07
8.25371e-07
8.17963e-07
8.2523e-07
8.27046e-07
8.25202e-07
8.25202e-07
8.05748e-07
8.2523e-07
8.27046e-07
8.25202e-07
7.85307e-07
8.25288e-07
8.31142e-07
8.25202e-07
7.64051e-07
8.25371e-07
8.37414e-07
7.85307e-07
8.25288e-07
8.31142e-07
8.25202e-07
8.25202e-07
8.25202e-07
8.25202e-07
8.25202e-07
8.25202e-07
8.05748e-07
8.2523e-07
8.27046e-07
8.25202e-07
8.25202e-07
8.25202e-07
7.85307e-07
8.25288e-07
7.9125e-07
8.25288e-07
8.31142e-07
8.25202e-07
8.25202e-07
8.25202e-07
8.25202e-07
8.05748e-07
8.2523e-07
8.27046e-07
8.25202e-07
8.05748e-07
8.2523e-07
8.27046e-07
6.43924e-07
2.18561e-07
)
;


// ************************************************************************* //
