/*--------------------------------*- C++ -*----------------------------------*\
  =========                 |
  \\      /  F ield         | OpenFOAM: The Open Source CFD Toolbox
   \\    /   O peration     | Website:  https://openfoam.org
    \\  /    A nd           | Version:  12
     \\/     M anipulation  |
\*---------------------------------------------------------------------------*/
FoamFile
{
    format      ascii;
    class       volVectorField::Internal;
    location    "0.05";
    object      cloud:UTrans;
}
// * * * * * * * * * * * * * * * * * * * * * * * * * * * * * * * * * * * * * //

dimensions      [1 1 -1 0 0 0 0];

value           nonuniform List<vector> 
3750
(
(0 -3.47535e-08 0)
(0 -3.38428e-08 0)
(0 -3.476e-08 0)
(0 -3.47878e-08 0)
(0 -3.47535e-08 0)
(0 -3.47535e-08 0)
(0 -3.38428e-08 0)
(0 -3.476e-08 0)
(0 -3.47878e-08 0)
(0 -3.47535e-08 0)
(0 -3.47535e-08 0)
(0 -3.47535e-08 0)
(0 -3.38428e-08 0)
(0 -3.476e-08 0)
(0 -3.38771e-08 0)
(0 -3.476e-08 0)
(0 -3.47878e-08 0)
(0 -3.47535e-08 0)
(0 -3.47535e-08 0)
(0 -3.38428e-08 0)
(0 -3.476e-08 0)
(0 -3.47878e-08 0)
(0 -3.47535e-08 0)
(0 -3.47535e-08 0)
(0 -3.38428e-08 0)
(0 -3.476e-08 0)
(0 -3.38771e-08 0)
(0 -3.476e-08 0)
(0 -3.47878e-08 0)
(0 -3.47535e-08 0)
(0 -3.38428e-08 0)
(0 -3.476e-08 0)
(0 -3.47878e-08 0)
(0 -3.47535e-08 0)
(0 -3.47535e-08 0)
(0 -3.38428e-08 0)
(0 -3.38492e-08 0)
(0 -3.47943e-08 0)
(0 -3.47878e-08 0)
(0 -3.38428e-08 0)
(0 -3.476e-08 0)
(0 -3.38771e-08 0)
(0 -3.476e-08 0)
(0 -3.47878e-08 0)
(0 -3.47535e-08 0)
(0 -3.38428e-08 0)
(0 -3.38492e-08 0)
(0 -3.47943e-08 0)
(0 -3.47878e-08 0)
(0 -3.47535e-08 0)
(0 -3.47535e-08 0)
(0 -3.47535e-08 0)
(0 -3.47535e-08 0)
(0 -3.47535e-08 0)
(0 -3.47535e-08 0)
(0 -3.47535e-08 0)
(0 -3.47535e-08 0)
(0 -3.28862e-08 0)
(0 -3.47744e-08 0)
(0 -3.48604e-08 0)
(0 -3.47535e-08 0)
(0 -3.38428e-08 0)
(0 -3.476e-08 0)
(0 -3.47878e-08 0)
(0 -3.28862e-08 0)
(0 -3.47744e-08 0)
(0 -3.39498e-08 0)
(0 -3.476e-08 0)
(0 -3.38771e-08 0)
(0 -3.476e-08 0)
(0 -3.38771e-08 0)
(0 -3.476e-08 0)
(0 -3.47878e-08 0)
(0 -2.62773e-08 0)
(0 -7.02241e-09 0)
(0 -3.47535e-08 0)
(0 -3.28862e-08 0)
(0 -3.47744e-08 0)
(0 -3.48604e-08 0)
(0 -3.47535e-08 0)
(0 -3.47535e-08 0)
(0 -3.47535e-08 0)
(0 -3.47535e-08 0)
(0 -3.28862e-08 0)
(0 -3.38636e-08 0)
(0 -3.48669e-08 0)
(0 -3.47878e-08 0)
(0 -3.47535e-08 0)
(0 -3.47535e-08 0)
(0 -3.47535e-08 0)
(0 -3.47535e-08 0)
(0 -3.47535e-08 0)
(0 -3.38428e-08 0)
(0 -3.476e-08 0)
(0 -3.47878e-08 0)
(0 -3.47535e-08 0)
(0 -3.47535e-08 0)
(0 -3.47535e-08 0)
(0 -3.47535e-08 0)
(0 -3.47535e-08 0)
(0 -3.47535e-08 0)
(0 -3.47535e-08 0)
(0 -3.47535e-08 0)
(0 -3.47535e-08 0)
(0 -3.47535e-08 0)
(0 -3.47535e-08 0)
(0 -3.28862e-08 0)
(0 -3.47744e-08 0)
(0 -3.48604e-08 0)
(0 -3.47535e-08 0)
(0 -3.38428e-08 0)
(0 -3.476e-08 0)
(0 -3.47878e-08 0)
(0 -3.38428e-08 0)
(0 -3.476e-08 0)
(0 -3.47878e-08 0)
(0 -3.47535e-08 0)
(0 -3.47535e-08 0)
(0 -3.47535e-08 0)
(0 -3.47535e-08 0)
(0 -3.47535e-08 0)
(0 -3.47535e-08 0)
(0 -3.47535e-08 0)
(0 -3.47535e-08 0)
(0 -3.38428e-08 0)
(0 -3.476e-08 0)
(0 -3.47878e-08 0)
(0 -3.47535e-08 0)
(0 -3.47535e-08 0)
(0 -3.47535e-08 0)
(0 -3.47535e-08 0)
(0 -3.47535e-08 0)
(0 -3.47535e-08 0)
(0 -3.38428e-08 0)
(0 -3.476e-08 0)
(0 -3.38771e-08 0)
(0 -3.476e-08 0)
(0 -3.38771e-08 0)
(0 -3.476e-08 0)
(0 -3.19264e-08 0)
(0 -3.47958e-08 0)
(0 -3.40535e-08 0)
(0 -3.476e-08 0)
(0 -3.47878e-08 0)
(0 -3.47535e-08 0)
(0 -3.47535e-08 0)
(0 -3.38428e-08 0)
(0 -3.476e-08 0)
(0 -2.63123e-08 0)
(0 -7.02241e-09 0)
(0 -3.38771e-08 0)
(0 -3.476e-08 0)
(0 -3.47878e-08 0)
(0 -3.38428e-08 0)
(0 -3.476e-08 0)
(0 -3.47878e-08 0)
(0 -3.47535e-08 0)
(0 -3.47535e-08 0)
(0 -3.47535e-08 0)
(0 -3.28862e-08 0)
(0 -3.47744e-08 0)
(0 -3.48604e-08 0)
(0 -3.47535e-08 0)
(0 -3.47535e-08 0)
(0 -3.47535e-08 0)
(0 -3.47535e-08 0)
(0 -3.47535e-08 0)
(0 -3.38428e-08 0)
(0 -3.38492e-08 0)
(0 -3.47943e-08 0)
(0 -3.38771e-08 0)
(0 -3.38492e-08 0)
(0 -3.38836e-08 0)
(0 -3.47943e-08 0)
(0 -3.47878e-08 0)
(0 -3.47535e-08 0)
(0 -3.47535e-08 0)
(0 -3.47535e-08 0)
(0 -3.38428e-08 0)
(0 -3.476e-08 0)
(0 -3.47878e-08 0)
(0 -3.47535e-08 0)
(0 -3.47535e-08 0)
(0 -3.47535e-08 0)
(0 -3.28862e-08 0)
(0 -3.47744e-08 0)
(0 -3.48604e-08 0)
(0 -3.47535e-08 0)
(0 -3.38428e-08 0)
(0 -3.476e-08 0)
(0 -3.29206e-08 0)
(0 -3.38636e-08 0)
(0 -3.48669e-08 0)
(0 -3.47878e-08 0)
(0 -3.47535e-08 0)
(0 -3.47535e-08 0)
(0 -3.47535e-08 0)
(0 -3.47535e-08 0)
(0 -3.38428e-08 0)
(0 -3.476e-08 0)
(0 -3.47878e-08 0)
(0 -3.47535e-08 0)
(0 -3.28862e-08 0)
(0 -3.47744e-08 0)
(0 -3.48604e-08 0)
(0 -3.47535e-08 0)
(0 -3.47535e-08 0)
(0 -3.47535e-08 0)
(0 -3.47535e-08 0)
(0 -3.47535e-08 0)
(0 -3.47535e-08 0)
(0 -3.47535e-08 0)
(0 -3.28862e-08 0)
(0 -3.47744e-08 0)
(0 -3.19993e-08 0)
(0 -3.47958e-08 0)
(0 -3.40535e-08 0)
(0 -3.476e-08 0)
(0 -3.47878e-08 0)
(0 -3.47535e-08 0)
(0 -3.38428e-08 0)
(0 -3.476e-08 0)
(0 -3.47878e-08 0)
(0 -2.62773e-08 0)
(0 -7.02241e-09 0)
(0 -3.38428e-08 0)
(0 -3.476e-08 0)
(0 -3.47878e-08 0)
(0 -3.47535e-08 0)
(0 -3.38428e-08 0)
(0 -3.38492e-08 0)
(0 -3.47943e-08 0)
(0 -3.47878e-08 0)
(0 -3.47535e-08 0)
(0 -3.47535e-08 0)
(0 -3.38428e-08 0)
(0 -3.476e-08 0)
(0 -3.38771e-08 0)
(0 -3.476e-08 0)
(0 -3.47878e-08 0)
(0 -3.38428e-08 0)
(0 -3.476e-08 0)
(0 -3.47878e-08 0)
(0 -3.47535e-08 0)
(0 -3.38428e-08 0)
(0 -3.476e-08 0)
(0 -3.47878e-08 0)
(0 -3.47535e-08 0)
(0 -3.47535e-08 0)
(0 -3.47535e-08 0)
(0 -3.47535e-08 0)
(0 -3.47535e-08 0)
(0 -3.47535e-08 0)
(0 -3.38428e-08 0)
(0 -3.476e-08 0)
(0 -3.47878e-08 0)
(0 -3.47535e-08 0)
(0 -3.47535e-08 0)
(0 -3.47535e-08 0)
(0 -3.47535e-08 0)
(0 -3.47535e-08 0)
(0 -3.38428e-08 0)
(0 -3.476e-08 0)
(0 -3.47878e-08 0)
(0 -3.47535e-08 0)
(0 -3.38428e-08 0)
(0 -3.476e-08 0)
(0 -3.38771e-08 0)
(0 -3.476e-08 0)
(0 -3.47878e-08 0)
(0 -3.47535e-08 0)
(0 -3.47535e-08 0)
(0 -3.38428e-08 0)
(0 -3.476e-08 0)
(0 -3.47878e-08 0)
(0 -3.47535e-08 0)
(0 -3.47535e-08 0)
(0 -3.47535e-08 0)
(0 -3.47535e-08 0)
(0 -3.47535e-08 0)
(0 -3.47535e-08 0)
(0 -3.47535e-08 0)
(0 -3.47535e-08 0)
(0 -3.47535e-08 0)
(0 -3.47535e-08 0)
(0 -3.47535e-08 0)
(0 -3.47535e-08 0)
(0 -3.47535e-08 0)
(0 -3.47535e-08 0)
(0 -3.47535e-08 0)
(0 -3.38428e-08 0)
(0 -3.476e-08 0)
(0 -3.47878e-08 0)
(0 -3.47535e-08 0)
(0 -3.28862e-08 0)
(0 -3.47744e-08 0)
(0 -3.39498e-08 0)
(0 -3.28926e-08 0)
(0 -2.63283e-08 0)
(0 -7.13787e-09 0)
(0 -3.47535e-08 0)
(0 -3.47535e-08 0)
(0 -3.47535e-08 0)
(0 -3.38428e-08 0)
(0 -3.476e-08 0)
(0 -3.47878e-08 0)
(0 -3.47535e-08 0)
(0 -3.47535e-08 0)
(0 -3.47535e-08 0)
(0 -3.47535e-08 0)
(0 -3.47535e-08 0)
(0 -3.47535e-08 0)
(0 -3.38428e-08 0)
(0 -3.476e-08 0)
(0 -3.47878e-08 0)
(0 -3.47535e-08 0)
(0 -3.47535e-08 0)
(0 -3.47535e-08 0)
(0 -3.38428e-08 0)
(0 -3.476e-08 0)
(0 -3.47878e-08 0)
(0 -3.47535e-08 0)
(0 -3.28862e-08 0)
(0 -3.47744e-08 0)
(0 -3.48604e-08 0)
(0 -3.28862e-08 0)
(0 -3.47744e-08 0)
(0 -3.39498e-08 0)
(0 -3.476e-08 0)
(0 -3.38771e-08 0)
(0 -3.38492e-08 0)
(0 -3.47943e-08 0)
(0 -3.38771e-08 0)
(0 -3.476e-08 0)
(0 -3.38771e-08 0)
(0 -3.476e-08 0)
(0 -3.47878e-08 0)
(0 -3.47535e-08 0)
(0 -3.38428e-08 0)
(0 -3.38492e-08 0)
(0 -3.38836e-08 0)
(0 -3.47943e-08 0)
(0 -3.47878e-08 0)
(0 -3.47535e-08 0)
(0 -3.47535e-08 0)
(0 -3.47535e-08 0)
(0 -3.38428e-08 0)
(0 -3.476e-08 0)
(0 -3.47878e-08 0)
(0 -3.47535e-08 0)
(0 -3.47535e-08 0)
(0 -3.47535e-08 0)
(0 -3.38428e-08 0)
(0 -3.38492e-08 0)
(0 -3.29271e-08 0)
(0 -3.48087e-08 0)
(0 -3.48604e-08 0)
(0 -3.47535e-08 0)
(0 -3.28862e-08 0)
(0 -3.29069e-08 0)
(0 -3.39706e-08 0)
(0 -3.20057e-08 0)
(0 -3.29624e-08 0)
(0 -3.40743e-08 0)
(0 -3.39563e-08 0)
(0 -3.38836e-08 0)
(0 -3.29271e-08 0)
(0 -3.48087e-08 0)
(0 -3.48604e-08 0)
(0 -3.38428e-08 0)
(0 -3.476e-08 0)
(0 -3.38771e-08 0)
(0 -3.38492e-08 0)
(0 -2.63173e-08 0)
(0 -7.05947e-09 0)
(0 -3.47535e-08 0)
(0 -3.47535e-08 0)
(0 -3.38428e-08 0)
(0 -3.38492e-08 0)
(0 -3.47943e-08 0)
(0 -3.47878e-08 0)
(0 -3.47535e-08 0)
(0 -3.47535e-08 0)
(0 -3.47535e-08 0)
(0 -3.38428e-08 0)
(0 -3.476e-08 0)
(0 -3.47878e-08 0)
(0 -3.28862e-08 0)
(0 -3.47744e-08 0)
(0 -3.48604e-08 0)
(0 -3.38428e-08 0)
(0 -3.476e-08 0)
(0 -3.47878e-08 0)
(0 -3.38428e-08 0)
(0 -3.476e-08 0)
(0 -3.47878e-08 0)
(0 -3.28862e-08 0)
(0 -3.47744e-08 0)
(0 -3.39498e-08 0)
(0 -3.38492e-08 0)
(0 -3.38836e-08 0)
(0 -3.29271e-08 0)
(0 -3.38979e-08 0)
(0 -3.48669e-08 0)
(0 -3.47878e-08 0)
(0 -3.47535e-08 0)
(0 -3.47535e-08 0)
(0 -3.47535e-08 0)
(0 -3.47535e-08 0)
(0 -3.38428e-08 0)
(0 -3.476e-08 0)
(0 -3.38771e-08 0)
(0 -3.476e-08 0)
(0 -3.38771e-08 0)
(0 -3.38492e-08 0)
(0 -3.38836e-08 0)
(0 -3.47943e-08 0)
(0 -3.47878e-08 0)
(0 -3.47535e-08 0)
(0 -3.47535e-08 0)
(0 -3.47535e-08 0)
(0 -3.38428e-08 0)
(0 -3.476e-08 0)
(0 -3.47878e-08 0)
(0 -3.38428e-08 0)
(0 -3.476e-08 0)
(0 -3.47878e-08 0)
(0 -3.38428e-08 0)
(0 -3.38492e-08 0)
(0 -3.47943e-08 0)
(0 -3.47878e-08 0)
(0 -3.47535e-08 0)
(0 -3.47535e-08 0)
(0 -3.47535e-08 0)
(0 -3.47535e-08 0)
(0 -3.47535e-08 0)
(0 -3.38428e-08 0)
(0 -3.476e-08 0)
(0 -3.47878e-08 0)
(0 -3.28862e-08 0)
(0 -3.47744e-08 0)
(0 -3.29934e-08 0)
(0 -3.29069e-08 0)
(0 -3.48813e-08 0)
(0 -3.48604e-08 0)
(0 -3.47535e-08 0)
(0 -3.47535e-08 0)
(0 -3.47535e-08 0)
(0 -2.62773e-08 0)
(0 -7.02241e-09 0)
(0 -3.47535e-08 0)
(0 -3.38428e-08 0)
(0 -3.476e-08 0)
(0 -3.38771e-08 0)
(0 -3.476e-08 0)
(0 -3.38771e-08 0)
(0 -3.476e-08 0)
(0 -3.47878e-08 0)
(0 -3.47535e-08 0)
(0 -3.28862e-08 0)
(0 -3.47744e-08 0)
(0 -3.48604e-08 0)
(0 -3.38428e-08 0)
(0 -3.476e-08 0)
(0 -3.47878e-08 0)
(0 -3.47535e-08 0)
(0 -3.38428e-08 0)
(0 -3.476e-08 0)
(0 -3.19264e-08 0)
(0 -3.47958e-08 0)
(0 -3.4964e-08 0)
(0 -3.47535e-08 0)
(0 -3.47535e-08 0)
(0 -3.47535e-08 0)
(0 -3.47535e-08 0)
(0 -3.28862e-08 0)
(0 -3.47744e-08 0)
(0 -3.48604e-08 0)
(0 -3.47535e-08 0)
(0 -3.47535e-08 0)
(0 -3.47535e-08 0)
(0 -3.38428e-08 0)
(0 -3.476e-08 0)
(0 -3.47878e-08 0)
(0 -3.38428e-08 0)
(0 -3.476e-08 0)
(0 -3.38771e-08 0)
(0 -3.476e-08 0)
(0 -3.47878e-08 0)
(0 -3.47535e-08 0)
(0 -3.18919e-08 0)
(0 -3.47958e-08 0)
(0 -3.4964e-08 0)
(0 -3.47535e-08 0)
(0 -3.47535e-08 0)
(0 -3.47535e-08 0)
(0 -3.47535e-08 0)
(0 -3.47535e-08 0)
(0 -3.47535e-08 0)
(0 -3.38428e-08 0)
(0 -3.476e-08 0)
(0 -3.47878e-08 0)
(0 -3.38428e-08 0)
(0 -3.476e-08 0)
(0 -3.47878e-08 0)
(0 -3.47535e-08 0)
(0 -3.47535e-08 0)
(0 -3.47535e-08 0)
(0 -3.47535e-08 0)
(0 -3.47535e-08 0)
(0 -3.47535e-08 0)
(0 -3.47535e-08 0)
(0 -3.47535e-08 0)
(0 -3.47535e-08 0)
(0 -3.47535e-08 0)
(0 -3.47535e-08 0)
(0 -3.47535e-08 0)
(0 -3.38428e-08 0)
(0 -3.476e-08 0)
(0 -3.47878e-08 0)
(0 -3.38428e-08 0)
(0 -3.476e-08 0)
(0 -3.47878e-08 0)
(0 -2.62773e-08 0)
(0 -7.02241e-09 0)
(0 -3.476e-08 0)
(0 -3.47878e-08 0)
(0 -3.47535e-08 0)
(0 -3.47535e-08 0)
(0 -3.47535e-08 0)
(0 -3.47535e-08 0)
(0 -3.47535e-08 0)
(0 -3.47535e-08 0)
(0 -3.38428e-08 0)
(0 -3.28926e-08 0)
(0 -3.38979e-08 0)
(0 -3.48669e-08 0)
(0 -3.47878e-08 0)
(0 -3.47535e-08 0)
(0 -3.47535e-08 0)
(0 -3.47535e-08 0)
(0 -3.38428e-08 0)
(0 -3.476e-08 0)
(0 -3.47878e-08 0)
(0 -3.47535e-08 0)
(0 -3.47535e-08 0)
(0 -3.18919e-08 0)
(0 -3.47958e-08 0)
(0 -3.4964e-08 0)
(0 -3.47535e-08 0)
(0 -3.47535e-08 0)
(0 -3.47535e-08 0)
(0 -3.47535e-08 0)
(0 -3.47535e-08 0)
(0 -3.38428e-08 0)
(0 -3.476e-08 0)
(0 -3.47878e-08 0)
(0 -3.47535e-08 0)
(0 -3.38428e-08 0)
(0 -3.476e-08 0)
(0 -3.47878e-08 0)
(0 -3.47535e-08 0)
(0 -3.47535e-08 0)
(0 -3.47535e-08 0)
(0 -3.38428e-08 0)
(0 -3.476e-08 0)
(0 -3.47878e-08 0)
(0 -3.47535e-08 0)
(0 -3.38428e-08 0)
(0 -3.38492e-08 0)
(0 -3.38836e-08 0)
(0 -3.47943e-08 0)
(0 -3.47878e-08 0)
(0 -3.28862e-08 0)
(0 -3.47744e-08 0)
(0 -3.48604e-08 0)
(0 -3.47535e-08 0)
(0 -3.47535e-08 0)
(0 -3.38428e-08 0)
(0 -3.476e-08 0)
(0 -3.47878e-08 0)
(0 -3.47535e-08 0)
(0 -3.47535e-08 0)
(0 -3.47535e-08 0)
(0 -3.38428e-08 0)
(0 -3.476e-08 0)
(0 -3.47878e-08 0)
(0 -3.47535e-08 0)
(0 -3.47535e-08 0)
(0 -3.38428e-08 0)
(0 -3.476e-08 0)
(0 -3.47878e-08 0)
(0 -3.38428e-08 0)
(0 -3.28926e-08 0)
(0 -3.38979e-08 0)
(0 -3.48669e-08 0)
(0 -3.38771e-08 0)
(0 -3.476e-08 0)
(0 -2.63123e-08 0)
(0 -7.02241e-09 0)
(0 -3.38428e-08 0)
(0 -3.476e-08 0)
(0 -3.47878e-08 0)
(0 -3.38428e-08 0)
(0 -3.476e-08 0)
(0 -3.38771e-08 0)
(0 -3.476e-08 0)
(0 -3.29206e-08 0)
(0 -3.47744e-08 0)
(0 -3.48604e-08 0)
(0 -3.47535e-08 0)
(0 -3.47535e-08 0)
(0 -3.47535e-08 0)
(0 -3.47535e-08 0)
(0 -3.47535e-08 0)
(0 -3.47535e-08 0)
(0 -3.47535e-08 0)
(0 -3.47535e-08 0)
(0 -3.38428e-08 0)
(0 -3.476e-08 0)
(0 -3.38771e-08 0)
(0 -3.38492e-08 0)
(0 -3.47943e-08 0)
(0 -3.38771e-08 0)
(0 -3.38492e-08 0)
(0 -3.47943e-08 0)
(0 -3.38771e-08 0)
(0 -3.476e-08 0)
(0 -3.47878e-08 0)
(0 -3.47535e-08 0)
(0 -3.47535e-08 0)
(0 -3.47535e-08 0)
(0 -3.47535e-08 0)
(0 -3.47535e-08 0)
(0 -3.47535e-08 0)
(0 -3.47535e-08 0)
(0 -3.47535e-08 0)
(0 -3.47535e-08 0)
(0 -3.47535e-08 0)
(0 -3.28862e-08 0)
(0 -3.47744e-08 0)
(0 -3.48604e-08 0)
(0 -3.38428e-08 0)
(0 -3.38492e-08 0)
(0 -3.47943e-08 0)
(0 -3.47878e-08 0)
(0 -3.47535e-08 0)
(0 -3.47535e-08 0)
(0 -3.38428e-08 0)
(0 -3.476e-08 0)
(0 -3.38771e-08 0)
(0 -3.38492e-08 0)
(0 -3.47943e-08 0)
(0 -3.47878e-08 0)
(0 -3.38428e-08 0)
(0 -3.476e-08 0)
(0 -3.47878e-08 0)
(0 -3.47535e-08 0)
(0 -3.47535e-08 0)
(0 -3.47535e-08 0)
(0 -3.47535e-08 0)
(0 -3.47535e-08 0)
(0 -3.47535e-08 0)
(0 -3.38428e-08 0)
(0 -3.476e-08 0)
(0 -3.38771e-08 0)
(0 -3.28926e-08 0)
(0 -3.48087e-08 0)
(0 -3.48604e-08 0)
(0 -3.47535e-08 0)
(0 -3.47535e-08 0)
(0 -3.38428e-08 0)
(0 -3.38492e-08 0)
(0 -2.63173e-08 0)
(0 -7.05947e-09 0)
(0 -3.38428e-08 0)
(0 -3.476e-08 0)
(0 -3.47878e-08 0)
(0 -3.47535e-08 0)
(0 -3.47535e-08 0)
(0 -3.47535e-08 0)
(0 -3.38428e-08 0)
(0 -3.476e-08 0)
(0 -3.47878e-08 0)
(0 -3.47535e-08 0)
(0 -3.47535e-08 0)
(0 -3.38428e-08 0)
(0 -3.476e-08 0)
(0 -3.38771e-08 0)
(0 -3.38492e-08 0)
(0 -3.47943e-08 0)
(0 -3.47878e-08 0)
(0 -3.47535e-08 0)
(0 -3.47535e-08 0)
(0 -3.38428e-08 0)
(0 -3.476e-08 0)
(0 -3.47878e-08 0)
(0 -3.47535e-08 0)
(0 -3.47535e-08 0)
(0 -3.38428e-08 0)
(0 -3.476e-08 0)
(0 -3.47878e-08 0)
(0 -3.47535e-08 0)
(0 -3.38428e-08 0)
(0 -3.476e-08 0)
(0 -3.47878e-08 0)
(0 -3.38428e-08 0)
(0 -3.38492e-08 0)
(0 -3.47943e-08 0)
(0 -3.47878e-08 0)
(0 -3.18919e-08 0)
(0 -3.47958e-08 0)
(0 -3.4964e-08 0)
(0 -3.28862e-08 0)
(0 -3.47744e-08 0)
(0 -3.29934e-08 0)
(0 -3.47744e-08 0)
(0 -3.48604e-08 0)
(0 -3.47535e-08 0)
(0 -3.47535e-08 0)
(0 -3.47535e-08 0)
(0 -3.28862e-08 0)
(0 -3.47744e-08 0)
(0 -3.48604e-08 0)
(0 -3.28862e-08 0)
(0 -3.47744e-08 0)
(0 -3.48604e-08 0)
(0 -3.47535e-08 0)
(0 -3.38428e-08 0)
(0 -3.476e-08 0)
(0 -3.38771e-08 0)
(0 -3.476e-08 0)
(0 -3.47878e-08 0)
(0 -3.47535e-08 0)
(0 -3.38428e-08 0)
(0 -3.476e-08 0)
(0 -3.47878e-08 0)
(0 -3.38428e-08 0)
(0 -3.476e-08 0)
(0 -3.38771e-08 0)
(0 -3.476e-08 0)
(0 -3.47878e-08 0)
(0 -3.47535e-08 0)
(0 -3.47535e-08 0)
(0 -3.47535e-08 0)
(0 -3.38428e-08 0)
(0 -3.476e-08 0)
(0 -3.47878e-08 0)
(0 -2.62773e-08 0)
(0 -7.02241e-09 0)
(0 -3.476e-08 0)
(0 -3.29206e-08 0)
(0 -3.38636e-08 0)
(0 -3.48669e-08 0)
(0 -3.47878e-08 0)
(0 -3.47535e-08 0)
(0 -3.47535e-08 0)
(0 -3.28862e-08 0)
(0 -3.47744e-08 0)
(0 -3.29934e-08 0)
(0 -3.47744e-08 0)
(0 -3.48604e-08 0)
(0 -3.47535e-08 0)
(0 -3.47535e-08 0)
(0 -3.38428e-08 0)
(0 -3.476e-08 0)
(0 -3.47878e-08 0)
(0 -3.47535e-08 0)
(0 -3.47535e-08 0)
(0 -3.47535e-08 0)
(0 -3.47535e-08 0)
(0 -3.47535e-08 0)
(0 -3.38428e-08 0)
(0 -3.28926e-08 0)
(0 -3.48087e-08 0)
(0 -3.48604e-08 0)
(0 -3.47535e-08 0)
(0 -3.38428e-08 0)
(0 -3.28926e-08 0)
(0 -3.48087e-08 0)
(0 -3.48604e-08 0)
(0 -3.38428e-08 0)
(0 -3.476e-08 0)
(0 -3.47878e-08 0)
(0 -3.47535e-08 0)
(0 -3.28862e-08 0)
(0 -3.47744e-08 0)
(0 -3.48604e-08 0)
(0 -3.38428e-08 0)
(0 -3.476e-08 0)
(0 -3.47878e-08 0)
(0 -3.47535e-08 0)
(0 -3.28862e-08 0)
(0 -3.47744e-08 0)
(0 -3.48604e-08 0)
(0 -3.38428e-08 0)
(0 -3.38492e-08 0)
(0 -3.38836e-08 0)
(0 -3.38836e-08 0)
(0 -3.47943e-08 0)
(0 -3.47878e-08 0)
(0 -3.47535e-08 0)
(0 -3.38428e-08 0)
(0 -3.28926e-08 0)
(0 -3.48087e-08 0)
(0 -3.48604e-08 0)
(0 -3.47535e-08 0)
(0 -3.47535e-08 0)
(0 -3.47535e-08 0)
(0 -3.47535e-08 0)
(0 -3.38428e-08 0)
(0 -3.476e-08 0)
(0 -3.47878e-08 0)
(0 -3.47535e-08 0)
(0 -3.47535e-08 0)
(0 -3.47535e-08 0)
(0 -3.47535e-08 0)
(0 -3.47535e-08 0)
(0 -3.47535e-08 0)
(0 -3.47535e-08 0)
(0 -3.38428e-08 0)
(0 -3.28926e-08 0)
(0 -3.48087e-08 0)
(0 -2.63865e-08 0)
(0 -7.02241e-09 0)
(0 -3.47878e-08 0)
(0 -3.47535e-08 0)
(0 -3.47535e-08 0)
(0 -3.47535e-08 0)
(0 -3.38428e-08 0)
(0 -3.476e-08 0)
(0 -3.47878e-08 0)
(0 -3.47535e-08 0)
(0 -3.47535e-08 0)
(0 -3.47535e-08 0)
(0 -3.47535e-08 0)
(0 -3.47535e-08 0)
(0 -3.47535e-08 0)
(0 -3.47535e-08 0)
(0 -3.47535e-08 0)
(0 -3.47535e-08 0)
(0 -3.47535e-08 0)
(0 -3.47535e-08 0)
(0 -3.38428e-08 0)
(0 -3.38492e-08 0)
(0 -3.47943e-08 0)
(0 -3.47878e-08 0)
(0 -3.47535e-08 0)
(0 -3.47535e-08 0)
(0 -3.38428e-08 0)
(0 -3.38492e-08 0)
(0 -3.47943e-08 0)
(0 -3.47878e-08 0)
(0 -3.47535e-08 0)
(0 -3.47535e-08 0)
(0 -3.47535e-08 0)
(0 -3.47535e-08 0)
(0 -3.47535e-08 0)
(0 -3.38428e-08 0)
(0 -3.476e-08 0)
(0 -3.47878e-08 0)
(0 -3.47535e-08 0)
(0 -3.47535e-08 0)
(0 -3.47535e-08 0)
(0 -3.47535e-08 0)
(0 -3.38428e-08 0)
(0 -3.476e-08 0)
(0 -3.47878e-08 0)
(0 -3.38428e-08 0)
(0 -3.476e-08 0)
(0 -3.29206e-08 0)
(0 -3.38636e-08 0)
(0 -3.48669e-08 0)
(0 -3.47878e-08 0)
(0 -3.28862e-08 0)
(0 -3.47744e-08 0)
(0 -3.48604e-08 0)
(0 -3.47535e-08 0)
(0 -3.47535e-08 0)
(0 -3.47535e-08 0)
(0 -3.47535e-08 0)
(0 -3.47535e-08 0)
(0 -3.47535e-08 0)
(0 -3.47535e-08 0)
(0 -3.47535e-08 0)
(0 -3.47535e-08 0)
(0 -3.47535e-08 0)
(0 -3.47535e-08 0)
(0 -3.47535e-08 0)
(0 -3.47535e-08 0)
(0 -3.47535e-08 0)
(0 -3.47535e-08 0)
(0 -3.47535e-08 0)
(0 -3.47535e-08 0)
(0 -3.47535e-08 0)
(0 -3.38428e-08 0)
(0 -3.28926e-08 0)
(0 -3.48087e-08 0)
(0 -2.63865e-08 0)
(0 -7.02241e-09 0)
(0 -3.476e-08 0)
(0 -3.38771e-08 0)
(0 -3.476e-08 0)
(0 -3.47878e-08 0)
(0 -3.47535e-08 0)
(0 -3.47535e-08 0)
(0 -3.47535e-08 0)
(0 -3.47535e-08 0)
(0 -3.38428e-08 0)
(0 -3.476e-08 0)
(0 -3.47878e-08 0)
(0 -3.28862e-08 0)
(0 -3.47744e-08 0)
(0 -3.48604e-08 0)
(0 -3.28862e-08 0)
(0 -3.38636e-08 0)
(0 -3.48669e-08 0)
(0 -3.19264e-08 0)
(0 -3.47958e-08 0)
(0 -3.4964e-08 0)
(0 -3.38428e-08 0)
(0 -3.476e-08 0)
(0 -3.47878e-08 0)
(0 -3.28862e-08 0)
(0 -3.47744e-08 0)
(0 -3.48604e-08 0)
(0 -3.38428e-08 0)
(0 -3.476e-08 0)
(0 -3.38771e-08 0)
(0 -3.476e-08 0)
(0 -3.47878e-08 0)
(0 -3.38428e-08 0)
(0 -3.38492e-08 0)
(0 -3.47943e-08 0)
(0 -3.47878e-08 0)
(0 -3.47535e-08 0)
(0 -3.47535e-08 0)
(0 -3.47535e-08 0)
(0 -3.47535e-08 0)
(0 -3.38428e-08 0)
(0 -3.38492e-08 0)
(0 -3.47943e-08 0)
(0 -3.29206e-08 0)
(0 -3.47744e-08 0)
(0 -3.29934e-08 0)
(0 -3.47744e-08 0)
(0 -3.48604e-08 0)
(0 -3.47535e-08 0)
(0 -3.47535e-08 0)
(0 -3.47535e-08 0)
(0 -3.47535e-08 0)
(0 -3.47535e-08 0)
(0 -3.38428e-08 0)
(0 -3.476e-08 0)
(0 -3.47878e-08 0)
(0 -3.47535e-08 0)
(0 -3.47535e-08 0)
(0 -3.47535e-08 0)
(0 -3.38428e-08 0)
(0 -3.38492e-08 0)
(0 -3.47943e-08 0)
(0 -3.47878e-08 0)
(0 -3.38428e-08 0)
(0 -3.476e-08 0)
(0 -3.38771e-08 0)
(0 -3.28926e-08 0)
(0 -3.38979e-08 0)
(0 -3.48669e-08 0)
(0 -3.47878e-08 0)
(0 -3.47535e-08 0)
(0 -3.28862e-08 0)
(0 -3.38636e-08 0)
(0 -3.29998e-08 0)
(0 -2.63283e-08 0)
(0 -7.13787e-09 0)
(0 -3.28926e-08 0)
(0 -3.48087e-08 0)
(0 -3.48604e-08 0)
(0 -3.47535e-08 0)
(0 -3.47535e-08 0)
(0 -3.38428e-08 0)
(0 -3.476e-08 0)
(0 -3.38771e-08 0)
(0 -3.476e-08 0)
(0 -3.47878e-08 0)
(0 -3.47535e-08 0)
(0 -3.38428e-08 0)
(0 -3.38492e-08 0)
(0 -3.38836e-08 0)
(0 -3.47943e-08 0)
(0 -3.38771e-08 0)
(0 -3.38492e-08 0)
(0 -3.47943e-08 0)
(0 -3.47878e-08 0)
(0 -3.47535e-08 0)
(0 -3.47535e-08 0)
(0 -3.47535e-08 0)
(0 -3.47535e-08 0)
(0 -3.47535e-08 0)
(0 -3.47535e-08 0)
(0 -3.47535e-08 0)
(0 -3.47535e-08 0)
(0 -3.47535e-08 0)
(0 -3.47535e-08 0)
(0 -3.47535e-08 0)
(0 -3.47535e-08 0)
(0 -3.28862e-08 0)
(0 -3.47744e-08 0)
(0 -3.39498e-08 0)
(0 -3.476e-08 0)
(0 -3.47878e-08 0)
(0 -3.47535e-08 0)
(0 -3.47535e-08 0)
(0 -3.47535e-08 0)
(0 -3.47535e-08 0)
(0 -3.47535e-08 0)
(0 -3.47535e-08 0)
(0 -3.47535e-08 0)
(0 -3.47535e-08 0)
(0 -3.47535e-08 0)
(0 -3.47535e-08 0)
(0 -3.28862e-08 0)
(0 -3.47744e-08 0)
(0 -3.48604e-08 0)
(0 -3.47535e-08 0)
(0 -3.47535e-08 0)
(0 -3.47535e-08 0)
(0 -3.47535e-08 0)
(0 -3.47535e-08 0)
(0 -3.47535e-08 0)
(0 -3.28862e-08 0)
(0 -3.47744e-08 0)
(0 -3.48604e-08 0)
(0 -3.47535e-08 0)
(0 -3.47535e-08 0)
(0 -3.47535e-08 0)
(0 -3.47535e-08 0)
(0 -3.47535e-08 0)
(0 -3.47535e-08 0)
(0 -3.47535e-08 0)
(0 -3.47535e-08 0)
(0 -3.47535e-08 0)
(0 -3.47535e-08 0)
(0 -3.47535e-08 0)
(0 -3.47535e-08 0)
(0 -3.47535e-08 0)
(0 -3.38428e-08 0)
(0 -3.476e-08 0)
(0 -2.63123e-08 0)
(0 -7.02241e-09 0)
(0 -3.47535e-08 0)
(0 -3.47535e-08 0)
(0 -3.47535e-08 0)
(0 -3.47535e-08 0)
(0 -3.47535e-08 0)
(0 -3.47535e-08 0)
(0 -3.47535e-08 0)
(0 -3.47535e-08 0)
(0 -3.47535e-08 0)
(0 -3.47535e-08 0)
(0 -3.47535e-08 0)
(0 -3.47535e-08 0)
(0 -3.47535e-08 0)
(0 -3.38428e-08 0)
(0 -3.476e-08 0)
(0 -3.47878e-08 0)
(0 -3.47535e-08 0)
(0 -3.47535e-08 0)
(0 -3.28862e-08 0)
(0 -3.47744e-08 0)
(0 -3.48604e-08 0)
(0 -3.47535e-08 0)
(0 -3.47535e-08 0)
(0 -3.47535e-08 0)
(0 -3.47535e-08 0)
(0 -3.47535e-08 0)
(0 -3.47535e-08 0)
(0 -3.47535e-08 0)
(0 -3.38428e-08 0)
(0 -3.38492e-08 0)
(0 -3.38836e-08 0)
(0 -3.38836e-08 0)
(0 -3.47943e-08 0)
(0 -3.47878e-08 0)
(0 -3.47535e-08 0)
(0 -3.38428e-08 0)
(0 -3.38492e-08 0)
(0 -3.47943e-08 0)
(0 -3.47878e-08 0)
(0 -3.47535e-08 0)
(0 -3.47535e-08 0)
(0 -3.47535e-08 0)
(0 -3.47535e-08 0)
(0 -3.47535e-08 0)
(0 -3.47535e-08 0)
(0 -3.47535e-08 0)
(0 -3.47535e-08 0)
(0 -3.28862e-08 0)
(0 -3.47744e-08 0)
(0 -3.48604e-08 0)
(0 -3.38428e-08 0)
(0 -3.38492e-08 0)
(0 -3.47943e-08 0)
(0 -3.38771e-08 0)
(0 -3.476e-08 0)
(0 -3.47878e-08 0)
(0 -3.47535e-08 0)
(0 -3.47535e-08 0)
(0 -3.47535e-08 0)
(0 -3.47535e-08 0)
(0 -3.47535e-08 0)
(0 -3.47535e-08 0)
(0 -3.47535e-08 0)
(0 -3.47535e-08 0)
(0 -3.38428e-08 0)
(0 -3.476e-08 0)
(0 -3.47878e-08 0)
(0 -3.47535e-08 0)
(0 -3.47535e-08 0)
(0 -3.47535e-08 0)
(0 -3.47535e-08 0)
(0 -3.38428e-08 0)
(0 -3.476e-08 0)
(0 -2.63123e-08 0)
(0 -7.02241e-09 0)
(0 -3.47535e-08 0)
(0 -3.38428e-08 0)
(0 -3.476e-08 0)
(0 -3.29206e-08 0)
(0 -3.47744e-08 0)
(0 -3.48604e-08 0)
(0 -3.38428e-08 0)
(0 -3.28926e-08 0)
(0 -3.48087e-08 0)
(0 -3.48604e-08 0)
(0 -3.28862e-08 0)
(0 -3.29069e-08 0)
(0 -3.48813e-08 0)
(0 -3.48604e-08 0)
(0 -3.38428e-08 0)
(0 -3.476e-08 0)
(0 -3.47878e-08 0)
(0 -3.47535e-08 0)
(0 -3.47535e-08 0)
(0 -3.47535e-08 0)
(0 -3.47535e-08 0)
(0 -3.28862e-08 0)
(0 -3.47744e-08 0)
(0 -3.48604e-08 0)
(0 -3.38428e-08 0)
(0 -3.476e-08 0)
(0 -3.47878e-08 0)
(0 -3.47535e-08 0)
(0 -3.47535e-08 0)
(0 -3.47535e-08 0)
(0 -3.47535e-08 0)
(0 -3.47535e-08 0)
(0 -3.47535e-08 0)
(0 -3.47535e-08 0)
(0 -3.47535e-08 0)
(0 -3.47535e-08 0)
(0 -3.47535e-08 0)
(0 -3.38428e-08 0)
(0 -3.476e-08 0)
(0 -3.47878e-08 0)
(0 -3.47535e-08 0)
(0 -3.47535e-08 0)
(0 -3.47535e-08 0)
(0 -3.28862e-08 0)
(0 -3.29069e-08 0)
(0 -3.48813e-08 0)
(0 -3.48604e-08 0)
(0 -3.47535e-08 0)
(0 -3.47535e-08 0)
(0 -3.47535e-08 0)
(0 -3.47535e-08 0)
(0 -3.47535e-08 0)
(0 -3.47535e-08 0)
(0 -3.47535e-08 0)
(0 -3.47535e-08 0)
(0 -3.28862e-08 0)
(0 -3.47744e-08 0)
(0 -3.39498e-08 0)
(0 -3.476e-08 0)
(0 -3.47878e-08 0)
(0 -3.47535e-08 0)
(0 -3.47535e-08 0)
(0 -3.47535e-08 0)
(0 -3.47535e-08 0)
(0 -3.47535e-08 0)
(0 -3.18919e-08 0)
(0 -3.47958e-08 0)
(0 -3.40535e-08 0)
(0 -3.476e-08 0)
(0 -3.47878e-08 0)
(0 -3.28862e-08 0)
(0 -3.47744e-08 0)
(0 -3.48604e-08 0)
(0 -2.62773e-08 0)
(0 -7.02241e-09 0)
(0 -3.4964e-08 0)
(0 -3.47535e-08 0)
(0 -3.47535e-08 0)
(0 -3.47535e-08 0)
(0 -3.47535e-08 0)
(0 -3.47535e-08 0)
(0 -3.28862e-08 0)
(0 -3.47744e-08 0)
(0 -3.48604e-08 0)
(0 -3.47535e-08 0)
(0 -3.38428e-08 0)
(0 -3.476e-08 0)
(0 -3.47878e-08 0)
(0 -3.38428e-08 0)
(0 -3.28926e-08 0)
(0 -3.48087e-08 0)
(0 -3.48604e-08 0)
(0 -3.38428e-08 0)
(0 -3.476e-08 0)
(0 -3.47878e-08 0)
(0 -3.47535e-08 0)
(0 -3.38428e-08 0)
(0 -3.476e-08 0)
(0 -3.38771e-08 0)
(0 -3.28926e-08 0)
(0 -3.38979e-08 0)
(0 -3.48669e-08 0)
(0 -3.47878e-08 0)
(0 -3.38428e-08 0)
(0 -3.476e-08 0)
(0 -3.47878e-08 0)
(0 -3.38428e-08 0)
(0 -3.476e-08 0)
(0 -3.47878e-08 0)
(0 -3.47535e-08 0)
(0 -3.28862e-08 0)
(0 -3.47744e-08 0)
(0 -3.29934e-08 0)
(0 -3.47744e-08 0)
(0 -3.48604e-08 0)
(0 -3.38428e-08 0)
(0 -3.476e-08 0)
(0 -3.47878e-08 0)
(0 -3.47535e-08 0)
(0 -3.47535e-08 0)
(0 -3.47535e-08 0)
(0 -3.47535e-08 0)
(0 -3.47535e-08 0)
(0 -3.38428e-08 0)
(0 -3.476e-08 0)
(0 -3.47878e-08 0)
(0 -3.38428e-08 0)
(0 -3.476e-08 0)
(0 -3.47878e-08 0)
(0 -3.47535e-08 0)
(0 -3.47535e-08 0)
(0 -3.47535e-08 0)
(0 -3.38428e-08 0)
(0 -3.476e-08 0)
(0 -3.38771e-08 0)
(0 -3.476e-08 0)
(0 -3.47878e-08 0)
(0 -3.47535e-08 0)
(0 -3.47535e-08 0)
(0 -3.47535e-08 0)
(0 -3.47535e-08 0)
(0 -3.47535e-08 0)
(0 -3.47535e-08 0)
(0 -3.47535e-08 0)
(0 -3.47535e-08 0)
(0 -3.47535e-08 0)
(0 -3.38428e-08 0)
(0 -3.38492e-08 0)
(0 -2.63173e-08 0)
(0 -7.05947e-09 0)
(0 -3.47535e-08 0)
(0 -3.38428e-08 0)
(0 -3.476e-08 0)
(0 -3.38771e-08 0)
(0 -3.476e-08 0)
(0 -3.38771e-08 0)
(0 -3.476e-08 0)
(0 -3.38771e-08 0)
(0 -3.476e-08 0)
(0 -3.47878e-08 0)
(0 -3.47535e-08 0)
(0 -3.38428e-08 0)
(0 -3.38492e-08 0)
(0 -3.38836e-08 0)
(0 -3.38836e-08 0)
(0 -3.29271e-08 0)
(0 -3.29413e-08 0)
(0 -3.48813e-08 0)
(0 -3.48604e-08 0)
(0 -3.47535e-08 0)
(0 -3.47535e-08 0)
(0 -3.47535e-08 0)
(0 -3.47535e-08 0)
(0 -3.38428e-08 0)
(0 -3.476e-08 0)
(0 -3.47878e-08 0)
(0 -3.47535e-08 0)
(0 -3.38428e-08 0)
(0 -3.476e-08 0)
(0 -3.38771e-08 0)
(0 -3.476e-08 0)
(0 -3.47878e-08 0)
(0 -3.38428e-08 0)
(0 -3.476e-08 0)
(0 -3.47878e-08 0)
(0 -3.38428e-08 0)
(0 -3.476e-08 0)
(0 -3.38771e-08 0)
(0 -3.476e-08 0)
(0 -3.29206e-08 0)
(0 -3.38636e-08 0)
(0 -3.48669e-08 0)
(0 -3.29206e-08 0)
(0 -3.47744e-08 0)
(0 -3.48604e-08 0)
(0 -3.38428e-08 0)
(0 -3.38492e-08 0)
(0 -3.38836e-08 0)
(0 -3.47943e-08 0)
(0 -3.47878e-08 0)
(0 -3.38428e-08 0)
(0 -3.38492e-08 0)
(0 -3.38836e-08 0)
(0 -3.47943e-08 0)
(0 -3.47878e-08 0)
(0 -3.47535e-08 0)
(0 -3.47535e-08 0)
(0 -3.47535e-08 0)
(0 -3.47535e-08 0)
(0 -3.47535e-08 0)
(0 -3.47535e-08 0)
(0 -3.47535e-08 0)
(0 -3.47535e-08 0)
(0 -3.47535e-08 0)
(0 -3.18919e-08 0)
(0 -3.38848e-08 0)
(0 -3.49705e-08 0)
(0 -3.47878e-08 0)
(0 -3.47535e-08 0)
(0 -3.38428e-08 0)
(0 -3.476e-08 0)
(0 -3.47878e-08 0)
(0 -3.47535e-08 0)
(0 -2.62773e-08 0)
(0 -7.02241e-09 0)
(0 -3.47535e-08 0)
(0 -3.47535e-08 0)
(0 -3.47535e-08 0)
(0 -3.47535e-08 0)
(0 -3.47535e-08 0)
(0 -3.38428e-08 0)
(0 -3.476e-08 0)
(0 -3.47878e-08 0)
(0 -3.47535e-08 0)
(0 -3.47535e-08 0)
(0 -3.47535e-08 0)
(0 -3.47535e-08 0)
(0 -3.47535e-08 0)
(0 -3.47535e-08 0)
(0 -3.28862e-08 0)
(0 -3.47744e-08 0)
(0 -3.48604e-08 0)
(0 -3.47535e-08 0)
(0 -3.18919e-08 0)
(0 -3.47958e-08 0)
(0 -3.4964e-08 0)
(0 -3.47535e-08 0)
(0 -3.47535e-08 0)
(0 -3.47535e-08 0)
(0 -3.47535e-08 0)
(0 -3.18919e-08 0)
(0 -3.47958e-08 0)
(0 -3.4964e-08 0)
(0 -3.47535e-08 0)
(0 -3.47535e-08 0)
(0 -3.47535e-08 0)
(0 -3.38428e-08 0)
(0 -3.476e-08 0)
(0 -3.47878e-08 0)
(0 -3.47535e-08 0)
(0 -3.28862e-08 0)
(0 -3.47744e-08 0)
(0 -3.29934e-08 0)
(0 -3.47744e-08 0)
(0 -3.48604e-08 0)
(0 -3.38428e-08 0)
(0 -3.476e-08 0)
(0 -3.47878e-08 0)
(0 -3.47535e-08 0)
(0 -3.47535e-08 0)
(0 -3.47535e-08 0)
(0 -3.47535e-08 0)
(0 -3.47535e-08 0)
(0 -3.47535e-08 0)
(0 -3.47535e-08 0)
(0 -3.47535e-08 0)
(0 -3.47535e-08 0)
(0 -3.47535e-08 0)
(0 -3.47535e-08 0)
(0 -3.38428e-08 0)
(0 -3.476e-08 0)
(0 -3.47878e-08 0)
(0 -3.47535e-08 0)
(0 -3.28862e-08 0)
(0 -3.47744e-08 0)
(0 -3.48604e-08 0)
(0 -3.47535e-08 0)
(0 -3.38428e-08 0)
(0 -3.476e-08 0)
(0 -3.47878e-08 0)
(0 -3.47535e-08 0)
(0 -3.47535e-08 0)
(0 -3.47535e-08 0)
(0 -3.47535e-08 0)
(0 -3.47535e-08 0)
(0 -3.47535e-08 0)
(0 -3.47535e-08 0)
(0 -3.38428e-08 0)
(0 -2.62822e-08 0)
(0 -7.05947e-09 0)
(0 -3.47535e-08 0)
(0 -3.47535e-08 0)
(0 -3.47535e-08 0)
(0 -3.47535e-08 0)
(0 -3.47535e-08 0)
(0 -3.47535e-08 0)
(0 -3.47535e-08 0)
(0 -3.38428e-08 0)
(0 -3.476e-08 0)
(0 -3.38771e-08 0)
(0 -3.476e-08 0)
(0 -3.47878e-08 0)
(0 -3.47535e-08 0)
(0 -3.47535e-08 0)
(0 -3.47535e-08 0)
(0 -3.47535e-08 0)
(0 -3.47535e-08 0)
(0 -3.47535e-08 0)
(0 -3.47535e-08 0)
(0 -3.47535e-08 0)
(0 -3.47535e-08 0)
(0 -3.47535e-08 0)
(0 -3.38428e-08 0)
(0 -3.476e-08 0)
(0 -3.38771e-08 0)
(0 -3.476e-08 0)
(0 -3.38771e-08 0)
(0 -3.476e-08 0)
(0 -3.47878e-08 0)
(0 -3.47535e-08 0)
(0 -3.47535e-08 0)
(0 -3.38428e-08 0)
(0 -3.38492e-08 0)
(0 -3.47943e-08 0)
(0 -3.47878e-08 0)
(0 -3.47535e-08 0)
(0 -3.47535e-08 0)
(0 -3.47535e-08 0)
(0 -3.47535e-08 0)
(0 -3.47535e-08 0)
(0 -3.38428e-08 0)
(0 -3.476e-08 0)
(0 -3.47878e-08 0)
(0 -3.38428e-08 0)
(0 -3.476e-08 0)
(0 -3.47878e-08 0)
(0 -3.47535e-08 0)
(0 -3.47535e-08 0)
(0 -3.47535e-08 0)
(0 -3.47535e-08 0)
(0 -3.47535e-08 0)
(0 -3.47535e-08 0)
(0 -3.47535e-08 0)
(0 -3.47535e-08 0)
(0 -3.47535e-08 0)
(0 -3.47535e-08 0)
(0 -3.47535e-08 0)
(0 -3.38428e-08 0)
(0 -3.38492e-08 0)
(0 -3.38836e-08 0)
(0 -3.47943e-08 0)
(0 -3.47878e-08 0)
(0 -3.38428e-08 0)
(0 -3.476e-08 0)
(0 -3.47878e-08 0)
(0 -3.38428e-08 0)
(0 -3.476e-08 0)
(0 -3.47878e-08 0)
(0 -3.47535e-08 0)
(0 -3.28862e-08 0)
(0 -3.47744e-08 0)
(0 -3.48604e-08 0)
(0 -3.18919e-08 0)
(0 -2.631e-08 0)
(0 -7.24975e-09 0)
(0 -3.47878e-08 0)
(0 -3.47535e-08 0)
(0 -3.47535e-08 0)
(0 -3.47535e-08 0)
(0 -3.47535e-08 0)
(0 -3.38428e-08 0)
(0 -3.28926e-08 0)
(0 -3.38979e-08 0)
(0 -3.39563e-08 0)
(0 -3.47943e-08 0)
(0 -3.47878e-08 0)
(0 -3.47535e-08 0)
(0 -3.47535e-08 0)
(0 -3.47535e-08 0)
(0 -3.38428e-08 0)
(0 -3.38492e-08 0)
(0 -3.47943e-08 0)
(0 -3.47878e-08 0)
(0 -3.47535e-08 0)
(0 -3.38428e-08 0)
(0 -3.476e-08 0)
(0 -3.47878e-08 0)
(0 -3.47535e-08 0)
(0 -3.47535e-08 0)
(0 -3.47535e-08 0)
(0 -3.38428e-08 0)
(0 -3.476e-08 0)
(0 -3.47878e-08 0)
(0 -3.47535e-08 0)
(0 -3.47535e-08 0)
(0 -3.47535e-08 0)
(0 -3.38428e-08 0)
(0 -3.476e-08 0)
(0 -3.47878e-08 0)
(0 -3.47535e-08 0)
(0 -3.47535e-08 0)
(0 -3.47535e-08 0)
(0 -3.47535e-08 0)
(0 -3.47535e-08 0)
(0 -3.47535e-08 0)
(0 -3.38428e-08 0)
(0 -3.476e-08 0)
(0 -3.38771e-08 0)
(0 -3.476e-08 0)
(0 -3.47878e-08 0)
(0 -3.47535e-08 0)
(0 -3.38428e-08 0)
(0 -3.38492e-08 0)
(0 -3.38836e-08 0)
(0 -3.38836e-08 0)
(0 -3.47943e-08 0)
(0 -3.47878e-08 0)
(0 -3.47535e-08 0)
(0 -3.28862e-08 0)
(0 -3.47744e-08 0)
(0 -3.48604e-08 0)
(0 -3.38428e-08 0)
(0 -3.476e-08 0)
(0 -3.38771e-08 0)
(0 -3.476e-08 0)
(0 -3.47878e-08 0)
(0 -3.47535e-08 0)
(0 -3.47535e-08 0)
(0 -3.38428e-08 0)
(0 -3.38492e-08 0)
(0 -3.38836e-08 0)
(0 -3.47943e-08 0)
(0 -3.47878e-08 0)
(0 -3.47535e-08 0)
(0 -3.47535e-08 0)
(0 -3.47535e-08 0)
(0 -3.38428e-08 0)
(0 -3.476e-08 0)
(0 -2.63123e-08 0)
(0 -7.02241e-09 0)
(0 -3.47535e-08 0)
(0 -3.47535e-08 0)
(0 -3.47535e-08 0)
(0 -3.38428e-08 0)
(0 -3.476e-08 0)
(0 -3.47878e-08 0)
(0 -3.38428e-08 0)
(0 -3.476e-08 0)
(0 -3.38771e-08 0)
(0 -3.476e-08 0)
(0 -3.47878e-08 0)
(0 -3.38428e-08 0)
(0 -3.476e-08 0)
(0 -3.38771e-08 0)
(0 -3.476e-08 0)
(0 -3.47878e-08 0)
(0 -3.38428e-08 0)
(0 -3.476e-08 0)
(0 -3.47878e-08 0)
(0 -3.47535e-08 0)
(0 -3.47535e-08 0)
(0 -3.47535e-08 0)
(0 -3.47535e-08 0)
(0 -3.47535e-08 0)
(0 -3.47535e-08 0)
(0 -3.47535e-08 0)
(0 -3.38428e-08 0)
(0 -3.476e-08 0)
(0 -3.29206e-08 0)
(0 -3.38636e-08 0)
(0 -3.48669e-08 0)
(0 -3.47878e-08 0)
(0 -3.28862e-08 0)
(0 -3.47744e-08 0)
(0 -3.48604e-08 0)
(0 -3.47535e-08 0)
(0 -3.47535e-08 0)
(0 -3.38428e-08 0)
(0 -3.38492e-08 0)
(0 -3.47943e-08 0)
(0 -3.47878e-08 0)
(0 -3.47535e-08 0)
(0 -3.38428e-08 0)
(0 -3.476e-08 0)
(0 -3.47878e-08 0)
(0 -3.47535e-08 0)
(0 -3.47535e-08 0)
(0 -3.47535e-08 0)
(0 -3.47535e-08 0)
(0 -3.38428e-08 0)
(0 -3.476e-08 0)
(0 -3.47878e-08 0)
(0 -3.47535e-08 0)
(0 -3.47535e-08 0)
(0 -3.38428e-08 0)
(0 -3.476e-08 0)
(0 -3.47878e-08 0)
(0 -3.38428e-08 0)
(0 -3.38492e-08 0)
(0 -3.47943e-08 0)
(0 -3.47878e-08 0)
(0 -3.47535e-08 0)
(0 -3.47535e-08 0)
(0 -3.47535e-08 0)
(0 -3.47535e-08 0)
(0 -3.47535e-08 0)
(0 -3.38428e-08 0)
(0 -3.38492e-08 0)
(0 -3.47943e-08 0)
(0 -3.47878e-08 0)
(0 -3.47535e-08 0)
(0 -3.47535e-08 0)
(0 -3.47535e-08 0)
(0 -2.62773e-08 0)
(0 -7.02241e-09 0)
(0 -3.47535e-08 0)
(0 -3.47535e-08 0)
(0 -3.47535e-08 0)
(0 -3.47535e-08 0)
(0 -3.47535e-08 0)
(0 -3.38428e-08 0)
(0 -3.476e-08 0)
(0 -3.47878e-08 0)
(0 -3.47535e-08 0)
(0 -3.38428e-08 0)
(0 -3.476e-08 0)
(0 -3.47878e-08 0)
(0 -3.28862e-08 0)
(0 -3.38636e-08 0)
(0 -3.48669e-08 0)
(0 -3.47878e-08 0)
(0 -3.47535e-08 0)
(0 -3.47535e-08 0)
(0 -3.47535e-08 0)
(0 -3.38428e-08 0)
(0 -3.476e-08 0)
(0 -3.47878e-08 0)
(0 -3.47535e-08 0)
(0 -3.38428e-08 0)
(0 -3.476e-08 0)
(0 -3.47878e-08 0)
(0 -3.47535e-08 0)
(0 -3.47535e-08 0)
(0 -3.47535e-08 0)
(0 -3.47535e-08 0)
(0 -3.47535e-08 0)
(0 -3.47535e-08 0)
(0 -3.47535e-08 0)
(0 -3.47535e-08 0)
(0 -3.47535e-08 0)
(0 -3.38428e-08 0)
(0 -3.476e-08 0)
(0 -3.47878e-08 0)
(0 -3.47535e-08 0)
(0 -3.28862e-08 0)
(0 -3.38636e-08 0)
(0 -3.48669e-08 0)
(0 -3.29206e-08 0)
(0 -3.47744e-08 0)
(0 -3.48604e-08 0)
(0 -3.47535e-08 0)
(0 -3.47535e-08 0)
(0 -3.47535e-08 0)
(0 -3.38428e-08 0)
(0 -3.476e-08 0)
(0 -3.47878e-08 0)
(0 -3.47535e-08 0)
(0 -3.47535e-08 0)
(0 -3.47535e-08 0)
(0 -3.47535e-08 0)
(0 -3.47535e-08 0)
(0 -3.47535e-08 0)
(0 -3.47535e-08 0)
(0 -3.47535e-08 0)
(0 -3.28862e-08 0)
(0 -3.47744e-08 0)
(0 -3.39498e-08 0)
(0 -3.476e-08 0)
(0 -3.47878e-08 0)
(0 -3.47535e-08 0)
(0 -3.47535e-08 0)
(0 -3.47535e-08 0)
(0 -3.38428e-08 0)
(0 -3.476e-08 0)
(0 -3.47878e-08 0)
(0 -3.47535e-08 0)
(0 -3.47535e-08 0)
(0 -3.38428e-08 0)
(0 -2.62822e-08 0)
(0 -7.05947e-09 0)
(0 -3.47878e-08 0)
(0 -3.47535e-08 0)
(0 -3.47535e-08 0)
(0 -3.47535e-08 0)
(0 -3.38428e-08 0)
(0 -3.476e-08 0)
(0 -3.47878e-08 0)
(0 -3.47535e-08 0)
(0 -3.47535e-08 0)
(0 -3.38428e-08 0)
(0 -3.476e-08 0)
(0 -3.47878e-08 0)
(0 -3.47535e-08 0)
(0 -3.28862e-08 0)
(0 -3.38636e-08 0)
(0 -3.48669e-08 0)
(0 -3.38771e-08 0)
(0 -3.38492e-08 0)
(0 -3.47943e-08 0)
(0 -3.38771e-08 0)
(0 -3.38492e-08 0)
(0 -3.47943e-08 0)
(0 -3.38771e-08 0)
(0 -3.476e-08 0)
(0 -3.47878e-08 0)
(0 -3.47535e-08 0)
(0 -3.47535e-08 0)
(0 -3.38428e-08 0)
(0 -3.38492e-08 0)
(0 -3.47943e-08 0)
(0 -3.29206e-08 0)
(0 -3.47744e-08 0)
(0 -3.48604e-08 0)
(0 -3.47535e-08 0)
(0 -3.47535e-08 0)
(0 -3.47535e-08 0)
(0 -3.38428e-08 0)
(0 -3.38492e-08 0)
(0 -3.38836e-08 0)
(0 -3.47943e-08 0)
(0 -3.38771e-08 0)
(0 -3.476e-08 0)
(0 -3.29206e-08 0)
(0 -3.47744e-08 0)
(0 -3.48604e-08 0)
(0 -3.38428e-08 0)
(0 -3.476e-08 0)
(0 -3.47878e-08 0)
(0 -3.47535e-08 0)
(0 -3.47535e-08 0)
(0 -3.47535e-08 0)
(0 -3.47535e-08 0)
(0 -3.47535e-08 0)
(0 -3.47535e-08 0)
(0 -3.47535e-08 0)
(0 -3.38428e-08 0)
(0 -3.476e-08 0)
(0 -3.38771e-08 0)
(0 -3.28926e-08 0)
(0 -3.48087e-08 0)
(0 -3.48604e-08 0)
(0 -3.47535e-08 0)
(0 -3.47535e-08 0)
(0 -3.47535e-08 0)
(0 -3.47535e-08 0)
(0 -3.47535e-08 0)
(0 -3.47535e-08 0)
(0 -3.47535e-08 0)
(0 -3.47535e-08 0)
(0 -3.47535e-08 0)
(0 -3.28862e-08 0)
(0 -3.38636e-08 0)
(0 -3.48669e-08 0)
(0 -2.63123e-08 0)
(0 -7.02241e-09 0)
(0 -3.48604e-08 0)
(0 -3.47535e-08 0)
(0 -3.47535e-08 0)
(0 -3.47535e-08 0)
(0 -3.47535e-08 0)
(0 -3.47535e-08 0)
(0 -3.28862e-08 0)
(0 -3.47744e-08 0)
(0 -3.48604e-08 0)
(0 -3.47535e-08 0)
(0 -3.47535e-08 0)
(0 -3.47535e-08 0)
(0 -3.47535e-08 0)
(0 -3.47535e-08 0)
(0 -3.47535e-08 0)
(0 -3.47535e-08 0)
(0 -3.47535e-08 0)
(0 -3.47535e-08 0)
(0 -3.47535e-08 0)
(0 -3.47535e-08 0)
(0 -3.47535e-08 0)
(0 -3.47535e-08 0)
(0 -3.38428e-08 0)
(0 -3.476e-08 0)
(0 -3.38771e-08 0)
(0 -3.476e-08 0)
(0 -3.47878e-08 0)
(0 -3.47535e-08 0)
(0 -3.47535e-08 0)
(0 -3.47535e-08 0)
(0 -3.47535e-08 0)
(0 -3.47535e-08 0)
(0 -3.47535e-08 0)
(0 -3.47535e-08 0)
(0 -3.47535e-08 0)
(0 -3.47535e-08 0)
(0 -3.47535e-08 0)
(0 -3.38428e-08 0)
(0 -3.476e-08 0)
(0 -3.29206e-08 0)
(0 -3.47744e-08 0)
(0 -3.39498e-08 0)
(0 -3.476e-08 0)
(0 -3.38771e-08 0)
(0 -3.476e-08 0)
(0 -3.47878e-08 0)
(0 -3.38428e-08 0)
(0 -3.476e-08 0)
(0 -3.38771e-08 0)
(0 -3.28926e-08 0)
(0 -3.48087e-08 0)
(0 -3.48604e-08 0)
(0 -3.47535e-08 0)
(0 -3.47535e-08 0)
(0 -3.47535e-08 0)
(0 -3.47535e-08 0)
(0 -3.47535e-08 0)
(0 -3.47535e-08 0)
(0 -3.28862e-08 0)
(0 -3.38636e-08 0)
(0 -3.39563e-08 0)
(0 -3.47943e-08 0)
(0 -3.47878e-08 0)
(0 -3.47535e-08 0)
(0 -3.47535e-08 0)
(0 -3.47535e-08 0)
(0 -3.47535e-08 0)
(0 -3.38428e-08 0)
(0 -3.476e-08 0)
(0 -3.47878e-08 0)
(0 -3.47535e-08 0)
(0 -3.47535e-08 0)
(0 -3.38428e-08 0)
(0 -2.62822e-08 0)
(0 -7.05947e-09 0)
(0 -3.476e-08 0)
(0 -3.47878e-08 0)
(0 -3.47535e-08 0)
(0 -3.47535e-08 0)
(0 -3.47535e-08 0)
(0 -3.28862e-08 0)
(0 -3.47744e-08 0)
(0 -3.48604e-08 0)
(0 -3.47535e-08 0)
(0 -3.47535e-08 0)
(0 -3.47535e-08 0)
(0 -3.47535e-08 0)
(0 -3.47535e-08 0)
(0 -3.47535e-08 0)
(0 -3.47535e-08 0)
(0 -3.47535e-08 0)
(0 -3.47535e-08 0)
(0 -3.47535e-08 0)
(0 -3.47535e-08 0)
(0 -3.47535e-08 0)
(0 -3.47535e-08 0)
(0 -3.47535e-08 0)
(0 -3.47535e-08 0)
(0 -3.28862e-08 0)
(0 -3.47744e-08 0)
(0 -3.48604e-08 0)
(0 -3.47535e-08 0)
(0 -3.47535e-08 0)
(0 -3.47535e-08 0)
(0 -3.47535e-08 0)
(0 -3.47535e-08 0)
(0 -3.38428e-08 0)
(0 -3.476e-08 0)
(0 -3.47878e-08 0)
(0 -3.47535e-08 0)
(0 -3.47535e-08 0)
(0 -3.47535e-08 0)
(0 -3.47535e-08 0)
(0 -3.38428e-08 0)
(0 -3.476e-08 0)
(0 -3.38771e-08 0)
(0 -3.476e-08 0)
(0 -3.38771e-08 0)
(0 -3.38492e-08 0)
(0 -3.47943e-08 0)
(0 -3.38771e-08 0)
(0 -3.476e-08 0)
(0 -3.19264e-08 0)
(0 -3.2928e-08 0)
(0 -3.49849e-08 0)
(0 -3.39498e-08 0)
(0 -3.38492e-08 0)
(0 -3.38836e-08 0)
(0 -3.38836e-08 0)
(0 -3.47943e-08 0)
(0 -3.38771e-08 0)
(0 -3.476e-08 0)
(0 -3.38771e-08 0)
(0 -3.476e-08 0)
(0 -3.47878e-08 0)
(0 -3.47535e-08 0)
(0 -3.47535e-08 0)
(0 -3.47535e-08 0)
(0 -3.47535e-08 0)
(0 -3.47535e-08 0)
(0 -3.38428e-08 0)
(0 -3.38492e-08 0)
(0 -3.38836e-08 0)
(0 -3.47943e-08 0)
(0 -3.47878e-08 0)
(0 -3.38428e-08 0)
(0 -3.38492e-08 0)
(0 -3.47943e-08 0)
(0 -2.63123e-08 0)
(0 -7.02241e-09 0)
(0 -3.38428e-08 0)
(0 -3.476e-08 0)
(0 -3.38771e-08 0)
(0 -3.476e-08 0)
(0 -3.47878e-08 0)
(0 -3.47535e-08 0)
(0 -3.28862e-08 0)
(0 -3.29069e-08 0)
(0 -3.39706e-08 0)
(0 -3.48669e-08 0)
(0 -3.47878e-08 0)
(0 -3.47535e-08 0)
(0 -3.38428e-08 0)
(0 -3.476e-08 0)
(0 -3.47878e-08 0)
(0 -3.47535e-08 0)
(0 -3.47535e-08 0)
(0 -3.47535e-08 0)
(0 -3.47535e-08 0)
(0 -3.47535e-08 0)
(0 -3.47535e-08 0)
(0 -3.38428e-08 0)
(0 -3.476e-08 0)
(0 -3.47878e-08 0)
(0 -3.38428e-08 0)
(0 -3.38492e-08 0)
(0 -3.47943e-08 0)
(0 -3.29206e-08 0)
(0 -3.47744e-08 0)
(0 -3.48604e-08 0)
(0 -3.47535e-08 0)
(0 -3.47535e-08 0)
(0 -3.47535e-08 0)
(0 -3.47535e-08 0)
(0 -3.38428e-08 0)
(0 -3.476e-08 0)
(0 -3.47878e-08 0)
(0 -3.38428e-08 0)
(0 -3.476e-08 0)
(0 -3.38771e-08 0)
(0 -3.28926e-08 0)
(0 -3.09234e-08 0)
(0 -3.493e-08 0)
(0 -3.50911e-08 0)
(0 -3.38428e-08 0)
(0 -3.476e-08 0)
(0 -3.38771e-08 0)
(0 -3.476e-08 0)
(0 -3.47878e-08 0)
(0 -3.47535e-08 0)
(0 -3.47535e-08 0)
(0 -3.47535e-08 0)
(0 -3.47535e-08 0)
(0 -3.38428e-08 0)
(0 -3.476e-08 0)
(0 -3.38771e-08 0)
(0 -3.476e-08 0)
(0 -3.47878e-08 0)
(0 -3.47535e-08 0)
(0 -3.28862e-08 0)
(0 -3.47744e-08 0)
(0 -3.48604e-08 0)
(0 -3.47535e-08 0)
(0 -3.47535e-08 0)
(0 -3.28862e-08 0)
(0 -3.47744e-08 0)
(0 -3.48604e-08 0)
(0 -3.47535e-08 0)
(0 -3.47535e-08 0)
(0 -3.47535e-08 0)
(0 -3.47535e-08 0)
(0 -3.47535e-08 0)
(0 -3.47535e-08 0)
(0 -2.62773e-08 0)
(0 -7.02241e-09 0)
(0 -3.47535e-08 0)
(0 -3.47535e-08 0)
(0 -3.47535e-08 0)
(0 -3.47535e-08 0)
(0 -3.47535e-08 0)
(0 -3.47535e-08 0)
(0 -3.38428e-08 0)
(0 -3.476e-08 0)
(0 -3.47878e-08 0)
(0 -3.47535e-08 0)
(0 -3.47535e-08 0)
(0 -3.47535e-08 0)
(0 -3.47535e-08 0)
(0 -3.47535e-08 0)
(0 -3.28862e-08 0)
(0 -3.47744e-08 0)
(0 -3.48604e-08 0)
(0 -3.38428e-08 0)
(0 -3.38492e-08 0)
(0 -3.47943e-08 0)
(0 -3.47878e-08 0)
(0 -3.47535e-08 0)
(0 -3.47535e-08 0)
(0 -3.38428e-08 0)
(0 -3.476e-08 0)
(0 -3.47878e-08 0)
(0 -3.47535e-08 0)
(0 -3.38428e-08 0)
(0 -3.476e-08 0)
(0 -3.47878e-08 0)
(0 -3.47535e-08 0)
(0 -3.38428e-08 0)
(0 -3.476e-08 0)
(0 -3.47878e-08 0)
(0 -3.47535e-08 0)
(0 -3.47535e-08 0)
(0 -3.47535e-08 0)
(0 -3.38428e-08 0)
(0 -3.476e-08 0)
(0 -3.38771e-08 0)
(0 -3.476e-08 0)
(0 -3.47878e-08 0)
(0 -3.47535e-08 0)
(0 -3.47535e-08 0)
(0 -3.47535e-08 0)
(0 -3.47535e-08 0)
(0 -3.28862e-08 0)
(0 -3.47744e-08 0)
(0 -3.48604e-08 0)
(0 -3.47535e-08 0)
(0 -3.47535e-08 0)
(0 -3.47535e-08 0)
(0 -3.47535e-08 0)
(0 -3.47535e-08 0)
(0 -3.47535e-08 0)
(0 -3.47535e-08 0)
(0 -3.38428e-08 0)
(0 -3.476e-08 0)
(0 -3.38771e-08 0)
(0 -3.476e-08 0)
(0 -3.47878e-08 0)
(0 -3.47535e-08 0)
(0 -3.47535e-08 0)
(0 -3.47535e-08 0)
(0 -3.47535e-08 0)
(0 -3.47535e-08 0)
(0 -3.38428e-08 0)
(0 -3.38492e-08 0)
(0 -3.47943e-08 0)
(0 -3.47878e-08 0)
(0 -3.47535e-08 0)
(0 -3.47535e-08 0)
(0 -3.47535e-08 0)
(0 -2.62773e-08 0)
(0 -7.02241e-09 0)
(0 -3.47878e-08 0)
(0 -3.47535e-08 0)
(0 -3.47535e-08 0)
(0 -3.38428e-08 0)
(0 -3.38492e-08 0)
(0 -3.47943e-08 0)
(0 -3.38771e-08 0)
(0 -3.476e-08 0)
(0 -3.47878e-08 0)
(0 -3.28862e-08 0)
(0 -3.47744e-08 0)
(0 -3.48604e-08 0)
(0 -3.47535e-08 0)
(0 -3.47535e-08 0)
(0 -3.38428e-08 0)
(0 -3.476e-08 0)
(0 -3.47878e-08 0)
(0 -3.47535e-08 0)
(0 -3.38428e-08 0)
(0 -3.38492e-08 0)
(0 -3.38836e-08 0)
(0 -3.47943e-08 0)
(0 -3.47878e-08 0)
(0 -3.47535e-08 0)
(0 -3.38428e-08 0)
(0 -3.38492e-08 0)
(0 -3.29271e-08 0)
(0 -3.29413e-08 0)
(0 -3.48813e-08 0)
(0 -3.48604e-08 0)
(0 -3.28862e-08 0)
(0 -3.47744e-08 0)
(0 -3.48604e-08 0)
(0 -3.38428e-08 0)
(0 -3.18983e-08 0)
(0 -3.39192e-08 0)
(0 -3.49705e-08 0)
(0 -3.38771e-08 0)
(0 -3.38492e-08 0)
(0 -3.47943e-08 0)
(0 -3.47878e-08 0)
(0 -3.47535e-08 0)
(0 -3.47535e-08 0)
(0 -3.47535e-08 0)
(0 -3.47535e-08 0)
(0 -3.28862e-08 0)
(0 -3.38636e-08 0)
(0 -3.39563e-08 0)
(0 -3.29271e-08 0)
(0 -3.48087e-08 0)
(0 -3.48604e-08 0)
(0 -3.47535e-08 0)
(0 -3.47535e-08 0)
(0 -3.47535e-08 0)
(0 -3.38428e-08 0)
(0 -3.38492e-08 0)
(0 -3.47943e-08 0)
(0 -3.38771e-08 0)
(0 -3.38492e-08 0)
(0 -3.38836e-08 0)
(0 -3.47943e-08 0)
(0 -3.47878e-08 0)
(0 -3.38428e-08 0)
(0 -3.476e-08 0)
(0 -3.47878e-08 0)
(0 -3.47535e-08 0)
(0 -3.47535e-08 0)
(0 -3.47535e-08 0)
(0 -3.47535e-08 0)
(0 -3.47535e-08 0)
(0 -3.38428e-08 0)
(0 -3.38492e-08 0)
(0 -3.29271e-08 0)
(0 -2.63283e-08 0)
(0 -7.13787e-09 0)
(0 -3.28862e-08 0)
(0 -3.47744e-08 0)
(0 -3.48604e-08 0)
(0 -3.38428e-08 0)
(0 -3.28926e-08 0)
(0 -3.48087e-08 0)
(0 -3.48604e-08 0)
(0 -3.47535e-08 0)
(0 -3.47535e-08 0)
(0 -3.47535e-08 0)
(0 -3.47535e-08 0)
(0 -3.47535e-08 0)
(0 -3.47535e-08 0)
(0 -3.47535e-08 0)
(0 -3.38428e-08 0)
(0 -3.38492e-08 0)
(0 -3.47943e-08 0)
(0 -3.47878e-08 0)
(0 -3.38428e-08 0)
(0 -3.476e-08 0)
(0 -3.47878e-08 0)
(0 -3.47535e-08 0)
(0 -3.38428e-08 0)
(0 -3.476e-08 0)
(0 -3.47878e-08 0)
(0 -3.47535e-08 0)
(0 -3.47535e-08 0)
(0 -3.47535e-08 0)
(0 -3.47535e-08 0)
(0 -3.38428e-08 0)
(0 -3.476e-08 0)
(0 -3.38771e-08 0)
(0 -3.476e-08 0)
(0 -3.47878e-08 0)
(0 -3.28862e-08 0)
(0 -3.47744e-08 0)
(0 -3.48604e-08 0)
(0 -3.47535e-08 0)
(0 -3.47535e-08 0)
(0 -3.38428e-08 0)
(0 -3.18983e-08 0)
(0 -3.29624e-08 0)
(0 -3.40743e-08 0)
(0 -3.48669e-08 0)
(0 -3.38771e-08 0)
(0 -3.476e-08 0)
(0 -3.47878e-08 0)
(0 -3.47535e-08 0)
(0 -3.38428e-08 0)
(0 -3.476e-08 0)
(0 -3.29206e-08 0)
(0 -3.47744e-08 0)
(0 -3.48604e-08 0)
(0 -3.38428e-08 0)
(0 -3.38492e-08 0)
(0 -3.47943e-08 0)
(0 -3.47878e-08 0)
(0 -3.47535e-08 0)
(0 -3.47535e-08 0)
(0 -3.47535e-08 0)
(0 -3.47535e-08 0)
(0 -3.47535e-08 0)
(0 -3.47535e-08 0)
(0 -3.47535e-08 0)
(0 -3.47535e-08 0)
(0 -3.47535e-08 0)
(0 -3.47535e-08 0)
(0 -3.47535e-08 0)
(0 -3.18919e-08 0)
(0 -3.2928e-08 0)
(0 -3.49849e-08 0)
(0 -3.48604e-08 0)
(0 -3.38428e-08 0)
(0 -2.62822e-08 0)
(0 -7.05947e-09 0)
(0 -3.47878e-08 0)
(0 -3.38428e-08 0)
(0 -3.38492e-08 0)
(0 -3.47943e-08 0)
(0 -3.38771e-08 0)
(0 -3.476e-08 0)
(0 -3.47878e-08 0)
(0 -3.47535e-08 0)
(0 -3.47535e-08 0)
(0 -3.47535e-08 0)
(0 -3.38428e-08 0)
(0 -3.38492e-08 0)
(0 -3.47943e-08 0)
(0 -3.38771e-08 0)
(0 -3.476e-08 0)
(0 -3.47878e-08 0)
(0 -3.47535e-08 0)
(0 -3.47535e-08 0)
(0 -3.38428e-08 0)
(0 -3.476e-08 0)
(0 -3.47878e-08 0)
(0 -3.47535e-08 0)
(0 -3.47535e-08 0)
(0 -3.47535e-08 0)
(0 -3.38428e-08 0)
(0 -3.476e-08 0)
(0 -3.47878e-08 0)
(0 -3.47535e-08 0)
(0 -3.38428e-08 0)
(0 -3.38492e-08 0)
(0 -3.47943e-08 0)
(0 -3.19264e-08 0)
(0 -3.38848e-08 0)
(0 -3.49705e-08 0)
(0 -3.47878e-08 0)
(0 -3.47535e-08 0)
(0 -3.47535e-08 0)
(0 -3.47535e-08 0)
(0 -3.47535e-08 0)
(0 -3.47535e-08 0)
(0 -3.38428e-08 0)
(0 -3.476e-08 0)
(0 -3.29206e-08 0)
(0 -3.38636e-08 0)
(0 -3.48669e-08 0)
(0 -3.38771e-08 0)
(0 -3.38492e-08 0)
(0 -3.47943e-08 0)
(0 -3.47878e-08 0)
(0 -3.47535e-08 0)
(0 -3.47535e-08 0)
(0 -3.47535e-08 0)
(0 -3.47535e-08 0)
(0 -3.47535e-08 0)
(0 -3.47535e-08 0)
(0 -3.47535e-08 0)
(0 -3.18919e-08 0)
(0 -3.47958e-08 0)
(0 -3.40535e-08 0)
(0 -3.476e-08 0)
(0 -3.47878e-08 0)
(0 -3.47535e-08 0)
(0 -3.47535e-08 0)
(0 -3.47535e-08 0)
(0 -3.47535e-08 0)
(0 -3.47535e-08 0)
(0 -3.47535e-08 0)
(0 -3.47535e-08 0)
(0 -3.47535e-08 0)
(0 -3.47535e-08 0)
(0 -3.38428e-08 0)
(0 -3.38492e-08 0)
(0 -3.47943e-08 0)
(0 -2.63123e-08 0)
(0 -7.02241e-09 0)
(0 -3.40535e-08 0)
(0 -3.476e-08 0)
(0 -3.47878e-08 0)
(0 -3.47535e-08 0)
(0 -3.47535e-08 0)
(0 -3.47535e-08 0)
(0 -3.47535e-08 0)
(0 -3.47535e-08 0)
(0 -3.47535e-08 0)
(0 -3.47535e-08 0)
(0 -3.47535e-08 0)
(0 -3.38428e-08 0)
(0 -3.476e-08 0)
(0 -3.29206e-08 0)
(0 -3.47744e-08 0)
(0 -3.48604e-08 0)
(0 -3.38428e-08 0)
(0 -3.476e-08 0)
(0 -3.38771e-08 0)
(0 -3.476e-08 0)
(0 -3.47878e-08 0)
(0 -3.47535e-08 0)
(0 -3.47535e-08 0)
(0 -3.38428e-08 0)
(0 -3.476e-08 0)
(0 -3.47878e-08 0)
(0 -3.47535e-08 0)
(0 -3.47535e-08 0)
(0 -3.47535e-08 0)
(0 -3.47535e-08 0)
(0 -3.47535e-08 0)
(0 -3.28862e-08 0)
(0 -3.47744e-08 0)
(0 -3.48604e-08 0)
(0 -3.47535e-08 0)
(0 -3.28862e-08 0)
(0 -3.47744e-08 0)
(0 -3.48604e-08 0)
(0 -3.47535e-08 0)
(0 -3.47535e-08 0)
(0 -3.47535e-08 0)
(0 -3.38428e-08 0)
(0 -3.476e-08 0)
(0 -3.47878e-08 0)
(0 -3.38428e-08 0)
(0 -3.476e-08 0)
(0 -3.47878e-08 0)
(0 -3.47535e-08 0)
(0 -3.47535e-08 0)
(0 -3.47535e-08 0)
(0 -3.47535e-08 0)
(0 -3.47535e-08 0)
(0 -3.47535e-08 0)
(0 -3.47535e-08 0)
(0 -3.47535e-08 0)
(0 -3.47535e-08 0)
(0 -3.38428e-08 0)
(0 -3.476e-08 0)
(0 -3.47878e-08 0)
(0 -3.47535e-08 0)
(0 -3.47535e-08 0)
(0 -3.47535e-08 0)
(0 -3.47535e-08 0)
(0 -3.47535e-08 0)
(0 -3.47535e-08 0)
(0 -3.47535e-08 0)
(0 -3.47535e-08 0)
(0 -3.47535e-08 0)
(0 -3.47535e-08 0)
(0 -3.38428e-08 0)
(0 -3.476e-08 0)
(0 -3.47878e-08 0)
(0 -3.47535e-08 0)
(0 -2.62773e-08 0)
(0 -7.02241e-09 0)
(0 -3.28862e-08 0)
(0 -3.47744e-08 0)
(0 -3.48604e-08 0)
(0 -3.47535e-08 0)
(0 -3.38428e-08 0)
(0 -3.476e-08 0)
(0 -3.47878e-08 0)
(0 -3.47535e-08 0)
(0 -3.28862e-08 0)
(0 -3.47744e-08 0)
(0 -3.39498e-08 0)
(0 -3.28926e-08 0)
(0 -3.48087e-08 0)
(0 -3.48604e-08 0)
(0 -3.47535e-08 0)
(0 -3.47535e-08 0)
(0 -3.47535e-08 0)
(0 -3.38428e-08 0)
(0 -3.476e-08 0)
(0 -3.47878e-08 0)
(0 -3.47535e-08 0)
(0 -3.38428e-08 0)
(0 -3.38492e-08 0)
(0 -3.38836e-08 0)
(0 -3.47943e-08 0)
(0 -3.47878e-08 0)
(0 -3.47535e-08 0)
(0 -3.47535e-08 0)
(0 -3.47535e-08 0)
(0 -3.47535e-08 0)
(0 -3.38428e-08 0)
(0 -3.476e-08 0)
(0 -3.47878e-08 0)
(0 -3.47535e-08 0)
(0 -3.38428e-08 0)
(0 -3.476e-08 0)
(0 -3.38771e-08 0)
(0 -3.476e-08 0)
(0 -3.38771e-08 0)
(0 -3.38492e-08 0)
(0 -3.38836e-08 0)
(0 -3.47943e-08 0)
(0 -3.47878e-08 0)
(0 -3.38428e-08 0)
(0 -3.476e-08 0)
(0 -3.47878e-08 0)
(0 -3.38428e-08 0)
(0 -3.38492e-08 0)
(0 -3.47943e-08 0)
(0 -3.47878e-08 0)
(0 -3.28862e-08 0)
(0 -3.47744e-08 0)
(0 -3.48604e-08 0)
(0 -3.47535e-08 0)
(0 -3.47535e-08 0)
(0 -3.47535e-08 0)
(0 -3.47535e-08 0)
(0 -3.47535e-08 0)
(0 -3.47535e-08 0)
(0 -3.28862e-08 0)
(0 -3.47744e-08 0)
(0 -3.48604e-08 0)
(0 -3.47535e-08 0)
(0 -3.28862e-08 0)
(0 -3.47744e-08 0)
(0 -3.48604e-08 0)
(0 -3.47535e-08 0)
(0 -3.47535e-08 0)
(0 -3.47535e-08 0)
(0 -3.47535e-08 0)
(0 -3.47535e-08 0)
(0 -3.47535e-08 0)
(0 -3.28862e-08 0)
(0 -2.62933e-08 0)
(0 -7.13787e-09 0)
(0 -3.28862e-08 0)
(0 -3.47744e-08 0)
(0 -3.48604e-08 0)
(0 -3.47535e-08 0)
(0 -3.47535e-08 0)
(0 -3.47535e-08 0)
(0 -3.47535e-08 0)
(0 -3.28862e-08 0)
(0 -3.47744e-08 0)
(0 -3.48604e-08 0)
(0 -3.47535e-08 0)
(0 -3.28862e-08 0)
(0 -3.47744e-08 0)
(0 -3.39498e-08 0)
(0 -3.476e-08 0)
(0 -3.29206e-08 0)
(0 -3.47744e-08 0)
(0 -3.48604e-08 0)
(0 -3.47535e-08 0)
(0 -3.47535e-08 0)
(0 -3.47535e-08 0)
(0 -3.38428e-08 0)
(0 -3.476e-08 0)
(0 -3.47878e-08 0)
(0 -3.47535e-08 0)
(0 -3.38428e-08 0)
(0 -3.476e-08 0)
(0 -3.47878e-08 0)
(0 -3.47535e-08 0)
(0 -3.47535e-08 0)
(0 -3.47535e-08 0)
(0 -3.47535e-08 0)
(0 -3.47535e-08 0)
(0 -3.47535e-08 0)
(0 -3.28862e-08 0)
(0 -3.29069e-08 0)
(0 -3.48813e-08 0)
(0 -3.48604e-08 0)
(0 -3.47535e-08 0)
(0 -3.47535e-08 0)
(0 -3.47535e-08 0)
(0 -3.47535e-08 0)
(0 -3.47535e-08 0)
(0 -3.47535e-08 0)
(0 -3.38428e-08 0)
(0 -3.28926e-08 0)
(0 -3.48087e-08 0)
(0 -3.48604e-08 0)
(0 -3.28862e-08 0)
(0 -3.47744e-08 0)
(0 -3.48604e-08 0)
(0 -3.47535e-08 0)
(0 -3.47535e-08 0)
(0 -3.47535e-08 0)
(0 -3.47535e-08 0)
(0 -3.38428e-08 0)
(0 -3.476e-08 0)
(0 -3.47878e-08 0)
(0 -3.47535e-08 0)
(0 -3.47535e-08 0)
(0 -3.28862e-08 0)
(0 -3.47744e-08 0)
(0 -3.48604e-08 0)
(0 -3.47535e-08 0)
(0 -3.47535e-08 0)
(0 -3.47535e-08 0)
(0 -3.47535e-08 0)
(0 -3.47535e-08 0)
(0 -3.47535e-08 0)
(0 -3.38428e-08 0)
(0 -3.476e-08 0)
(0 -3.47878e-08 0)
(0 -3.38428e-08 0)
(0 -2.62822e-08 0)
(0 -7.05947e-09 0)
(0 -3.47744e-08 0)
(0 -3.39498e-08 0)
(0 -3.476e-08 0)
(0 -3.29206e-08 0)
(0 -3.47744e-08 0)
(0 -3.48604e-08 0)
(0 -3.38428e-08 0)
(0 -3.476e-08 0)
(0 -3.47878e-08 0)
(0 -3.38428e-08 0)
(0 -3.476e-08 0)
(0 -3.47878e-08 0)
(0 -3.38428e-08 0)
(0 -3.476e-08 0)
(0 -3.47878e-08 0)
(0 -3.47535e-08 0)
(0 -3.47535e-08 0)
(0 -3.47535e-08 0)
(0 -3.47535e-08 0)
(0 -3.47535e-08 0)
(0 -3.28862e-08 0)
(0 -3.38636e-08 0)
(0 -3.48669e-08 0)
(0 -3.38771e-08 0)
(0 -3.28926e-08 0)
(0 -3.48087e-08 0)
(0 -3.48604e-08 0)
(0 -3.47535e-08 0)
(0 -3.47535e-08 0)
(0 -3.47535e-08 0)
(0 -3.47535e-08 0)
(0 -3.47535e-08 0)
(0 -3.47535e-08 0)
(0 -3.47535e-08 0)
(0 -3.47535e-08 0)
(0 -3.38428e-08 0)
(0 -3.476e-08 0)
(0 -3.47878e-08 0)
(0 -3.47535e-08 0)
(0 -3.28862e-08 0)
(0 -3.38636e-08 0)
(0 -3.48669e-08 0)
(0 -3.38771e-08 0)
(0 -3.476e-08 0)
(0 -3.38771e-08 0)
(0 -3.476e-08 0)
(0 -3.47878e-08 0)
(0 -3.47535e-08 0)
(0 -3.47535e-08 0)
(0 -3.47535e-08 0)
(0 -3.47535e-08 0)
(0 -3.47535e-08 0)
(0 -3.47535e-08 0)
(0 -3.47535e-08 0)
(0 -3.47535e-08 0)
(0 -3.47535e-08 0)
(0 -3.47535e-08 0)
(0 -3.18919e-08 0)
(0 -3.47958e-08 0)
(0 -3.40535e-08 0)
(0 -3.476e-08 0)
(0 -3.47878e-08 0)
(0 -3.47535e-08 0)
(0 -3.47535e-08 0)
(0 -3.47535e-08 0)
(0 -3.47535e-08 0)
(0 -3.47535e-08 0)
(0 -3.38428e-08 0)
(0 -3.476e-08 0)
(0 -3.47878e-08 0)
(0 -3.47535e-08 0)
(0 -3.47535e-08 0)
(0 -3.47535e-08 0)
(0 -2.62773e-08 0)
(0 -7.02241e-09 0)
(0 -3.47535e-08 0)
(0 -3.47535e-08 0)
(0 -3.38428e-08 0)
(0 -3.476e-08 0)
(0 -3.38771e-08 0)
(0 -3.38492e-08 0)
(0 -3.38836e-08 0)
(0 -3.47943e-08 0)
(0 -3.47878e-08 0)
(0 -3.38428e-08 0)
(0 -3.38492e-08 0)
(0 -3.38836e-08 0)
(0 -3.47943e-08 0)
(0 -3.38771e-08 0)
(0 -3.28926e-08 0)
(0 -3.38979e-08 0)
(0 -3.39563e-08 0)
(0 -3.47943e-08 0)
(0 -3.47878e-08 0)
(0 -3.47535e-08 0)
(0 -3.47535e-08 0)
(0 -3.38428e-08 0)
(0 -3.18983e-08 0)
(0 -3.48301e-08 0)
(0 -3.4964e-08 0)
(0 -3.47535e-08 0)
(0 -3.38428e-08 0)
(0 -3.476e-08 0)
(0 -3.29206e-08 0)
(0 -3.38636e-08 0)
(0 -3.48669e-08 0)
(0 -3.38771e-08 0)
(0 -3.38492e-08 0)
(0 -3.47943e-08 0)
(0 -3.47878e-08 0)
(0 -3.47535e-08 0)
(0 -3.38428e-08 0)
(0 -3.476e-08 0)
(0 -3.38771e-08 0)
(0 -3.38492e-08 0)
(0 -3.47943e-08 0)
(0 -3.47878e-08 0)
(0 -3.47535e-08 0)
(0 -3.38428e-08 0)
(0 -3.476e-08 0)
(0 -3.47878e-08 0)
(0 -3.47535e-08 0)
(0 -3.38428e-08 0)
(0 -3.476e-08 0)
(0 -3.47878e-08 0)
(0 -3.47535e-08 0)
(0 -3.47535e-08 0)
(0 -3.38428e-08 0)
(0 -3.476e-08 0)
(0 -3.29206e-08 0)
(0 -3.47744e-08 0)
(0 -3.39498e-08 0)
(0 -3.38492e-08 0)
(0 -3.47943e-08 0)
(0 -3.47878e-08 0)
(0 -3.47535e-08 0)
(0 -3.38428e-08 0)
(0 -3.476e-08 0)
(0 -3.47878e-08 0)
(0 -3.47535e-08 0)
(0 -3.47535e-08 0)
(0 -3.47535e-08 0)
(0 -3.47535e-08 0)
(0 -3.47535e-08 0)
(0 -3.47535e-08 0)
(0 -3.38428e-08 0)
(0 -3.38492e-08 0)
(0 -3.47943e-08 0)
(0 -2.63123e-08 0)
(0 -7.02241e-09 0)
(0 -3.48087e-08 0)
(0 -3.48604e-08 0)
(0 -3.47535e-08 0)
(0 -3.47535e-08 0)
(0 -3.47535e-08 0)
(0 -3.38428e-08 0)
(0 -3.38492e-08 0)
(0 -3.47943e-08 0)
(0 -3.47878e-08 0)
(0 -3.47535e-08 0)
(0 -3.47535e-08 0)
(0 -3.47535e-08 0)
(0 -3.47535e-08 0)
(0 -3.38428e-08 0)
(0 -3.476e-08 0)
(0 -3.47878e-08 0)
(0 -3.47535e-08 0)
(0 -3.47535e-08 0)
(0 -3.47535e-08 0)
(0 -3.47535e-08 0)
(0 -3.47535e-08 0)
(0 -3.47535e-08 0)
(0 -3.47535e-08 0)
(0 -3.47535e-08 0)
(0 -3.28862e-08 0)
(0 -3.47744e-08 0)
(0 -3.48604e-08 0)
(0 -3.47535e-08 0)
(0 -3.47535e-08 0)
(0 -3.47535e-08 0)
(0 -3.47535e-08 0)
(0 -3.47535e-08 0)
(0 -3.47535e-08 0)
(0 -3.47535e-08 0)
(0 -3.38428e-08 0)
(0 -3.476e-08 0)
(0 -3.47878e-08 0)
(0 -3.47535e-08 0)
(0 -3.47535e-08 0)
(0 -3.47535e-08 0)
(0 -3.47535e-08 0)
(0 -3.47535e-08 0)
(0 -3.47535e-08 0)
(0 -3.47535e-08 0)
(0 -3.38428e-08 0)
(0 -3.476e-08 0)
(0 -3.47878e-08 0)
(0 -3.47535e-08 0)
(0 -3.47535e-08 0)
(0 -3.47535e-08 0)
(0 -3.47535e-08 0)
(0 -3.47535e-08 0)
(0 -3.47535e-08 0)
(0 -3.47535e-08 0)
(0 -3.28862e-08 0)
(0 -3.38636e-08 0)
(0 -3.48669e-08 0)
(0 -3.47878e-08 0)
(0 -3.47535e-08 0)
(0 -3.38428e-08 0)
(0 -3.476e-08 0)
(0 -3.38771e-08 0)
(0 -3.476e-08 0)
(0 -3.47878e-08 0)
(0 -3.47535e-08 0)
(0 -3.38428e-08 0)
(0 -3.476e-08 0)
(0 -3.38771e-08 0)
(0 -3.476e-08 0)
(0 -3.47878e-08 0)
(0 -3.38428e-08 0)
(0 -3.476e-08 0)
(0 -3.29206e-08 0)
(0 -2.62933e-08 0)
(0 -7.13787e-09 0)
(0 -3.47878e-08 0)
(0 -3.47535e-08 0)
(0 -3.47535e-08 0)
(0 -3.38428e-08 0)
(0 -3.476e-08 0)
(0 -3.47878e-08 0)
(0 -3.47535e-08 0)
(0 -3.47535e-08 0)
(0 -3.47535e-08 0)
(0 -3.38428e-08 0)
(0 -3.476e-08 0)
(0 -3.47878e-08 0)
(0 -3.38428e-08 0)
(0 -3.476e-08 0)
(0 -3.29206e-08 0)
(0 -3.38636e-08 0)
(0 -3.48669e-08 0)
(0 -3.47878e-08 0)
(0 -3.47535e-08 0)
(0 -3.47535e-08 0)
(0 -3.47535e-08 0)
(0 -3.47535e-08 0)
(0 -3.38428e-08 0)
(0 -3.476e-08 0)
(0 -3.38771e-08 0)
(0 -3.476e-08 0)
(0 -3.47878e-08 0)
(0 -3.47535e-08 0)
(0 -3.38428e-08 0)
(0 -3.476e-08 0)
(0 -3.47878e-08 0)
(0 -3.38428e-08 0)
(0 -3.476e-08 0)
(0 -3.47878e-08 0)
(0 -3.38428e-08 0)
(0 -3.476e-08 0)
(0 -3.47878e-08 0)
(0 -3.38428e-08 0)
(0 -3.476e-08 0)
(0 -3.47878e-08 0)
(0 -3.28862e-08 0)
(0 -3.47744e-08 0)
(0 -3.48604e-08 0)
(0 -3.47535e-08 0)
(0 -3.47535e-08 0)
(0 -3.47535e-08 0)
(0 -3.47535e-08 0)
(0 -3.47535e-08 0)
(0 -3.47535e-08 0)
(0 -3.47535e-08 0)
(0 -3.47535e-08 0)
(0 -3.47535e-08 0)
(0 -3.47535e-08 0)
(0 -3.47535e-08 0)
(0 -3.47535e-08 0)
(0 -3.47535e-08 0)
(0 -3.47535e-08 0)
(0 -3.18919e-08 0)
(0 -3.47958e-08 0)
(0 -3.4964e-08 0)
(0 -3.47535e-08 0)
(0 -3.47535e-08 0)
(0 -3.47535e-08 0)
(0 -3.47535e-08 0)
(0 -3.47535e-08 0)
(0 -3.47535e-08 0)
(0 -3.47535e-08 0)
(0 -3.47535e-08 0)
(0 -3.47535e-08 0)
(0 -3.47535e-08 0)
(0 -3.47535e-08 0)
(0 -3.47535e-08 0)
(0 -3.47535e-08 0)
(0 -2.62773e-08 0)
(0 -7.02241e-09 0)
(0 -3.38771e-08 0)
(0 -3.476e-08 0)
(0 -3.47878e-08 0)
(0 -3.38428e-08 0)
(0 -3.476e-08 0)
(0 -3.47878e-08 0)
(0 -3.47535e-08 0)
(0 -3.47535e-08 0)
(0 -3.47535e-08 0)
(0 -3.47535e-08 0)
(0 -3.47535e-08 0)
(0 -3.38428e-08 0)
(0 -3.28926e-08 0)
(0 -3.48087e-08 0)
(0 -3.48604e-08 0)
(0 -3.47535e-08 0)
(0 -3.47535e-08 0)
(0 -3.47535e-08 0)
(0 -3.47535e-08 0)
(0 -3.47535e-08 0)
(0 -3.47535e-08 0)
(0 -3.47535e-08 0)
(0 -3.47535e-08 0)
(0 -3.47535e-08 0)
(0 -3.47535e-08 0)
(0 -3.47535e-08 0)
(0 -3.47535e-08 0)
(0 -3.38428e-08 0)
(0 -3.476e-08 0)
(0 -3.47878e-08 0)
(0 -3.47535e-08 0)
(0 -3.47535e-08 0)
(0 -3.28862e-08 0)
(0 -3.38636e-08 0)
(0 -3.48669e-08 0)
(0 -3.47878e-08 0)
(0 -3.47535e-08 0)
(0 -3.47535e-08 0)
(0 -3.47535e-08 0)
(0 -3.47535e-08 0)
(0 -3.47535e-08 0)
(0 -3.47535e-08 0)
(0 -3.47535e-08 0)
(0 -3.47535e-08 0)
(0 -3.47535e-08 0)
(0 -3.47535e-08 0)
(0 -3.47535e-08 0)
(0 -3.47535e-08 0)
(0 -3.47535e-08 0)
(0 -3.28862e-08 0)
(0 -3.38636e-08 0)
(0 -3.39563e-08 0)
(0 -3.47943e-08 0)
(0 -3.47878e-08 0)
(0 -3.47535e-08 0)
(0 -3.47535e-08 0)
(0 -3.47535e-08 0)
(0 -3.47535e-08 0)
(0 -3.47535e-08 0)
(0 -3.47535e-08 0)
(0 -3.47535e-08 0)
(0 -3.47535e-08 0)
(0 -3.47535e-08 0)
(0 -3.47535e-08 0)
(0 -3.47535e-08 0)
(0 -3.38428e-08 0)
(0 -3.476e-08 0)
(0 -3.47878e-08 0)
(0 -3.47535e-08 0)
(0 -3.47535e-08 0)
(0 -3.47535e-08 0)
(0 -3.38428e-08 0)
(0 -3.476e-08 0)
(0 -2.63123e-08 0)
(0 -7.02241e-09 0)
(0 -3.47535e-08 0)
(0 -3.47535e-08 0)
(0 -3.47535e-08 0)
(0 -3.47535e-08 0)
(0 -3.47535e-08 0)
(0 -3.47535e-08 0)
(0 -3.47535e-08 0)
(0 -3.47535e-08 0)
(0 -3.47535e-08 0)
(0 -3.47535e-08 0)
(0 -3.47535e-08 0)
(0 -3.47535e-08 0)
(0 -3.47535e-08 0)
(0 -3.28862e-08 0)
(0 -3.47744e-08 0)
(0 -3.29934e-08 0)
(0 -3.38636e-08 0)
(0 -3.48669e-08 0)
(0 -3.47878e-08 0)
(0 -3.47535e-08 0)
(0 -3.47535e-08 0)
(0 -3.38428e-08 0)
(0 -3.476e-08 0)
(0 -3.47878e-08 0)
(0 -3.47535e-08 0)
(0 -3.47535e-08 0)
(0 -3.47535e-08 0)
(0 -3.47535e-08 0)
(0 -3.47535e-08 0)
(0 -3.47535e-08 0)
(0 -3.38428e-08 0)
(0 -3.476e-08 0)
(0 -3.47878e-08 0)
(0 -3.47535e-08 0)
(0 -3.38428e-08 0)
(0 -3.476e-08 0)
(0 -3.38771e-08 0)
(0 -3.476e-08 0)
(0 -3.38771e-08 0)
(0 -3.38492e-08 0)
(0 -3.38836e-08 0)
(0 -3.47943e-08 0)
(0 -3.47878e-08 0)
(0 -3.47535e-08 0)
(0 -3.47535e-08 0)
(0 -3.28862e-08 0)
(0 -3.47744e-08 0)
(0 -3.48604e-08 0)
(0 -3.47535e-08 0)
(0 -3.47535e-08 0)
(0 -3.47535e-08 0)
(0 -3.47535e-08 0)
(0 -3.47535e-08 0)
(0 -3.28862e-08 0)
(0 -3.47744e-08 0)
(0 -3.48604e-08 0)
(0 -3.47535e-08 0)
(0 -3.47535e-08 0)
(0 -3.18919e-08 0)
(0 -3.38848e-08 0)
(0 -3.31037e-08 0)
(0 -3.48087e-08 0)
(0 -3.48604e-08 0)
(0 -3.28862e-08 0)
(0 -3.47744e-08 0)
(0 -3.29934e-08 0)
(0 -3.47744e-08 0)
(0 -3.48604e-08 0)
(0 -3.47535e-08 0)
(0 -3.47535e-08 0)
(0 -3.47535e-08 0)
(0 -3.47535e-08 0)
(0 -3.38428e-08 0)
(0 -2.62822e-08 0)
(0 -7.05947e-09 0)
(0 -3.48604e-08 0)
(0 -3.47535e-08 0)
(0 -3.47535e-08 0)
(0 -3.47535e-08 0)
(0 -3.47535e-08 0)
(0 -3.47535e-08 0)
(0 -3.38428e-08 0)
(0 -3.476e-08 0)
(0 -3.47878e-08 0)
(0 -3.38428e-08 0)
(0 -3.18983e-08 0)
(0 -3.48301e-08 0)
(0 -3.4964e-08 0)
(0 -3.47535e-08 0)
(0 -3.28862e-08 0)
(0 -3.47744e-08 0)
(0 -3.48604e-08 0)
(0 -3.47535e-08 0)
(0 -3.47535e-08 0)
(0 -3.38428e-08 0)
(0 -3.38492e-08 0)
(0 -3.47943e-08 0)
(0 -3.47878e-08 0)
(0 -3.47535e-08 0)
(0 -3.47535e-08 0)
(0 -3.47535e-08 0)
(0 -3.47535e-08 0)
(0 -3.28862e-08 0)
(0 -3.38636e-08 0)
(0 -3.48669e-08 0)
(0 -3.47878e-08 0)
(0 -3.47535e-08 0)
(0 -3.47535e-08 0)
(0 -3.38428e-08 0)
(0 -3.476e-08 0)
(0 -3.19264e-08 0)
(0 -3.47958e-08 0)
(0 -3.30973e-08 0)
(0 -3.47744e-08 0)
(0 -3.48604e-08 0)
(0 -3.47535e-08 0)
(0 -3.38428e-08 0)
(0 -3.28926e-08 0)
(0 -3.19469e-08 0)
(0 -3.49027e-08 0)
(0 -3.4964e-08 0)
(0 -3.47535e-08 0)
(0 -3.47535e-08 0)
(0 -3.38428e-08 0)
(0 -3.38492e-08 0)
(0 -3.47943e-08 0)
(0 -3.47878e-08 0)
(0 -3.47535e-08 0)
(0 -3.38428e-08 0)
(0 -3.476e-08 0)
(0 -3.47878e-08 0)
(0 -3.47535e-08 0)
(0 -3.47535e-08 0)
(0 -3.38428e-08 0)
(0 -3.476e-08 0)
(0 -3.47878e-08 0)
(0 -3.38428e-08 0)
(0 -3.476e-08 0)
(0 -3.47878e-08 0)
(0 -3.47535e-08 0)
(0 -3.47535e-08 0)
(0 -3.47535e-08 0)
(0 -3.47535e-08 0)
(0 -3.47535e-08 0)
(0 -3.47535e-08 0)
(0 -3.47535e-08 0)
(0 -3.47535e-08 0)
(0 -3.47535e-08 0)
(0 -2.62773e-08 0)
(0 -7.02241e-09 0)
(0 -3.47535e-08 0)
(0 -3.47535e-08 0)
(0 -3.47535e-08 0)
(0 -3.38428e-08 0)
(0 -3.476e-08 0)
(0 -3.47878e-08 0)
(0 -3.47535e-08 0)
(0 -3.38428e-08 0)
(0 -3.476e-08 0)
(0 -3.47878e-08 0)
(0 -3.47535e-08 0)
(0 -3.38428e-08 0)
(0 -3.476e-08 0)
(0 -3.38771e-08 0)
(0 -3.476e-08 0)
(0 -3.47878e-08 0)
(0 -3.47535e-08 0)
(0 -3.47535e-08 0)
(0 -3.38428e-08 0)
(0 -3.476e-08 0)
(0 -3.47878e-08 0)
(0 -3.47535e-08 0)
(0 -3.47535e-08 0)
(0 -3.47535e-08 0)
(0 -3.47535e-08 0)
(0 -3.47535e-08 0)
(0 -3.47535e-08 0)
(0 -3.47535e-08 0)
(0 -3.47535e-08 0)
(0 -3.47535e-08 0)
(0 -3.47535e-08 0)
(0 -3.47535e-08 0)
(0 -3.28862e-08 0)
(0 -3.47744e-08 0)
(0 -3.48604e-08 0)
(0 -3.38428e-08 0)
(0 -3.476e-08 0)
(0 -3.47878e-08 0)
(0 -3.47535e-08 0)
(0 -3.47535e-08 0)
(0 -3.47535e-08 0)
(0 -3.47535e-08 0)
(0 -3.38428e-08 0)
(0 -3.476e-08 0)
(0 -3.47878e-08 0)
(0 -3.47535e-08 0)
(0 -3.47535e-08 0)
(0 -3.47535e-08 0)
(0 -3.38428e-08 0)
(0 -3.476e-08 0)
(0 -3.29206e-08 0)
(0 -3.47744e-08 0)
(0 -3.48604e-08 0)
(0 -3.47535e-08 0)
(0 -3.47535e-08 0)
(0 -3.47535e-08 0)
(0 -3.47535e-08 0)
(0 -3.47535e-08 0)
(0 -3.47535e-08 0)
(0 -3.47535e-08 0)
(0 -3.47535e-08 0)
(0 -3.38428e-08 0)
(0 -3.476e-08 0)
(0 -3.47878e-08 0)
(0 -3.38428e-08 0)
(0 -3.28926e-08 0)
(0 -3.38979e-08 0)
(0 -3.48669e-08 0)
(0 -3.47878e-08 0)
(0 -3.47535e-08 0)
(0 -3.47535e-08 0)
(0 -3.47535e-08 0)
(0 -3.47535e-08 0)
(0 -2.62773e-08 0)
(0 -7.02241e-09 0)
(0 -3.476e-08 0)
(0 -3.38771e-08 0)
(0 -3.476e-08 0)
(0 -3.47878e-08 0)
(0 -3.38428e-08 0)
(0 -3.476e-08 0)
(0 -3.47878e-08 0)
(0 -3.47535e-08 0)
(0 -3.38428e-08 0)
(0 -3.476e-08 0)
(0 -3.38771e-08 0)
(0 -3.476e-08 0)
(0 -3.47878e-08 0)
(0 -3.47535e-08 0)
(0 -3.47535e-08 0)
(0 -3.47535e-08 0)
(0 -3.47535e-08 0)
(0 -3.38428e-08 0)
(0 -3.476e-08 0)
(0 -3.47878e-08 0)
(0 -3.28862e-08 0)
(0 -3.47744e-08 0)
(0 -3.48604e-08 0)
(0 -3.38428e-08 0)
(0 -3.476e-08 0)
(0 -3.38771e-08 0)
(0 -3.476e-08 0)
(0 -3.47878e-08 0)
(0 -3.47535e-08 0)
(0 -3.47535e-08 0)
(0 -3.38428e-08 0)
(0 -3.38492e-08 0)
(0 -3.47943e-08 0)
(0 -3.47878e-08 0)
(0 -3.47535e-08 0)
(0 -3.47535e-08 0)
(0 -3.38428e-08 0)
(0 -3.38492e-08 0)
(0 -3.47943e-08 0)
(0 -3.47878e-08 0)
(0 -3.47535e-08 0)
(0 -3.47535e-08 0)
(0 -3.47535e-08 0)
(0 -3.38428e-08 0)
(0 -3.476e-08 0)
(0 -3.47878e-08 0)
(0 -3.38428e-08 0)
(0 -3.476e-08 0)
(0 -3.47878e-08 0)
(0 -3.28862e-08 0)
(0 -3.38636e-08 0)
(0 -3.48669e-08 0)
(0 -3.38771e-08 0)
(0 -3.476e-08 0)
(0 -3.47878e-08 0)
(0 -3.47535e-08 0)
(0 -3.47535e-08 0)
(0 -3.47535e-08 0)
(0 -3.47535e-08 0)
(0 -3.47535e-08 0)
(0 -3.47535e-08 0)
(0 -3.38428e-08 0)
(0 -3.38492e-08 0)
(0 -3.47943e-08 0)
(0 -3.47878e-08 0)
(0 -3.47535e-08 0)
(0 -3.47535e-08 0)
(0 -3.47535e-08 0)
(0 -3.47535e-08 0)
(0 -3.38428e-08 0)
(0 -3.476e-08 0)
(0 -3.38771e-08 0)
(0 -3.38492e-08 0)
(0 -2.63173e-08 0)
(0 -7.05947e-09 0)
(0 -3.47535e-08 0)
(0 -3.47535e-08 0)
(0 -3.38428e-08 0)
(0 -3.476e-08 0)
(0 -3.47878e-08 0)
(0 -3.38428e-08 0)
(0 -3.476e-08 0)
(0 -3.47878e-08 0)
(0 -3.47535e-08 0)
(0 -3.28862e-08 0)
(0 -3.29069e-08 0)
(0 -3.48813e-08 0)
(0 -3.48604e-08 0)
(0 -3.47535e-08 0)
(0 -3.47535e-08 0)
(0 -3.47535e-08 0)
(0 -3.47535e-08 0)
(0 -3.47535e-08 0)
(0 -3.47535e-08 0)
(0 -3.47535e-08 0)
(0 -3.47535e-08 0)
(0 -3.38428e-08 0)
(0 -3.476e-08 0)
(0 -3.47878e-08 0)
(0 -3.47535e-08 0)
(0 -3.38428e-08 0)
(0 -3.476e-08 0)
(0 -3.47878e-08 0)
(0 -3.47535e-08 0)
(0 -3.47535e-08 0)
(0 -3.47535e-08 0)
(0 -3.47535e-08 0)
(0 -3.38428e-08 0)
(0 -3.476e-08 0)
(0 -3.47878e-08 0)
(0 -3.47535e-08 0)
(0 -3.47535e-08 0)
(0 -3.47535e-08 0)
(0 -3.47535e-08 0)
(0 -3.47535e-08 0)
(0 -3.47535e-08 0)
(0 -3.47535e-08 0)
(0 -3.47535e-08 0)
(0 -3.47535e-08 0)
(0 -3.47535e-08 0)
(0 -3.28862e-08 0)
(0 -3.47744e-08 0)
(0 -3.48604e-08 0)
(0 -3.28862e-08 0)
(0 -3.47744e-08 0)
(0 -3.48604e-08 0)
(0 -3.47535e-08 0)
(0 -3.47535e-08 0)
(0 -3.38428e-08 0)
(0 -3.476e-08 0)
(0 -3.38771e-08 0)
(0 -3.476e-08 0)
(0 -3.38771e-08 0)
(0 -3.476e-08 0)
(0 -3.47878e-08 0)
(0 -3.47535e-08 0)
(0 -3.47535e-08 0)
(0 -3.47535e-08 0)
(0 -3.47535e-08 0)
(0 -3.47535e-08 0)
(0 -3.47535e-08 0)
(0 -3.47535e-08 0)
(0 -3.38428e-08 0)
(0 -3.476e-08 0)
(0 -3.47878e-08 0)
(0 -3.47535e-08 0)
(0 -3.47535e-08 0)
(0 -3.47535e-08 0)
(0 -2.62773e-08 0)
(0 -7.02241e-09 0)
(0 -3.47535e-08 0)
(0 -3.38428e-08 0)
(0 -3.476e-08 0)
(0 -3.47878e-08 0)
(0 -3.47535e-08 0)
(0 -3.47535e-08 0)
(0 -3.28862e-08 0)
(0 -3.47744e-08 0)
(0 -3.39498e-08 0)
(0 -3.28926e-08 0)
(0 -3.48087e-08 0)
(0 -3.39498e-08 0)
(0 -3.476e-08 0)
(0 -3.47878e-08 0)
(0 -3.47535e-08 0)
(0 -3.47535e-08 0)
(0 -3.47535e-08 0)
(0 -3.47535e-08 0)
(0 -3.38428e-08 0)
(0 -3.38492e-08 0)
(0 -3.47943e-08 0)
(0 -3.47878e-08 0)
(0 -3.47535e-08 0)
(0 -3.47535e-08 0)
(0 -3.38428e-08 0)
(0 -3.476e-08 0)
(0 -3.47878e-08 0)
(0 -3.38428e-08 0)
(0 -3.476e-08 0)
(0 -3.47878e-08 0)
(0 -3.38428e-08 0)
(0 -3.476e-08 0)
(0 -3.38771e-08 0)
(0 -3.38492e-08 0)
(0 -3.47943e-08 0)
(0 -3.47878e-08 0)
(0 -3.47535e-08 0)
(0 -3.47535e-08 0)
(0 -3.38428e-08 0)
(0 -3.38492e-08 0)
(0 -3.47943e-08 0)
(0 -3.47878e-08 0)
(0 -3.47535e-08 0)
(0 -3.47535e-08 0)
(0 -3.47535e-08 0)
(0 -3.47535e-08 0)
(0 -3.38428e-08 0)
(0 -3.476e-08 0)
(0 -3.38771e-08 0)
(0 -3.28926e-08 0)
(0 -3.29413e-08 0)
(0 -3.20198e-08 0)
(0 -3.39919e-08 0)
(0 -3.49705e-08 0)
(0 -3.47878e-08 0)
(0 -3.47535e-08 0)
(0 -3.47535e-08 0)
(0 -3.47535e-08 0)
(0 -3.38428e-08 0)
(0 -3.476e-08 0)
(0 -3.47878e-08 0)
(0 -3.47535e-08 0)
(0 -3.38428e-08 0)
(0 -3.18983e-08 0)
(0 -3.39192e-08 0)
(0 -3.406e-08 0)
(0 -3.38836e-08 0)
(0 -3.29271e-08 0)
(0 -3.29413e-08 0)
(0 -3.48813e-08 0)
(0 -3.48604e-08 0)
(0 -3.28862e-08 0)
(0 -3.38636e-08 0)
(0 -2.63914e-08 0)
(0 -7.05947e-09 0)
(0 -3.47878e-08 0)
(0 -3.47535e-08 0)
(0 -3.47535e-08 0)
(0 -3.28862e-08 0)
(0 -3.47744e-08 0)
(0 -3.48604e-08 0)
(0 -3.47535e-08 0)
(0 -3.47535e-08 0)
(0 -3.38428e-08 0)
(0 -3.476e-08 0)
(0 -3.29206e-08 0)
(0 -3.38636e-08 0)
(0 -3.39563e-08 0)
(0 -3.47943e-08 0)
(0 -3.47878e-08 0)
(0 -3.38428e-08 0)
(0 -3.476e-08 0)
(0 -3.47878e-08 0)
(0 -3.38428e-08 0)
(0 -3.476e-08 0)
(0 -3.47878e-08 0)
(0 -3.47535e-08 0)
(0 -3.47535e-08 0)
(0 -3.38428e-08 0)
(0 -3.476e-08 0)
(0 -3.38771e-08 0)
(0 -3.476e-08 0)
(0 -3.47878e-08 0)
(0 -3.47535e-08 0)
(0 -3.47535e-08 0)
(0 -3.47535e-08 0)
(0 -3.47535e-08 0)
(0 -3.38428e-08 0)
(0 -3.476e-08 0)
(0 -3.47878e-08 0)
(0 -3.47535e-08 0)
(0 -3.47535e-08 0)
(0 -3.47535e-08 0)
(0 -3.47535e-08 0)
(0 -3.47535e-08 0)
(0 -3.47535e-08 0)
(0 -3.28862e-08 0)
(0 -3.47744e-08 0)
(0 -3.48604e-08 0)
(0 -3.47535e-08 0)
(0 -3.47535e-08 0)
(0 -3.47535e-08 0)
(0 -3.47535e-08 0)
(0 -3.38428e-08 0)
(0 -3.476e-08 0)
(0 -3.47878e-08 0)
(0 -3.47535e-08 0)
(0 -3.47535e-08 0)
(0 -3.47535e-08 0)
(0 -3.47535e-08 0)
(0 -3.47535e-08 0)
(0 -3.47535e-08 0)
(0 -3.47535e-08 0)
(0 -3.47535e-08 0)
(0 -3.47535e-08 0)
(0 -3.47535e-08 0)
(0 -3.47535e-08 0)
(0 -3.47535e-08 0)
(0 -3.47535e-08 0)
(0 -3.47535e-08 0)
(0 -3.38428e-08 0)
(0 -3.476e-08 0)
(0 -3.47878e-08 0)
(0 -3.47535e-08 0)
(0 -3.47535e-08 0)
(0 -3.47535e-08 0)
(0 -3.47535e-08 0)
(0 -3.47535e-08 0)
(0 -2.62773e-08 0)
(0 -7.02241e-09 0)
(0 -3.48604e-08 0)
(0 -3.47535e-08 0)
(0 -3.47535e-08 0)
(0 -3.47535e-08 0)
(0 -3.47535e-08 0)
(0 -3.38428e-08 0)
(0 -3.476e-08 0)
(0 -3.47878e-08 0)
(0 -3.38428e-08 0)
(0 -3.476e-08 0)
(0 -3.47878e-08 0)
(0 -3.47535e-08 0)
(0 -3.47535e-08 0)
(0 -3.47535e-08 0)
(0 -3.47535e-08 0)
(0 -3.47535e-08 0)
(0 -3.47535e-08 0)
(0 -3.47535e-08 0)
(0 -3.38428e-08 0)
(0 -3.476e-08 0)
(0 -3.47878e-08 0)
(0 -3.47535e-08 0)
(0 -3.47535e-08 0)
(0 -3.47535e-08 0)
(0 -3.47535e-08 0)
(0 -3.38428e-08 0)
(0 -3.476e-08 0)
(0 -3.38771e-08 0)
(0 -3.476e-08 0)
(0 -3.47878e-08 0)
(0 -3.47535e-08 0)
(0 -3.38428e-08 0)
(0 -3.476e-08 0)
(0 -3.47878e-08 0)
(0 -3.47535e-08 0)
(0 -3.38428e-08 0)
(0 -3.476e-08 0)
(0 -3.47878e-08 0)
(0 -3.38428e-08 0)
(0 -3.28926e-08 0)
(0 -3.38979e-08 0)
(0 -3.39563e-08 0)
(0 -3.47943e-08 0)
(0 -3.38771e-08 0)
(0 -3.28926e-08 0)
(0 -3.48087e-08 0)
(0 -3.48604e-08 0)
(0 -3.28862e-08 0)
(0 -3.47744e-08 0)
(0 -3.48604e-08 0)
(0 -3.47535e-08 0)
(0 -3.47535e-08 0)
(0 -3.47535e-08 0)
(0 -3.47535e-08 0)
(0 -3.38428e-08 0)
(0 -3.476e-08 0)
(0 -3.38771e-08 0)
(0 -3.28926e-08 0)
(0 -3.29413e-08 0)
(0 -3.39706e-08 0)
(0 -3.48669e-08 0)
(0 -3.47878e-08 0)
(0 -3.47535e-08 0)
(0 -3.47535e-08 0)
(0 -3.47535e-08 0)
(0 -3.47535e-08 0)
(0 -3.47535e-08 0)
(0 -3.38428e-08 0)
(0 -3.476e-08 0)
(0 -3.47878e-08 0)
(0 -3.47535e-08 0)
(0 -3.47535e-08 0)
(0 -3.47535e-08 0)
(0 -2.62773e-08 0)
(0 -7.02241e-09 0)
(0 -3.47535e-08 0)
(0 -3.38428e-08 0)
(0 -3.476e-08 0)
(0 -3.47878e-08 0)
(0 -3.47535e-08 0)
(0 -3.47535e-08 0)
(0 -3.28862e-08 0)
(0 -3.47744e-08 0)
(0 -3.39498e-08 0)
(0 -3.476e-08 0)
(0 -3.47878e-08 0)
(0 -3.38428e-08 0)
(0 -3.476e-08 0)
(0 -3.47878e-08 0)
(0 -3.47535e-08 0)
(0 -3.47535e-08 0)
(0 -3.47535e-08 0)
(0 -3.47535e-08 0)
(0 -3.38428e-08 0)
(0 -3.38492e-08 0)
(0 -3.47943e-08 0)
(0 -3.47878e-08 0)
(0 -3.47535e-08 0)
(0 -3.47535e-08 0)
(0 -3.28862e-08 0)
(0 -3.29069e-08 0)
(0 -3.48813e-08 0)
(0 -3.39498e-08 0)
(0 -3.476e-08 0)
(0 -3.47878e-08 0)
(0 -3.38428e-08 0)
(0 -3.476e-08 0)
(0 -3.38771e-08 0)
(0 -3.38492e-08 0)
(0 -3.47943e-08 0)
(0 -3.47878e-08 0)
(0 -3.38428e-08 0)
(0 -3.476e-08 0)
(0 -3.38771e-08 0)
(0 -3.38492e-08 0)
(0 -3.47943e-08 0)
(0 -3.47878e-08 0)
(0 -3.47535e-08 0)
(0 -3.47535e-08 0)
(0 -3.47535e-08 0)
(0 -3.47535e-08 0)
(0 -3.38428e-08 0)
(0 -3.476e-08 0)
(0 -3.38771e-08 0)
(0 -3.28926e-08 0)
(0 -3.29413e-08 0)
(0 -3.20198e-08 0)
(0 -3.39919e-08 0)
(0 -3.49705e-08 0)
(0 -3.47878e-08 0)
(0 -3.47535e-08 0)
(0 -3.47535e-08 0)
(0 -3.47535e-08 0)
(0 -3.47535e-08 0)
(0 -3.47535e-08 0)
(0 -3.47535e-08 0)
(0 -3.47535e-08 0)
(0 -3.38428e-08 0)
(0 -3.28926e-08 0)
(0 -3.38979e-08 0)
(0 -3.39563e-08 0)
(0 -3.38836e-08 0)
(0 -3.29271e-08 0)
(0 -3.29413e-08 0)
(0 -3.48813e-08 0)
(0 -3.48604e-08 0)
(0 -3.28862e-08 0)
(0 -3.38636e-08 0)
(0 -2.63914e-08 0)
(0 -7.05947e-09 0)
(0 -3.48604e-08 0)
(0 -3.47535e-08 0)
(0 -3.47535e-08 0)
(0 -3.47535e-08 0)
(0 -3.47535e-08 0)
(0 -3.47535e-08 0)
(0 -3.47535e-08 0)
(0 -3.47535e-08 0)
(0 -3.47535e-08 0)
(0 -3.47535e-08 0)
(0 -3.38428e-08 0)
(0 -3.476e-08 0)
(0 -3.47878e-08 0)
(0 -3.38428e-08 0)
(0 -3.38492e-08 0)
(0 -3.47943e-08 0)
(0 -3.47878e-08 0)
(0 -3.47535e-08 0)
(0 -3.38428e-08 0)
(0 -3.476e-08 0)
(0 -3.47878e-08 0)
(0 -3.47535e-08 0)
(0 -3.47535e-08 0)
(0 -3.47535e-08 0)
(0 -3.18919e-08 0)
(0 -3.38848e-08 0)
(0 -3.406e-08 0)
(0 -3.19328e-08 0)
(0 -3.29624e-08 0)
(0 -3.49849e-08 0)
(0 -3.48604e-08 0)
(0 -3.47535e-08 0)
(0 -3.47535e-08 0)
(0 -3.47535e-08 0)
(0 -3.47535e-08 0)
(0 -3.38428e-08 0)
(0 -3.38492e-08 0)
(0 -3.38836e-08 0)
(0 -3.47943e-08 0)
(0 -3.47878e-08 0)
(0 -3.47535e-08 0)
(0 -3.47535e-08 0)
(0 -3.47535e-08 0)
(0 -3.28862e-08 0)
(0 -3.47744e-08 0)
(0 -3.48604e-08 0)
(0 -3.38428e-08 0)
(0 -3.476e-08 0)
(0 -3.47878e-08 0)
(0 -3.47535e-08 0)
(0 -3.47535e-08 0)
(0 -3.47535e-08 0)
(0 -3.47535e-08 0)
(0 -3.47535e-08 0)
(0 -3.47535e-08 0)
(0 -3.47535e-08 0)
(0 -3.38428e-08 0)
(0 -3.28926e-08 0)
(0 -3.48087e-08 0)
(0 -3.39498e-08 0)
(0 -3.476e-08 0)
(0 -3.47878e-08 0)
(0 -3.47535e-08 0)
(0 -3.47535e-08 0)
(0 -3.47535e-08 0)
(0 -3.47535e-08 0)
(0 -3.47535e-08 0)
(0 -3.38428e-08 0)
(0 -3.476e-08 0)
(0 -3.47878e-08 0)
(0 -3.28862e-08 0)
(0 -3.47744e-08 0)
(0 -3.48604e-08 0)
(0 -2.62773e-08 0)
(0 -7.02241e-09 0)
(0 -3.47535e-08 0)
(0 -3.47535e-08 0)
(0 -3.47535e-08 0)
(0 -3.47535e-08 0)
(0 -3.47535e-08 0)
(0 -3.47535e-08 0)
(0 -3.38428e-08 0)
(0 -3.476e-08 0)
(0 -3.47878e-08 0)
(0 -3.38428e-08 0)
(0 -3.476e-08 0)
(0 -3.47878e-08 0)
(0 -3.47535e-08 0)
(0 -3.47535e-08 0)
(0 -3.28862e-08 0)
(0 -3.47744e-08 0)
(0 -3.48604e-08 0)
(0 -3.47535e-08 0)
(0 -3.38428e-08 0)
(0 -3.18983e-08 0)
(0 -3.48301e-08 0)
(0 -3.4964e-08 0)
(0 -3.47535e-08 0)
(0 -3.47535e-08 0)
(0 -3.18919e-08 0)
(0 -3.47958e-08 0)
(0 -3.40535e-08 0)
(0 -3.476e-08 0)
(0 -3.47878e-08 0)
(0 -3.47535e-08 0)
(0 -3.47535e-08 0)
(0 -3.38428e-08 0)
(0 -3.476e-08 0)
(0 -3.47878e-08 0)
(0 -3.47535e-08 0)
(0 -3.28862e-08 0)
(0 -3.47744e-08 0)
(0 -3.48604e-08 0)
(0 -3.47535e-08 0)
(0 -3.18919e-08 0)
(0 -3.47958e-08 0)
(0 -3.4964e-08 0)
(0 -3.28862e-08 0)
(0 -3.47744e-08 0)
(0 -3.48604e-08 0)
(0 -3.47535e-08 0)
(0 -3.47535e-08 0)
(0 -3.47535e-08 0)
(0 -3.47535e-08 0)
(0 -3.47535e-08 0)
(0 -3.47535e-08 0)
(0 -3.38428e-08 0)
(0 -3.476e-08 0)
(0 -3.47878e-08 0)
(0 -3.47535e-08 0)
(0 -3.47535e-08 0)
(0 -3.47535e-08 0)
(0 -3.28862e-08 0)
(0 -3.47744e-08 0)
(0 -3.29934e-08 0)
(0 -3.47744e-08 0)
(0 -3.48604e-08 0)
(0 -3.47535e-08 0)
(0 -3.47535e-08 0)
(0 -3.47535e-08 0)
(0 -3.47535e-08 0)
(0 -3.38428e-08 0)
(0 -3.476e-08 0)
(0 -3.47878e-08 0)
(0 -3.47535e-08 0)
(0 -3.38428e-08 0)
(0 -3.476e-08 0)
(0 -3.47878e-08 0)
(0 -2.62773e-08 0)
(0 -7.02241e-09 0)
)
;


// ************************************************************************* //
