/*--------------------------------*- C++ -*----------------------------------*\
  =========                 |
  \\      /  F ield         | OpenFOAM: The Open Source CFD Toolbox
   \\    /   O peration     | Website:  https://openfoam.org
    \\  /    A nd           | Version:  12
     \\/     M anipulation  |
\*---------------------------------------------------------------------------*/
FoamFile
{
    format      ascii;
    class       volScalarField::Internal;
    location    "0.15";
    object      cloud:UCoeff;
}
// * * * * * * * * * * * * * * * * * * * * * * * * * * * * * * * * * * * * * //

dimensions      [1 0 0 0 0 0 0];

value           nonuniform List<scalar> 
3750
(
3.17443e-07
6.24715e-07
3.78575e-08
1.3316e-07
5.41172e-08
6.08564e-08
5.81508e-08
9.5464e-09
3.96908e-08
5.80262e-08
5.79134e-08
6.00425e-08
5.76281e-08
5.94936e-08
5.45922e-08
5.66319e-08
6.05312e-08
5.97807e-08
5.77171e-08
5.59257e-08
1.4035e-07
0
5.35237e-08
5.69024e-08
5.86398e-08
5.78606e-08
5.78532e-08
0
1.3326e-07
5.66542e-08
6.00686e-08
5.69154e-08
5.89226e-08
5.57367e-08
6.20986e-08
2.55941e-09
1.26297e-07
5.77683e-08
5.67894e-08
5.77332e-08
5.96093e-08
6.12445e-08
0
5.46908e-08
1.40958e-07
6.05665e-08
6.13921e-08
0
1.33896e-07
5.71606e-08
6.22985e-08
7.23916e-08
1.09294e-07
2.55958e-08
6.98028e-09
6.04033e-08
6.03916e-08
0
5.59393e-08
1.2844e-07
5.41938e-08
5.54752e-08
1.36192e-07
5.90959e-08
5.96885e-08
0
5.41811e-08
5.66773e-08
5.66853e-08
5.70996e-08
6.21119e-08
5.79548e-08
5.48311e-08
1.35924e-07
5.7743e-08
6.29114e-07
1.293e-07
0
1.41238e-07
3.93958e-08
6.20301e-08
5.64531e-08
5.75269e-08
5.7893e-08
1.36157e-07
5.4517e-08
5.97268e-08
0
5.68075e-08
1.36448e-07
5.65118e-08
1.68361e-08
1.02101e-07
5.48166e-08
0
5.73835e-08
5.94085e-08
5.71994e-08
5.69112e-08
5.47512e-08
5.5115e-08
1.32489e-07
5.48215e-08
5.47772e-08
5.61796e-08
4.97885e-08
0
5.50493e-08
1.44794e-07
5.51694e-08
0
1.51368e-07
5.50604e-08
5.44783e-08
0
5.74288e-08
5.54638e-08
5.02158e-08
2.9376e-08
2.14398e-09
5.61497e-08
1.44311e-07
5.61816e-08
5.62894e-08
5.70293e-08
1.35132e-07
5.92578e-08
6.13228e-08
5.81829e-08
6.08706e-08
6.0587e-08
5.30307e-08
5.36691e-08
5.59037e-08
5.52884e-08
5.53793e-08
5.42632e-08
5.66307e-08
5.69681e-08
5.64065e-08
6.03418e-08
5.54272e-08
5.93239e-08
5.62537e-08
4.47714e-08
9.58947e-08
1.26806e-08
5.61092e-08
5.58614e-08
5.39797e-08
7.98293e-07
3.75813e-08
4.0372e-08
5.63338e-08
5.80388e-08
5.65639e-08
5.89578e-08
5.76487e-08
1.11448e-07
2.67977e-08
3.69245e-08
5.61031e-08
5.728e-08
5.70488e-08
5.37337e-08
5.56484e-08
5.67834e-08
5.77415e-08
6.0591e-08
5.82299e-08
5.4769e-08
6.8655e-08
1.19821e-07
5.47525e-08
5.95858e-08
5.81464e-08
5.68763e-08
5.67453e-08
5.56914e-08
5.02711e-08
5.60154e-08
5.63154e-08
5.53459e-08
5.8509e-08
5.67993e-08
4.81623e-08
5.38264e-08
0
5.52656e-08
5.66666e-08
5.67589e-08
5.56382e-08
5.63075e-08
5.22615e-08
5.99239e-08
5.72874e-08
5.94888e-08
0
0
0
8.72656e-09
1.25455e-07
5.82849e-08
5.91969e-08
5.75046e-08
5.82658e-08
5.71076e-08
5.31169e-08
5.11229e-08
5.35177e-08
5.52887e-08
5.36052e-08
2.5851e-08
1.04054e-08
5.74456e-08
1.41888e-07
5.77071e-08
5.469e-08
4.51324e-10
1.39336e-07
5.61432e-08
5.18216e-08
5.39325e-08
0
5.7428e-08
8.13236e-07
1.43685e-07
3.83265e-09
1.28455e-07
0
1.41044e-07
2.57356e-08
3.17146e-08
1.18744e-07
5.82074e-08
2.36732e-08
1.59411e-08
5.55042e-08
5.79693e-08
5.89354e-08
5.63265e-08
5.51823e-08
1.45796e-07
5.94977e-08
5.5356e-08
5.37793e-08
5.53106e-08
5.35558e-08
5.53157e-08
5.65396e-08
5.61667e-08
5.72221e-08
5.72227e-08
5.63847e-08
6.14301e-08
7.66982e-08
1.1242e-07
5.52103e-08
5.79022e-08
8.81991e-09
4.17936e-08
5.55641e-08
5.60935e-08
5.72761e-08
5.56982e-08
5.49265e-08
5.56571e-08
5.69216e-08
5.68555e-08
5.12273e-08
5.41488e-08
5.618e-08
5.72256e-08
5.70379e-08
6.04197e-08
5.8259e-08
5.75231e-08
5.92263e-08
5.89489e-08
5.66294e-08
5.74138e-08
5.77666e-08
5.67857e-08
5.34779e-08
5.52577e-08
5.65107e-08
5.58737e-08
5.55143e-08
5.65546e-08
2.11804e-08
9.00685e-08
5.86684e-08
5.85844e-08
5.77558e-08
5.5149e-08
5.47662e-08
5.83286e-08
5.66799e-08
5.77865e-08
2.19999e-08
8.20457e-07
1.54972e-07
1.73388e-08
8.32063e-08
5.54687e-08
5.65948e-08
5.34377e-08
5.70637e-08
5.54223e-08
5.83344e-08
6.07698e-08
6.00708e-08
2.7531e-08
8.01798e-08
3.26655e-09
5.11499e-08
5.5653e-08
5.67797e-08
1.45015e-07
5.72515e-08
5.47279e-08
5.32908e-08
5.41232e-08
5.87415e-08
5.72383e-08
5.7567e-08
5.63032e-08
5.5049e-08
5.69116e-08
1.46143e-08
6.46721e-08
9.20134e-08
5.59878e-08
9.99466e-08
1.33613e-08
5.80197e-08
5.54503e-08
5.58732e-08
1.33673e-07
5.55853e-08
1.03483e-07
5.59373e-08
5.66901e-08
5.63507e-08
5.76357e-08
5.78828e-08
5.58587e-08
1.34253e-07
5.69592e-08
5.52654e-08
1.44661e-07
2.54549e-08
4.32756e-08
1.06019e-07
5.7863e-08
5.49846e-08
5.79924e-08
5.69425e-08
5.44493e-08
5.54662e-08
5.59158e-08
5.77458e-08
5.57051e-08
5.64976e-08
5.77061e-08
5.23734e-08
5.59977e-08
1.42489e-07
2.27033e-08
1.58554e-08
5.48606e-08
5.47217e-08
5.63932e-08
5.65147e-08
5.59114e-08
8.12238e-07
5.88579e-08
5.67304e-08
1.29499e-07
4.81808e-08
5.56136e-08
5.77232e-08
5.72464e-08
5.59725e-08
5.67403e-08
6.01904e-08
5.72574e-08
5.51135e-08
5.73483e-08
5.86445e-08
0
5.4809e-08
5.64483e-08
5.83942e-08
0
0
5.54387e-08
5.62978e-08
5.44851e-08
5.52113e-08
5.90301e-08
5.50763e-08
5.31708e-08
5.20579e-08
8.89311e-09
4.21744e-08
5.5663e-08
5.43306e-08
1.44466e-07
5.47865e-08
5.62011e-08
5.58055e-08
1.34227e-07
5.34773e-08
5.31871e-08
8.84036e-09
5.68161e-08
5.55088e-08
5.54944e-08
6.04543e-08
5.41274e-08
5.67071e-08
5.73681e-08
1.37571e-07
1.38937e-07
2.41832e-08
3.40017e-08
1.29749e-07
5.74639e-08
5.54245e-08
5.96959e-08
5.7951e-08
5.71187e-08
5.61681e-08
5.54988e-08
5.57467e-08
5.63835e-08
5.65182e-08
5.75138e-08
5.69867e-08
5.7537e-08
5.74655e-08
5.94192e-08
5.63238e-08
5.84441e-08
5.4997e-08
5.54745e-08
5.65649e-08
5.54028e-08
5.67931e-08
6.17239e-07
1.36181e-07
6.31957e-08
1.38369e-07
5.35829e-08
5.77106e-08
5.65188e-08
2.46223e-08
1.2471e-08
5.596e-08
8.6344e-08
1.07155e-07
5.65955e-08
5.77184e-08
5.60938e-08
5.79177e-08
5.79335e-08
0
5.88866e-08
5.62623e-08
1.32767e-07
5.68329e-08
5.69728e-08
0
5.53732e-08
1.41465e-07
5.65736e-08
5.5258e-08
5.74131e-08
5.80614e-08
5.5901e-08
5.41635e-08
5.56273e-08
5.84472e-08
5.8167e-08
5.73705e-08
9.77745e-08
1.69801e-08
5.38e-08
5.59312e-08
5.41757e-08
5.58423e-08
5.60263e-08
5.75685e-08
8.75533e-08
2.70158e-08
5.49368e-08
5.74026e-08
5.96637e-08
0
5.80653e-08
1.45989e-07
5.89585e-08
5.81042e-08
5.59635e-08
5.74212e-08
5.73366e-08
5.75967e-08
5.59952e-08
5.60395e-08
5.53898e-08
5.89153e-08
5.98025e-08
5.92236e-08
5.83366e-08
5.79697e-08
5.63845e-08
5.97017e-08
5.93612e-08
5.65298e-08
5.4599e-08
1.73326e-08
9.06788e-08
5.45181e-08
5.72515e-08
1.04268e-06
7.40617e-08
2.0267e-08
7.00696e-08
4.87697e-08
5.87984e-08
3.67627e-09
6.37368e-08
1.30522e-07
5.73631e-08
5.64012e-08
5.58572e-08
5.73325e-08
1.44142e-07
5.49593e-08
5.6942e-08
5.62586e-08
1.35453e-07
5.50354e-08
1.32917e-07
5.42614e-08
5.53313e-08
5.52861e-08
5.67352e-08
5.58309e-08
5.65234e-08
5.90627e-08
6.01833e-08
5.71223e-08
1.10441e-07
3.13023e-08
3.09911e-08
5.51127e-08
5.7494e-08
2.80196e-08
7.60636e-08
0
0
5.77279e-08
5.44186e-08
5.38305e-08
5.2246e-08
5.884e-08
5.67769e-08
1.43186e-07
5.50651e-08
5.23641e-08
5.74687e-08
5.81122e-08
6.0566e-08
2.72531e-08
9.23937e-08
6.09441e-08
1.93347e-08
2.96762e-08
1.2788e-07
9.02425e-09
4.18622e-08
5.57987e-08
5.49283e-08
5.55536e-08
5.82485e-08
5.77428e-08
5.73137e-08
5.8592e-08
5.72887e-08
5.7638e-08
5.77583e-08
5.66247e-08
5.64501e-08
5.53329e-08
5.57296e-08
5.56414e-08
5.41535e-08
1.43812e-07
1.04142e-06
6.08393e-08
4.24262e-08
5.49433e-08
5.33449e-08
5.66212e-08
5.56423e-08
5.63822e-08
1.4052e-07
5.7022e-08
5.84162e-08
5.75829e-08
5.7264e-08
5.66312e-08
5.39555e-08
5.40762e-08
5.41932e-08
5.55271e-08
0
6.33491e-08
1.2378e-07
5.34429e-08
5.48803e-08
5.4396e-08
5.58049e-08
5.44632e-08
5.90713e-08
0
5.74425e-08
5.6341e-08
5.63585e-08
5.63671e-08
5.96174e-08
5.68117e-08
2.35565e-09
5.1228e-08
5.66058e-08
5.63009e-08
1.38748e-07
5.62374e-08
5.36043e-08
5.37868e-08
5.87135e-08
5.64396e-08
5.69158e-08
5.60933e-08
5.52482e-08
5.73418e-08
6.13623e-08
8.25023e-08
1.25165e-07
6.30125e-08
5.91745e-08
1.16619e-08
7.13877e-08
9.35762e-08
6.02237e-08
0
5.38067e-08
5.18964e-08
5.22551e-08
5.94466e-08
2.17545e-08
1.00732e-07
0
8.17299e-08
1.13262e-07
5.79289e-08
5.51229e-08
5.34796e-08
5.65533e-08
5.5825e-08
5.62343e-08
5.63294e-08
6.10436e-08
1.04501e-06
1.30412e-07
4.55608e-08
6.34207e-08
5.20504e-08
5.59251e-08
5.22059e-08
5.58822e-08
1.4336e-07
5.62879e-08
6.0801e-08
5.86036e-08
5.94965e-08
1.78123e-08
9.90499e-08
5.27369e-08
5.66233e-08
0
5.5568e-08
6.5331e-08
1.31617e-07
5.58496e-08
5.37386e-08
5.45243e-08
5.88225e-08
3.07477e-08
2.20133e-09
5.63776e-08
5.65482e-08
5.63983e-08
5.48946e-08
5.33832e-08
5.77078e-08
5.78219e-08
5.5316e-08
5.45223e-08
5.58198e-08
5.72283e-08
5.51383e-08
5.77544e-08
5.87142e-08
5.81697e-08
5.82951e-08
5.55391e-08
5.4066e-08
5.59098e-08
5.56067e-08
5.77427e-08
8.23633e-08
1.183e-07
6.36326e-08
6.28556e-08
5.76161e-08
2.47336e-08
9.21795e-09
5.97235e-08
7.57569e-08
4.26683e-08
5.64194e-08
5.44023e-08
5.38915e-08
5.92694e-08
5.96445e-08
5.72681e-08
2.48945e-08
8.2356e-08
2.41303e-08
8.93768e-08
5.5421e-08
5.35128e-08
5.60434e-08
5.55742e-08
5.48098e-08
5.41653e-08
5.75251e-08
1.06519e-06
5.56751e-08
5.2406e-08
6.13935e-08
4.71975e-08
5.76107e-08
5.48044e-08
5.67749e-08
5.84024e-08
5.79761e-08
5.79929e-08
6.08519e-08
5.85221e-08
5.7003e-08
5.86397e-08
2.70906e-08
7.44632e-08
5.82454e-08
5.98164e-08
6.34712e-08
9.15931e-09
4.57011e-08
1.01361e-07
7.35669e-08
6.17685e-08
5.92823e-08
5.7802e-08
5.48155e-08
5.46768e-08
5.5866e-08
5.55368e-08
5.70244e-08
5.73891e-08
5.67027e-08
5.39309e-08
5.56488e-08
6.94089e-08
1.2257e-07
1.93808e-08
1.86385e-08
5.49376e-08
5.73212e-08
5.80627e-08
6.01636e-08
5.99315e-08
7.08905e-08
6.56213e-08
1.12932e-07
5.87214e-08
6.10797e-08
6.26548e-08
6.12849e-08
2.6252e-08
7.80347e-09
5.4527e-08
5.35999e-08
5.72684e-08
5.70879e-08
5.54787e-08
5.45059e-08
5.42037e-08
5.51836e-08
5.35875e-08
5.77213e-08
5.76745e-08
5.66705e-08
5.74622e-08
5.85028e-08
5.77903e-08
5.61806e-08
5.47518e-08
5.58425e-08
5.76369e-08
5.77358e-08
5.74451e-08
8.09173e-07
1.44431e-07
1.31519e-07
5.7078e-08
4.85802e-08
5.71107e-08
5.60645e-08
5.71388e-08
5.71484e-08
5.82479e-08
5.97632e-08
6.18307e-08
6.00322e-08
5.69541e-08
5.75408e-08
5.58073e-08
5.30376e-08
5.32687e-08
5.9199e-08
6.13442e-08
5.78469e-08
5.40922e-08
5.50544e-08
5.85654e-08
5.80832e-08
5.64378e-08
5.64072e-08
5.66737e-08
5.55531e-08
5.45255e-08
5.54245e-08
5.67893e-08
5.51416e-08
5.37369e-08
5.8483e-08
5.63329e-08
1.01648e-07
8.8046e-08
2.42317e-08
1.15702e-08
5.44278e-08
5.56727e-08
7.12861e-08
6.80543e-08
1.09492e-07
5.71969e-08
5.70142e-08
5.69741e-08
5.68348e-08
5.91155e-08
6.31713e-08
0
5.87126e-08
5.70204e-08
5.77946e-08
5.49923e-08
5.92842e-08
5.82172e-08
5.47189e-08
5.23205e-08
5.46767e-08
5.65407e-08
5.7469e-08
5.77497e-08
5.79923e-08
5.84905e-08
5.76573e-08
5.66318e-08
5.96284e-08
5.06454e-08
5.27155e-08
5.58427e-08
5.78894e-08
5.59479e-08
5.68311e-08
8.70081e-07
9.8308e-08
5.58841e-08
5.80666e-08
5.21362e-08
5.82729e-08
5.67067e-08
5.64627e-08
5.70405e-08
5.59633e-08
6.11916e-08
6.20088e-08
5.63439e-08
5.4597e-08
5.56849e-08
5.35313e-08
5.43545e-08
5.56509e-08
5.77891e-08
5.67728e-08
5.81691e-08
5.54565e-08
5.50248e-08
6.08192e-08
0
5.82662e-08
5.7943e-08
5.5857e-08
1.41552e-07
5.75292e-08
5.4244e-08
5.47287e-08
5.67203e-08
5.53798e-08
5.56281e-08
5.70175e-08
5.75537e-08
5.79056e-08
5.71313e-08
5.58137e-08
5.6564e-08
7.3601e-08
8.3125e-08
6.30334e-08
8.10838e-08
5.97966e-08
5.8653e-08
5.92665e-08
5.65946e-08
1.99935e-08
2.45487e-08
6.3348e-08
5.41087e-08
1.47251e-09
6.8432e-08
1.21355e-07
0
1.00477e-07
8.8728e-08
5.42227e-08
5.08321e-08
5.73643e-08
5.58487e-08
5.44218e-08
5.7474e-08
5.91835e-08
5.59502e-08
5.87875e-08
5.27081e-08
5.61755e-08
5.42298e-08
5.46581e-08
5.38571e-08
5.63721e-08
5.39303e-08
1.0724e-06
5.95975e-08
1.25696e-08
6.09121e-08
6.14628e-08
5.58687e-08
5.73319e-08
5.47181e-08
5.54992e-08
6.05817e-08
6.41982e-08
5.95062e-08
5.78872e-08
5.72046e-08
5.58885e-08
5.6316e-08
5.55184e-08
5.59611e-08
5.71606e-08
5.76295e-08
5.67546e-08
5.5115e-08
5.62327e-08
6.01408e-08
5.97008e-08
5.49026e-08
5.45041e-08
6.05253e-08
6.14523e-08
6.02931e-08
5.52161e-08
5.58617e-08
5.51446e-08
6.00319e-08
5.81102e-08
5.64311e-08
5.40934e-08
5.39238e-08
5.48607e-08
5.55106e-08
5.85056e-08
5.76082e-08
6.063e-08
1.01638e-07
2.13316e-08
6.94608e-08
3.36819e-08
5.97294e-08
5.74727e-08
5.74021e-08
6.05896e-08
5.88965e-08
5.86736e-08
5.55062e-08
5.61666e-08
5.80058e-08
5.23936e-08
5.29656e-08
5.4115e-08
5.32559e-08
5.31985e-08
5.57246e-08
5.62338e-08
5.69325e-08
5.89637e-08
6.13e-08
6.26273e-08
0
5.93677e-08
1.07779e-07
1.92147e-08
1.1643e-07
5.51294e-08
5.96932e-08
6.02992e-08
5.83384e-07
5.17232e-08
5.75642e-08
5.82221e-08
5.81784e-08
5.8064e-08
5.96829e-08
5.58367e-08
5.53975e-08
1.50676e-07
2.89037e-08
1.0461e-08
5.73932e-08
5.57972e-08
5.60088e-08
5.61505e-08
5.57002e-08
8.27568e-08
4.44558e-08
4.34165e-08
5.54226e-08
5.67811e-08
5.5664e-08
5.63219e-08
5.95697e-08
1.11466e-07
5.00624e-08
3.38877e-08
3.57438e-08
5.58248e-08
5.61955e-08
5.52998e-08
5.63183e-08
5.55455e-08
5.79104e-08
5.78924e-08
5.56926e-08
5.35838e-08
5.73759e-08
5.7066e-08
5.42901e-08
5.73287e-08
5.71205e-08
7.54745e-08
3.94178e-08
5.85731e-08
5.92925e-08
5.31659e-08
5.73778e-08
5.89749e-08
6.26505e-08
7.09875e-09
7.24691e-08
1.07312e-07
5.62249e-08
5.57158e-08
5.74738e-08
5.32327e-08
5.55518e-08
5.35842e-08
6.19545e-08
5.72897e-08
5.55874e-08
5.68304e-08
6.19931e-08
6.25866e-08
6.33198e-08
5.911e-08
5.73242e-08
5.44187e-08
5.62331e-08
5.34328e-08
5.17222e-08
5.72314e-08
5.46851e-08
6.00245e-07
4.91021e-08
5.7077e-08
9.12205e-08
2.29207e-08
1.36592e-07
5.51035e-08
5.57713e-08
5.98491e-08
6.0272e-08
6.07457e-08
2.32638e-08
1.49512e-08
5.41092e-08
5.51364e-08
5.72941e-08
5.65935e-08
5.65134e-08
5.81402e-08
5.55423e-08
5.73114e-08
5.77695e-08
5.67185e-08
5.6593e-08
1.45177e-07
1.81139e-08
7.75965e-08
5.34467e-08
1.99186e-08
4.01301e-08
5.55357e-08
5.67166e-08
5.18059e-08
5.26736e-08
5.66734e-08
5.45592e-08
5.48858e-08
5.68164e-08
6.00492e-08
5.78291e-08
5.66615e-08
5.74848e-08
5.66741e-08
5.69411e-08
5.68372e-08
5.66139e-08
5.4383e-08
5.33832e-08
5.47037e-08
5.7868e-08
6.29135e-08
2.05217e-09
1.36223e-07
5.70042e-08
5.67192e-08
5.71584e-08
5.64239e-08
5.33058e-08
5.36829e-08
5.53193e-08
5.44505e-08
4.87391e-08
5.49854e-08
5.51121e-08
5.65915e-08
5.73477e-08
5.72926e-08
5.92605e-08
5.86202e-08
5.75665e-08
5.74259e-08
5.47258e-08
5.56761e-08
5.60531e-08
5.47054e-08
3.89648e-07
1.28957e-07
4.67616e-08
5.65214e-08
9.12313e-08
5.30981e-08
1.06844e-07
5.954e-08
6.19182e-08
0
1.49674e-07
3.04143e-08
2.34971e-08
3.46141e-08
5.56726e-08
5.71022e-08
5.91593e-08
5.54763e-08
5.63207e-08
5.58144e-08
8.63766e-08
2.73726e-08
5.60113e-08
5.54183e-08
5.67147e-08
6.0394e-08
5.89281e-08
5.62048e-08
5.56016e-08
5.49199e-08
5.63609e-08
5.73049e-08
5.66353e-08
5.48728e-08
4.97808e-08
5.34002e-08
5.5898e-08
5.6571e-08
5.67328e-08
5.63984e-08
5.71311e-08
5.7217e-08
5.68358e-08
5.7904e-08
5.56432e-08
5.47139e-08
5.36417e-08
5.85653e-08
5.99728e-08
1.98621e-08
1.02133e-07
5.8278e-08
5.65005e-08
5.88493e-08
5.61143e-08
5.54047e-08
5.61475e-08
5.39146e-08
5.36368e-08
5.44366e-08
5.50377e-08
5.68058e-08
6.09688e-08
5.99534e-08
5.86133e-08
5.74606e-08
5.70618e-08
9.15099e-08
5.40765e-08
3.17033e-08
6.97504e-08
4.3918e-08
1.34519e-07
5.35554e-08
5.49027e-08
1.31873e-07
4.78657e-07
2.94136e-08
1.29882e-07
6.14745e-08
5.65738e-08
5.76026e-08
5.76362e-08
5.84332e-08
6.00792e-08
5.54178e-08
5.88539e-08
5.76526e-08
6.42131e-08
5.03327e-08
5.69182e-08
6.26152e-08
6.25191e-08
9.13119e-08
4.21468e-08
2.65087e-08
5.61902e-08
5.62479e-08
5.71825e-08
5.74956e-08
5.8622e-08
5.60427e-08
5.69304e-08
5.67679e-08
5.58101e-08
5.66507e-08
5.61346e-08
5.65572e-08
5.61208e-08
5.62757e-08
5.5639e-08
5.85904e-08
5.64177e-08
5.75891e-08
7.06571e-08
4.51026e-08
5.61654e-08
5.85505e-08
5.53639e-08
5.3895e-08
5.49257e-08
5.69736e-08
6.22833e-08
7.29008e-09
4.85952e-08
1.17096e-07
6.99197e-08
5.7764e-08
3.20942e-08
7.87547e-08
5.66033e-08
5.45426e-08
5.44191e-08
5.38813e-08
5.33004e-08
5.46506e-08
5.78321e-08
5.74797e-08
5.99132e-08
5.80673e-08
5.77469e-08
9.71574e-08
9.46697e-08
6.14836e-08
1.51087e-08
6.23244e-08
9.80764e-08
5.49503e-08
5.3815e-08
5.63759e-08
6.00505e-07
2.01724e-07
5.41423e-08
5.50689e-08
5.7973e-08
5.55322e-08
5.67354e-08
5.71082e-08
5.34252e-08
5.88073e-08
5.84422e-08
5.80591e-08
6.12072e-08
5.81632e-08
8.67308e-08
3.35143e-08
8.59141e-08
2.37532e-08
5.56903e-08
5.61039e-08
5.47143e-08
5.82194e-08
6.36081e-08
5.58922e-08
5.9214e-08
2.77185e-08
8.16678e-08
2.80692e-08
7.28835e-08
5.46403e-08
5.5901e-08
5.50672e-08
5.63551e-08
5.61364e-08
5.5853e-08
5.62662e-08
5.60117e-08
6.71345e-08
1.33178e-07
0
5.75323e-08
5.63336e-08
5.60992e-08
5.79647e-08
5.71685e-08
5.65816e-08
5.81211e-08
5.80848e-08
5.80433e-08
5.69538e-08
5.83148e-08
5.73467e-08
5.85842e-08
6.32191e-08
6.29967e-08
1.39364e-08
5.98972e-08
1.00099e-07
5.51747e-08
5.5157e-08
5.46889e-08
5.53653e-08
8.58038e-08
6.96033e-08
1.5865e-08
5.76433e-08
5.69636e-08
5.58957e-08
5.8403e-08
5.70283e-08
5.68701e-08
5.55748e-08
5.59288e-08
5.60731e-08
5.51199e-08
5.89727e-07
2.10001e-07
5.30205e-08
5.86843e-08
5.36509e-08
5.80216e-08
5.58157e-08
5.84583e-08
5.7022e-08
8.9408e-08
2.57239e-08
5.85554e-08
5.72736e-08
5.66308e-08
5.68455e-08
6.03059e-08
6.56675e-08
5.23691e-08
5.86505e-08
5.84271e-08
6.04932e-08
6.29367e-08
5.67117e-08
5.83853e-08
5.9972e-08
2.61398e-08
4.71497e-08
9.04846e-08
5.43782e-08
5.62774e-08
5.72384e-08
5.76447e-08
5.56333e-08
5.63268e-08
5.68117e-08
5.54248e-08
5.6273e-08
5.62881e-08
5.80232e-08
6.2662e-08
6.08128e-08
5.91818e-08
5.69454e-08
5.73867e-08
5.61237e-08
5.67518e-08
5.69787e-08
5.71761e-08
5.7587e-08
5.66096e-08
5.77455e-08
5.88638e-08
5.77094e-08
6.07427e-08
5.29685e-08
5.7978e-08
5.54116e-08
5.10844e-08
5.70567e-08
5.72667e-08
5.64592e-08
5.57583e-08
8.46562e-08
5.52521e-08
3.16168e-08
5.83714e-08
5.79575e-08
5.45054e-08
5.77488e-08
2.13878e-08
1.78313e-08
5.82764e-08
6.28595e-08
5.701e-08
6.08042e-08
1.64602e-07
4.40176e-07
8.18905e-08
6.3255e-08
4.59875e-08
6.00137e-08
5.69313e-08
5.61763e-08
6.42871e-08
1.32479e-07
1.59014e-08
3.07233e-08
5.60681e-08
7.75144e-08
1.12447e-07
6.29448e-08
0
5.72571e-08
5.74084e-08
5.74463e-08
5.90172e-08
5.65921e-08
6.0869e-08
1.49956e-08
7.68502e-08
8.39298e-08
5.64814e-08
5.57398e-08
5.4102e-08
5.54661e-08
5.58497e-08
5.60997e-08
5.30117e-08
5.81812e-08
5.58482e-08
5.60828e-08
5.49917e-08
5.45797e-08
5.2396e-08
5.93224e-08
5.67697e-08
5.68659e-08
5.74852e-08
5.71805e-08
5.69263e-08
5.6447e-08
5.70521e-08
5.74223e-08
5.75355e-08
7.52907e-08
3.95984e-08
5.68822e-08
5.70317e-08
5.92885e-08
5.49463e-08
5.51784e-08
5.50695e-08
5.55591e-08
9.84639e-08
1.538e-08
0
5.62193e-08
5.69407e-08
5.87119e-08
5.79495e-08
5.11135e-08
5.69376e-08
5.42546e-08
2.1423e-09
5.36593e-08
5.74201e-08
5.68833e-08
6.01547e-08
6.06843e-08
5.7479e-08
3.64241e-07
3.26541e-07
4.4524e-08
5.61429e-08
5.67535e-08
5.74404e-08
5.70252e-08
5.63955e-08
5.68805e-08
5.83903e-08
5.66397e-08
5.44209e-08
5.60379e-08
1.38765e-07
5.37205e-08
1.49492e-08
5.06494e-08
5.31823e-08
5.80765e-08
4.2046e-08
5.63174e-08
5.68002e-08
5.78267e-08
6.13372e-08
6.20494e-08
5.50963e-08
5.72189e-08
5.63557e-08
5.33219e-08
5.63082e-08
5.62462e-08
5.59901e-08
5.79221e-08
5.65298e-08
5.63327e-08
5.63437e-08
5.75232e-08
5.52966e-08
5.64303e-08
6.20964e-08
6.03976e-08
5.85539e-08
1.59791e-08
1.05295e-07
5.54201e-08
5.62405e-08
5.71913e-08
5.63731e-08
5.72507e-08
6.19816e-08
5.84521e-08
5.81417e-08
5.68817e-08
5.62487e-08
5.75666e-08
5.77453e-08
5.64803e-08
6.44285e-08
9.45286e-08
1.19845e-08
1.35895e-07
5.7574e-08
5.15926e-08
2.87225e-08
3.42025e-08
1.08803e-07
1.40716e-08
4.25793e-08
4.84418e-08
1.40595e-07
5.81846e-08
0
5.54638e-08
8.31669e-08
1.01111e-07
3.72625e-07
3.19434e-07
5.17022e-08
5.21805e-08
6.02689e-08
5.63955e-08
5.83674e-08
5.69165e-08
5.74119e-08
5.69955e-08
0
5.59792e-08
5.62677e-08
5.55324e-08
1.34816e-07
5.56716e-08
5.6505e-08
5.74982e-08
6.52077e-08
4.90983e-08
5.71109e-08
6.20296e-08
5.16778e-08
5.61429e-08
5.65238e-08
5.25607e-08
4.90992e-08
5.58994e-08
5.84186e-08
5.71688e-08
5.63347e-08
5.60516e-08
5.6033e-08
5.6541e-08
5.6078e-08
6.04439e-08
5.49514e-08
5.50748e-08
5.74793e-08
5.83776e-08
5.93476e-08
5.7273e-08
5.6418e-08
5.66146e-08
5.44206e-08
5.67931e-08
5.6793e-08
5.80564e-08
5.77916e-08
6.26222e-08
5.57351e-08
5.95278e-08
5.72151e-08
5.74918e-08
5.68439e-08
5.65776e-08
5.81575e-08
5.58589e-08
8.0905e-08
2.99705e-08
5.71543e-08
5.48592e-08
0
5.72152e-08
5.77586e-08
1.48085e-07
6.10565e-08
5.49816e-08
5.32673e-08
5.69591e-08
5.62513e-08
1.39284e-07
5.58958e-08
5.8736e-08
5.7018e-08
1.73715e-07
4.71782e-07
1.1039e-07
5.82692e-08
6.03554e-08
5.6825e-08
5.77387e-08
5.88022e-08
5.92545e-08
5.8375e-08
0
5.89789e-08
5.80094e-08
5.56562e-08
5.61861e-08
5.67184e-08
8.69089e-08
9.8377e-08
5.77842e-08
5.74129e-08
5.74757e-08
5.64298e-08
5.64404e-08
5.76266e-08
5.77918e-08
5.70498e-08
5.7283e-08
5.16053e-08
5.65392e-08
5.7586e-08
5.75236e-08
5.76512e-08
5.69306e-08
5.37868e-08
5.29733e-08
5.61954e-08
5.70488e-08
5.59905e-08
5.65172e-08
4.97378e-08
5.93399e-08
5.97981e-08
5.70995e-08
5.7277e-08
5.64638e-08
5.70018e-08
5.75744e-08
5.91796e-08
5.82197e-08
5.80264e-08
5.66088e-08
5.62174e-08
5.39181e-08
5.30837e-08
5.55291e-08
5.8566e-08
1.71267e-08
2.57593e-08
5.67368e-08
5.70071e-08
1.38237e-07
5.96549e-08
3.1089e-08
6.98823e-09
4.91028e-08
7.16372e-08
1.31306e-07
5.54905e-08
5.52077e-08
5.54251e-08
5.5941e-08
1.33857e-07
5.44004e-08
5.92427e-08
2.23773e-08
3.17574e-07
3.84123e-07
6.00811e-08
5.1289e-08
5.66849e-08
5.40874e-08
5.07692e-08
5.34318e-08
5.70329e-08
5.67389e-08
5.68525e-08
5.73185e-08
5.55437e-08
0
5.59464e-08
5.60077e-08
5.71737e-08
5.81981e-08
5.90094e-08
6.78951e-08
1.23028e-07
5.53603e-08
5.74053e-08
5.86681e-08
5.76749e-08
5.71093e-08
5.28114e-08
5.42632e-08
5.5066e-08
5.58321e-08
5.84727e-08
5.87031e-08
5.83184e-08
6.09814e-08
5.56019e-08
5.55851e-08
5.48637e-08
5.49993e-08
5.61993e-08
5.72336e-08
1.14505e-07
2.7469e-09
5.78254e-08
5.66916e-08
5.73054e-08
5.72006e-08
5.84349e-08
5.8967e-08
5.89068e-08
5.73366e-08
5.67837e-08
5.75646e-08
5.78536e-08
5.57873e-08
5.27614e-08
5.45404e-08
5.62234e-08
5.6695e-08
5.87508e-08
1.58763e-08
3.15714e-08
5.82456e-08
5.62453e-08
6.8102e-08
1.31203e-07
6.0476e-08
5.86657e-08
5.62919e-08
5.64633e-08
5.53869e-08
5.52877e-08
5.57172e-08
7.2563e-08
1.2262e-07
0
1.71131e-07
4.51218e-07
3.40924e-08
1.26607e-07
5.43014e-08
6.20942e-08
2.67411e-08
7.51215e-09
5.62977e-08
5.65632e-08
1.42234e-07
6.24148e-08
5.47709e-08
5.35754e-08
5.42104e-08
2.06194e-08
1.58966e-08
5.82585e-08
5.95488e-08
5.94531e-08
1.40191e-07
5.46887e-08
5.81551e-08
5.78087e-08
5.63495e-08
5.54253e-08
5.57987e-08
5.63863e-08
5.71355e-08
5.6236e-08
5.95024e-08
6.05431e-08
5.80605e-08
5.46651e-08
5.42596e-08
5.47778e-08
5.55706e-08
5.63253e-08
5.54659e-08
1.45206e-07
6.13047e-08
0
5.55409e-08
5.30351e-08
5.17533e-08
6.0349e-08
6.17345e-08
5.8144e-08
1.60299e-08
5.46321e-08
5.28601e-08
7.559e-08
8.49838e-08
5.57967e-08
5.59144e-08
5.42529e-08
5.53361e-08
5.4974e-08
5.21568e-08
9.66378e-09
8.28465e-08
8.18315e-08
5.18619e-08
5.57722e-08
5.98719e-08
5.898e-08
5.79933e-08
5.74158e-08
5.78174e-08
5.70956e-08
5.66771e-08
5.69741e-08
0
5.74144e-08
1.15021e-07
3.9929e-07
3.11429e-07
3.86296e-08
5.67069e-08
5.7509e-08
5.59501e-08
9.06729e-08
2.47659e-08
5.90207e-08
5.67418e-08
5.79949e-08
5.75306e-08
5.85016e-08
5.56424e-08
5.29463e-08
5.30734e-08
5.253e-08
5.87177e-08
5.84337e-08
5.84368e-08
5.52865e-08
5.47838e-08
6.00878e-08
0
5.74146e-08
7.51256e-08
1.1394e-07
5.637e-08
5.65593e-08
5.63552e-08
5.55909e-08
5.72084e-08
5.72731e-08
5.27158e-08
5.05309e-08
5.06556e-08
5.5514e-08
5.59615e-08
5.64016e-08
5.94751e-08
5.87804e-08
5.96371e-08
5.71763e-08
5.61214e-08
5.6867e-08
6.16648e-08
1.2479e-08
3.8928e-08
5.78512e-08
5.65972e-08
5.52839e-08
5.63502e-08
1.4369e-07
5.64974e-08
5.50356e-08
5.50387e-08
5.65992e-08
5.71733e-08
5.55119e-08
5.23154e-08
5.35198e-08
5.62593e-08
5.32638e-08
5.37711e-08
5.67129e-08
5.85615e-08
5.8227e-08
5.72696e-08
5.704e-08
5.6461e-08
5.58881e-08
5.52999e-08
0
5.42914e-08
5.71811e-08
1.31873e-07
2.9762e-07
3.7068e-08
5.52662e-08
5.69691e-08
1.41403e-07
5.83079e-08
1.96193e-08
2.03485e-08
5.51773e-08
5.309e-08
1.41346e-07
5.87133e-08
2.03013e-08
8.91795e-08
5.55209e-08
5.65339e-08
5.93705e-08
5.69211e-08
5.99055e-08
2.08243e-08
5.19549e-08
5.44486e-08
1.01504e-07
5.62806e-08
4.97463e-08
5.68244e-08
2.6843e-08
3.83097e-08
1.02172e-07
5.69108e-08
5.77598e-08
5.8896e-08
5.57288e-08
4.92496e-08
5.51072e-08
5.60613e-08
5.52618e-08
5.6721e-08
5.83531e-08
5.60174e-08
2.31455e-08
3.90309e-08
7.24029e-08
6.47154e-08
8.3543e-08
8.27269e-09
4.70136e-08
5.69133e-08
5.57807e-08
5.5118e-08
1.37637e-07
5.69858e-08
5.6031e-08
5.55254e-08
5.5787e-08
5.72912e-08
6.05057e-08
5.59497e-08
5.39932e-08
5.39428e-08
5.55681e-08
5.72482e-08
5.65992e-08
5.7748e-08
5.86283e-08
5.92388e-08
5.80482e-08
5.6933e-08
5.64217e-08
5.55367e-08
5.53158e-08
5.21622e-08
5.08873e-08
5.48182e-08
2.77923e-07
6.50197e-07
1.26084e-07
5.72817e-08
6.09969e-08
5.91809e-08
6.03295e-08
7.1366e-08
4.43496e-08
5.6961e-08
5.73089e-08
0
5.67221e-08
5.72065e-08
5.68376e-08
5.24835e-08
5.30765e-08
5.53789e-08
5.89392e-08
5.89748e-08
5.84306e-08
5.61266e-08
5.58637e-08
5.81265e-08
5.68003e-08
5.6346e-08
5.62942e-08
5.56405e-08
5.33599e-08
5.54853e-08
5.60732e-08
5.63002e-08
5.76035e-08
6.04067e-08
5.5095e-08
5.60948e-08
5.61588e-08
5.46854e-08
5.16075e-08
5.92675e-08
5.55884e-08
5.97553e-08
5.89728e-08
5.59424e-08
5.87553e-08
5.93738e-08
6.21406e-08
5.90069e-08
5.39987e-08
5.24522e-08
5.44819e-08
5.79725e-08
5.8607e-08
5.59709e-08
5.69132e-08
5.65302e-08
5.58437e-08
5.72168e-08
5.66088e-08
5.56245e-08
5.63879e-08
5.59344e-08
5.6644e-08
5.64938e-08
5.71509e-08
5.76619e-08
5.94851e-08
5.94577e-08
5.69204e-08
5.73003e-08
5.61199e-08
5.53468e-08
5.66192e-08
5.65956e-08
5.87569e-08
1.31873e-07
2.64743e-07
9.06144e-08
6.10717e-08
5.34786e-08
5.76481e-08
5.70457e-08
5.71683e-08
5.689e-08
5.69734e-08
5.88113e-08
5.76669e-08
5.6285e-08
5.56544e-08
5.65864e-08
6.09663e-08
5.77424e-08
5.70689e-08
5.6165e-08
6.02795e-08
1.07515e-07
1.16458e-08
5.61544e-08
5.63284e-08
5.74821e-08
5.67665e-08
5.71228e-08
5.80799e-08
5.58482e-08
5.54439e-08
5.54571e-08
5.6733e-08
5.7422e-08
5.63881e-08
5.31833e-08
5.20803e-08
5.67342e-08
5.74815e-08
2.38929e-08
8.67165e-08
5.63823e-08
5.78191e-08
5.89857e-08
5.66675e-08
5.662e-08
5.80532e-08
5.92387e-08
5.85312e-08
5.4712e-08
5.57793e-08
5.95598e-08
5.76496e-08
5.78642e-08
5.75596e-08
5.72748e-08
5.95169e-08
5.64192e-08
5.71255e-08
5.63138e-08
5.55405e-08
5.54746e-08
5.81335e-08
5.68908e-08
5.58387e-08
5.65425e-08
5.6121e-08
5.79744e-08
5.95565e-08
5.66206e-08
5.67784e-08
5.68798e-08
5.48969e-08
5.59493e-08
5.71002e-08
5.70065e-08
1.30351e-06
1.18183e-07
5.50652e-08
6.02418e-08
5.40442e-08
5.9621e-08
5.76676e-08
5.69053e-08
7.47639e-08
1.18249e-07
5.94269e-08
5.56431e-08
5.48438e-08
5.39175e-08
5.33539e-08
5.87285e-08
8.92927e-09
4.09196e-08
5.56701e-08
9.18582e-08
9.84993e-08
0
5.68854e-08
5.59998e-08
5.62466e-08
5.61111e-08
5.64142e-08
5.47318e-08
5.73282e-08
5.74762e-08
5.73315e-08
5.64513e-08
5.68238e-08
5.67255e-08
5.62989e-08
5.54667e-08
5.78426e-08
5.70663e-08
5.80301e-08
7.6787e-09
4.25035e-08
1.42542e-07
5.89032e-08
5.63736e-08
5.61703e-08
5.89479e-08
6.12135e-08
5.64108e-08
5.1497e-08
5.75794e-08
5.61417e-08
5.57059e-08
5.61593e-08
5.81379e-08
5.53144e-08
5.88922e-08
5.87816e-08
0
6.28154e-08
1.24863e-07
5.74663e-08
5.66171e-08
5.6417e-08
5.67974e-08
5.85737e-08
5.91672e-08
5.88435e-08
5.884e-08
5.719e-08
5.73827e-08
5.72425e-08
5.69058e-08
5.72951e-08
5.74523e-08
6.01659e-08
1.063e-06
5.01422e-08
5.43745e-08
5.6706e-08
5.69285e-08
5.77529e-08
5.72292e-08
5.65514e-08
5.67146e-08
5.83104e-08
1.00861e-07
9.06846e-08
5.43922e-08
5.53942e-08
6.06336e-08
2.5324e-08
1.25084e-08
5.93021e-08
5.82574e-08
5.68442e-08
5.90477e-08
5.85398e-08
5.68856e-08
5.66106e-08
5.69252e-08
5.72737e-08
5.72966e-08
5.68116e-08
5.87817e-08
3.01541e-08
4.69388e-09
5.81079e-08
5.66539e-08
5.4437e-08
1.42894e-07
5.44644e-08
5.81472e-08
5.29939e-08
5.30032e-08
5.04636e-08
5.65333e-08
5.5862e-08
5.60451e-08
5.85674e-08
5.74178e-08
5.7079e-08
5.90713e-08
5.84447e-08
7.48334e-08
4.35084e-08
5.40856e-08
5.64428e-08
5.5745e-08
5.64819e-08
5.45826e-08
5.69069e-08
5.78112e-08
5.53191e-08
5.46304e-08
5.68841e-08
5.73668e-08
5.59502e-08
5.6834e-08
5.66257e-08
5.63389e-08
6.04983e-08
5.64339e-08
5.50587e-08
5.82339e-08
5.99943e-08
5.74109e-08
6.00854e-08
5.75785e-08
5.74808e-08
5.79637e-08
1.31873e-07
2.20827e-07
5.40036e-08
5.6218e-08
5.46319e-08
1.39715e-07
5.46391e-08
5.86329e-08
0
5.63959e-08
6.34193e-08
1.33634e-07
5.68298e-08
5.7686e-08
5.90394e-08
5.55017e-08
5.38761e-08
5.96149e-08
0
5.6255e-08
5.57286e-08
5.78714e-08
5.71656e-08
5.6569e-08
5.54972e-08
5.69487e-08
5.68962e-08
5.6384e-08
5.2537e-08
5.74206e-08
5.97478e-08
0
5.58236e-08
5.60902e-08
5.44629e-08
1.38445e-07
5.49529e-08
5.53491e-08
5.75713e-08
5.62753e-08
5.60781e-08
5.39649e-08
5.43426e-08
6.02565e-08
5.82528e-08
5.70393e-08
5.74817e-08
5.85684e-08
8.02146e-08
3.17148e-08
5.81598e-08
5.88895e-08
5.88745e-08
5.80049e-08
5.73991e-08
1.10882e-07
1.22546e-09
8.64426e-08
9.4901e-08
5.54821e-08
5.72851e-08
5.67461e-08
5.70292e-08
5.73439e-08
5.50245e-08
5.67727e-08
5.73113e-08
5.73475e-08
5.92091e-08
5.72103e-08
5.90966e-08
5.82912e-08
5.56656e-08
5.29622e-08
5.71023e-08
4.36196e-07
4.57805e-07
1.10424e-07
5.64127e-08
5.46e-08
5.50093e-08
5.69664e-08
5.82144e-08
5.68623e-08
5.54797e-08
5.55156e-08
5.73982e-08
5.73307e-08
9.0718e-08
1.00089e-07
5.66037e-08
5.26863e-08
2.83308e-08
7.02503e-09
1.31043e-07
8.72002e-08
8.99418e-08
5.62915e-08
5.6023e-08
5.58444e-08
5.69481e-08
5.728e-08
5.56713e-08
5.66414e-08
5.64697e-08
5.94332e-08
5.79163e-08
5.83965e-08
5.69228e-08
5.56956e-08
5.52833e-08
5.62495e-08
5.7977e-08
5.57362e-08
5.56187e-08
5.15516e-08
5.7736e-08
6.18138e-08
5.49746e-08
5.64286e-08
5.72504e-08
5.72955e-08
5.53877e-08
5.89712e-08
5.78656e-08
5.89715e-08
5.89177e-08
6.03176e-08
5.82883e-08
5.76431e-08
0
5.45163e-08
5.77324e-08
5.64577e-08
5.62661e-08
5.69503e-08
5.64143e-08
6.02419e-08
5.77379e-08
5.86111e-08
5.64636e-08
5.74235e-08
5.65825e-08
5.64817e-08
5.71177e-08
5.85939e-08
6.07815e-08
5.52757e-08
5.75536e-08
5.63305e-08
1.31873e-07
5.39645e-07
1.1059e-08
5.46303e-08
5.2775e-08
5.61602e-08
5.75156e-08
5.93912e-08
5.81584e-08
6.01369e-08
5.97006e-08
5.93185e-08
6.13722e-08
6.06327e-08
5.75513e-08
8.32043e-08
6.00515e-08
2.20757e-08
1.34791e-07
5.46268e-08
5.5112e-08
2.36146e-09
1.36748e-07
5.68428e-08
5.5353e-08
5.62814e-08
5.62665e-08
5.66467e-08
6.65033e-08
4.84864e-08
5.81563e-08
5.87345e-08
5.93326e-08
5.74147e-08
5.59751e-08
5.59647e-08
5.59369e-08
5.69352e-08
5.60341e-08
5.50041e-08
5.57133e-08
5.19385e-08
5.67112e-08
5.67635e-08
5.32564e-08
5.73809e-08
5.63466e-08
5.68162e-08
5.65992e-08
5.96805e-08
5.74262e-08
5.98157e-08
5.7784e-08
5.7756e-08
1.36039e-07
5.31099e-08
5.97283e-08
5.67836e-08
5.59821e-08
2.91287e-08
4.77656e-09
5.60429e-08
5.62743e-08
5.59356e-08
5.75947e-08
5.66187e-08
5.80001e-08
0
5.80054e-08
5.94703e-08
5.7902e-08
5.68609e-08
1.43927e-07
5.59974e-08
5.62557e-08
1.34655e-06
4.57201e-08
1.33657e-07
5.38964e-08
5.76577e-08
5.62811e-08
5.64052e-08
5.69021e-08
8.18283e-08
6.24519e-08
2.83406e-08
5.53121e-08
5.55959e-08
5.54913e-08
5.63314e-08
5.85747e-08
5.95989e-08
5.5896e-08
5.64659e-08
5.66805e-08
0
5.58042e-08
5.46724e-08
5.41943e-08
5.66673e-08
5.27971e-08
5.54274e-08
5.87443e-08
1.16931e-07
4.82604e-08
6.65613e-08
8.2923e-08
0
5.653e-08
5.61272e-08
5.55287e-08
5.49812e-08
5.65052e-08
5.67905e-08
6.01638e-08
5.41319e-08
5.6217e-08
5.54745e-08
5.73379e-08
5.57655e-08
5.62571e-08
5.61559e-08
5.64148e-08
5.67711e-08
5.77671e-08
5.76888e-08
5.82824e-08
5.70185e-08
1.41529e-07
5.55137e-08
5.51315e-08
5.78186e-08
5.35428e-08
4.97402e-08
5.92501e-08
0
5.53682e-08
5.29757e-08
5.8573e-08
5.59704e-08
5.66605e-08
5.69371e-08
5.4448e-08
5.81528e-08
5.95908e-08
5.79266e-08
5.48371e-08
5.67696e-08
5.56877e-08
5.2845e-08
4.37035e-07
5.38535e-08
5.93809e-08
5.37185e-08
5.8451e-08
5.72508e-08
5.64005e-08
5.81167e-08
5.93067e-08
6.14261e-08
5.84763e-08
5.72976e-08
1.35449e-07
5.56197e-08
5.68871e-08
5.87471e-08
5.75409e-08
5.60326e-08
5.84177e-08
5.80938e-08
1.37787e-07
5.45286e-08
5.44739e-08
5.4652e-08
5.6423e-08
5.60569e-08
5.47363e-08
1.42045e-07
6.0098e-08
5.93588e-08
5.90586e-08
6.10069e-08
0
5.56181e-08
5.37477e-08
5.14136e-08
5.11279e-08
5.6429e-08
5.68691e-08
5.57137e-08
5.3126e-08
5.43717e-08
5.66839e-08
5.2927e-08
5.16728e-08
5.7642e-08
5.62272e-08
5.46592e-08
5.7238e-08
5.51949e-08
5.84536e-08
5.54042e-08
5.53423e-08
5.76105e-08
5.9622e-08
5.80229e-08
7.64492e-08
1.16169e-07
5.56649e-08
6.03711e-08
0
5.48673e-08
5.56642e-08
5.49838e-08
5.54349e-08
5.82752e-08
5.58871e-08
5.59248e-08
5.63819e-08
5.96471e-08
5.88513e-08
5.59872e-08
5.57692e-08
5.68752e-08
5.70667e-08
6.54944e-07
0
5.07416e-08
5.18362e-08
5.83889e-08
5.88724e-08
0
5.53517e-08
5.57653e-08
1.06009e-07
7.87259e-08
5.63877e-08
0
5.64987e-08
5.7572e-08
5.44362e-08
5.60543e-08
6.36293e-08
1.21455e-07
0
0
5.44917e-08
5.61847e-08
5.6823e-08
5.62262e-08
5.57364e-08
5.65657e-08
8.18855e-08
7.85269e-08
8.5721e-08
6.02807e-08
5.95308e-08
0
5.49905e-08
5.69838e-08
5.60281e-08
5.77659e-08
2.86615e-08
8.16572e-08
5.82133e-08
5.56757e-08
5.74111e-08
2.41234e-08
3.2181e-08
3.93975e-08
5.61541e-08
1.40588e-07
5.54051e-08
5.37445e-08
5.71483e-08
5.7404e-08
5.55384e-08
5.47118e-08
5.92636e-08
5.93537e-08
6.22831e-08
5.8342e-08
5.35336e-08
5.12866e-08
5.62408e-08
5.88766e-08
5.6313e-08
5.53955e-08
5.75886e-08
5.58329e-08
5.70981e-08
5.64275e-08
5.55644e-08
6.12741e-08
7.88853e-08
3.81821e-08
5.63445e-08
5.75315e-08
5.51332e-08
5.26994e-08
7.83468e-07
7.14553e-08
1.22537e-07
5.64958e-08
5.19406e-08
5.86359e-08
0
5.41791e-08
5.56413e-08
5.6706e-08
5.73303e-08
6.1132e-08
1.00685e-07
7.71413e-08
5.74773e-08
5.74321e-08
0
5.61257e-08
5.62779e-08
5.70549e-08
1.38683e-07
5.06089e-08
5.34928e-08
5.60933e-08
5.60509e-08
5.63391e-08
5.73923e-08
5.75978e-08
5.25012e-08
5.96011e-08
6.54125e-08
6.36198e-08
5.6219e-08
5.67343e-08
5.55251e-08
1.04109e-07
5.6619e-08
5.97756e-08
5.98594e-08
5.6775e-08
5.45868e-08
5.47792e-08
1.89858e-08
9.76041e-08
5.58517e-08
5.49367e-08
5.65303e-08
5.55404e-08
5.6126e-08
5.60083e-08
5.6999e-08
5.8945e-08
5.14956e-09
4.91126e-08
7.95889e-08
1.15417e-07
6.01203e-08
5.43537e-08
5.292e-08
5.76185e-08
5.63659e-08
5.3908e-08
5.53374e-08
5.96052e-08
5.73913e-08
5.6018e-08
5.49694e-08
5.81077e-08
7.75364e-08
8.11201e-08
1.2925e-08
5.60248e-08
5.63007e-08
5.56145e-08
5.53789e-08
1.03198e-06
7.52901e-08
4.10695e-08
1.05054e-07
7.58848e-08
6.19874e-08
0
5.66921e-08
5.64113e-08
5.59714e-08
1.38014e-07
5.51774e-08
2.50055e-08
8.21702e-08
5.60902e-08
1.42786e-07
5.73486e-08
0
2.24306e-08
8.91676e-08
5.86071e-08
5.64537e-08
5.46692e-08
5.63629e-08
5.89512e-08
6.0937e-08
0
5.73087e-08
1.03798e-07
7.87036e-08
5.72592e-08
5.8913e-08
5.74823e-08
5.53946e-08
1.3773e-07
7.48191e-08
5.66705e-08
6.01757e-08
5.76557e-08
5.68531e-08
5.42906e-08
5.37894e-08
5.47593e-08
5.66179e-08
5.71283e-08
5.6128e-08
5.55867e-08
5.56805e-08
5.3505e-08
5.93931e-08
5.95007e-08
6.10531e-08
5.70857e-08
5.66608e-08
5.704e-08
5.85745e-08
5.82844e-08
5.73467e-08
5.40723e-08
5.45664e-08
7.02689e-09
4.24565e-08
1.44538e-07
6.11825e-08
5.62254e-08
5.52207e-08
5.50891e-08
5.57666e-08
5.68073e-08
5.84814e-08
5.88769e-08
5.83251e-08
5.88864e-08
5.69574e-08
5.53702e-08
8.83623e-07
1.21422e-07
5.64206e-08
1.42269e-07
1.05862e-08
3.58565e-08
5.89301e-08
1.37964e-07
5.59784e-08
5.6709e-08
5.70853e-08
5.61566e-08
5.11036e-08
5.57783e-08
6.17868e-08
0
5.81089e-08
5.60383e-08
5.50455e-08
5.32462e-08
5.66816e-08
5.41567e-08
5.43186e-08
5.83302e-08
5.88599e-08
5.76601e-08
5.74683e-08
5.66256e-08
5.8051e-08
5.5163e-08
5.4675e-08
5.70761e-08
5.72332e-08
1.33583e-07
5.64457e-08
5.84955e-08
7.11167e-08
5.69406e-08
5.70925e-08
5.6115e-08
5.6487e-08
5.44608e-08
5.50888e-08
5.78899e-08
5.56214e-08
5.49125e-08
5.59094e-08
5.47305e-08
5.97435e-08
6.03648e-08
1.18281e-07
1.20348e-08
5.28577e-08
5.53034e-08
5.71734e-08
5.61256e-08
5.55661e-08
5.82298e-08
5.35862e-08
5.30163e-08
0
7.17009e-08
1.25463e-07
6.10471e-08
5.79256e-08
5.53132e-08
5.55955e-08
5.60584e-08
5.78067e-08
5.80728e-08
5.74363e-08
5.78357e-08
5.8765e-08
2.67404e-08
7.78127e-08
8.07347e-07
5.28039e-08
5.62775e-08
6.0046e-08
6.30254e-08
5.71951e-08
5.6883e-08
1.08878e-07
8.6855e-09
5.85904e-08
5.48501e-08
5.01488e-08
4.79921e-08
5.57866e-08
6.0537e-08
5.8931e-08
0
5.62569e-08
5.5549e-08
5.62438e-08
5.89231e-08
5.89784e-08
5.19558e-08
5.37533e-08
5.66163e-08
5.69955e-08
5.75717e-08
5.8074e-08
5.78929e-08
5.63231e-08
5.59355e-08
5.79151e-08
5.79954e-08
0
5.87616e-08
0
4.39873e-08
5.80586e-08
5.78994e-08
5.85708e-08
5.83771e-08
5.64513e-08
5.64569e-08
5.58594e-08
5.66425e-08
5.65233e-08
5.61399e-08
5.48468e-08
1.41795e-07
0
9.95462e-08
3.80277e-08
3.5814e-08
5.67366e-08
5.74895e-08
5.86721e-08
5.36677e-08
5.83629e-08
5.86363e-08
5.45888e-08
5.33994e-08
5.68428e-08
5.66532e-08
5.84889e-08
5.71512e-08
5.75477e-08
5.70482e-08
5.66333e-08
6.1053e-08
6.03341e-08
6.25455e-08
5.83626e-08
5.73481e-08
5.66776e-08
5.54685e-08
1.08124e-06
5.75886e-08
4.90599e-08
5.90534e-08
5.62518e-08
5.63566e-08
7.71611e-08
4.00561e-08
5.35656e-08
5.96068e-08
5.82287e-08
6.02672e-08
5.75542e-08
5.66799e-08
5.94689e-08
5.70907e-08
5.59824e-08
5.57737e-08
5.68886e-08
5.7171e-08
5.65854e-08
8.97853e-08
4.38767e-08
6.51707e-08
1.05485e-07
1.02199e-08
9.08233e-08
2.69374e-08
3.24143e-08
5.69621e-08
5.61957e-08
5.73919e-08
2.85415e-08
7.87898e-08
0
5.59087e-08
5.64989e-08
7.95273e-08
4.52844e-08
4.70114e-08
5.45016e-08
5.60841e-08
5.60016e-08
5.61034e-08
5.60748e-08
5.62188e-08
5.64275e-08
5.68649e-08
5.57827e-08
5.6929e-08
5.72648e-08
5.85856e-08
5.83055e-08
5.71466e-08
5.72309e-08
5.7631e-08
5.61622e-08
5.57215e-08
5.70801e-08
5.78787e-08
5.79141e-08
5.67683e-08
5.61412e-08
5.73279e-08
5.93537e-08
5.79267e-08
5.79672e-08
5.81037e-08
5.86998e-08
5.76287e-08
5.76446e-08
5.65961e-08
5.52328e-08
5.57523e-08
5.74405e-08
8.64438e-07
1.21883e-07
4.76192e-08
6.13298e-08
4.93771e-08
5.64597e-08
1.07593e-07
6.29702e-08
7.41383e-08
5.56923e-08
0
5.67001e-08
5.81471e-08
5.75783e-08
5.86095e-08
5.89968e-08
5.6615e-08
5.6831e-08
5.75077e-08
6.01024e-08
8.57958e-08
4.67674e-08
5.82844e-08
3.22413e-08
5.58796e-08
1.40945e-07
5.5925e-08
5.79366e-08
0
5.59009e-08
5.55041e-08
5.61816e-08
5.80393e-08
5.6955e-08
5.83378e-08
5.63042e-08
1.43989e-07
5.6675e-08
5.83828e-08
5.87469e-09
4.55222e-08
5.50388e-08
5.68127e-08
5.66717e-08
5.61432e-08
5.67954e-08
5.58392e-08
5.81852e-08
5.619e-08
5.63544e-08
5.52748e-08
6.06132e-08
5.97039e-08
5.67309e-08
5.82452e-08
5.56398e-08
5.44472e-08
5.49756e-08
1.016e-07
8.4287e-08
2.57677e-08
4.41599e-08
4.7801e-08
2.99935e-08
5.63299e-08
1.05263e-07
8.50524e-08
6.34479e-09
4.59996e-08
5.61383e-08
5.65938e-08
5.61929e-08
5.58752e-08
5.5586e-08
5.55478e-08
8.40979e-07
1.18494e-07
4.44939e-08
5.29448e-08
5.70523e-08
5.53388e-08
1.07986e-07
7.5015e-08
5.68241e-08
5.62761e-08
5.64093e-08
5.98062e-08
2.17949e-08
3.69076e-08
3.65705e-08
5.66621e-08
5.8276e-08
5.60534e-08
5.63785e-08
5.72375e-08
5.60805e-08
5.54768e-08
5.5157e-08
5.49348e-08
5.67681e-08
5.17335e-08
5.37447e-08
5.60224e-08
5.92579e-08
1.33804e-08
3.0995e-08
5.54897e-08
1.36191e-07
5.78177e-08
5.79593e-08
5.699e-08
5.73414e-08
5.76929e-08
5.87084e-08
5.88634e-08
5.69122e-08
5.72641e-08
5.72582e-08
5.64593e-08
5.66305e-08
5.80155e-08
5.81848e-08
6.03243e-08
5.48266e-08
5.51149e-08
5.59924e-08
5.68147e-08
5.99255e-08
5.92939e-08
5.78569e-08
5.63339e-08
5.55828e-08
5.71942e-08
8.45783e-08
1.02822e-07
3.08419e-08
2.73132e-08
3.25721e-08
5.83102e-08
5.75803e-08
1.43916e-07
3.13555e-08
3.0238e-09
5.56491e-08
5.45407e-08
5.60432e-08
5.62014e-08
5.52329e-08
5.55121e-08
5.62804e-08
1.07192e-06
6.79756e-08
4.53826e-08
5.29136e-08
5.69166e-08
6.31125e-08
5.18865e-08
5.33125e-08
2.49457e-08
7.91157e-08
5.56484e-08
5.59673e-08
5.73743e-08
5.64097e-08
5.75213e-08
5.81334e-08
5.72016e-08
5.65423e-08
5.66795e-08
5.84948e-08
5.59714e-08
5.56988e-08
5.77735e-08
5.93679e-08
5.71749e-08
5.86733e-08
5.73192e-08
5.74246e-08
6.11695e-08
1.94888e-08
9.35163e-08
5.615e-08
5.66106e-08
5.67344e-08
5.60836e-08
5.68971e-08
5.88388e-08
5.7197e-08
5.68009e-08
5.75418e-08
5.59805e-08
5.60965e-08
5.70275e-08
5.61552e-08
5.80548e-08
5.76723e-08
5.56174e-08
5.65631e-08
5.7798e-08
1.04508e-07
1.07322e-08
5.88073e-08
5.78054e-08
5.79007e-08
5.64283e-08
5.66532e-08
5.68672e-08
5.71768e-08
5.78896e-08
5.69178e-08
5.5355e-08
5.9697e-08
5.80547e-08
5.92712e-08
5.79563e-08
5.68518e-08
5.84587e-08
5.99906e-08
5.74753e-08
5.69878e-08
5.74221e-08
5.76164e-08
5.47507e-08
5.78966e-08
5.53593e-08
8.47971e-07
3.4319e-08
6.05608e-08
1.29113e-07
5.1847e-08
1.6269e-08
3.23654e-08
6.03849e-08
7.33953e-08
4.38488e-08
5.80712e-08
5.81763e-08
8.0479e-08
8.75827e-08
7.38714e-08
5.68092e-08
5.60466e-08
5.8119e-08
5.80248e-08
5.68632e-08
5.63999e-08
5.51424e-08
4.9806e-08
5.19441e-08
5.13749e-08
4.85527e-08
5.519e-08
5.61616e-08
5.85596e-08
5.95722e-08
5.74468e-08
5.5683e-08
5.645e-08
5.73491e-08
5.60722e-08
5.67665e-08
6.14833e-08
5.61997e-08
5.46508e-08
5.5466e-08
5.63725e-08
5.82135e-08
5.44249e-08
5.61602e-08
5.69597e-08
5.00245e-08
5.60962e-08
5.79906e-08
5.58587e-08
5.65683e-08
7.53202e-08
4.01718e-08
5.66438e-08
5.62594e-08
5.72387e-08
5.66146e-08
5.36201e-08
5.41643e-08
5.68574e-08
5.64182e-08
5.69083e-08
5.65662e-08
6.27683e-08
6.06449e-08
5.65675e-08
5.68496e-08
6.0712e-08
5.5017e-08
5.83325e-08
5.63572e-08
5.54759e-08
1.37328e-07
5.30938e-08
5.41741e-08
5.4488e-08
8.27196e-07
1.3116e-07
4.78166e-08
5.22046e-08
5.97432e-08
5.56599e-08
5.26236e-08
5.72182e-08
5.53636e-08
5.663e-08
6.17081e-08
5.85233e-08
5.72867e-08
5.70084e-08
5.82185e-08
5.7753e-08
5.66069e-08
1.4154e-07
5.50686e-08
5.61954e-08
5.89633e-08
5.75062e-08
5.29009e-08
4.83907e-08
5.4453e-08
2.66591e-08
7.22784e-08
5.4053e-08
5.75068e-08
5.85159e-08
5.76741e-08
5.78966e-08
5.81553e-08
5.86042e-08
5.64429e-08
5.23652e-08
5.57125e-08
5.32847e-08
5.31176e-08
5.10132e-08
5.67879e-08
5.44354e-08
5.65466e-08
5.73096e-08
5.61641e-08
5.80391e-08
5.79986e-08
5.48238e-08
5.70317e-08
5.51781e-08
5.75482e-08
5.72316e-08
5.6898e-08
5.77604e-08
5.88802e-08
5.21957e-08
5.4859e-08
5.56619e-08
5.54865e-08
5.19741e-08
4.94203e-08
5.08702e-08
6.04761e-08
5.98635e-08
5.638e-08
5.78583e-08
6.10277e-08
1.35592e-08
8.46499e-08
4.61064e-08
8.8254e-08
0
5.46444e-08
5.74512e-08
5.68836e-08
6.25625e-07
6.58428e-08
5.33297e-08
1.40913e-07
4.70054e-08
5.68168e-08
5.01582e-08
5.56882e-08
8.72213e-09
1.14338e-07
5.42135e-08
5.43795e-08
5.55973e-08
5.67347e-08
5.77265e-08
5.26905e-08
5.53864e-08
0
1.42105e-07
5.41784e-08
5.34579e-08
5.77608e-08
5.76192e-08
5.55529e-08
5.53619e-08
5.60053e-08
5.4775e-08
5.51816e-08
5.56612e-08
5.48146e-08
6.40262e-08
1.25221e-07
6.19406e-08
5.68772e-08
5.35476e-08
2.87132e-08
5.31607e-09
4.79592e-08
5.58327e-08
5.85989e-08
5.56006e-08
5.56705e-08
5.5701e-08
8.9677e-08
9.68041e-08
6.09091e-08
0
5.62432e-08
5.54825e-08
4.98525e-08
4.51791e-08
5.51915e-08
5.57625e-08
5.66559e-08
6.42435e-08
5.41036e-08
5.91622e-08
5.65113e-08
5.23685e-08
5.66655e-08
5.16949e-08
5.61321e-08
5.82037e-08
6.01992e-08
5.92727e-08
5.95302e-08
4.79961e-08
5.72372e-08
5.63997e-08
5.63609e-08
5.75943e-08
5.67803e-08
5.56011e-08
5.67609e-08
5.7086e-08
4.84231e-07
4.97347e-07
2.97496e-08
1.34072e-07
5.67704e-08
0
5.4336e-08
5.56307e-08
1.35335e-07
0
5.63245e-08
5.65766e-08
5.64421e-08
1.4419e-07
6.10449e-08
0
6.28217e-08
5.78815e-08
5.83255e-08
5.79884e-08
1.35045e-07
5.96525e-08
5.85312e-08
5.91193e-08
5.80532e-08
5.65506e-08
5.50969e-08
5.70823e-08
5.95032e-08
5.98369e-08
5.72973e-08
6.02531e-08
6.07374e-08
5.82298e-08
5.76492e-08
5.83453e-08
5.60596e-08
5.77913e-08
5.84391e-08
5.68318e-08
6.20799e-08
5.79795e-08
5.75287e-08
5.98597e-08
5.96624e-08
6.09601e-08
6.08615e-08
0
5.45368e-08
5.45965e-08
5.53556e-08
5.68806e-08
5.4254e-08
5.62446e-08
5.68188e-08
1.35541e-07
0
5.62462e-08
9.0399e-08
9.76507e-08
6.00535e-08
6.05792e-08
5.89397e-08
5.82625e-08
5.86811e-08
6.08184e-08
5.95728e-08
0
5.66366e-08
5.57643e-08
5.64849e-08
1.35897e-07
5.40417e-08
9.23106e-08
9.11685e-08
)
;


// ************************************************************************* //
