/*--------------------------------*- C++ -*----------------------------------*\
  =========                 |
  \\      /  F ield         | OpenFOAM: The Open Source CFD Toolbox
   \\    /   O peration     | Website:  https://openfoam.org
    \\  /    A nd           | Version:  12
     \\/     M anipulation  |
\*---------------------------------------------------------------------------*/
FoamFile
{
    format      ascii;
    class       IOPosition;
    location    "0.95/lagrangian/cloud";
    object      positions;
}
// * * * * * * * * * * * * * * * * * * * * * * * * * * * * * * * * * * * * * //

1629
(
(0.233486 0.383257 0.334965 0.0482919) 0 1 2
(0.386796 0.306602 0.172567 0.134035) 1 3 2
(0.375951 0.312025 0.170006 0.142019) 2 5 2
(0.102741 0.44863 0.208053 0.240577) 3 7 2
(0.00817838 0.200018 0.495911 0.295893) 79 9 1
(0.477661 0.26117 0.0762309 0.184939) 3 7378 1
(0.47335 0.263325 0.0177871 0.245538) 4 6 1
(0.138868 0.430566 0.236522 0.194043) 4 8 1
(0.499079 0.0852185 0.250461 0.165242) 5 7380 2
(0.17589 0.139798 0.412055 0.272257) 6 12 2
(0.347787 0.0891154 0.236991 0.326106) 7 15 1
(0.339843 0.269353 0.0607257 0.330078) 8 17 1
(0.274421 0.36279 0.317661 0.0451284) 9 19 2
(0.2391 0.332235 0.0482152 0.38045) 10 21 1
(0.492233 0.205752 0.0481312 0.253884) 11 23 1
(0.382675 0.106158 0.202505 0.308662) 12 25 1
(0.377738 0.167326 0.143804 0.311131) 13 27 1
(0.0892551 0.455372 0.275072 0.180301) 13 26 1
(0.557783 0.141334 0.221108 0.0797744) 14 7389 2
(0.522645 0.238678 0.204993 0.0336842) 15 7390 1
(0.30159 0.349205 0.0632293 0.285976) 16 30 1
(0.296111 0.351944 0.151876 0.200068) 18 34 1
(0.437495 0.0627878 0.218465 0.281253) 20 41 1
(0.366197 0.316901 0.289881 0.0270202) 21 43 2
(0.387845 0.306078 0.23115 0.0749276) 22 45 2
(0.345366 0.327317 0.100279 0.227038) 23 47 2
(0.483164 0.160865 0.258418 0.0975534) 23 7398 2
(0.463722 0.268139 0.0881152 0.180024) 24 7399 1
(0.379356 0.310322 0.0198253 0.290497) 25 7400 1
(0.544574 0.227713 0.103076 0.124637) 26 52 1
(0.237038 0.0968664 0.284614 0.381481) 27 55 1
(0.389256 0.186804 0.118568 0.305372) 28 57 1
(0.327372 0.336314 0.193619 0.142695) 29 58 1
(0.237046 0.381477 0.251749 0.129727) 105 61 2
(0.420051 0.289975 0.138823 0.151152) 31 63 2
(0.406998 0.296501 0.0243154 0.272186) 32 65 2
(0.140336 0.429832 0.289346 0.140486) 32 64 1
(0.228759 0.313681 0.385621 0.0719391) 108 67 1
(0.128062 0.435969 0.0582755 0.377694) 34 69 2
(0.0983019 0.27982 0.171029 0.450849) 34 69 1
(0.238395 0.380803 0.103907 0.276895) 35 71 2
(0.197948 0.24344 0.157586 0.401026) 35 71 1
(0.455572 0.272214 0.132208 0.140006) 36 7411 1
(0.438013 0.280994 0.241239 0.0397548) 37 7412 1
(0.402233 0.298883 0.2821 0.0167838) 38 7413 1
(0.486656 0.256672 0.0131311 0.243541) 39 76 1
(0.177391 0.234889 0.411305 0.176416) 114 79 1
(0.243841 0.37808 0.333819 0.0442606) 40 81 2
(0.28604 0.35698 0.251738 0.105242) 76 151 1
(0.0647823 0.25608 0.211529 0.467609) 77 154 1
(0.198193 0.400904 0.376218 0.024686) 79 155 1
(0.395821 0.30209 0.129116 0.172974) 80 157 1
(0.105257 0.249951 0.447371 0.197421) 81 13 1
(0.155136 0.422432 0.284234 0.138198) 155 160 2
(0.0800058 0.459997 0.18605 0.273947) 153 304 1
(0.117022 0.441489 0.0227702 0.418719) 81 162 2
(0.180967 0.0396093 0.369907 0.409516) 81 162 1
(0.249405 0.375297 0.22962 0.145677) 82 164 2
(0.319346 0.082354 0.257973 0.340327) 82 164 1
(0.241646 0.379177 0.00435567 0.374821) 83 166 2
(0.523334 0.238333 0.228641 0.00969221) 83 166 2
(0.334682 0.332659 0.0132225 0.319437) 87 171 1
(0.552158 0.166923 0.223921 0.0569979) 88 27 1
(0.217406 0.391297 0.305714 0.0855825) 90 31 2
(0.200643 0.399678 0.27753 0.122149) 91 33 2
(0.180481 0.409759 0.192514 0.217245) 17 35 2
(0.139629 0.249114 0.430185 0.181071) 93 37 1
(0.116487 0.441757 0.282802 0.158954) 91 182 2
(0.0387326 0.103124 0.480634 0.37751) 91 181 2
(0.26853 0.146383 0.219352 0.365735) 92 184 1
(0.378428 0.0165844 0.310786 0.294202) 96 43 1
(0.21444 0.39278 0.321263 0.0715174) 99 49 2
(0.00146181 0.301677 0.197592 0.499269) 25 51 1
(0.0522733 0.0944005 0.379463 0.473863) 95 190 1
(0.224001 0.388 0.384783 0.00321621) 171 340 1
(0.0781618 0.460919 0.0620818 0.398837) 173 342 1
(0.0522784 0.0214773 0.452384 0.473861) 98 196 1
(0.223711 0.342534 0.0456104 0.388145) 99 198 1
(0.153106 0.023787 0.423447 0.39966) 99 197 2
(0.182247 0.408877 0.275143 0.133734) 100 200 2
(0.357734 0.0901876 0.230946 0.321133) 100 200 1
(0.0556503 0.472175 0.14647 0.325705) 104 205 1
(0.0338653 0.483067 0.215278 0.26779) 106 209 1
(0.370012 0.314994 0.214706 0.100288) 106 211 1
(0.59195 0.0688651 0.204025 0.13516) 107 65 1
(0.145606 0.427197 0.0865561 0.340641) 108 216 2
(0.10174 0.0863022 0.44913 0.362828) 183 216 1
(0.477119 0.219063 0.26144 0.0423771) 184 218 1
(0.31976 0.34012 0.128724 0.211396) 110 219 1
(0.936688 0.0316562 0.0183145 0.0133417) 111 222 2
(0.0749865 0.303986 0.158521 0.462507) 182 360 2
(0.419311 0.0278161 0.290345 0.262528) 182 362 2
(0.24629 0.122089 0.376855 0.254766) 227 303 1
(0.371381 0.201009 0.31431 0.113301) 228 305 1
(0.183949 0.198219 0.209806 0.408025) 154 307 1
(0.272384 0.240187 0.123621 0.363808) 156 311 1
(0.560253 0.219873 0.0260983 0.193775) 158 166 2
(0.312864 0.343568 0.265568 0.0779996) 159 168 2
(0.159576 0.420212 0.37612 0.0440918) 160 170 2
(0.0992547 0.450373 0.395962 0.0544103) 160 318 1
(0.0135161 0.493242 0.0822391 0.411003) 162 174 2
(0.0418902 0.479055 0.0646301 0.414425) 90 180 2
(0.028286 0.485857 0.0318068 0.45405) 236 467 1
(0.260687 0.00286366 0.366793 0.369657) 161 321 1
(0.206461 0.39677 0.386589 0.0101801) 162 323 2
(0.0421277 0.0826548 0.396281 0.478936) 163 322 2
(0.263191 0.296401 0.0720031 0.368405) 163 325 1
(0.175039 0.0253001 0.38718 0.41248) 164 324 2
(0.22482 0.280821 0.106769 0.38759) 164 327 1
(0.176665 0.00342491 0.408243 0.411668) 165 326 2
(0.202746 0.262915 0.135712 0.398627) 165 329 1
(0.194533 0.402734 0.183052 0.219682) 166 331 2
(0.106088 0.0684248 0.378531 0.446956) 167 330 2
(0.48474 0.0861118 0.171518 0.25763) 168 335 1
(0.35105 0.324475 0.232689 0.091786) 170 339 2
(0.0759505 0.305489 0.156536 0.462025) 171 341 1
(0.0878861 0.345714 0.110343 0.456057) 172 343 1
(0.123004 0.382813 0.0556848 0.438498) 173 345 1
(0.338 0.331 0.223856 0.107145) 175 348 1
(0.282557 0.155757 0.358721 0.202964) 176 202 1
(0.0365518 0.376706 0.481724 0.105019) 178 206 1
(0.118033 0.304128 0.440984 0.136856) 179 208 1
(0.063978 0.310102 0.157909 0.468011) 177 353 1
(0.261362 0.280318 0.0890013 0.369319) 178 355 1
(0.274609 0.362696 0.0656575 0.297038) 180 356 1
(0.418207 0.0107654 0.290897 0.280131) 180 210 1
(0.585048 0.207476 0.0150268 0.192449) 181 212 2
(0.305726 0.0015958 0.347137 0.345541) 225 299 1
(0.212003 0.393999 0.0394226 0.354576) 227 452 2
(0.290583 0.354708 0.071115 0.283593) 303 454 2
(0.658444 0.170778 0.00850222 0.162276) 229 307 2
(0.41184 0.29408 0.110629 0.183451) 230 309 2
(0.241087 0.379456 0.255407 0.124049) 231 457 1
(0.182922 0.408539 0.138306 0.270232) 232 459 1
(0.125946 0.437027 0.0800916 0.356935) 233 461 1
(0.0767525 0.187363 0.274261 0.461624) 159 317 1
(0.171846 0.414077 0.371904 0.0421731) 307 610 1
(0.195179 0.136035 0.266375 0.40241) 233 464 1
(0.218547 0.390727 0.101873 0.288853) 234 466 2
(0.277888 0.0872595 0.273797 0.361056) 234 466 1
(0.0832993 0.287404 0.170946 0.45835) 235 468 1
(0.177814 0.411093 0.15749 0.253603) 236 470 2
(0.190205 0.144379 0.260519 0.404897) 236 470 1
(0.197728 0.401136 0.3582 0.0429357) 237 472 2
(0.192829 0.403585 0.243018 0.160567) 238 474 2
(0.15685 0.421575 0.274729 0.146846) 239 476 2
(0.180485 0.409758 0.282645 0.127112) 240 478 2
(0.189401 0.405299 0.331993 0.0733063) 241 480 2
(0.327274 0.140612 0.336363 0.195751) 242 333 1
(0.0717911 0.464104 0.112499 0.351605) 244 483 1
(0.405447 0.297277 0.122827 0.174449) 245 339 2
(0.263108 0.368446 0.06461 0.303836) 246 490 2
(0.106836 0.0681839 0.378398 0.446582) 247 489 2
(0.0710505 0.0843959 0.464475 0.380079) 247 491 2
(0.230992 0.0221037 0.384504 0.3624) 248 493 2
(0.243865 0.0780343 0.300033 0.378067) 249 496 1
(0.170849 0.0791023 0.335473 0.414575) 250 498 1
(0.00887502 0.495562 0.192237 0.303325) 252 502 2
(0.656644 0.171678 0.159676 0.0120013) 253 355 2
(0.35474 0.32263 0.229409 0.0932209) 254 357 2
(0.423574 0.0585198 0.288213 0.229693) 254 357 1
(0.352428 0.318708 0.323786 0.0050776) 255 359 1
(0.575577 0.089326 0.212211 0.122885) 301 450 1
(0.29755 0.351225 0.211063 0.140162) 376 747 1
(0.345927 0.127208 0.327036 0.199829) 377 601 1
(0.0259447 0.328324 0.158704 0.487028) 303 603 1
(0.124668 0.437666 0.173695 0.263971) 304 605 2
(0.116972 0.180017 0.261497 0.441514) 304 605 1
(0.10187 0.449065 0.279504 0.169561) 305 607 2
(0.150614 0.0447303 0.379963 0.424693) 305 607 1
(0.223439 0.388281 0.373124 0.0151571) 306 609 2
(0.100818 0.0665894 0.449591 0.383002) 306 608 2
(0.064485 0.00520727 0.467758 0.46255) 307 610 2
(0.47802 0.178046 0.0829436 0.26099) 309 612 2
(0.096465 0.0389386 0.451767 0.412829) 309 614 2
(0.132785 0.433608 0.0556437 0.377964) 311 619 2
(0.172635 0.239022 0.17466 0.413683) 312 621 1
(0.205923 0.0155669 0.381472 0.397039) 313 623 1
(0.000872854 0.0975029 0.402061 0.499564) 315 624 2
(0.0219685 0.102458 0.386558 0.489016) 316 626 2
(0.0940364 0.0744085 0.452982 0.378573) 316 628 2
(0.124774 0.058362 0.437613 0.379251) 317 630 2
(0.213111 0.32637 0.393444 0.0670744) 318 484 1
(0.285991 0.357005 0.0962195 0.260785) 319 486 2
(0.252438 0.373781 0.188027 0.185754) 320 488 2
(0.176577 0.0699965 0.411711 0.341715) 320 636 2
(0.428111 0.0266766 0.259268 0.285944) 321 639 1
(0.278584 0.291208 0.0694996 0.360708) 322 641 1
(0.262898 0.368551 0.356557 0.0119942) 323 643 2
(0.00259119 0.0713539 0.42735 0.498704) 324 645 1
(0.0963026 0.451849 0.0798278 0.372021) 402 797 1
(0.0394425 0.480279 0.204124 0.276155) 328 653 2
(0.133971 0.433014 0.129042 0.303973) 329 652 1
(0.240119 0.37994 0.263992 0.115948) 329 654 1
(0.561344 0.0421376 0.219328 0.17719) 330 508 1
(0.352725 0.323638 0.00210727 0.32153) 331 510 2
(0.202549 0.375523 0.398726 0.0232023) 375 597 1
(0.334006 0.332997 0.163233 0.169764) 450 746 2
(0.117426 0.441287 0.194954 0.246333) 451 894 1
(0.404083 0.297959 0.247099 0.0508594) 451 896 1
(0.538072 0.230964 0.00153957 0.229424) 452 750 2
(0.483073 0.258464 0.190263 0.0682009) 453 752 2
(0.426522 0.286739 0.00348742 0.283251) 454 900 1
(0.296111 0.351945 0.0362629 0.315682) 455 902 1
(0.013461 0.49327 0.100304 0.392965) 456 904 1
(0.607219 0.19639 0.116537 0.0798539) 382 757 1
(0.526981 0.23651 0.00733209 0.229178) 383 759 1
(0.118193 0.440903 0.22323 0.217674) 384 761 1
(0.0767139 0.461643 0.347121 0.114522) 385 763 1
(0.338934 0.0034532 0.32708 0.330533) 386 765 2
(0.200589 0.0434767 0.399706 0.356229) 387 769 2
(0.226358 0.0037449 0.386821 0.383076) 388 771 2
(0.201537 0.0110702 0.388161 0.399232) 389 774 1
(0.199606 0.00419934 0.400197 0.395998) 390 775 2
(0.200281 0.00658625 0.399859 0.393273) 391 777 2
(0.199137 0.0269523 0.373479 0.400431) 392 780 1
(0.259426 0.0792374 0.291049 0.370287) 393 782 1
(0.228506 0.330233 0.385747 0.0555137) 394 635 1
(0.412723 0.293639 0.123107 0.170532) 395 637 2
(0.459715 0.270143 0.128003 0.142139) 396 639 2
(0.293296 0.353352 0.0878416 0.26551) 397 790 2
(0.156454 0.0711496 0.350623 0.421773) 398 789 2
(0.0939063 0.100836 0.453047 0.352211) 398 791 2
(0.156549 0.421726 0.299612 0.122114) 475 796 2
(0.0956502 0.168753 0.283422 0.452175) 401 795 2
(0.349863 0.325069 0.00449495 0.320574) 476 944 1
(0.250584 0.374708 0.0129194 0.361789) 477 946 1
(0.0990856 0.450457 0.445793 0.00466402) 403 802 2
(0.108448 0.445776 0.160364 0.285412) 405 805 1
(0.346786 0.326607 0.280644 0.0459632) 525 895 2
(0.294988 0.352506 0.16927 0.183236) 526 897 2
(0.0378471 0.481076 0.395682 0.0853939) 527 1047 1
(0.0786992 0.46065 0.13772 0.322931) 529 903 2
(0.0076464 0.450808 0.496177 0.0453686) 530 905 1
(0.323292 0.338354 0.220538 0.117816) 456 906 1
(0.042981 0.478509 0.333927 0.144582) 457 908 1
(0.346314 0.326843 0.291234 0.0356089) 459 764 2
(0.379865 0.079661 0.310067 0.230406) 460 766 1
(0.231598 0.384201 0.0393953 0.344806) 462 916 1
(0.194007 0.0530343 0.349962 0.402996) 462 919 1
(0.260161 0.0956774 0.274242 0.369919) 463 921 1
(0.216883 0.204005 0.187553 0.391558) 464 923 1
(0.202479 0.211193 0.187568 0.398761) 465 925 1
(0.175434 0.00686614 0.405417 0.412283) 466 927 1
(0.16165 0.419175 0.0729753 0.3462) 468 931 2
(0.473317 0.210474 0.263342 0.0528681) 469 784 1
(0.33632 0.33184 0.0274773 0.304362) 470 786 2
(0.318729 0.340635 0.103345 0.23729) 471 788 2
(0.10245 0.448775 0.108976 0.339799) 472 939 2
(0.0321497 0.102815 0.483925 0.38111) 472 938 2
(0.195543 0.208337 0.193891 0.402228) 473 941 1
(0.275666 0.362167 0.322709 0.0394581) 474 943 2
(0.134547 0.432727 0.418152 0.014575) 475 945 2
(0.249109 0.375445 0.0868081 0.288637) 551 947 2
(0.178551 0.410725 0.0828709 0.327854) 552 1095 1
(0.279884 0.0345446 0.325513 0.360058) 477 949 1
(0.27409 0.0893919 0.362955 0.273563) 479 804 1
(0.0680605 0.218829 0.46597 0.24714) 600 1044 1
(0.128228 0.33205 0.103837 0.435886) 527 1048 1
(0.121981 0.0327513 0.406258 0.43901) 529 1049 2
(0.309134 0.345433 0.159475 0.185958) 531 1053 1
(0.308532 0.345734 0.229603 0.116131) 532 909 2
(0.281147 0.359426 0.136776 0.22265) 533 911 2
(0.247553 0.376224 0.0036503 0.372573) 534 913 2
(0.146868 0.00898802 0.426566 0.417578) 535 915 1
(0.381327 0.274482 0.0348541 0.309336) 536 1066 1
(0.468974 0.265513 0.101848 0.163665) 537 1068 2
(0.305106 0.0647505 0.282697 0.347447) 538 1067 2
(0.439971 0.280014 0.0912912 0.188723) 539 1072 2
(0.216379 0.39181 0.0156304 0.37618) 541 1076 2
(0.188343 0.3375 0.068328 0.405828) 542 1078 1
(0.177954 0.139818 0.271205 0.411023) 543 1080 1
(0.032836 0.0763406 0.407241 0.483582) 545 1081 2
(0.157231 0.421385 0.144078 0.277307) 546 1086 2
(0.13949 0.430255 0.32847 0.101785) 547 1088 2
(0.180175 0.409913 0.345743 0.0641698) 548 1090 2
(0.218316 0.390842 0.267694 0.123148) 549 1092 2
(0.214809 0.392596 0.129345 0.263251) 550 1094 2
(0.0578995 0.47105 0.244545 0.226505) 551 1096 2
(0.176633 0.411683 0.362768 0.0489156) 627 1246 1
(0.200851 0.047046 0.399575 0.352529) 628 1100 1
(0.27141 0.238151 0.364295 0.126144) 553 951 1
(0.291409 0.29191 0.354296 0.0623851) 554 953 1
(0.153279 0.423361 0.356185 0.0671754) 600 1193 2
(0.256626 0.371687 0.289132 0.0825549) 602 1197 2
(0.166142 0.0376904 0.379239 0.416929) 604 1198 2
(0.259449 0.370275 0.26456 0.105715) 605 1054 2
(0.297057 0.351472 0.0357341 0.315737) 606 1056 2
(0.246699 0.273753 0.37665 0.102898) 607 1058 1
(0.249882 0.11086 0.375059 0.264199) 608 1060 1
(0.253279 0.0980686 0.37336 0.275292) 609 1062 1
(0.334359 0.182749 0.332821 0.150072) 610 1064 1
(0.54763 0.112176 0.226185 0.114009) 611 1066 1
(0.412957 0.178873 0.293521 0.114648) 612 1068 1
(0.385058 0.0550423 0.307471 0.252429) 613 1070 1
(0.236674 0.381663 0.346706 0.0349566) 614 1220 1
(0.239633 0.106473 0.273711 0.380184) 615 1223 1
(0.218632 0.390684 0.0402024 0.350482) 617 1227 2
(0.189326 0.312238 0.0930987 0.405337) 618 1229 1
(0.0540652 0.0534454 0.472967 0.419522) 619 1230 2
(0.226698 0.386651 0.194989 0.191662) 697 1237 2
(0.0707145 0.464643 0.425571 0.0390717) 623 1239 2
(0.142732 0.172884 0.25575 0.428634) 624 1241 1
(0.099485 0.0247038 0.425554 0.450258) 626 1242 2
(0.125529 0.437236 0.170075 0.267161) 627 1247 2
(0.230143 0.16795 0.384928 0.216978) 703 1249 1
(0.0408074 0.479596 0.0494246 0.430172) 630 1253 2
(0.240826 0.379587 0.369802 0.0097849) 630 1104 2
(0.135476 0.432262 0.366565 0.065697) 630 1252 1
(0.704559 0.147721 0.0687511 0.0789695) 676 1344 2
(0.146275 0.138692 0.28817 0.426863) 678 1345 2
(0.334874 0.0387606 0.332563 0.293803) 679 1349 2
(0.23364 0.38318 0.358274 0.0249065) 681 1354 2
(0.0654067 0.396154 0.0711427 0.467297) 683 1358 1
(0.20735 0.396325 0.393541 0.00278361) 683 1357 1
(0.283048 0.182609 0.358476 0.175867) 684 1211 1
(0.340772 0.329614 0.0476787 0.281935) 685 1213 2
(0.360614 0.319693 0.275386 0.0443069) 686 1215 2
(0.0277904 0.486105 0.138856 0.347249) 687 1363 1
(0.282905 0.0308185 0.358547 0.327729) 687 1217 1
(0.208725 0.207105 0.395637 0.188533) 688 1219 1
(0.196484 0.226967 0.401758 0.174791) 689 1221 1
(0.541796 0.229102 0.0808912 0.148211) 691 1374 2
(0.305228 0.181349 0.166037 0.347386) 692 1376 1
(0.162233 0.0566308 0.418883 0.362253) 693 1377 2
(0.250398 0.374801 0.0978065 0.276994) 695 1382 2
(0.0850373 0.310021 0.14746 0.457481) 697 1386 1
(0.319691 0.0500067 0.290148 0.340154) 698 1388 1
(0.277683 0.011735 0.349423 0.361158) 701 1391 2
(0.245003 0.377498 0.329027 0.0484719) 777 1544 1
(0.000557842 0.499721 0.0172411 0.48248) 779 1400 2
(0.107578 0.251601 0.19461 0.446211) 705 1402 1
(0.226509 0.386746 0.347146 0.0395995) 706 1255 2
(0.336572 0.00339865 0.331714 0.328315) 706 1255 1
(0.290411 0.19227 0.354794 0.162524) 707 1257 1
(0.5206 0.2397 0.0557896 0.18391) 750 1342 2
(0.534868 0.232566 0.162135 0.0704305) 751 1493 2
(0.371907 0.202642 0.314047 0.111405) 752 1494 2
(0.807559 0.0962205 0.0547759 0.0414445) 754 1499 2
(0.665388 0.0563511 0.110955 0.167306) 755 1501 1
(0.282006 0.358997 0.231953 0.127044) 757 1505 2
(0.225454 0.182302 0.204971 0.387273) 759 1509 1
(0.190128 0.404936 0.00685881 0.398077) 761 1513 2
(0.128621 0.435689 0.356066 0.0796238) 763 1517 2
(0.100092 0.449954 0.20477 0.245184) 763 1368 2
(0.0350885 0.482456 0.0669983 0.415457) 764 1516 1
(0.260573 0.369713 0.00375732 0.365956) 764 1370 2
(0.0888147 0.455593 0.0534328 0.40216) 765 1518 1
(0.237191 0.287289 0.381404 0.0941153) 765 1372 1
(0.243286 0.378357 0.0441926 0.334164) 766 1520 1
(0.175704 0.412148 0.338984 0.0731647) 766 1522 1
(0.575788 0.071874 0.140232 0.212106) 768 1524 2
(0.509945 0.108953 0.136074 0.245028) 769 1529 1
(0.622642 0.082291 0.106388 0.188679) 770 1531 1
(0.733072 0.133464 0.0600619 0.0734019) 772 1534 1
(0.136768 0.431616 0.198471 0.233145) 774 1536 1
(0.0394496 0.480275 0.192828 0.287447) 776 1540 1
(0.168882 0.384995 0.0305635 0.415559) 778 1547 1
(0.268966 0.342053 0.0234634 0.365517) 780 1551 1
(0.149505 0.425248 0.374877 0.0503705) 781 1553 2
(0.437149 0.281425 0.246387 0.0350384) 782 1406 2
(0.387073 0.233538 0.306463 0.072925) 857 1555 1
(0.137861 0.43107 0.240288 0.190782) 783 1557 2
(0.0287867 0.485607 0.459678 0.0259289) 825 1491 2
(0.177438 0.411281 0.381683 0.0295979) 826 1493 2
(0.210375 0.394812 0.319248 0.0755646) 827 1495 2
(0.0927321 0.453634 0.178046 0.275588) 828 1497 2
(0.0195747 0.0526587 0.437554 0.490213) 754 1499 1
(0.115918 0.442041 0.302333 0.139708) 831 1503 2
(0.396241 0.301879 0.00138033 0.300499) 833 1656 2
(0.263551 0.368225 0.0266639 0.341561) 834 1658 2
(0.219988 0.359024 0.0309819 0.390006) 835 1660 1
(0.220217 0.222541 0.16735 0.389891) 836 1662 1
(0.200949 0.119995 0.279531 0.399525) 837 1664 1
(0.0161654 0.491917 0.181346 0.310572) 839 1665 1
(0.338668 0.0399221 0.330666 0.290744) 839 1519 1
(0.32431 0.263753 0.337845 0.0740917) 840 1521 1
(0.267692 0.366154 0.182007 0.184147) 841 1523 2
(0.0630408 0.46848 0.069996 0.398484) 842 1671 1
(0.229898 0.199833 0.385051 0.185218) 842 1525 1
(0.299898 0.300903 0.350051 0.0491473) 843 1527 1
(0.324557 0.337721 0.112629 0.225093) 844 1529 2
(0.329456 0.19488 0.335272 0.140392) 845 1531 1
(0.225329 0.387335 0.300964 0.086371) 848 1537 2
(0.180059 0.40997 0.0842724 0.325698) 850 1541 2
(0.279781 0.36011 0.184221 0.175889) 851 1543 2
(0.299724 0.275314 0.350138 0.0748238) 854 1549 1
(0.658109 0.170946 0.163387 0.0075588) 855 1551 2
(0.746817 0.00296432 0.126591 0.123627) 930 1700 1
(0.243164 0.378418 0.322286 0.0561317) 931 1702 2
(0.0906252 0.224843 0.454687 0.229844) 931 1702 1
(0.380229 0.256021 0.309886 0.0538646) 932 1704 1
(0.071485 0.112259 0.351999 0.464257) 901 1788 2
(0.253668 0.0993091 0.273857 0.373166) 825 1640 1
(0.0959501 0.196406 0.452025 0.255619) 901 1642 1
(0.132378 0.433811 0.105326 0.328485) 902 1644 2
(0.0426812 0.478659 0.0422089 0.436451) 903 1792 1
(0.136066 0.295847 0.431967 0.13612) 903 1646 1
(0.0830855 0.458457 0.113013 0.345444) 904 1648 2
(0.37107 0.0482187 0.314465 0.266246) 904 1796 2
(0.341906 0.106092 0.222954 0.329047) 830 1647 2
(0.0581417 0.285683 0.470929 0.185246) 905 1650 1
(0.124999 0.4375 0.00484161 0.432659) 906 1652 2
(0.0316864 0.484157 0.0611082 0.423049) 907 1800 1
(0.107343 0.291991 0.446329 0.154338) 907 1654 1
(0.19276 0.0304071 0.40362 0.373213) 907 1802 2
(0.300037 0.197261 0.15272 0.349981) 908 1805 1
(0.274627 0.290575 0.0721118 0.362687) 909 1807 1
(0.26221 0.153674 0.215221 0.368895) 910 1809 1
(0.243512 0.0442863 0.378244 0.333958) 911 1810 2
(0.387437 0.282536 0.306281 0.0237453) 913 1666 1
(0.319466 0.340267 0.00751933 0.332747) 914 1668 2
(0.333262 0.333369 0.0425259 0.290843) 915 1670 2
(0.311207 0.344397 0.104454 0.239943) 916 1672 2
(0.298201 0.3509 0.224726 0.126174) 917 1674 2
(0.253126 0.373437 0.0232313 0.350206) 918 1822 1
(0.0485557 0.475722 0.367945 0.107777) 918 1824 1
(0.129011 0.435495 0.391785 0.0437092) 919 1826 1
(0.114409 0.442796 0.00748019 0.435315) 921 1828 1
(0.230699 0.141399 0.243251 0.384651) 849 1688 1
(0.259131 0.234892 0.370434 0.135542) 925 1690 1
(0.273365 0.0897927 0.363318 0.273525) 927 1694 1
(0.105093 0.0884529 0.359 0.447453) 853 1696 1
(0.49709 0.14543 0.251455 0.106025) 929 1698 1
(0.4007 0.29965 0.108955 0.190695) 1004 1995 1
(0.774322 0.0827622 0.112839 0.0300766) 1005 1997 2
(0.769842 0.0711147 0.0439645 0.115079) 1006 1997 2
(0.000593942 0.499703 0.472238 0.0274649) 1007 1999 1
(0.268311 0.365845 0.0312265 0.334618) 975 1938 2
(0.196717 0.0477637 0.401642 0.353878) 975 1937 2
(0.296018 0.109287 0.242705 0.351991) 976 1940 1
(0.195661 0.0285176 0.402169 0.373652) 1052 1942 1
(0.185479 0.407261 0.312188 0.0950722) 978 1795 2
(0.390854 0.304573 0.265703 0.0388702) 979 1797 2
(0.358797 0.320601 0.00379495 0.316806) 980 1945 1
(0.12589 0.437055 0.43505 0.00200464) 980 1947 1
(0.294878 0.352561 0.091268 0.261293) 981 1801 2
(0.0292405 0.48538 0.114467 0.370913) 982 1949 1
(0.448111 0.266452 0.00949209 0.275945) 982 1952 1
(0.317559 0.341221 0.0951527 0.246068) 983 1954 2
(0.157749 0.079355 0.341771 0.421126) 984 1953 2
(0.16163 0.146069 0.419185 0.273116) 984 1955 2
(0.0633966 0.228557 0.468302 0.239744) 985 1957 2
(0.129183 0.435408 0.165873 0.269535) 986 1959 1
(0.0530529 0.473474 0.360073 0.113401) 987 1961 1
(0.23681 0.381595 0.0217134 0.359881) 989 1963 1
(0.32 0.34 0.200413 0.139587) 990 1819 2
(0.220294 0.389853 0.314312 0.0755409) 991 1970 2
(0.502599 0.110537 0.138164 0.248701) 992 1972 1
(0.115402 0.238001 0.442299 0.204298) 993 1973 2
(0.141983 0.148167 0.429008 0.280841) 994 1827 1
(0.149982 0.225373 0.425009 0.199637) 995 1829 1
(0.203497 0.111947 0.286305 0.398251) 921 1831 1
(0.392651 0.037563 0.266111 0.303674) 922 1833 1
(0.0795357 0.13055 0.460232 0.329683) 923 1834 2
(0.225599 0.0305975 0.356603 0.3872) 926 1841 1
(0.31207 0.343965 0.218132 0.125833) 1003 1845 2
(0.231592 0.384204 0.121461 0.262743) 1004 1993 1
(0.235924 0.00986146 0.372177 0.382038) 1002 1989 2
(0.329379 0.335311 0.0284051 0.306905) 1078 2140 1
(0.354548 0.322726 0.159142 0.163584) 1078 2142 1
(0.679524 0.160238 0.0873257 0.0729122) 1079 2144 1
(0.190895 0.404552 0.178586 0.225966) 1050 2087 2
(0.0312669 0.130165 0.354201 0.484367) 1052 2088 2
(0.512903 0.117148 0.243548 0.1264) 1053 1944 1
(0.298911 0.350544 0.0650119 0.285532) 1054 1946 2
(0.304065 0.347967 0.311903 0.0360644) 1055 1948 2
(0.147749 0.426126 0.33885 0.0872753) 1055 2096 1
(0.320307 0.265085 0.339847 0.0747621) 1056 1950 1
(0.430523 0.284739 0.262403 0.0223353) 1057 1952 2
(0.278936 0.360532 0.0689169 0.291615) 1058 2103 2
(0.285331 0.357335 0.00215589 0.355179) 1059 2105 2
(0.283007 0.358497 0.02855 0.329947) 1060 2107 2
(0.320793 0.180299 0.339603 0.159305) 1060 1958 1
(0.337905 0.289031 0.331048 0.0420162) 1061 1960 1
(0.252291 0.373854 0.0563943 0.31746) 1062 1962 2
(0.287017 0.356491 0.110579 0.245912) 1063 1964 2
(0.205744 0.111065 0.286064 0.397128) 1064 2115 1
(0.191583 0.0116163 0.392592 0.404209) 1066 2116 2
(0.252935 0.373533 0.238826 0.134706) 1067 2121 2
(0.298687 0.350657 0.127169 0.223488) 1068 1974 2
(0.259487 0.370257 0.00440076 0.365856) 1069 1976 2
(0.187999 0.406 0.095669 0.310331) 1070 1978 2
(0.226385 0.386807 0.247441 0.139366) 1071 1980 2
(0.333203 0.00462043 0.328778 0.333399) 997 1979 2
(0.20815 0.147882 0.248043 0.395925) 998 1981 2
(0.149771 0.344156 0.0809588 0.425115) 998 1984 1
(0.245457 0.377272 0.363038 0.0142334) 1074 1986 2
(0.143494 0.0639335 0.364319 0.428253) 1000 1985 2
(0.162796 0.136379 0.282223 0.418602) 1001 1987 2
(0.419944 0.290028 0.145903 0.144125) 1075 2137 2
(0.0613403 0.21955 0.249779 0.46933) 1076 2136 2
(0.506045 0.0832115 0.163766 0.246977) 1076 2139 1
(0.280636 0.359682 0.315799 0.0438823) 1077 2141 2
(0.645353 0.177323 0.097445 0.0798784) 1126 2238 2
(0.363228 0.318386 0.172957 0.145429) 1127 2239 1
(0.279124 0.360438 0.187362 0.173075) 1129 2095 2
(0.25214 0.332368 0.37393 0.0415616) 1130 2097 1
(0.276992 0.361504 0.345227 0.0162775) 1132 2250 2
(0.257605 0.371198 0.249895 0.121303) 1133 2252 2
(0.204807 0.397597 0.0821725 0.315424) 1134 2254 2
(0.195733 0.0740456 0.328088 0.402133) 1134 2254 1
(0.28037 0.359815 0.272141 0.0876735) 1135 2256 2
(0.126197 0.0808156 0.436902 0.356086) 1135 2255 2
(0.274804 0.362598 0.33466 0.0279386) 1136 2258 2
(0.00364942 0.382661 0.498175 0.115515) 1136 2109 1
(0.246613 0.376693 0.0110998 0.365594) 1137 2257 1
(0.271241 0.0617322 0.364379 0.302647) 1137 2111 1
(0.00753408 0.176191 0.320042 0.496233) 1139 2261 2
(0.125207 0.075069 0.437397 0.362328) 1139 2263 2
(0.222512 0.0231937 0.36555 0.388744) 1141 2265 2
(0.332252 0.333874 0.288368 0.0455057) 1142 2270 2
(0.187703 0.274771 0.406148 0.131377) 1143 2123 1
(0.0405213 0.479739 0.444806 0.0349337) 1144 2273 1
(0.272798 0.267107 0.0964938 0.363601) 1145 2276 1
(0.343479 0.328261 0.240688 0.0875729) 1146 2278 2
(0.279336 0.360332 0.125958 0.234374) 1147 2280 2
(0.0976776 0.143174 0.307987 0.451161) 1072 2128 2
(0.0594942 0.470253 0.45022 0.0200325) 1147 2279 1
(0.165042 0.289225 0.417479 0.128254) 1148 2133 1
(0.192901 0.40355 0.259684 0.143865) 1149 2135 2
(0.119716 0.147852 0.440142 0.292289) 1149 2135 1
(0.495142 0.252429 0.0659093 0.18652) 1150 2286 2
(0.289001 0.355499 0.24469 0.110809) 1150 2285 1
(0.567792 0.216104 0.0485769 0.167527) 1151 2139 2
(0.309802 0.345099 0.120837 0.224262) 1152 2287 1
(0.171098 0.414451 0.042607 0.371844) 1201 2238 2
(0.364797 0.317138 0.00046374 0.317601) 1202 2389 1
(0.0157029 0.492149 0.148466 0.343683) 1205 2392 1
(0.302795 0.255694 0.348602 0.0929088) 1206 2248 1
(0.336284 0.331858 0.275848 0.0560105) 1282 2399 2
(0.0595966 0.0647237 0.405478 0.470202) 1207 2399 1
(0.126688 0.133267 0.303389 0.436656) 1208 2401 1
(0.0991483 0.332484 0.117942 0.450426) 1209 2403 1
(0.12714 0.43643 0.237308 0.199122) 1210 2405 2
(0.00744348 0.0652166 0.431062 0.496278) 1210 2405 1
(0.669041 0.0946555 0.16548 0.0708242) 1211 2258 1
(0.280269 0.359866 0.0434027 0.316463) 1212 2406 1
(0.352418 0.214878 0.323791 0.108913) 1212 2260 1
(0.217312 0.391344 0.0114592 0.379885) 1213 2262 2
(0.364085 0.317958 0.0371926 0.280765) 1215 2415 2
(0.0458092 0.165468 0.477095 0.311628) 1215 2414 2
(0.355514 0.0366724 0.322243 0.285571) 1216 2416 2
(0.380548 0.0713531 0.238373 0.309726) 1217 2419 1
(0.353837 0.10593 0.217151 0.323082) 1218 2421 1
(0.30622 0.112351 0.234539 0.34689) 1219 2423 1
(0.252245 0.101197 0.27268 0.373878) 1220 2425 1
(0.242614 0.09937 0.279323 0.378693) 1221 2427 1
(0.203141 0.149587 0.39843 0.248842) 1298 2431 1
(0.134888 0.432556 0.0501033 0.382453) 1223 2428 1
(0.00672593 0.496637 0.42519 0.0714475) 1223 2430 1
(0.319246 0.340377 0.0404728 0.299904) 1224 2284 2
(0.0550959 0.472452 0.114917 0.357535) 1225 2432 1
(0.478934 0.260533 0.0774999 0.183033) 1225 2286 2
(0.120042 0.439979 0.194765 0.245214) 1225 2434 1
(0.243409 0.378295 0.143574 0.234721) 1226 2288 2
(0.254168 0.372916 0.307324 0.0655915) 1226 2436 1
(0.279433 0.203602 0.360284 0.156682) 1227 2290 1
(0.22329 0.0196509 0.388355 0.368704) 1200 2384 2
(0.144816 0.101893 0.325699 0.427592) 1276 2533 2
(0.070369 0.127681 0.337134 0.464815) 1277 2535 2
(0.171349 0.0806633 0.414326 0.333662) 1277 2537 2
(0.325168 0.0573945 0.280021 0.337416) 1278 2540 1
(0.253649 0.0593551 0.31382 0.373176) 1279 2542 1
(0.166123 0.0970238 0.416939 0.319915) 1356 2546 1
(0.0653886 0.075001 0.392305 0.467306) 1282 2548 1
(0.0116795 0.0877965 0.406364 0.49416) 1284 2549 2
(0.366587 0.291751 0.0249554 0.316706) 1286 2553 2
(0.185835 0.407082 0.223165 0.183917) 1287 2555 1
(0.0769124 0.197996 0.263548 0.461544) 1213 2411 1
(0.275181 0.324113 0.0382959 0.362409) 1214 2413 1
(0.250038 0.12088 0.254101 0.374981) 1291 2563 2
(0.283903 0.0932945 0.358049 0.264754) 1291 2565 2
(0.367747 0.298784 0.0173426 0.316126) 1292 2568 1
(0.076066 0.112569 0.349397 0.461967) 1293 2567 2
(0.309465 0.314723 0.0305442 0.345267) 1293 2570 1
(0.00384328 0.15679 0.341288 0.498078) 1294 2569 2
(0.369511 0.315244 0.255733 0.0595117) 1294 2572 2
(0.270056 0.364972 0.31574 0.049232) 1369 2720 1
(0.337576 0.163976 0.331212 0.167235) 1370 2574 1
(0.232379 0.0649215 0.318889 0.383811) 1296 2573 2
(0.226255 0.386872 0.0395925 0.34728) 1297 2578 2
(0.122456 0.438772 0.266653 0.172119) 1298 2580 2
(0.527307 0.236347 0.0217545 0.214592) 1299 2433 2
(0.194193 0.402904 0.291696 0.111208) 1300 2581 1
(0.533917 0.233041 0.162845 0.0701969) 1300 2583 1
(0.459247 0.270377 0.106353 0.164024) 1301 2437 2
(0.0320955 0.483952 0.154396 0.329557) 1302 2585 1
(0.337658 0.127649 0.331171 0.203522) 1302 2439 1
(0.31009 0.335032 0.344955 0.00992309) 1303 2441 1
(0.319032 0.0493757 0.340484 0.291108) 1350 2682 2
(0.325829 0.1577 0.179385 0.337086) 1351 2685 1
(0.298592 0.282615 0.0680895 0.350704) 1352 2687 1
(0.161749 0.100188 0.419126 0.318938) 1353 2688 2
(0.148355 0.425823 0.22716 0.198663) 1356 2695 2
(0.672016 0.0461083 0.163992 0.117883) 1358 2550 1
(0.0874831 0.456258 0.123928 0.33233) 1360 2700 1
(0.533499 0.23325 0.0564014 0.176849) 1361 2556 2
(0.10199 0.0206348 0.42837 0.449005) 1289 2559 2
(0.0819655 0.110421 0.459017 0.348596) 1365 2564 1
(0.121322 0.0645341 0.374805 0.439339) 1365 2713 1
(0.269185 0.365408 0.333696 0.0317115) 1366 2715 2
(0.230631 0.0377643 0.34692 0.384684) 1366 2715 1
(0.285606 0.357197 0.163694 0.193502) 1367 2717 2
(0.245269 0.181571 0.195795 0.377366) 1367 2717 1
(0.257752 0.371124 0.0104604 0.360663) 1368 2719 2
(0.233795 0.318305 0.0647976 0.383102) 1368 2719 1
(0.0393322 0.131204 0.480334 0.34913) 1368 2718 2
(0.482203 0.258898 0.221711 0.0371878) 1444 2721 2
(0.0894902 0.455255 0.110131 0.345124) 1445 2869 1
(0.306981 0.346509 0.335282 0.0112271) 1445 2871 1
(0.268096 0.335646 0.0303065 0.365952) 1371 2725 1
(0.235416 0.382292 0.147614 0.234678) 1372 2727 2
(0.142512 0.0244878 0.428744 0.404256) 1372 2726 2
(0.14828 0.42586 0.257946 0.167914) 1373 2728 1
(0.248936 0.375532 0.260985 0.114548) 1374 2730 1
(0.399025 0.300487 0.285086 0.0154018) 1375 2732 1
(0.315223 0.0881194 0.342388 0.254269) 1376 2586 1
(0.306897 0.0922369 0.346551 0.254314) 1377 2588 1
(0.666151 0.0927315 0.0741932 0.166925) 1425 2832 1
(0.311986 0.123661 0.220346 0.344007) 1426 2834 1
(0.340906 0.233877 0.0956698 0.329547) 1428 2835 2
(0.485376 0.257312 0.200914 0.0563983) 1429 2839 1
(0.275632 0.362184 0.347791 0.0143925) 1431 2844 2
(0.384799 0.3076 0.154571 0.153029) 1433 2699 2
(0.274826 0.317072 0.362587 0.0455151) 1434 2701 1
(0.283593 0.140241 0.358204 0.217962) 1435 2703 1
(0.100098 0.449951 0.3747 0.0752513) 1436 2853 1
(0.211794 0.308197 0.0859064 0.394103) 1364 2711 1
(0.114378 0.442811 0.260094 0.182717) 1513 2858 2
(0.10194 0.44903 0.040101 0.408929) 1439 2860 2
(0.206309 0.154945 0.241901 0.396846) 1439 2860 1
(0.227258 0.386371 0.142845 0.243526) 1440 2862 2
(0.209343 0.149674 0.245655 0.395328) 1440 2862 1
(0.178261 0.41087 0.104001 0.306869) 1441 2864 2
(0.15629 0.242841 0.179014 0.421855) 1441 2864 1
(0.15999 0.420005 0.116244 0.303761) 1442 2866 2
(0.168464 0.0578399 0.357928 0.415768) 1442 2866 1
(0.33874 0.164676 0.33063 0.165954) 1518 2868 1
(0.216651 0.391674 0.1067 0.284975) 1520 2872 2
(0.296 0.352 0.135827 0.216173) 1521 2874 2
(0.231841 0.384079 0.0407194 0.34336) 1447 2876 2
(0.418113 0.290943 0.282217 0.00872695) 1524 2880 2
(0.434017 0.276753 0.282992 0.0062386) 1448 2729 1
(0.352677 0.323661 0.0389649 0.284696) 1449 2731 2
(0.446904 0.276548 0.0702135 0.206335) 1450 2733 2
(0.409232 0.295384 0.176593 0.11879) 1451 2735 2
(0.304816 0.347592 0.220491 0.127101) 1452 2737 2
(0.252604 0.373698 0.0223568 0.351341) 1500 2832 2
(0.863608 0.0681961 0.0245024 0.0436936) 1502 2985 2
(0.089252 0.455374 0.451111 0.00426268) 1503 2986 1
(0.191646 0.35662 0.0475569 0.404177) 1430 2842 1
(0.0979708 0.0883917 0.451015 0.362623) 1505 2990 2
(0.248879 0.164501 0.211059 0.37556) 1506 2993 1
(0.262519 0.344369 0.0243714 0.368741) 1507 2995 1
(0.405385 0.247006 0.297308 0.0503014) 1509 2850 1
(0.240114 0.379943 0.25563 0.124313) 1511 2854 2
(0.212935 0.393532 0.0165692 0.376963) 1586 3149 1
(0.099952 0.0459184 0.450024 0.404106) 1511 3002 2
(0.155724 0.201947 0.220191 0.422138) 1512 3005 1
(0.13556 0.43222 0.385907 0.0463127) 1513 3007 2
(0.0159265 0.0637197 0.428317 0.492037) 1514 3006 2
(0.128084 0.321395 0.114563 0.435958) 1514 3009 1
(0.120818 0.439591 0.251561 0.18803) 1515 3011 2
(0.121793 0.00794541 0.431158 0.439103) 1516 3010 2
(0.147288 0.0294019 0.396954 0.426356) 1516 3013 1
(0.178119 0.0844095 0.326531 0.41094) 1517 3015 1
(0.0496061 0.475197 0.174414 0.300783) 1520 3021 2
(0.00445912 0.362437 0.135334 0.49777) 1521 3023 1
(0.264771 0.355615 0.0119991 0.367614) 1522 3025 1
(0.0300952 0.484952 0.303814 0.181138) 1525 3031 2
(0.10598 0.0416887 0.44701 0.405321) 1526 3032 2
(0.32102 0.33949 0.238615 0.100875) 1529 3039 2
(0.569282 0.215359 0.0608952 0.154464) 1530 3041 2
(0.646246 0.101807 0.0750698 0.176877) 1454 2887 2
(0.478907 0.260547 0.0965488 0.163998) 1455 2892 2
(0.31986 0.34007 0.0598682 0.280202) 1456 2894 2
(0.0330052 0.483497 0.397058 0.0864395) 1576 2983 2
(0.0421034 0.478948 0.401658 0.0772901) 1578 2987 2
(0.175855 0.412072 0.0230447 0.389028) 1504 2989 2
(0.12071 0.0484746 0.39117 0.439645) 1505 2988 2
(0.227981 0.386009 0.0503467 0.335663) 1579 3138 2
(0.181181 0.0158824 0.393527 0.40941) 1579 3138 1
(0.128609 0.416476 0.0192197 0.435695) 1580 3140 1
(0.151133 0.424434 0.0689761 0.355458) 1581 3142 2
(0.190788 0.147448 0.257158 0.404606) 1581 3142 1
(0.304949 0.260175 0.0873505 0.347525) 1582 3144 1
(0.241656 0.379172 0.356524 0.0226476) 1583 3146 2
(0.101676 0.449162 0.424768 0.0243936) 1585 3150 2
(0.124222 0.172438 0.265451 0.437889) 1586 3152 1
(0.148539 0.0616857 0.364045 0.42573) 1587 3154 1
(0.146953 0.426523 0.0812791 0.345244) 1589 3158 2
(0.0796181 0.44275 0.0174405 0.460191) 1590 3160 1
(0.280538 0.359731 0.131729 0.228002) 1592 3164 2
(0.198987 0.400506 0.324476 0.0760302) 1593 3166 2
(0.409791 0.0308323 0.295105 0.264272) 1595 3169 2
(0.29793 0.351035 0.0264498 0.324585) 1597 3174 2
(0.244793 0.377603 0.0719883 0.305615) 1598 3176 2
(0.274336 0.362832 0.353523 0.0093092) 1599 3178 2
(0.20084 0.0776505 0.321929 0.39958) 1601 3179 2
(0.389659 0.0778198 0.227351 0.30517) 1603 3186 1
(0.414691 0.0100353 0.292655 0.282619) 1604 3187 2
(0.574488 0.0918477 0.212756 0.120908) 1605 3189 2
(0.386563 0.0545816 0.252137 0.306718) 1531 3040 2
(0.225959 0.0324671 0.38702 0.354553) 1531 3042 2
(0.337439 0.151912 0.179369 0.331281) 1532 3045 1
(0.0785864 0.0204145 0.440292 0.460707) 1575 15096 1
(0.103105 0.448447 0.331394 0.117053) 1576 3132 2
(0.167145 0.214601 0.201827 0.416427) 1577 3134 1
(0.114044 0.0792255 0.442978 0.363752) 1651 3280 2
(0.221444 0.389278 0.388061 0.00121718) 1578 3136 2
(0.170909 0.414545 0.299377 0.115168) 1652 3283 2
(0.0553551 0.0734492 0.472322 0.398873) 1652 3282 2
(0.192896 0.357958 0.0455937 0.403552) 1653 3285 1
(0.170975 0.414513 0.0136778 0.400835) 1654 3287 2
(0.211296 0.298976 0.0953758 0.394352) 1654 3287 1
(0.253003 0.373499 0.290101 0.0833976) 1655 3289 2
(0.0628784 0.246498 0.222062 0.468561) 1657 3290 2
(0.301963 0.349019 0.0600049 0.289014) 1659 3297 2
(0.246801 0.376599 0.275223 0.101377) 1661 3301 2
(0.161195 0.024186 0.395216 0.419402) 1663 3302 2
(0.12186 0.43907 0.132217 0.306853) 1665 3309 2
(0.150739 0.42463 0.271571 0.15306) 1666 3310 1
(0.0834654 0.0589507 0.458267 0.399317) 1669 3316 2
(0.376441 0.14873 0.31178 0.163049) 1670 3170 1
(0.411226 0.271 0.294387 0.0233876) 1671 3172 1
(0.235508 0.382246 0.13337 0.248876) 1673 3325 2
(0.219566 0.356277 0.03394 0.390217) 1674 3327 1
(0.223701 0.0373866 0.350763 0.388149) 1675 3329 1
(0.00144215 0.136744 0.499279 0.362535) 1676 3330 2
(0.123334 0.243216 0.195117 0.438333) 1678 3332 2
(0.381605 0.307434 0.00176319 0.309197) 1679 3337 1
(0.401525 0.23587 0.299237 0.0633671) 1680 3190 1
(0.186651 0.358207 0.406675 0.0484677) 1681 3192 1
(0.242763 0.378619 0.325674 0.052945) 1682 3194 2
(0.168886 0.415557 0.355926 0.0596308) 1682 3342 1
(0.184045 0.246569 0.161408 0.407977) 1650 3279 1
(0.322011 0.338994 0.25326 0.085734) 1651 3281 2
(0.380682 0.309659 0.142061 0.167598) 1725 3428 2
(0.175567 0.0667616 0.412216 0.345455) 1725 3427 2
(0.197787 0.401106 0.324317 0.0767888) 1726 3430 2
(0.135368 0.326602 0.105714 0.432316) 1727 3432 1
(0.065344 0.467328 0.085419 0.381909) 1729 3436 2
(0.271555 0.364223 0.207616 0.156607) 1730 3435 1
(0.0102034 0.241138 0.253761 0.494898) 1657 3293 1
(0.390793 0.151254 0.15335 0.304604) 1735 3448 1
(0.322628 0.338686 0.221628 0.117058) 1737 3452 2
(0.256701 0.19739 0.37165 0.17426) 1738 3453 2
(0.294922 0.0342329 0.352539 0.318306) 1741 3311 1
(0.160845 0.329178 0.419577 0.0903997) 1743 3315 1
(0.318881 0.29745 0.0431097 0.34056) 1744 3466 1
(0.290784 0.354608 0.178951 0.175657) 1746 3321 2
(0.363758 0.304512 0.318121 0.0136087) 1747 3323 1
(0.437194 0.281403 0.0665224 0.214881) 1749 3476 2
(0.236504 0.381748 0.117071 0.264677) 1750 3478 2
(0.254676 0.372662 0.0250225 0.347639) 1751 3480 2
(0.16209 0.0327165 0.386238 0.418955) 1752 3479 2
(0.246911 0.376544 0.0330614 0.343483) 1753 3481 1
(0.273592 0.363204 0.348956 0.0142479) 1754 3337 2
(0.17689 0.369044 0.0425104 0.411555) 1754 3486 1
(0.27507 0.362465 0.0940886 0.268376) 1755 3488 2
(0.0480261 0.111443 0.475987 0.364544) 1755 3487 2
(0.251788 0.0253638 0.348742 0.374106) 1756 3490 1
(0.542463 0.228768 0.030115 0.198653) 1800 15099 2
(0.556473 0.0601343 0.221763 0.161629) 1801 3430 1
(0.0733758 0.137936 0.463312 0.325376) 1804 3584 2
(0.668285 0.0253737 0.140484 0.165858) 1807 3588 2
(0.319496 0.00656784 0.340252 0.333684) 1732 3441 2
(0.302266 0.0654599 0.283407 0.348867) 1733 3444 1
(0.101998 0.449001 0.44002 0.00898089) 1810 3448 2
(0.104517 0.360422 0.447742 0.0873194) 1811 3450 1
(0.166347 0.416826 0.147188 0.269638) 1813 3454 2
(0.0458812 0.477059 0.0530802 0.423979) 1741 3460 2
(0.0713686 0.464316 0.0244709 0.439845) 1817 3462 2
(0.349796 0.152873 0.172229 0.325102) 1819 3612 2
(0.650934 0.0128254 0.161708 0.174533) 1820 3614 2
(0.187298 0.0476322 0.406351 0.358719) 1822 3472 1
(0.180576 0.409712 0.139935 0.269777) 1824 3622 1
(0.124269 0.437865 0.235302 0.202564) 1899 3625 2
(0.15858 0.0135934 0.407117 0.42071) 1824 3625 1
(0.145637 0.349803 0.0773785 0.427182) 1825 3627 1
(0.209922 0.395039 0.190181 0.204858) 1826 3629 2
(0.158383 0.0416261 0.379182 0.420808) 1827 3628 2
(0.189458 0.0346742 0.405271 0.370597) 1827 3630 2
(0.231589 0.0801542 0.304051 0.384205) 1828 3633 1
(0.212238 0.114892 0.278989 0.393881) 1829 3635 1
(0.173171 0.182325 0.23109 0.413415) 1830 3637 1
(0.245143 0.377429 0.28091 0.0965186) 1950 15101 2
(0.334864 0.332568 0.2073 0.125268) 1875 3577 2
(0.39111 0.109835 0.304445 0.194609) 1875 3577 1
(0.320049 0.339975 0.167239 0.172737) 1876 3579 2
(0.199495 0.400252 0.22744 0.172812) 1879 3585 2
(0.113391 0.443304 0.368405 0.0748998) 1881 3737 1
(0.0151653 0.0260234 0.466394 0.492417) 1808 3590 2
(0.297252 0.0592985 0.292076 0.351374) 1808 3593 1
(0.205482 0.0410893 0.35617 0.397259) 1809 3595 1
(0.213924 0.0909367 0.302101 0.393038) 1810 3597 1
(0.0451952 0.0782252 0.477402 0.399177) 1811 3598 2
(0.262632 0.110514 0.25817 0.368684) 1814 3602 2
(0.34538 0.119933 0.207377 0.32731) 1815 3607 1
(0.0148429 0.361721 0.492579 0.130858) 1891 3609 1
(0.185494 0.225491 0.181762 0.407253) 1818 3613 1
(0.522341 0.232797 0.00603252 0.23883) 1894 3764 1
(0.42135 0.289325 0.0150301 0.274295) 1895 3766 2
(0.220517 0.0718694 0.389742 0.317872) 1895 3765 2
(0.28303 0.275125 0.0833598 0.358485) 1896 3768 1
(0.258346 0.370827 0.097016 0.273811) 1897 3770 2
(0.195163 0.0377179 0.402419 0.364701) 1897 3769 2
(0.224286 0.15762 0.230237 0.387857) 1898 3772 1
(0.19317 0.279536 0.123879 0.403415) 1899 3774 1
(0.229769 0.385116 0.355843 0.0292727) 1900 3776 2
(0.208373 0.395814 0.372954 0.0228596) 1901 3778 2
(0.265635 0.187747 0.179435 0.367182) 1902 3780 1
(0.382333 0.242921 0.0659124 0.308834) 1904 3784 1
(0.358546 0.320727 0.117773 0.202954) 2026 4023 1
(0.077483 0.461258 0.458624 0.00263443) 1953 3881 2
(0.0851231 0.457438 0.145387 0.312051) 1951 3874 1
(0.115363 0.332958 0.442318 0.109361) 2029 3883 1
(0.089461 0.45527 0.166562 0.288707) 1952 3730 2
(0.123108 0.339176 0.438446 0.0992699) 1953 3732 1
(0.233946 0.383027 0.366418 0.016609) 1954 3734 2
(0.259396 0.194074 0.370302 0.176228) 1954 3734 1
(0.233477 0.383261 0.31932 0.0639418) 1955 3736 2
(0.369576 0.159805 0.315212 0.155407) 1955 3736 1
(0.0979441 0.151892 0.299136 0.451028) 1881 3735 2
(0.0722165 0.463892 0.0486122 0.41528) 1882 3740 2
(0.221061 0.050533 0.338936 0.389469) 1882 3740 1
(0.295934 0.270181 0.081852 0.352033) 1883 3742 1
(0.281988 0.359006 0.274193 0.0848132) 1884 3744 2
(0.283608 0.358196 0.193971 0.164225) 1885 3746 2
(0.334534 0.332733 0.28988 0.042853) 1886 3748 2
(0.6226 0.1887 0.115831 0.0728689) 1888 3749 1
(0.586828 0.206586 0.0348968 0.171689) 1890 3756 2
(0.0266462 0.142764 0.486677 0.343913) 1967 3760 1
(0.210676 0.384463 0.394662 0.0101986) 1968 3762 1
(0.70538 0.0461971 0.101113 0.14731) 1893 3762 1
(0.299139 0.35043 0.347767 0.00266344) 1969 3764 2
(0.22333 0.089999 0.388335 0.298336) 1969 3912 2
(0.209389 0.366324 0.0289818 0.395305) 1970 3915 1
(0.21607 0.0381135 0.353852 0.391965) 1971 3914 2
(0.219982 0.0787287 0.31128 0.390009) 1971 3917 1
(0.198025 0.282538 0.11845 0.400988) 1972 3919 1
(0.26308 0.368134 0.000325959 0.36846) 1973 3921 1
(0.242771 0.344116 0.0344984 0.378614) 1974 3923 1
(0.238297 0.110409 0.270442 0.380851) 1975 3925 1
(0.192391 0.0427088 0.361096 0.403805) 1977 3926 2
(0.373275 0.287268 0.313362 0.0260944) 1978 3782 1
(0.283986 0.358007 0.260672 0.0973348) 1980 3786 2
(0.0952183 0.452391 0.115528 0.336863) 2102 4174 1
(0.254458 0.264077 0.108694 0.372771) 2027 4028 1
(0.173295 0.413353 0.382464 0.0308886) 2028 4030 2
(0.134501 0.432749 0.366823 0.0659263) 2029 4032 2
(0.189546 0.405227 0.340659 0.0645678) 2030 4034 2
(0.149198 0.421391 0.425401 0.00401031) 2030 3885 1
(0.115501 0.44225 0.0487309 0.393519) 2031 4033 1
(0.226654 0.359895 0.386673 0.0267782) 2031 3887 1
(0.214856 0.392572 0.0195627 0.373009) 2032 4035 1
(0.288903 0.0712882 0.355549 0.284261) 2032 3889 1
(0.306565 0.310942 0.0357754 0.346718) 1958 3891 1
(0.311522 0.262637 0.0816021 0.344239) 1959 3893 1
(0.253137 0.239113 0.134319 0.373432) 1961 3894 2
(0.0766204 0.342666 0.46169 0.119024) 2038 3901 1
(0.59903 0.0851028 0.200485 0.115382) 1963 3752 1
(0.511868 0.0301595 0.244066 0.213907) 1964 3902 2
(0.445827 0.137722 0.139364 0.277087) 1965 3905 1
(0.453477 0.255616 0.0176456 0.273261) 1966 3907 1
(0.397537 0.301232 0.0795129 0.221719) 1967 3909 2
(0.228905 0.385547 0.197584 0.187963) 1968 3911 2
(0.147828 0.21423 0.426086 0.211857) 2042 4057 2
(0.185895 0.0543825 0.407053 0.35267) 2043 3911 1
(0.262857 0.299063 0.368572 0.0695085) 2044 3913 1
(0.288681 0.0118323 0.343827 0.35566) 2044 4062 1
(0.420156 0.241871 0.0480508 0.289922) 2045 4064 1
(0.42774 0.263642 0.0224876 0.28613) 2046 4066 1
(0.215455 0.158753 0.23352 0.392273) 2047 4068 1
(0.275413 0.362294 0.267009 0.0952852) 2049 4072 2
(0.247479 0.150899 0.225361 0.376261) 2050 4074 1
(0.200582 0.0208487 0.399709 0.37886) 2051 4075 2
(0.165405 0.030849 0.386448 0.417297) 2053 4077 2
(0.213579 0.39321 0.347009 0.0462012) 2054 4082 2
(0.206824 0.396588 0.378878 0.0177102) 2054 4081 1
(0.252127 0.124091 0.373937 0.249846) 2055 3935 1
(0.566577 0.0131784 0.216711 0.203533) 2175 4173 1
(0.361183 0.00476267 0.319408 0.314646) 2176 4175 1
(0.0418247 0.367695 0.479088 0.111392) 2177 4177 1
(0.0899058 0.455047 0.230439 0.224608) 2103 4179 2
(0.656161 0.159674 0.171919 0.0122451) 2105 4034 1
(0.344928 0.327536 0.158497 0.169039) 2106 4036 2
(0.134064 0.432968 0.0941638 0.338804) 2107 4184 1
(0.130678 0.434661 0.371349 0.0633118) 2107 4186 1
(0.422071 0.288965 0.032498 0.256467) 2034 4042 2
(0.752095 0.106419 0.0175331 0.123953) 2035 4044 1
(0.788163 0.105919 0.0989004 0.00701816) 2036 4043 1
(0.272972 0.144135 0.219379 0.363514) 2037 4045 2
(0.423204 0.0629303 0.225468 0.288398) 2038 4047 2
(0.535781 0.23211 0.125898 0.106212) 2039 4052 2
(0.528583 0.235708 0.231741 0.00396753) 2114 4201 2
(0.444286 0.00875766 0.269099 0.277857) 2115 4200 2
(0.550608 0.0138662 0.21083 0.224696) 2040 4051 2
(0.0408014 0.479599 0.420793 0.0588067) 2116 4056 2
(0.130403 0.0374838 0.434799 0.397315) 2116 4056 1
(0.308162 0.345919 0.152693 0.193226) 2117 4058 2
(0.192926 0.403537 0.0947134 0.308824) 2118 4206 1
(0.247676 0.24488 0.376162 0.131282) 2118 4060 1
(0.33829 0.330855 0.0485089 0.282346) 2119 4208 1
(0.145503 0.427249 0.177307 0.249941) 2120 4210 1
(0.011952 0.494024 0.166428 0.327596) 2121 4212 1
(0.515735 0.0864357 0.242132 0.155697) 2121 4066 1
(0.055537 0.283146 0.189085 0.472232) 2125 4220 2
(0.13903 0.0888986 0.430485 0.341586) 2125 4222 2
(0.0305274 0.176445 0.308291 0.484736) 2127 4224 2
(0.413078 0.0994041 0.194057 0.293461) 2128 4229 1
(0.259421 0.265141 0.370289 0.105149) 2206 4235 1
(0.249087 0.23833 0.137126 0.375456) 2132 4237 1
(0.0489247 0.111561 0.475538 0.363976) 2132 4088 1
(0.271244 0.222721 0.364378 0.141657) 2133 4090 1
(0.21627 0.391865 0.131098 0.260768) 2251 4470 1
(0.713904 0.0563929 0.143048 0.086655) 2177 4325 2
(0.182766 0.408617 0.0845828 0.324034) 2179 4327 1
(0.257062 0.371469 0.284318 0.0871511) 2181 4185 2
(0.126209 0.11674 0.436896 0.320155) 2108 4188 2
(0.379812 0.151503 0.310094 0.158591) 2109 4190 2
(0.623434 0.0685392 0.188283 0.119744) 2110 4192 2
(0.639085 0.0763264 0.104131 0.180458) 2111 4195 1
(0.130453 0.360026 0.434774 0.0747473) 2186 4343 2
(0.767575 0.0179468 0.116213 0.0982659) 2187 4345 2
(0.594811 0.0674151 0.202594 0.135179) 2113 4198 2
(0.738415 0.130793 0.0490882 0.0817045) 2188 4345 1
(0.119017 0.186966 0.253525 0.440491) 2188 4348 1
(0.265978 0.367011 0.0199804 0.347031) 2264 4496 1
(0.608676 0.142793 0.0528691 0.195662) 2189 4350 1
(0.227875 0.386063 0.374762 0.0113005) 2190 4351 1
(0.226245 0.124236 0.386878 0.262642) 2191 4205 1
(0.287635 0.216414 0.356183 0.139769) 2192 4207 1
(0.346954 0.326523 0.0197241 0.306799) 2193 4209 2
(0.283451 0.358274 0.12818 0.230094) 2194 4211 2
(0.0518007 0.347145 0.126954 0.4741) 2120 4213 1
(0.371268 0.314366 0.251185 0.0631813) 2195 4361 1
(0.288177 0.147613 0.355912 0.208299) 2196 4215 1
(0.237607 0.244158 0.381197 0.137039) 2197 4217 1
(0.00458164 0.0175303 0.480179 0.497709) 2124 4221 1
(0.445839 0.193305 0.083775 0.27708) 2200 4372 1
(0.489985 0.221825 0.0331822 0.255007) 2201 4374 1
(0.0666554 0.255288 0.466672 0.211385) 2202 4375 2
(0.0556439 0.472178 0.06801 0.404168) 2280 4528 1
(0.145979 0.235737 0.42701 0.191273) 2281 4384 1
(0.127109 0.436446 0.385582 0.0508637) 2207 4386 2
(0.197468 0.401266 0.0727646 0.328502) 2208 4388 2
(0.744424 0.00542741 0.122361 0.127788) 2250 15105 1
(0.510334 0.244833 0.0449657 0.199867) 2251 4472 1
(0.38087 0.309565 0.0111982 0.298367) 2253 4474 1
(0.328717 0.335641 0.0424748 0.293167) 2254 4330 2
(0.0487592 0.47562 0.414945 0.0606753) 2255 4480 1
(0.454497 0.135679 0.137072 0.272751) 2184 4340 1
(0.581356 0.209322 0.186714 0.0226073) 2185 4342 2
(0.466172 0.0842842 0.18263 0.266914) 2186 4341 2
(0.349587 0.325206 0.0835528 0.241654) 2260 4491 2
(0.468753 0.265624 0.0352283 0.230395) 2261 4493 2
(0.279977 0.0609663 0.360011 0.299045) 2261 4492 2
(0.369461 0.31527 0.121724 0.193546) 2262 4495 2
(0.384866 0.190908 0.307567 0.116659) 2262 4494 2
(0.518262 0.240869 0.0184498 0.222419) 2337 4495 2
(0.720236 0.139882 0.00791809 0.131964) 2263 4497 2
(0.0356267 0.482187 0.352138 0.130049) 2264 4498 1
(0.142633 0.261851 0.428684 0.166833) 2265 4352 1
(0.26317 0.368415 0.220976 0.147439) 2266 4354 2
(0.102454 0.448773 0.360485 0.0882874) 2266 4502 1
(0.352186 0.116466 0.323907 0.207441) 2267 4356 1
(0.326688 0.32136 0.336656 0.0152963) 2268 4358 1
(0.251697 0.374151 0.0434833 0.330668) 2269 4360 2
(0.233401 0.215912 0.3833 0.167388) 2270 4362 1
(0.170238 0.0243511 0.414881 0.39053) 2271 4364 1
(0.251396 0.264841 0.109461 0.374302) 2199 4367 2
(0.0106961 0.27314 0.221512 0.494652) 2199 4370 1
(0.496464 0.0363536 0.215415 0.251768) 2274 4519 1
(0.798534 0.0428227 0.100733 0.0579103) 2275 4520 2
(0.742203 0.00415232 0.124746 0.128899) 2276 4520 2
(0.356196 0.125124 0.321902 0.196778) 2277 4524 2
(0.328972 0.182805 0.152709 0.335514) 2278 4527 1
(0.300951 0.0429326 0.349524 0.306592) 2354 4529 1
(0.537311 0.231344 0.122832 0.108513) 2325 4619 1
(0.404773 0.0512891 0.297613 0.246324) 2327 4475 1
(0.377561 0.0858017 0.31122 0.225418) 2328 4477 1
(0.297019 0.152115 0.351491 0.199376) 2329 4479 1
(0.000812331 0.499594 0.393532 0.106062) 2330 4629 1
(0.168722 0.0646173 0.351021 0.415639) 2257 4482 2
(0.41978 0.29011 0.281795 0.00831524) 2258 4487 2
(0.197259 0.120957 0.40137 0.280414) 2332 4633 2
(0.443169 0.0738268 0.204588 0.278415) 2333 4636 1
(0.329179 0.33541 0.175786 0.159624) 2334 4638 2
(0.294035 0.0306945 0.352983 0.322288) 2334 4637 2
(0.307029 0.346485 0.158888 0.187597) 2335 4640 2
(0.305409 0.129518 0.217777 0.347296) 2335 4640 1
(0.234232 0.133504 0.24938 0.382884) 2336 4639 2
(0.0148714 0.0574718 0.492564 0.435092) 2336 4641 2
(0.338553 0.330723 0.0385872 0.292136) 2338 4643 1
(0.270156 0.167653 0.364922 0.197269) 2338 4497 1
(0.230484 0.384758 0.345883 0.0388755) 2339 4499 2
(0.2971 0.184763 0.35145 0.166688) 2339 4499 1
(0.274717 0.362641 0.203216 0.159425) 2340 4501 2
(0.191118 0.404441 0.0526545 0.351787) 2341 4649 1
(0.12586 0.43707 0.0605046 0.376565) 2342 4651 1
(0.226349 0.386825 0.228508 0.158317) 2343 4507 2
(0.210734 0.389765 0.394633 0.00486766) 2344 4509 1
(0.205901 0.177198 0.39705 0.219851) 2345 4511 1
(0.168989 0.0252975 0.415505 0.390208) 2346 4513 1
(0.240602 0.0189569 0.360742 0.379699) 2273 4514 2
(0.0901609 0.45492 0.0124733 0.442446) 2350 4521 2
(0.0579579 0.202698 0.268323 0.471021) 2277 4522 2
(0.821057 0.0894716 0.0491497 0.040322) 2352 4674 2
(0.402116 0.298942 0.11906 0.179883) 2353 4676 2
(0.176581 0.0660141 0.345696 0.41171) 2354 4675 2
(0.683434 0.158283 0.00140872 0.156874) 2400 4620 2
(0.234208 0.382896 0.373633 0.00926349) 2403 4626 2
(0.000478246 0.0880354 0.411726 0.499761) 2404 4774 2
(0.00833082 0.106787 0.389047 0.495835) 2405 4776 2
(0.186564 0.406718 0.0636063 0.343112) 2406 4781 2
(0.084934 0.321795 0.135738 0.457533) 2331 4632 1
(0.264665 0.352388 0.367667 0.0152796) 2407 4634 1
(0.0981831 0.000924631 0.449984 0.450908) 2407 4783 1
(0.243869 0.297331 0.0807342 0.378065) 2408 4785 1
(0.103934 0.0595091 0.388524 0.448033) 2409 4784 2
(0.206003 0.35505 0.041948 0.396998) 2409 4787 1
(0.0792378 0.0421906 0.41819 0.460381) 2410 4786 2
(0.188373 0.405814 0.404362 0.00145164) 2410 4789 2
(0.0752165 0.462392 0.333506 0.128886) 2486 4791 2
(0.352275 0.323862 0.22341 0.100452) 2487 4793 2
(0.376259 0.31187 0.23966 0.0722099) 2411 4642 2
(0.49911 0.250445 0.190064 0.0603815) 2411 4790 1
(0.589119 0.20544 0.0845969 0.120844) 2412 4644 2
(0.190453 0.404774 0.0629979 0.341776) 2413 4792 1
(0.288709 0.116013 0.355646 0.239633) 2413 4646 1
(0.26754 0.335757 0.36623 0.0304735) 2414 4648 1
(0.195821 0.348539 0.40209 0.0535505) 2415 4650 1
(0.19247 0.215808 0.403765 0.187957) 2416 4652 1
(0.206077 0.0419652 0.396962 0.354996) 2417 4654 1
(0.0286845 0.485658 0.0763943 0.409263) 2419 4804 1
(0.184718 0.407641 0.393517 0.014124) 2420 4660 2
(0.152602 0.423699 0.298439 0.12526) 2421 4662 2
(0.105253 0.447373 0.230326 0.217047) 2422 4664 2
(0.320697 0.339652 0.234828 0.104824) 2348 4666 2
(0.219447 0.237346 0.15293 0.390276) 2350 4670 1
(0.317434 0.341283 0.292061 0.0492218) 2351 4672 2
(0.0220344 0.416972 0.488983 0.0720108) 2427 4674 1
(0.429612 0.000554958 0.284639 0.285194) 2427 4823 1
(0.336295 0.133923 0.197929 0.331852) 2428 4825 1
(0.209385 0.395307 0.147116 0.248192) 2476 4771 2
(0.0778311 0.337063 0.124022 0.461084) 2402 4773 1
(0.174782 0.412609 0.321026 0.0915827) 2477 4922 2
(0.211743 0.394128 0.340347 0.0537817) 2478 4924 2
(0.213221 0.393389 0.277906 0.115484) 2479 4926 2
(0.227475 0.386262 0.120965 0.265298) 2480 4928 2
(0.14205 0.0352734 0.393701 0.428975) 2481 4927 2
(0.261685 0.0041228 0.369158 0.365035) 2481 4929 2
(0.346627 0.326686 0.00573648 0.32095) 2557 4932 2
(0.298341 0.35083 0.0602608 0.290569) 2558 4934 2
(0.291019 0.35449 0.0929833 0.261507) 2559 4936 2
(0.313952 0.343024 0.0374067 0.305617) 2560 4938 2
(0.324543 0.169827 0.337729 0.167902) 2561 4940 1
(0.474629 0.262685 0.0131573 0.249528) 2562 4942 2
(0.021035 0.489482 0.106072 0.38341) 2488 4944 2
(0.0309154 0.0865899 0.484542 0.397952) 2563 4944 1
(0.0384924 0.0923854 0.480754 0.388368) 2489 4945 2
(0.174665 0.412667 0.366883 0.0457845) 2489 4797 2
(0.108968 0.445516 0.420366 0.0251499) 2490 4799 2
(0.167469 0.325946 0.416265 0.0903198) 2490 4799 1
(0.215697 0.392151 0.384113 0.00803868) 2491 4801 2
(0.210893 0.148473 0.394553 0.246081) 2491 4801 1
(0.22279 0.385699 0.388605 0.00290592) 2492 4803 1
(0.204774 0.397613 0.171102 0.226511) 2493 4805 2
(0.195807 0.402097 0.340062 0.0620346) 2494 4807 2
(0.0394518 0.480274 0.0744217 0.405852) 2495 4955 1
(0.161454 0.018567 0.419273 0.400706) 2495 4809 1
(0.133149 0.133836 0.433425 0.29959) 2496 4811 1
(0.113946 0.19258 0.443027 0.250447) 2497 4813 1
(0.0289118 0.141817 0.343728 0.485544) 2424 4814 2
(0.236487 0.0268978 0.354859 0.381757) 2425 4816 2
(0.0377503 0.121462 0.481125 0.359663) 2425 4818 2
(0.352487 0.0889215 0.234835 0.323757) 2426 4821 1
(0.353294 0.323353 0.144155 0.179198) 2502 4823 2
(0.368176 0.315912 0.0316936 0.284218) 2503 4971 1
(0.0473526 0.039666 0.436658 0.476324) 2475 4918 1
(0.23586 0.38207 0.0742812 0.307789) 2550 5067 2
(0.311348 0.344326 0.0241768 0.320149) 2551 5069 2
(0.254094 0.0362 0.336753 0.372953) 2551 5069 1
(0.278603 0.331588 0.0291107 0.360698) 2552 5071 1
(0.188135 0.405933 0.161411 0.244522) 2627 5217 1
(0.300784 0.349608 0.0306347 0.318973) 2628 5219 1
(0.0703657 0.464817 0.337732 0.127085) 2628 5221 1
(0.288114 0.00898894 0.355943 0.346954) 2629 5075 1
(0.114251 0.442875 0.367051 0.0758239) 2630 5225 1
(0.289004 0.355498 0.310177 0.045321) 2632 5081 2
(0.309181 0.335269 0.34541 0.0101405) 2633 5083 1
(0.0662805 0.083471 0.46686 0.383389) 2635 5087 1
(0.770924 0.0578705 0.114538 0.0566673) 2635 5087 1
(0.0389562 0.480522 0.296885 0.183636) 2637 5091 2
(0.0297929 0.460245 0.485104 0.0248582) 2563 5092 2
(0.114358 0.442821 0.196687 0.246134) 2564 5094 1
(0.437925 0.067151 0.281037 0.213886) 2565 4948 1
(0.345692 0.327154 0.0623135 0.264841) 2566 4950 2
(0.307907 0.346047 0.317379 0.0286682) 2567 4952 2
(0.152438 0.423781 0.3355 0.0882806) 2568 4954 2
(0.13823 0.0938857 0.430885 0.336999) 2568 4954 1
(0.190243 0.404878 0.0110102 0.393868) 2569 4956 2
(0.170337 0.414831 0.25515 0.159682) 2570 4958 2
(0.139187 0.430407 0.41561 0.0147968) 2571 4960 2
(0.0836417 0.458179 0.445392 0.0127871) 2572 4962 2
(0.0397274 0.275477 0.20466 0.480136) 2498 4964 1
(0.460156 0.00289039 0.267032 0.269922) 2499 4963 2
(0.082121 0.124389 0.33455 0.45894) 2500 4965 2
(0.300778 0.036486 0.313125 0.349611) 2500 4968 1
(0.224131 0.208945 0.178989 0.387934) 2501 4970 1
(0.078951 0.0239707 0.460525 0.436554) 2577 4972 1
(0.0663634 0.0909121 0.466818 0.375906) 2503 4973 2
(0.28612 0.35694 0.133653 0.223287) 2625 5216 2
(0.166592 0.0794404 0.416704 0.337264) 2625 5215 2
(0.308711 0.345644 0.067352 0.278292) 2701 5218 2
(0.270733 0.364634 0.291974 0.0726598) 2702 5220 2
(0.0909284 0.454536 0.348823 0.105713) 2702 5368 1
(0.256372 0.0611246 0.371814 0.310689) 2703 5222 1
(0.201222 0.0181206 0.399389 0.381268) 2704 5224 1
(0.0785303 0.460735 0.178247 0.282488) 2706 5228 2
(0.0315093 0.484245 0.327751 0.156494) 2707 5378 1
(0.11903 0.0954021 0.345083 0.440485) 2633 5232 1
(0.127944 0.00210253 0.433925 0.436028) 2635 5236 1
(0.194517 0.402742 0.0519663 0.350775) 2636 5237 1
(0.606827 0.196587 0.179026 0.0175607) 2637 5239 1
(0.570267 0.214867 0.0487415 0.166125) 2638 5093 2
(0.416486 0.291757 0.00808168 0.283675) 2639 5095 2
(0.215886 0.392057 0.351878 0.040179) 2640 5245 1
(0.0871531 0.456423 0.13696 0.319463) 2568 5103 2
(0.613732 0.193134 0.018819 0.174315) 2643 5252 2
(0.392973 0.194683 0.108831 0.303513) 2644 5251 2
(0.0468795 0.47656 0.436006 0.0405544) 2645 5107 2
(0.168418 0.0904928 0.415791 0.325298) 2645 5107 1
(0.171776 0.414112 0.00236417 0.411748) 2646 5109 2
(0.0851638 0.457418 0.435139 0.0222796) 2572 5111 2
(0.23658 0.351507 0.0302035 0.38171) 2573 5113 1
(0.311599 0.3442 0.112533 0.231667) 2574 5115 2
(0.322973 0.049492 0.289021 0.338513) 2574 5115 1
(0.28804 0.352812 0.003168 0.35598) 2575 5117 1
(0.259411 0.370294 0.294015 0.0762798) 2576 5119 2
(0.248837 0.375582 0.343938 0.0316439) 2578 5123 2
(0.289517 0.355241 0.22568 0.129562) 2579 5125 2
(0.227271 0.193126 0.193239 0.386365) 2700 5365 1
(0.236938 0.114612 0.381531 0.266919) 2776 5367 1
(0.301392 0.333785 0.349304 0.0155185) 2777 5369 1
(0.228098 0.385951 0.0744758 0.311475) 2778 5371 2
(0.01625 0.211812 0.491875 0.280063) 2779 5373 1
(0.237126 0.108679 0.381437 0.272758) 2780 5375 1
(0.348064 0.00390873 0.325968 0.322059) 2706 5376 2
(0.0294102 0.254561 0.230734 0.485295) 2707 5379 1
(0.410484 0.294758 0.0160176 0.27874) 2709 5380 1
(0.804248 0.0798055 0.0180706 0.0978761) 2710 5382 2
(0.129141 0.345215 0.0902143 0.435429) 2711 5387 1
(0.148859 0.0129439 0.42557 0.412626) 2712 5388 2
(0.187315 0.406343 0.202443 0.2039) 2714 5393 2
(0.111082 0.159605 0.284854 0.444459) 2715 5395 1
(0.21366 0.371711 0.39317 0.0214586) 2716 5248 1
(0.295357 0.352322 0.135547 0.216775) 2717 5250 2
(0.345349 0.327325 0.016538 0.310787) 2718 5398 1
(0.00598533 0.497007 0.303728 0.193279) 2718 5400 1
(0.24774 0.0609636 0.37613 0.315166) 2719 5254 1
(0.257052 0.363334 0.371474 0.00814012) 2720 5256 1
(0.266258 0.366871 0.169076 0.197795) 2721 5258 2
(0.237611 0.381195 0.291695 0.0894996) 2647 5260 2
(0.185423 0.0536955 0.353593 0.407288) 2648 5259 2
(0.310114 0.162082 0.182861 0.344943) 2648 5262 1
(0.309306 0.345347 0.299811 0.0455365) 2649 5264 2
(0.317736 0.341132 0.171873 0.169259) 2650 5266 2
(0.283831 0.358085 0.25346 0.104625) 2651 5268 2
(0.205199 0.0382506 0.3974 0.35915) 2652 5269 2
(0.345451 0.327274 0.0514283 0.275846) 2654 5274 2
(0.25441 0.372795 0.0581384 0.314657) 2775 5514 2
(0.239228 0.380386 0.0845636 0.295822) 2776 5516 2
(0.224885 0.387558 0.143001 0.244557) 2852 5518 2
(0.278038 0.360981 0.0376423 0.323339) 2853 5666 1
(0.188182 0.0544096 0.405909 0.351499) 2778 5519 2
(0.0484886 0.13576 0.475756 0.339996) 2779 5521 2
(0.00591807 0.497041 0.379609 0.117432) 2856 5526 2
(0.39837 0.284736 0.300815 0.0160792) 2781 5377 1
(0.0628072 0.468596 0.376658 0.0919382) 2857 5528 2
(0.213854 0.393073 0.19861 0.194463) 2782 5527 1
(0.169744 0.415128 0.268001 0.147126) 2783 5529 1
(0.203033 0.398484 0.179606 0.218878) 2786 5533 1
(0.0814409 0.171042 0.288237 0.45928) 2789 5539 2
(0.01265 0.149463 0.493675 0.344212) 2789 5541 2
(0.18839 0.106561 0.299244 0.405805) 2790 5544 1
(0.233317 0.300915 0.0824269 0.383342) 2791 5546 1
(0.157642 0.302923 0.118256 0.421179) 2792 5548 1
(0.15398 8.90746e-05 0.42301 0.422921) 2792 5399 1
(0.278223 0.197926 0.360888 0.162962) 2793 5401 1
(0.249609 0.375196 0.0091821 0.366014) 2794 5403 2
(0.247634 0.376183 0.0569902 0.319193) 2795 5405 2
(0.251668 0.0317573 0.342408 0.374166) 2721 5407 1
(0.282202 0.152012 0.206887 0.358899) 2722 5409 1
(0.316999 0.242567 0.0989332 0.3415) 2723 5411 1
(0.314965 0.305314 0.0372036 0.342517) 2724 5413 1
(0.34565 0.327175 0.316943 0.0102316) 2725 5415 2
(0.341386 0.329307 0.246361 0.0829462) 2726 5417 2
(0.334105 0.332947 0.201045 0.131903) 2727 5419 2
(0.340754 0.329623 0.198943 0.13068) 2728 5421 2
(0.374362 0.312819 0.262093 0.0507257) 2729 5423 2
(0.242356 0.236338 0.142484 0.378822) 2850 5663 1
(0.0831181 0.0280851 0.430356 0.458441) 2851 5665 1
(0.327405 0.131431 0.336298 0.204867) 2928 5669 1
(0.281996 0.216227 0.359002 0.142775) 2929 5671 1
(0.525873 0.237063 0.166146 0.0709175) 2854 5522 2
(0.485773 0.257114 0.255174 0.0019399) 2855 5524 2
(0.503156 0.248422 0.0803838 0.168038) 2856 5672 1
(0.706487 0.146757 0.133317 0.0134394) 2860 5683 2
(0.142538 0.16345 0.265281 0.428731) 2862 5687 1
(0.0955392 0.0696509 0.45223 0.382579) 2862 5538 1
(0.342173 0.315436 0.328914 0.0134775) 2863 5540 1
(0.424779 0.287611 0.0372016 0.250409) 2864 5688 1
(0.148235 0.00878047 0.425882 0.417102) 2864 5690 2
(0.207647 0.0954023 0.300774 0.396177) 2865 5693 1
(0.207687 0.165616 0.230541 0.396157) 2866 5695 1
(0.110512 0.444744 0.294571 0.150173) 2942 5845 1
(0.225154 0.387423 0.382832 0.00459097) 2868 5699 2
(0.156553 0.0888771 0.421723 0.332846) 2868 5550 1
(0.208638 0.395681 0.0489282 0.346753) 2869 5552 2
(0.127244 0.436378 0.085721 0.350657) 2870 5700 1
(0.178232 0.0827645 0.410884 0.328119) 2870 5554 1
(0.270602 0.159213 0.205486 0.364699) 2796 5556 1
(0.0871169 0.456442 0.432368 0.0240739) 2872 5706 1
(0.414892 0.292554 0.16853 0.124024) 2798 5560 2
(0.354325 0.322838 0.0476613 0.275176) 2799 5562 2
(0.117176 0.115708 0.325704 0.441412) 2800 5561 2
(0.117385 0.111995 0.441308 0.329313) 2800 5563 2
(0.22749 0.0642559 0.386255 0.321999) 2801 5565 2
(0.141922 0.103292 0.429039 0.325747) 2802 5567 2
(0.159801 0.105279 0.31482 0.4201) 2804 5569 2
(0.366612 0.0467377 0.316694 0.269956) 2925 5811 2
(0.269019 0.36549 0.302244 0.0632459) 2927 5816 2
(0.111516 0.444242 0.419482 0.0247597) 3004 5820 2
(0.316865 0.341567 0.331987 0.00958037) 3005 5822 2
(0.676219 0.161891 0.0956064 0.0662841) 2930 5673 2
(0.164493 0.417754 0.147217 0.270536) 2931 5821 1
(0.0629774 0.468511 0.0985286 0.369983) 2932 5823 1
(0.34753 0.065636 0.260599 0.326235) 2934 5830 1
(0.322522 0.0806211 0.258118 0.338739) 2935 5832 1
(0.259625 0.0826746 0.287513 0.370187) 2936 5834 1
(0.204906 0.00529972 0.392247 0.397547) 2937 5836 1
(0.207386 0.0167859 0.396307 0.379521) 2938 5837 2
(0.139825 0.0313745 0.430088 0.398713) 2939 5839 2
(0.0614287 0.0647501 0.404536 0.469286) 2941 5841 2
(0.187628 0.406186 0.0794134 0.326773) 2942 5846 2
(0.269069 0.365466 0.354965 0.0105001) 3018 5996 1
(0.232749 0.383626 0.362703 0.0209225) 3019 5998 1
(0.274439 0.344183 0.362781 0.018598) 2944 5701 1
(0.275758 0.362121 0.0684988 0.293622) 2945 5703 2
(0.174437 0.412782 0.01965 0.393132) 2946 5851 1
(0.392822 0.179389 0.303589 0.1242) 2946 5705 1
(0.354278 0.0516854 0.322861 0.271176) 2871 5704 2
(0.243661 0.197421 0.180749 0.37817) 2872 5707 1
(0.195862 0.336829 0.0652406 0.402069) 2873 5709 1
(0.310934 0.344533 0.049697 0.294836) 2874 5711 2
(0.313476 0.0230045 0.343262 0.320257) 2874 5710 2
(0.373577 0.217846 0.0953655 0.313211) 2875 5713 1
(0.418782 0.290609 0.20512 0.0854891) 2876 5715 2
(0.465382 0.267309 0.0433696 0.223939) 2877 5717 2
(0.319608 0.0985024 0.241694 0.340196) 2878 5716 2
(0.202824 0.198567 0.200021 0.398588) 2879 5718 2
(0.0182962 0.432009 0.490852 0.058843) 3075 5961 1
(0.284917 0.252772 0.357542 0.10477) 3000 5812 1
(0.201507 0.280419 0.399247 0.118827) 3001 5814 1
(0.187645 0.406177 0.0942216 0.311956) 3004 5969 2
(0.0558142 0.0975863 0.472093 0.374507) 3080 5971 1
(0.107245 0.0298661 0.446378 0.416512) 3082 5975 1
(0.260483 0.369759 0.285912 0.0838466) 3007 5826 2
(0.247989 0.376005 0.279205 0.0968008) 3008 5828 2
(0.146524 0.426738 0.0703016 0.356436) 3009 5976 1
(0.10859 0.202737 0.445705 0.242968) 3009 5978 2
(0.268335 0.0803769 0.365833 0.285456) 3010 5980 2
(0.292615 0.122189 0.231503 0.353693) 3011 5983 1
(0.182076 0.408962 0.332796 0.0761657) 3012 5985 2
(0.216326 0.0242103 0.367627 0.391837) 3013 5984 2
(0.256608 0.0188938 0.371696 0.352802) 3013 5986 2
(0.241953 0.0886001 0.290424 0.379024) 3014 5989 1
(0.0566681 0.0895159 0.38215 0.471666) 3016 5990 2
(0.20891 0.395545 0.000575037 0.39497) 3093 5997 2
(0.567959 0.0822747 0.216021 0.133746) 3094 5999 1
(0.11558 0.44221 0.305433 0.136777) 3021 6003 2
(0.184059 0.0737981 0.407971 0.334173) 3021 5854 1
(0.301942 0.255712 0.349029 0.0933171) 3022 5856 1
(0.316744 0.341628 0.189912 0.151716) 3023 5858 2
(0.200525 0.399737 0.117343 0.282395) 3024 6006 1
(0.317883 0.0393669 0.301692 0.341059) 2949 5857 2
(0.121481 0.102499 0.33676 0.43926) 2950 5859 2
(0.180602 0.100979 0.409699 0.30872) 2950 5861 2
(0.47498 0.0371404 0.22537 0.26251) 2951 5864 1
(0.501358 0.246172 0.00314876 0.249321) 2952 5866 1
(0.515371 0.242314 0.012461 0.229853) 2953 5868 2
(0.124699 0.395313 0.0423378 0.437651) 2954 5867 2
(0.144352 0.427824 0.0518296 0.375994) 2955 5869 1
(0.134359 0.251445 0.43282 0.181375) 2880 5722 2
(0.019508 0.24377 0.246476 0.490246) 3075 6110 1
(0.312732 0.343634 0.0441671 0.299467) 3076 6109 1
(0.13572 0.314011 0.43214 0.118129) 3076 5963 1
(0.116749 0.441626 0.127169 0.314457) 3077 6111 1
(0.285279 0.0643741 0.357361 0.292986) 3077 5965 1
(0.460938 0.269531 0.267392 0.0021389) 3078 6115 1
(0.236855 0.381573 0.110585 0.270988) 3081 6122 2
(0.142439 0.258827 0.169953 0.428781) 3082 6124 1
(0.182243 0.160189 0.24869 0.408879) 3083 6126 1
(0.236395 0.381803 0.322152 0.0596508) 3160 6130 2
(0.306284 0.346858 0.324565 0.0222935) 3084 5979 2
(0.0253688 0.487316 0.212547 0.274768) 3084 6127 1
(0.231988 0.384006 0.168205 0.215801) 3085 6129 1
(0.147645 0.426177 0.150565 0.275612) 3087 6134 2
(0.131916 0.434042 0.356902 0.0771399) 3088 6136 2
(0.173759 0.413121 0.128556 0.284565) 3089 6138 2
(0.320703 0.184565 0.155083 0.339648) 3089 6138 1
(0.438034 0.280983 0.0572031 0.22378) 3090 6140 2
(0.0222007 0.198386 0.290514 0.4889) 3091 6139 2
(0.351861 0.0188593 0.30521 0.324069) 3091 6142 1
(0.0957125 0.452144 0.0986259 0.353518) 3093 6146 2
(0.119523 0.0315251 0.440238 0.408713) 3095 6149 2
(0.0754653 0.462267 0.186285 0.275982) 3096 6151 1
(0.182437 0.408782 0.33519 0.073591) 3097 6153 1
(0.0805051 0.459747 0.358842 0.100905) 3098 6155 1
(0.109229 0.0860983 0.359287 0.445386) 3025 6008 2
(0.18057 0.0827456 0.409715 0.32697) 3025 6010 2
(0.43622 0.0906143 0.191276 0.28189) 3026 6013 1
(0.395964 0.302018 0.184654 0.117365) 3027 6015 2
(0.0289335 0.199931 0.485533 0.285603) 3027 6014 2
(0.307184 0.246415 0.0999931 0.346408) 3028 6017 1
(0.353851 0.0719301 0.251144 0.323074) 3029 6016 2
(0.185805 0.21349 0.193607 0.407097) 2954 5870 1
(0.31415 0.186639 0.342925 0.156286) 3030 6020 2
(0.568371 0.0477884 0.168026 0.215814) 3031 6023 1
(0.353406 0.298437 0.323297 0.0248602) 3151 6112 1
(0.2976 0.3512 0.120885 0.230315) 3152 6114 2
(0.290505 0.354748 0.255975 0.0987729) 3153 6116 2
(0.242453 0.378774 0.340704 0.0380697) 3154 6118 2
(0.229958 0.385021 0.342259 0.0427618) 3155 6120 2
(0.257628 0.0087225 0.362464 0.371186) 3156 6268 2
(0.241821 0.37909 0.00702736 0.372062) 3157 6273 2
(0.0968534 0.451573 0.0293707 0.422203) 3234 6277 2
(0.257946 0.371027 0.164318 0.206709) 3235 6279 2
(0.255275 0.372363 0.0120687 0.360294) 3236 6427 1
(0.120811 0.0930609 0.439594 0.346534) 3161 6280 2
(0.213439 0.0522922 0.39328 0.340988) 3162 6282 2
(0.0455941 0.477203 0.194988 0.282215) 3237 6431 1
(0.0421684 0.478916 0.356353 0.122563) 3239 6433 1
(0.0843053 0.382052 0.0757953 0.457847) 3164 6287 1
(0.597792 0.201104 0.0354462 0.165658) 3165 6286 1
(0.00163036 0.499185 0.0320358 0.467149) 3165 6288 1
(0.00341609 0.430645 0.0676469 0.498292) 3166 6291 1
(0.274344 0.362828 0.35805 0.00477836) 3167 6293 2
(0.260195 0.369902 0.0862577 0.283645) 3168 6295 2
(0.773694 0.113153 0.00629468 0.106858) 3169 6148 2
(0.192716 0.113038 0.403642 0.290604) 3170 6298 2
(0.20662 0.39669 0.0788673 0.317823) 3172 6300 1
(0.237875 0.381063 0.19112 0.189942) 3173 6156 2
(0.0774743 0.0980883 0.363175 0.461263) 3100 6157 2
(0.0388687 0.147162 0.480566 0.333403) 3100 6159 2
(0.303954 0.0168933 0.348023 0.33113) 3101 6161 2
(0.367389 0.123407 0.192899 0.316305) 3102 6164 1
(0.384779 0.30761 0.281286 0.0263242) 3103 6166 2
(0.416583 0.291709 0.0141421 0.277567) 3104 6168 2
(0.04539 0.199335 0.27797 0.477305) 3105 6167 2
(0.248011 0.375995 0.145893 0.230101) 3030 6021 2
(0.297016 0.0390156 0.312476 0.351492) 3106 6169 2
(0.18334 0.127899 0.280431 0.40833) 3107 6171 2
(0.457167 0.271416 0.0098234 0.261593) 3225 15118 2
(0.304602 0.347699 0.263134 0.0845654) 3226 6261 2
(0.320529 0.339735 0.294126 0.0456091) 3227 6263 2
(0.236243 0.381878 0.0336594 0.348219) 3228 6411 1
(0.0739363 0.463032 0.10014 0.362892) 3229 6413 1
(0.127802 0.436099 0.229993 0.206107) 3230 6269 2
(0.155183 0.422408 0.16539 0.257018) 3230 6418 2
(0.181777 0.0394514 0.36966 0.409112) 3231 6417 2
(0.323074 0.0255809 0.312882 0.338463) 3233 6421 2
(0.224682 0.387659 0.359706 0.0279528) 3308 6572 1
(0.22159 0.0963732 0.389205 0.292832) 3309 6426 1
(0.26241 0.231046 0.368795 0.137749) 3310 6428 1
(0.200568 0.360335 0.399716 0.039381) 3311 6430 1
(0.176084 0.153433 0.258525 0.411958) 3312 6578 2
(0.197512 0.26502 0.401244 0.136224) 3312 6580 2
(0.200522 0.399739 0.298264 0.101476) 3240 6435 1
(0.253158 0.373421 0.23086 0.142561) 3315 6438 2
(0.556958 0.221521 0.0905073 0.131014) 3241 6439 1
(0.110092 0.444954 0.228293 0.216661) 3242 6442 2
(0.210147 0.394926 0.218549 0.176378) 3319 6446 2
(0.410287 0.0691288 0.294856 0.225728) 3243 6295 1
(0.299203 0.212141 0.350399 0.138258) 3244 6297 1
(0.340319 0.329841 0.0820219 0.247819) 3245 6299 2
(0.389837 0.305081 0.209833 0.0952483) 3246 6301 2
(0.272693 0.363654 0.252156 0.111498) 3247 6303 2
(0.207856 0.396072 0.276973 0.119099) 3249 6307 2
(0.250335 0.0119657 0.362867 0.374832) 3175 6306 2
(0.117195 0.0891132 0.352289 0.441403) 3176 6308 2
(0.109705 0.09263 0.445148 0.352518) 3176 6310 2
(0.283792 0.0482043 0.3099 0.358104) 3177 6313 1
(0.317004 0.191752 0.149746 0.341498) 3178 6315 1
(0.326367 0.336816 0.314515 0.0223011) 3179 6317 2
(0.397372 0.301314 0.118054 0.18326) 3180 6319 2
(0.294185 0.0675159 0.285391 0.352907) 3181 6318 2
(0.00147886 0.290842 0.499261 0.208419) 3181 6320 2
(0.339945 0.330027 0.199423 0.130604) 3300 6408 2
(0.2832 0.3584 0.268863 0.0895367) 3301 6410 2
(0.278705 0.360648 0.101389 0.259258) 3302 6412 2
(0.197037 0.367897 0.0335844 0.401481) 3303 6563 1
(0.206811 0.0959044 0.30069 0.396595) 3304 6565 1
(0.0972768 0.0865414 0.451362 0.36482) 3305 6566 2
(0.312059 0.235703 0.108268 0.343971) 3307 6571 1
(0.234991 0.382504 0.1088 0.273705) 3384 6575 2
(0.245227 0.377386 0.0412633 0.336123) 3385 6723 1
(0.148477 0.425762 0.356825 0.0689361) 3385 6725 1
(0.334843 0.02175 0.332579 0.310829) 3386 6579 1
(0.24934 0.37533 0.341847 0.033483) 3388 6583 2
(0.177578 0.411211 0.302938 0.108272) 3389 6585 2
(0.195123 0.402439 0.13047 0.271969) 3390 6587 2
(0.499825 0.132869 0.250087 0.117219) 3317 6442 1
(0.206373 0.0911653 0.396814 0.305648) 3392 6591 1
(0.0309002 0.120759 0.363791 0.48455) 3318 6593 1
(0.152218 0.423891 0.280336 0.143554) 3319 6594 1
(0.360206 0.319897 0.0234278 0.296469) 3320 6448 2
(0.0222378 0.488881 0.361312 0.127569) 3320 6596 1
(0.392246 0.303877 0.0482357 0.255641) 3321 6450 2
(0.0324703 0.483765 0.175625 0.308139) 3322 6598 1
(0.297402 0.0344597 0.351299 0.316839) 3322 6452 1
(0.0773687 0.402449 0.0588663 0.461316) 3249 6456 1
(0.243288 0.378356 0.16752 0.210835) 3250 6458 2
(0.0421384 0.0864496 0.478931 0.392481) 3250 6457 2
(0.235169 0.20132 0.181096 0.382416) 3251 6460 1
(0.276157 0.361921 0.314145 0.0477768) 3252 6462 2
(0.293734 0.353133 0.137087 0.216046) 3253 6464 2
(0.281351 0.359325 0.0466942 0.31263) 3254 6466 2
(0.290165 0.354917 0.0710287 0.283889) 3255 6468 2
(0.721755 0.139123 0.0829863 0.0561362) 3256 6470 2
(0.197512 0.401244 0.242152 0.159093) 3377 6710 2
(0.228437 0.385782 0.28403 0.101752) 3378 6712 2
(0.257045 0.371478 0.270129 0.101348) 3379 6714 2
(0.31412 0.34294 0.205245 0.137695) 3380 6716 2
(0.347837 0.326081 0.064009 0.262072) 3381 6718 2
(0.0637257 0.144683 0.323454 0.468137) 3382 6717 2
(0.286801 0.0077521 0.348848 0.3566) 3382 6720 1
(0.139281 0.0272661 0.43036 0.403093) 3383 6721 2
(0.264284 0.367858 0.0960383 0.27182) 3460 6726 2
(0.239067 0.380467 0.169602 0.210864) 3461 6728 2
(0.0942849 0.411022 0.452858 0.0418355) 3462 6730 1
(0.127121 0.409536 0.43644 0.0269038) 3463 6732 1
(0.215314 0.392343 0.0723753 0.319968) 3464 6734 2
(0.237353 0.381324 0.204469 0.176855) 3465 6736 2
(0.225735 0.0136769 0.373456 0.387133) 3391 6735 2
(0.0872932 0.456353 0.249838 0.206515) 3392 6740 2
(0.369184 0.315408 0.158929 0.156479) 3394 6741 1
(0.181901 0.409049 0.124139 0.28491) 3395 6743 1
(0.0573816 0.471309 0.300453 0.170856) 3395 6745 1
(0.253447 0.373277 0.327397 0.0458798) 3396 6747 1
(0.294844 0.0770551 0.352578 0.275523) 3397 6601 1
(0.284621 0.0186934 0.357689 0.338996) 3398 6603 1
(0.257132 0.371434 0.189954 0.18148) 3399 6605 2
(0.350342 0.0230733 0.301756 0.324829) 3324 6605 1
(0.224306 0.296318 0.0915293 0.387847) 3325 6607 1
(0.269136 0.365432 0.201683 0.163749) 3326 6609 2
(0.178572 0.0641305 0.346584 0.410714) 3327 6608 2
(0.128392 0.0778271 0.435804 0.357977) 3327 6610 2
(0.183522 0.0672235 0.408239 0.341016) 3329 6614 2
(0.142292 0.0840956 0.344758 0.428854) 3331 6616 2
(0.00831744 0.495841 0.477624 0.0182177) 3331 6618 1
(0.251401 0.0960733 0.374299 0.278226) 3257 6471 2
(0.117492 0.441254 0.177403 0.263851) 3450 6706 2
(0.248881 0.375559 0.2999 0.0756591) 3451 6708 2
(0.330556 0.334722 0.179909 0.154813) 3453 6861 2
(0.228142 0.385929 0.16588 0.220049) 3454 6863 2
(0.252713 0.373644 0.0831831 0.290461) 3455 6865 2
(0.305986 0.022362 0.324645 0.347007) 3456 6864 2
(0.10055 0.117836 0.331889 0.449725) 3457 6866 2
(0.247375 0.0133268 0.376313 0.362986) 3457 6868 2
(0.274067 0.214017 0.14895 0.362966) 3458 6871 1
(0.266945 0.366528 0.32242 0.0441079) 3459 6873 2
(0.275986 0.362007 0.0366304 0.325377) 3536 6877 2
(0.113641 0.272593 0.170587 0.44318) 3462 6879 1
(0.107504 0.229508 0.21674 0.446248) 3463 6881 1
(0.0592575 0.199626 0.270745 0.470371) 3464 6883 1
(0.130941 0.173597 0.260932 0.43453) 3465 6885 1
(0.209729 0.0279091 0.395135 0.367226) 3542 6889 1
(0.0910404 0.116748 0.45448 0.337732) 3544 6893 1
(0.282134 0.358933 0.155952 0.202981) 3467 6888 1
(0.385092 0.252038 0.307454 0.0554155) 3469 6744 1
(0.348686 0.325657 0.225612 0.100044) 3471 6748 2
(0.168019 0.41599 0.271633 0.144358) 3473 6752 2
(0.206915 0.240098 0.396542 0.156444) 3474 6754 1
(0.238656 0.380672 0.164231 0.21644) 3475 6904 1
(0.297533 0.320811 0.0304229 0.351234) 3400 6756 1
(0.287376 0.289345 0.0669665 0.356312) 3401 6758 1
(0.244961 0.37752 0.349541 0.0279787) 3402 6760 2
(0.281075 0.359463 0.234991 0.124472) 3403 6762 2
(0.310818 0.344591 0.0928686 0.251722) 3404 6764 2
(0.174848 0.0739652 0.338611 0.412576) 3405 6763 2
(0.141671 0.121965 0.429165 0.307199) 3405 6765 2
(0.374726 0.0239671 0.312637 0.28867) 3406 6767 2
(0.403546 0.019637 0.27859 0.298227) 3407 6770 1
(0.849344 0.0216954 0.0536326 0.075328) 3409 6771 2
(0.127566 0.19329 0.436217 0.242927) 3332 6620 2
(0.20581 0.202254 0.397095 0.194841) 3333 6622 2
(0.207498 0.161354 0.234897 0.396251) 3526 7003 2
(0.141009 0.429496 0.188899 0.240596) 3527 7008 2
(0.0882895 0.455855 0.377849 0.0780063) 3525 6855 2
(0.0918669 0.454067 0.0784864 0.37558) 3526 6857 2
(0.157611 0.421194 0.26058 0.160615) 3527 6859 2
(0.122603 0.438698 0.307962 0.130737) 3527 7007 1
(0.545584 0.153974 0.0732338 0.227208) 3531 7013 2
(0.341386 0.0879589 0.241348 0.329307) 3532 7015 2
(0.1793 0.0820761 0.328274 0.41035) 3533 7017 2
(0.0407407 0.0809188 0.398711 0.47963) 3534 7019 2
(0.153129 0.423435 0.0830528 0.340383) 3535 7024 2
(0.0832261 0.153737 0.458387 0.30465) 3611 7026 1
(0.119448 0.0146859 0.42559 0.440276) 3537 7028 1
(0.195226 0.288859 0.113528 0.402387) 3539 7032 1
(0.058984 0.0895943 0.380914 0.470508) 3541 7033 2
(0.705334 0.147333 0.102839 0.0444947) 3542 7038 2
(0.1408 0.4296 0.114671 0.314929) 3620 7190 1
(0.319534 0.0928975 0.247335 0.340233) 3545 7044 1
(0.257132 0.186768 0.184666 0.371434) 3546 7046 1
(0.283376 0.0689947 0.289317 0.358312) 3547 7048 1
(0.0494865 0.475257 0.367477 0.107779) 3549 7052 2
(0.0162048 0.491898 0.34387 0.148028) 3548 6901 2
(0.187631 0.406184 0.344542 0.0616427) 3549 6903 2
(0.240277 0.0664363 0.379862 0.313425) 3549 6903 1
(0.222557 0.296675 0.388721 0.0920468) 3550 6905 1
(0.153424 0.205831 0.423288 0.217457) 3551 6907 1
(0.323347 0.257264 0.0810632 0.338327) 3556 7063 2
(0.0919247 0.140886 0.313151 0.454038) 3557 7065 2
(0.294598 0.0135851 0.352701 0.339116) 3557 7067 2
(0.402909 0.298545 0.0779656 0.22058) 3481 6917 2
(0.372969 0.313515 0.0611431 0.252372) 3482 6919 2
(0.405805 0.0296727 0.267425 0.297098) 3483 6918 2
(0.0799585 0.227982 0.232039 0.460021) 3484 6920 2
(0.418875 0.0862301 0.290562 0.204332) 3484 6922 2
(0.632998 0.127004 0.0564974 0.183501) 3485 6925 1
(0.652728 0.161216 0.0124204 0.173636) 3486 6927 1
(0.275989 0.255928 0.106078 0.362005) 3487 6929 1
(0.117462 0.441269 0.0205897 0.420679) 3563 6931 2
(0.673798 0.163101 0.140077 0.0230233) 3410 6776 2
(0.0519057 0.0425224 0.431525 0.474047) 3600 7153 1
(0.0305412 0.142657 0.342072 0.484729) 3601 7155 1
(0.0729526 0.463524 0.02858 0.434944) 3600 7004 2
(0.272787 0.363607 0.127427 0.23618) 3601 7006 2
(0.304878 0.347561 0.346554 0.00100695) 3602 7157 2
(0.239783 0.380108 0.204072 0.176037) 3603 7159 2
(0.0594671 0.0576035 0.470266 0.412663) 3605 7162 2
(0.174558 0.204892 0.412721 0.207829) 3603 7010 1
(0.156448 0.0524129 0.369363 0.421776) 3529 7012 1
(0.0650248 0.467488 0.0807182 0.386769) 3606 7162 1
(0.129198 0.370379 0.435401 0.0650218) 3606 7016 1
(0.102638 0.448681 0.196008 0.252673) 3606 7164 1
(0.463222 0.114373 0.268389 0.154016) 3607 7018 1
(0.00623734 0.159718 0.496881 0.337164) 3612 7176 2
(0.530676 0.054569 0.180093 0.234662) 3614 7181 1
(0.305165 0.190042 0.157375 0.347417) 3615 7183 1
(0.262452 0.349737 0.0190372 0.368774) 3616 7185 1
(0.329035 0.335483 0.273153 0.0623292) 3617 7187 2
(0.416458 0.291771 0.159157 0.132614) 3619 7191 2
(0.0223836 0.488808 0.0588439 0.429964) 3618 7186 1
(0.0760861 0.461957 0.369747 0.0922095) 3544 7042 2
(0.347949 0.0787121 0.247313 0.326025) 3623 7196 2
(0.287422 0.356289 0.07761 0.278679) 3624 7201 2
(0.0829624 0.320293 0.138226 0.458519) 3625 7203 1
(0.16891 0.0572654 0.35828 0.415545) 3627 7204 2
(0.143271 0.399232 0.428364 0.0291328) 3625 7054 1
(0.10578 0.44711 0.0742886 0.372821) 3626 7056 2
(0.0501468 0.474927 0.165485 0.309442) 3627 7058 2
(0.284361 0.23139 0.126429 0.35782) 3630 7213 1
(0.37521 0.0272648 0.28513 0.312395) 3555 7061 2
(0.206518 0.396741 0.173271 0.22347) 3631 7066 2
(0.019651 0.125721 0.364453 0.490175) 3632 7214 2
(0.307954 0.0277781 0.346023 0.318245) 3632 7216 2
(0.432871 0.1451 0.138465 0.283565) 3633 7219 1
(0.507748 0.246126 0.0774343 0.168692) 3634 7221 2
(0.446521 0.27674 0.191509 0.0852303) 3635 7223 2
(0.390065 0.304968 0.177734 0.127233) 3559 7072 2
(0.0887274 0.293727 0.455636 0.161909) 3560 7073 2
(0.20134 0.327037 0.072293 0.39933) 3561 7076 1
(0.119447 0.440277 0.218194 0.222083) 3562 7078 2
(0.126108 0.267782 0.436946 0.169164) 3637 7078 1
(0.566113 0.0725704 0.144373 0.216944) 3563 7080 1
(0.38148 0.30926 0.198206 0.111054) 3564 7082 2
(0.3908 0.117132 0.187469 0.3046) 3640 7230 2
(0.336509 0.304521 0.0272245 0.331746) 3489 6933 1
(0.258258 0.061822 0.309049 0.370871) 3675 15124 1
(0.343863 0.0285879 0.299481 0.328068) 3676 7301 2
(0.329264 0.0370797 0.298288 0.335368) 3677 7302 2
(0.249929 0.375035 0.21807 0.156965) 3679 7161 2
(0.544259 0.227871 0.218279 0.00959195) 3680 7306 1
(0.351021 0.104393 0.32449 0.220096) 3681 7165 1
(0.280637 0.323669 0.359681 0.0360127) 3682 7167 1
(0.268323 0.365838 0.0753368 0.290502) 3683 7169 2
(0.205355 0.33935 0.397323 0.0579728) 3684 7171 1
(0.218101 0.39095 0.390112 0.000837211) 3685 7311 1
(0.0856592 0.45717 0.089714 0.367456) 3687 7312 1
(0.473872 0.263064 0.242269 0.0207952) 3688 7179 2
(0.158571 0.12117 0.420714 0.299544) 3689 7181 1
(0.307592 0.346204 0.0810378 0.265166) 3689 7464 2
(0.409746 0.295127 0.0200861 0.275041) 3690 7465 2
(0.447828 0.276086 0.163663 0.112423) 3692 7317 1
(0.0927554 0.453622 0.229624 0.223998) 3693 7319 1
(0.0551823 0.472409 0.142708 0.329701) 3695 7320 1
(0.14468 0.42766 0.373447 0.0542131) 3695 7321 1
(0.230017 0.0078709 0.384991 0.377121) 3696 7195 1
(0.0525066 0.473747 0.205105 0.268642) 3698 7199 2
(0.326653 0.0628689 0.273804 0.336673) 3698 7323 2
(0.176467 0.172983 0.411767 0.238784) 3698 7324 2
(0.508527 0.0319711 0.213765 0.245736) 3699 7474 1
(0.364052 0.317974 0.0481152 0.269859) 3702 7207 2
(0.24013 0.379935 0.157033 0.222902) 3703 7209 2
(0.279016 0.360492 0.329365 0.0311266) 3629 7211 2
(0.175251 0.107061 0.412375 0.305314) 3703 7329 2
(0.27276 0.0978911 0.36362 0.265729) 3704 7330 2
(0.485407 0.00905475 0.257296 0.248242) 3705 7331 2
(0.509467 0.16988 0.0753866 0.245267) 3706 7481 1
(0.492685 0.253658 0.149405 0.104252) 3707 7482 2
(0.438944 0.280528 0.0444824 0.236046) 3708 7483 2
(0.287222 0.130762 0.356389 0.225626) 3709 7221 1
(0.511429 0.244285 0.18102 0.0632659) 3710 7485 2
(0.237809 0.381096 0.18875 0.192346) 3711 7225 2
(0.275358 0.362321 0.318089 0.0442316) 3712 7227 2
(0.215725 0.0523639 0.339773 0.392137) 3638 7226 2
(0.385097 0.295288 0.307451 0.0121634) 3713 7229 1
(0.354771 0.0437155 0.278899 0.322614) 3639 7228 2
(0.0314166 0.484292 0.0607566 0.423535) 3640 7233 2
(0.409622 0.295189 0.0855173 0.209672) 3715 7490 2
(0.483812 0.258094 0.0108249 0.247269) 3716 7491 2
(0.261787 0.0794498 0.369107 0.289657) 3640 7232 2
(0.0395515 0.232397 0.480224 0.247827) 3716 7235 1
)


// ************************************************************************* //
