/*--------------------------------*- C++ -*----------------------------------*\
  =========                 |
  \\      /  F ield         | OpenFOAM: The Open Source CFD Toolbox
   \\    /   O peration     | Website:  https://openfoam.org
    \\  /    A nd           | Version:  12
     \\/     M anipulation  |
\*---------------------------------------------------------------------------*/
FoamFile
{
    format      ascii;
    class       vectorField;
    location    "0.95/lagrangian/cloud";
    object      U;
}
// * * * * * * * * * * * * * * * * * * * * * * * * * * * * * * * * * * * * * //


1629
(
(0.000302259 -0.0241953 0)
(0.000602036 -0.0241621 0)
(-0.000791992 -0.0233234 0)
(0.00100145 -0.0205709 0)
(0.000872741 -0.0212608 0)
(0.000432613 -0.027038 0)
(-0.000575797 -0.0274257 0)
(-0.000418314 -0.0276466 0)
(6.01419e-05 -0.0272925 0)
(-0.000361984 -0.0264598 0)
(-0.000347993 -0.0252924 0)
(6.17231e-05 -0.0272789 0)
(-0.000352373 -0.0268883 0)
(0.000301438 -0.0261478 0)
(0.000615175 -0.0259562 0)
(0.000807339 -0.0254358 0)
(0.000508099 -0.0241743 0)
(9.42372e-05 -0.0274073 0)
(-0.000593991 -0.025884 0)
(-0.000172299 -0.0292152 0)
(-0.000256421 -0.0300667 0)
(6.10739e-06 -0.0291229 0)
(0.000127489 -0.025798 0)
(-0.000204938 -0.0252428 0)
(0.000235199 -0.0232518 0)
(0.000886966 -0.020136 0)
(0.000267728 -0.0243745 0)
(-0.00084942 -0.0275916 0)
(0.000923868 -0.0272585 0)
(-0.000134049 -0.0301582 0)
(-0.000119881 -0.0274832 0)
(0.000314095 -0.0273002 0)
(0.000405367 -0.0313328 0)
(0.0016089 -0.0288634 0)
(0.000745015 -0.0296739 0)
(0.0012812 -0.0275537 0)
(0.00146352 -0.0295308 0)
(0.00200812 -0.030753 0)
(0.000711421 -0.0300966 0)
(0.000207643 -0.030663 0)
(0.00112093 -0.0311575 0)
(0.00150572 -0.0318505 0)
(-0.00020102 -0.0369333 0)
(0.000219861 -0.0367195 0)
(-0.000216849 -0.0374663 0)
(-0.00167788 -0.039816 0)
(0.000625073 -0.0417206 0)
(-0.000221765 -0.0415795 0)
(0.00116852 -0.0234092 0)
(0.00107335 -0.023727 0)
(0.000741792 -0.0219733 0)
(0.00117499 -0.0236817 0)
(0.00155587 -0.0220315 0)
(0.00121596 -0.0249523 0)
(0.000497112 -0.0263132 0)
(0.000894999 -0.0205394 0)
(0.000426483 -0.0213445 0)
(-0.000482688 -0.0220302 0)
(-0.000452885 -0.022889 0)
(0.000418838 -0.0233403 0)
(0.000484101 -0.0239959 0)
(0.0011054 -0.0233974 0)
(-0.000474179 -0.0241334 0)
(-0.000611234 -0.0208239 0)
(-0.000374663 -0.0207558 0)
(-0.000624346 -0.0257361 0)
(-1.54655e-05 -0.0257337 0)
(-1.37926e-05 -0.0250215 0)
(0.0004577 -0.0254552 0)
(0.000839994 -0.0251985 0)
(0.000196915 -0.0247881 0)
(0.000398727 -0.0161341 0)
(0.00048913 -0.0219475 0)
(-0.00063524 -0.0307885 0)
(-0.00113637 -0.0289118 0)
(-0.000361047 -0.0295949 0)
(0.00143894 -0.0258555 0)
(0.00109344 -0.0226627 0)
(0.000677807 -0.0227637 0)
(0.000946894 -0.0248838 0)
(0.000904367 -0.0250419 0)
(0.000268825 -0.027241 0)
(0.00148207 -0.0269738 0)
(0.00169127 -0.0273789 0)
(0.0011842 -0.0299053 0)
(0.00210703 -0.0339986 0)
(0.00304409 -0.0358755 0)
(0.00259661 -0.0362336 0)
(0.00280968 -0.0347013 0)
(0.00297297 -0.0335378 0)
(0.00405578 -0.0382984 0)
(0.0053139 -0.0372843 0)
(-0.000664134 -0.0273549 0)
(-0.000126687 -0.0298697 0)
(-0.00013328 -0.0272419 0)
(0.000384952 -0.0315239 0)
(0.000897261 -0.0254341 0)
(4.58848e-06 -0.0241539 0)
(-0.000566576 -0.0251918 0)
(-0.00169216 -0.0256085 0)
(0.00170732 -0.0233244 0)
(0.000136859 -0.0236265 0)
(-0.000756594 -0.0290795 0)
(-0.000416232 -0.0315346 0)
(-0.00111109 -0.0317959 0)
(-0.000138512 -0.0318964 0)
(0.000277163 -0.0323395 0)
(0.000200334 -0.0329939 0)
(0.000259494 -0.0329664 0)
(0.000344784 -0.0326915 0)
(0.000598924 -0.0329816 0)
(-0.000426196 -0.0367453 0)
(0.000199456 -0.035061 0)
(0.00037726 -0.0375885 0)
(0.000149179 -0.0395079 0)
(-4.45875e-05 -0.0360466 0)
(-6.88622e-05 -0.0363551 0)
(0.00052193 -0.0341712 0)
(0.00266726 -0.0333598 0)
(0.00303126 -0.0300956 0)
(-0.000547682 -0.0297969 0)
(0.000694583 -0.0351067 0)
(-5.43676e-05 -0.039548 0)
(1.93992e-06 -0.0355849 0)
(0.0011398 -0.0353752 0)
(0.000275703 -0.0313205 0)
(0.000108486 -0.0360133 0)
(-2.06846e-05 -0.0314289 0)
(0.000986382 -0.0285683 0)
(0.000987977 -0.0295469 0)
(3.99774e-05 -0.0318774 0)
(-0.000592881 -0.0297566 0)
(0.000783145 -0.0338398 0)
(0.000704531 -0.0330915 0)
(-0.000807114 -0.0312638 0)
(0.0016126 -0.0282913 0)
(0.00148216 -0.0364916 0)
(0.000750334 -0.0353282 0)
(0.000683425 -0.0349417 0)
(0.00106862 -0.034796 0)
(0.000871988 -0.0390898 0)
(0.000399737 -0.0347116 0)
(0.000512848 -0.0351166 0)
(-0.000998732 -0.0395859 0)
(-0.0011949 -0.0409414 0)
(-0.000990988 -0.0414298 0)
(-0.00045934 -0.0410309 0)
(-0.000371525 -0.0402637 0)
(-0.000100676 -0.0370167 0)
(0.000212747 -0.0369983 0)
(-0.000159475 -0.0395981 0)
(0.000110648 -0.0410348 0)
(0.000724998 -0.0389218 0)
(0.000623965 -0.0378162 0)
(-2.67976e-05 -0.0380036 0)
(6.43227e-05 -0.0388209 0)
(7.37586e-05 -0.039484 0)
(0.000583769 -0.039251 0)
(9.80999e-05 -0.0395974 0)
(-0.00202792 -0.0368118 0)
(-0.000360383 -0.036522 0)
(0.0010271 -0.0364635 0)
(0.000748496 -0.0309941 0)
(-0.000244007 -0.0358611 0)
(0.00147256 -0.0326125 0)
(0.00151632 -0.032046 0)
(0.000776237 -0.0315119 0)
(-0.000203616 -0.031571 0)
(-0.000554008 -0.0328272 0)
(-0.00039344 -0.0337287 0)
(-0.000509461 -0.0356462 0)
(-0.000619088 -0.0357518 0)
(0.000766223 -0.0385947 0)
(0.00178131 -0.0408714 0)
(0.000561458 -0.0398628 0)
(0.000200478 -0.0412555 0)
(4.97943e-05 -0.039974 0)
(-0.000129353 -0.0398513 0)
(4.48652e-05 -0.0397281 0)
(0.000186594 -0.0389626 0)
(-0.000126602 -0.0379324 0)
(-3.51407e-05 -0.0375775 0)
(-6.38479e-05 -0.0374166 0)
(0.000446446 -0.0404473 0)
(-0.00035049 -0.0407079 0)
(-0.000256184 -0.0399498 0)
(0.000423352 -0.0395716 0)
(-7.04498e-05 -0.0399982 0)
(-0.000302922 -0.0401031 0)
(-0.000354955 -0.0407633 0)
(-0.000584147 -0.0404429 0)
(9.75443e-05 -0.0391131 0)
(0.00103044 -0.0376383 0)
(0.00174192 -0.0355954 0)
(-0.000769775 -0.035466 0)
(-0.000164954 -0.0368261 0)
(-6.77644e-05 -0.0333226 0)
(9.79854e-05 -0.0444153 0)
(0.00053124 -0.0466543 0)
(0.00147969 -0.0425037 0)
(0.00109934 -0.0438493 0)
(0.00128381 -0.0458588 0)
(0.00253842 -0.0460232 0)
(0.00288705 -0.0410073 0)
(0.00393163 -0.0388425 0)
(0.000546676 -0.0379906 0)
(-0.000485282 -0.0395511 0)
(0.000990284 -0.0406279 0)
(0.00136152 -0.0394991 0)
(0.000127336 -0.0396069 0)
(5.69864e-05 -0.0398241 0)
(0.000199543 -0.0394596 0)
(0.000284214 -0.0400331 0)
(0.000679806 -0.0400377 0)
(0.000712582 -0.038934 0)
(0.000187191 -0.0377406 0)
(-8.40915e-05 -0.038574 0)
(-0.000172716 -0.0408347 0)
(0.000433145 -0.0419433 0)
(-0.000416582 -0.0408804 0)
(-0.000183439 -0.0416049 0)
(-0.00013303 -0.0398196 0)
(-0.000344737 -0.0397859 0)
(0.000444057 -0.0409735 0)
(-0.00137966 -0.0417995 0)
(-0.000638579 -0.0423617 0)
(-0.000766701 -0.042559 0)
(-0.000101972 -0.0423035 0)
(0.00137024 -0.038095 0)
(-0.00056174 -0.0524376 0)
(0.00118475 -0.0532021 0)
(0.00162779 -0.0503658 0)
(0.00268506 -0.0460566 0)
(0.00281011 -0.0441685 0)
(0.00317451 -0.0397372 0)
(0.00078814 -0.0430877 0)
(0.000599744 -0.0414823 0)
(-0.000134425 -0.039763 0)
(0.000517277 -0.0388907 0)
(0.00125575 -0.0378238 0)
(0.000126759 -0.0391477 0)
(-2.03315e-05 -0.038777 0)
(-0.000385229 -0.0389506 0)
(0.000226824 -0.0394035 0)
(-0.000254882 -0.0388771 0)
(-0.000466782 -0.039003 0)
(-0.000515812 -0.0401776 0)
(-0.000222071 -0.0412258 0)
(0.000366797 -0.0402223 0)
(0.000572635 -0.0376979 0)
(0.000196203 -0.037034 0)
(-0.000993341 -0.0398625 0)
(2.94871e-05 -0.0396383 0)
(2.31579e-05 -0.0405351 0)
(-3.06678e-05 -0.0437527 0)
(7.54893e-05 -0.0421658 0)
(0.000426496 -0.0416664 0)
(0.00182531 -0.0491934 0)
(0.00109535 -0.0502601 0)
(0.000721712 -0.045502 0)
(0.00179376 -0.0457258 0)
(0.000399939 -0.0433174 0)
(-6.00157e-05 -0.0430523 0)
(0.000293315 -0.0414376 0)
(0.000595688 -0.039392 0)
(0.00187241 -0.0387622 0)
(0.000285705 -0.0406518 0)
(0.000275674 -0.0402961 0)
(0.000276628 -0.0402568 0)
(0.000184792 -0.0398654 0)
(0.000147769 -0.0390089 0)
(0.000110653 -0.0390106 0)
(-5.45258e-05 -0.0381358 0)
(4.87611e-05 -0.0384245 0)
(0.000121555 -0.0379416 0)
(-4.602e-05 -0.0377772 0)
(9.56792e-05 -0.0378041 0)
(3.09883e-05 -0.0370382 0)
(0.000823807 -0.035259 0)
(0.000883038 -0.0365048 0)
(0.00143758 -0.0374712 0)
(0.000198412 -0.0426617 0)
(0.000276855 -0.0416307 0)
(-3.68541e-05 -0.0459154 0)
(-2.34826e-05 -0.0469766 0)
(-0.000478854 -0.0449295 0)
(0.00035204 -0.0460944 0)
(-0.000733655 -0.0440274 0)
(-0.000208882 -0.0427926 0)
(-9.05163e-05 -0.0427481 0)
(0.000182641 -0.0408649 0)
(0.000485741 -0.0398901 0)
(0.000635657 -0.0407002 0)
(0.000903135 -0.0409748 0)
(0.000246508 -0.0407387 0)
(0.000433603 -0.0400991 0)
(-0.000115821 -0.0394195 0)
(-0.000162713 -0.0399939 0)
(4.48721e-05 -0.0390276 0)
(0.000254913 -0.0390402 0)
(-0.000275447 -0.0339577 0)
(0.000251174 -0.0362718 0)
(0.000601189 -0.036981 0)
(0.000202169 -0.0351257 0)
(0.000520693 -0.0346923 0)
(0.00172826 -0.0348883 0)
(0.000305553 -0.0325432 0)
(-0.000907276 -0.0362433 0)
(-0.000614804 -0.0360608 0)
(-0.00155661 -0.0442324 0)
(-0.000647649 -0.0450268 0)
(-0.000936425 -0.0423938 0)
(-0.000113522 -0.0412371 0)
(-6.14628e-05 -0.0371722 0)
(-5.81469e-05 -0.0380694 0)
(-3.65689e-05 -0.0382128 0)
(0.0004745 -0.0402261 0)
(-0.000653732 -0.0414662 0)
(3.14974e-05 -0.0397854 0)
(0.000300458 -0.0381905 0)
(0.000809978 -0.0391 0)
(0.000510404 -0.0393997 0)
(0.00148735 -0.0394828 0)
(-0.000237142 -0.0388591 0)
(1.79732e-05 -0.039738 0)
(-0.000271029 -0.0399937 0)
(0.000960969 -0.0354763 0)
(1.2579e-05 -0.0381188 0)
(0.000107721 -0.0355771 0)
(0.00148279 -0.0332878 0)
(0.00136978 -0.0338779 0)
(0.00120457 -0.0343814 0)
(0.000234993 -0.0339108 0)
(-0.00050314 -0.0342215 0)
(0.000399397 -0.0349738 0)
(-0.00207892 -0.0461427 0)
(0.000559773 -0.0443165 0)
(-0.000534421 -0.0443206 0)
(0.000968443 -0.0405492 0)
(0.000382921 -0.0372966 0)
(-0.000264733 -0.0398002 0)
(-0.000239953 -0.0370019 0)
(-0.000129044 -0.03648 0)
(-0.00116674 -0.0344787 0)
(0.000511539 -0.0350303 0)
(4.40336e-05 -0.0350975 0)
(0.000629017 -0.036051 0)
(4.70342e-05 -0.0361675 0)
(0.000451459 -0.0372342 0)
(0.00017988 -0.0385436 0)
(-0.000335265 -0.0383872 0)
(0.000223364 -0.0407542 0)
(0.000133987 -0.040272 0)
(-6.8919e-06 -0.040047 0)
(0.000870259 -0.0359243 0)
(0.000340923 -0.0378916 0)
(0.000206236 -0.035446 0)
(0.000237684 -0.0331803 0)
(-0.000245773 -0.0348749 0)
(-9.37479e-05 -0.0351234 0)
(-0.000393714 -0.0355082 0)
(0.000622258 -0.0380498 0)
(0.000498894 -0.0377628 0)
(-2.48081e-05 -0.0431214 0)
(0.00104894 -0.0434876 0)
(0.000246401 -0.0444469 0)
(-0.00027404 -0.0428233 0)
(0.00142349 -0.0389343 0)
(-0.000243493 -0.0397562 0)
(0.000683802 -0.0357232 0)
(0.00104992 -0.0371721 0)
(-0.00026724 -0.0382978 0)
(0.000160227 -0.0380837 0)
(0.000396987 -0.0381924 0)
(0.000593514 -0.0345827 0)
(-0.000170324 -0.0350549 0)
(0.000291314 -0.0371754 0)
(0.000577864 -0.0397062 0)
(2.06565e-05 -0.0375425 0)
(-0.000329206 -0.0373767 0)
(-2.74111e-05 -0.0394821 0)
(-0.000146498 -0.0406267 0)
(-0.000379535 -0.0404501 0)
(-0.000207688 -0.037717 0)
(0.000764605 -0.0359803 0)
(0.000100599 -0.0355743 0)
(-0.000538714 -0.0352199 0)
(-0.000746131 -0.0359267 0)
(0.00212698 -0.033769 0)
(0.00344755 -0.0337887 0)
(0.00313357 -0.0335072 0)
(0.000453617 -0.0353421 0)
(-0.00142665 -0.0291056 0)
(-0.00112484 -0.0348177 0)
(-0.000953103 -0.0327901 0)
(-0.00124622 -0.0344375 0)
(-0.00130357 -0.0325166 0)
(-0.0005088 -0.0326963 0)
(0.000200469 -0.0336126 0)
(-0.00113556 -0.035354 0)
(-0.000209639 -0.0374466 0)
(0.000566557 -0.0361871 0)
(0.000515922 -0.0372654 0)
(-0.0001802 -0.0330041 0)
(-0.000232436 -0.0328472 0)
(0.000403071 -0.0356936 0)
(0.000293582 -0.0384275 0)
(-0.00108057 -0.0414019 0)
(-0.000237627 -0.0418124 0)
(-0.000210769 -0.0400043 0)
(-0.000207398 -0.03768 0)
(-0.000274432 -0.0383588 0)
(0.00011104 -0.0384568 0)
(0.000366164 -0.0393339 0)
(0.000302148 -0.0400352 0)
(0.000126445 -0.0402213 0)
(3.39459e-05 -0.0390928 0)
(-0.00063781 -0.0378808 0)
(-0.00110991 -0.0372073 0)
(-0.000115987 -0.0378041 0)
(-0.000181357 -0.0373395 0)
(0.000396319 -0.0358969 0)
(0.000359296 -0.035804 0)
(-8.94063e-05 -0.0369689 0)
(0.00190971 -0.0369536 0)
(0.00320645 -0.0388804 0)
(0.00301995 -0.0417585 0)
(0.0022784 -0.0417952 0)
(0.000474553 -0.0351875 0)
(3.45436e-05 -0.034028 0)
(-0.000382368 -0.0363862 0)
(-8.43214e-05 -0.0376289 0)
(-5.58068e-05 -0.0377136 0)
(-0.000321582 -0.0388819 0)
(-0.000143972 -0.0362697 0)
(-0.000474002 -0.035988 0)
(0.000145986 -0.037131 0)
(0.000248005 -0.0383853 0)
(0.00101401 -0.0400689 0)
(-0.000352115 -0.0440464 0)
(2.15681e-05 -0.0432771 0)
(-0.000682005 -0.0417756 0)
(-0.00161508 -0.0414276 0)
(-0.000249173 -0.0411186 0)
(-0.0006894 -0.042122 0)
(-0.000372525 -0.0407792 0)
(-0.0007714 -0.0405728 0)
(0.00063774 -0.0417141 0)
(0.000401896 -0.040138 0)
(-0.000743683 -0.0390438 0)
(0.000173635 -0.0371257 0)
(0.000223613 -0.0378499 0)
(-0.000608868 -0.0378129 0)
(-0.000480486 -0.0393737 0)
(-0.00113743 -0.0387218 0)
(-5.65341e-05 -0.0376248 0)
(-0.000122177 -0.039406 0)
(0.000278092 -0.0381332 0)
(0.000204198 -0.039712 0)
(0.000427274 -0.0393173 0)
(0.00143813 -0.0380086 0)
(0.00372537 -0.0369872 0)
(-0.000275062 -0.0395225 0)
(-5.05955e-05 -0.0373336 0)
(-0.000655678 -0.0384617 0)
(0.000660977 -0.040933 0)
(-0.000314141 -0.0405273 0)
(7.28112e-05 -0.0391929 0)
(0.000117271 -0.0396763 0)
(-0.00036785 -0.0426074 0)
(-0.000108341 -0.0426069 0)
(0.00046112 -0.0423057 0)
(0.00058497 -0.0390084 0)
(-0.00174886 -0.0400049 0)
(-9.94792e-05 -0.0410769 0)
(-0.00013588 -0.0420051 0)
(-0.000926729 -0.0419011 0)
(3.1956e-05 -0.043243 0)
(0.000400349 -0.0421939 0)
(0.000396959 -0.0411954 0)
(-6.14301e-06 -0.0398079 0)
(-0.000132007 -0.0388574 0)
(0.00027866 -0.038732 0)
(0.000147886 -0.038864 0)
(0.000689541 -0.0406454 0)
(-4.78882e-05 -0.0371087 0)
(0.000674685 -0.0360985 0)
(0.000487068 -0.0376947 0)
(-0.000758993 -0.0397388 0)
(-0.000643967 -0.0400032 0)
(-0.000595243 -0.0412589 0)
(-0.000913064 -0.0395664 0)
(0.000316001 -0.0372824 0)
(-3.63768e-05 -0.0399584 0)
(0.000808329 -0.0376586 0)
(6.91106e-05 -0.0380698 0)
(0.000128361 -0.0391881 0)
(0.00016714 -0.0391352 0)
(-0.000178845 -0.0357606 0)
(-7.13774e-05 -0.0364763 0)
(0.000168796 -0.0346133 0)
(0.00029253 -0.0350627 0)
(-0.000924187 -0.0360394 0)
(-0.000774003 -0.0346128 0)
(-0.000738178 -0.0350056 0)
(-0.00110272 -0.0370378 0)
(-0.00225162 -0.0385707 0)
(-0.00273427 -0.0384096 0)
(-0.000315086 -0.0408246 0)
(0.000293401 -0.0430354 0)
(-0.000227081 -0.0439969 0)
(0.000618405 -0.0414529 0)
(-0.000490547 -0.0402246 0)
(-0.000587438 -0.0377782 0)
(0.000792787 -0.0374907 0)
(0.000107881 -0.0401779 0)
(-0.000522921 -0.0424817 0)
(-0.000361334 -0.0401149 0)
(-0.000475849 -0.0390633 0)
(-0.000235711 -0.0381873 0)
(-0.000135347 -0.0385455 0)
(-0.000530131 -0.038644 0)
(-0.000162592 -0.0405618 0)
(-0.000695492 -0.0392083 0)
(-0.000677582 -0.0404799 0)
(-0.000644632 -0.0413035 0)
(0.000703638 -0.036279 0)
(0.000801985 -0.0377707 0)
(6.81077e-05 -0.0363219 0)
(9.83622e-05 -0.0360054 0)
(0.000134584 -0.0344405 0)
(0.000218687 -0.0350163 0)
(0.00016966 -0.0348331 0)
(-0.000321489 -0.0351955 0)
(0.000406623 -0.0353775 0)
(0.00106278 -0.033253 0)
(-0.000538292 -0.0362961 0)
(-0.00052893 -0.0375407 0)
(-0.000569093 -0.0385856 0)
(4.3533e-05 -0.0405644 0)
(-0.000190815 -0.0406698 0)
(-0.000670001 -0.0388463 0)
(-0.00123 -0.0371527 0)
(-0.0004067 -0.0391147 0)
(-0.000495115 -0.0397061 0)
(-0.000422719 -0.0396526 0)
(0.000120185 -0.0399384 0)
(-0.000597834 -0.0406386 0)
(-0.00117555 -0.0395549 0)
(0.000234248 -0.0428152 0)
(-0.000874075 -0.0401926 0)
(-0.000281235 -0.0402771 0)
(-9.03257e-05 -0.0406149 0)
(-0.000801257 -0.0396807 0)
(0.000915714 -0.0389668 0)
(0.000262499 -0.0396426 0)
(-0.000268648 -0.0401038 0)
(0.000620917 -0.0414245 0)
(1.04376e-05 -0.0379071 0)
(-0.000188572 -0.0372937 0)
(-0.00015035 -0.0368382 0)
(-0.00058203 -0.0351055 0)
(-0.000168299 -0.0355177 0)
(-0.0005592 -0.0376885 0)
(0.000274185 -0.0352751 0)
(0.00125168 -0.0343579 0)
(0.00152015 -0.035552 0)
(0.00254212 -0.0358951 0)
(0.000824506 -0.035816 0)
(0.00176855 -0.0372217 0)
(-8.38902e-05 -0.0390828 0)
(-0.000804211 -0.0324461 0)
(-0.000744691 -0.0329173 0)
(-0.00072897 -0.0341843 0)
(-0.000336642 -0.0342519 0)
(-0.00032989 -0.0346717 0)
(-0.000272831 -0.0352998 0)
(0.000748164 -0.0350692 0)
(0.000376238 -0.0379068 0)
(0.0003879 -0.0397264 0)
(6.2886e-06 -0.0395676 0)
(0.000225146 -0.0413806 0)
(-0.000534308 -0.0405263 0)
(-0.000851547 -0.040232 0)
(0.00120437 -0.0406648 0)
(0.00137369 -0.039628 0)
(0.000896606 -0.0428361 0)
(-0.000545703 -0.0424421 0)
(-0.000818449 -0.0416924 0)
(0.000422955 -0.0421493 0)
(-0.00036127 -0.0367813 0)
(3.491e-05 -0.0377523 0)
(8.20865e-05 -0.0380701 0)
(-0.000679491 -0.038532 0)
(0.00036017 -0.0361161 0)
(0.000663096 -0.0361503 0)
(0.000441167 -0.0369413 0)
(1.23825e-05 -0.0352182 0)
(2.72406e-05 -0.0338104 0)
(0.000605083 -0.031024 0)
(0.000956866 -0.0330085 0)
(-0.000686938 -0.0327006 0)
(-0.0003252 -0.0333664 0)
(-0.00034089 -0.0337478 0)
(-0.000270357 -0.0344413 0)
(-3.81843e-05 -0.0356197 0)
(-4.12525e-05 -0.0363515 0)
(1.86227e-05 -0.0376384 0)
(0.000740801 -0.0396312 0)
(-0.000323091 -0.0408095 0)
(-0.000285688 -0.0405319 0)
(-0.000602369 -0.0420715 0)
(-4.63326e-05 -0.0425966 0)
(9.79909e-05 -0.0416143 0)
(0.00122174 -0.0415286 0)
(0.00086015 -0.0417986 0)
(0.00152702 -0.041647 0)
(0.00021129 -0.0435296 0)
(0.000257388 -0.0428103 0)
(0.000418351 -0.0376075 0)
(0.000128939 -0.0390975 0)
(-0.000958801 -0.0389202 0)
(-0.00144172 -0.0364841 0)
(0.00022582 -0.038781 0)
(0.000689025 -0.0380594 0)
(1.37129e-05 -0.0378765 0)
(-0.000351868 -0.0378101 0)
(0.000564416 -0.0363084 0)
(-0.000538837 -0.0350538 0)
(0.00266083 -0.037242 0)
(0.000476418 -0.0380369 0)
(6.91722e-05 -0.0376657 0)
(-0.00026923 -0.0375093 0)
(0.000109216 -0.0377769 0)
(-0.00086678 -0.037252 0)
(-0.000623819 -0.037318 0)
(-0.000505704 -0.0385813 0)
(0.000647301 -0.0392336 0)
(-1.16754e-05 -0.040282 0)
(0.000215594 -0.0413297 0)
(0.000262516 -0.041552 0)
(0.000510639 -0.0424289 0)
(0.00065052 -0.0447653 0)
(5.76953e-06 -0.0421216 0)
(0.000387564 -0.0421521 0)
(-4.93576e-05 -0.0430143 0)
(-0.000137139 -0.0429995 0)
(4.57984e-06 -0.0423174 0)
(-3.21578e-05 -0.0377885 0)
(0.000489762 -0.0355145 0)
(-0.000630806 -0.0363691 0)
(-0.000788609 -0.038665 0)
(0.000307568 -0.0393558 0)
(0.000669798 -0.039766 0)
(-0.00057611 -0.0401567 0)
(0.00111978 -0.040986 0)
(-2.61661e-05 -0.0386488 0)
(0.000995837 -0.041964 0)
(-6.6886e-05 -0.0391777 0)
(9.4162e-05 -0.0400998 0)
(0.000447542 -0.0397434 0)
(0.000103605 -0.0397558 0)
(1.25721e-06 -0.0407927 0)
(-0.000157883 -0.0434229 0)
(9.80255e-05 -0.0418548 0)
(0.00170695 -0.0403609 0)
(0.00150143 -0.0402489 0)
(0.000337146 -0.0383543 0)
(0.000618862 -0.0377993 0)
(-0.000938164 -0.0396814 0)
(0.000147862 -0.0403774 0)
(0.000568509 -0.0393417 0)
(-0.000168091 -0.0381735 0)
(0.00106981 -0.038018 0)
(0.0011147 -0.0437737 0)
(0.00152449 -0.0421649 0)
(0.00112451 -0.0412436 0)
(-0.00241162 -0.035356 0)
(0.000217357 -0.0346974 0)
(-0.000479688 -0.0363997 0)
(-0.000398171 -0.0402339 0)
(0.000826046 -0.0426296 0)
(0.000783705 -0.0427086 0)
(-0.000195925 -0.043393 0)
(0.000504131 -0.0433398 0)
(0.000664844 -0.0442429 0)
(0.000339924 -0.0449871 0)
(-0.00048124 -0.0455382 0)
(-0.000458928 -0.0455159 0)
(0.00129124 -0.0422357 0)
(0.000599632 -0.0431679 0)
(-0.000181727 -0.043681 0)
(0.000586286 -0.0412496 0)
(-0.000539557 -0.0387802 0)
(-4.23178e-05 -0.0382387 0)
(-0.000927011 -0.0357318 0)
(-0.000199547 -0.034776 0)
(0.000156421 -0.0350482 0)
(0.000103503 -0.0353015 0)
(0.00116436 -0.0354782 0)
(-0.00015182 -0.0348879 0)
(-0.0011192 -0.034528 0)
(-0.000949386 -0.0352884 0)
(0.000190545 -0.0371013 0)
(-0.000840833 -0.0350348 0)
(-0.000596329 -0.0348396 0)
(-0.00578959 -0.036782 0)
(-0.00306638 -0.0370623 0)
(-4.67125e-05 -0.0412281 0)
(-0.000358678 -0.0420155 0)
(-0.00072269 -0.0396755 0)
(-0.000804163 -0.0432582 0)
(0.000513715 -0.0438518 0)
(-0.000400348 -0.0452331 0)
(0.000123257 -0.0446027 0)
(-0.000286168 -0.0449145 0)
(-0.000321705 -0.046126 0)
(0.00195746 -0.044018 0)
(-0.000131942 -0.0465903 0)
(0.000356771 -0.0438963 0)
(-0.000413777 -0.0429697 0)
(0.000218221 -0.0407956 0)
(0.000470146 -0.0387401 0)
(0.000118538 -0.0329001 0)
(-0.000940547 -0.0326788 0)
(-0.000574532 -0.0345084 0)
(-0.000372472 -0.0327499 0)
(-0.000113081 -0.0332344 0)
(0.000449098 -0.0345829 0)
(-3.61642e-05 -0.0345486 0)
(-0.000843043 -0.0345898 0)
(0.000807628 -0.0332778 0)
(-0.00114951 -0.0350099 0)
(7.57603e-05 -0.0351949 0)
(0.000316937 -0.0337872 0)
(0.000665429 -0.0339308 0)
(-0.00143865 -0.043305 0)
(-0.000486092 -0.0430564 0)
(-0.000576801 -0.0461417 0)
(0.000183968 -0.0457006 0)
(-7.10496e-05 -0.0465518 0)
(4.76262e-05 -0.0493675 0)
(-0.000606912 -0.0493219 0)
(-0.000303342 -0.0474828 0)
(0.000234844 -0.0441106 0)
(0.000555581 -0.0439346 0)
(-0.000282831 -0.0446519 0)
(-0.00055716 -0.0462954 0)
(-0.000322147 -0.036183 0)
(-0.000667545 -0.0360955 0)
(-0.00046465 -0.0372689 0)
(-0.000833202 -0.0339456 0)
(-0.000791505 -0.0336267 0)
(0.000122613 -0.0344556 0)
(-0.000174319 -0.0353413 0)
(0.000371943 -0.0361822 0)
(0.000595072 -0.0364843 0)
(-0.000499339 -0.034854 0)
(-0.00112327 -0.0318731 0)
(0.00125713 -0.0349272 0)
(6.51327e-05 -0.0389273 0)
(0.000203051 -0.0384207 0)
(0.000418666 -0.0381238 0)
(-0.000768863 -0.0491353 0)
(0.000488195 -0.0483013 0)
(0.000216632 -0.0472013 0)
(0.00133687 -0.0447648 0)
(-0.000101658 -0.0446536 0)
(-0.000254223 -0.0442572 0)
(0.000400479 -0.0410015 0)
(0.000110553 -0.0442509 0)
(0.000709915 -0.0464291 0)
(-0.00059002 -0.0396253 0)
(-0.000996785 -0.0417805 0)
(-0.00123351 -0.0402403 0)
(-0.00140609 -0.0411939 0)
(-0.000551999 -0.036044 0)
(0.000127946 -0.0353582 0)
(0.00152452 -0.0381169 0)
(0.000737515 -0.0378622 0)
(0.000652223 -0.0389551 0)
(0.000309236 -0.0417673 0)
(0.000379661 -0.0409581 0)
(0.000601855 -0.0392492 0)
(0.000549202 -0.0401875 0)
(0.000714538 -0.0404369 0)
(0.000665984 -0.0405884 0)
(0.00167855 -0.0384888 0)
(-0.000628276 -0.0384862 0)
(6.69135e-05 -0.0391055 0)
(0.000210619 -0.0444006 0)
(0.000492667 -0.0470056 0)
(0.000316634 -0.0414642 0)
(0.000199706 -0.0419778 0)
(0.000499036 -0.0423453 0)
(0.000513027 -0.0440051 0)
(0.000537128 -0.0420007 0)
(5.78878e-05 -0.0449528 0)
(-0.00111916 -0.0464251 0)
(-0.00108621 -0.0437783 0)
(-0.00121981 -0.0424883 0)
(-0.00183696 -0.0405668 0)
(0.000376676 -0.0390108 0)
(0.00016534 -0.0398382 0)
(-0.000856618 -0.0393867 0)
(-0.00114552 -0.0410078 0)
(-0.000464839 -0.0421314 0)
(-0.000539234 -0.0418461 0)
(7.76316e-06 -0.042436 0)
(0.000952592 -0.0406753 0)
(-0.00099827 -0.0435257 0)
(-0.000166044 -0.0429335 0)
(0.00083049 -0.0420955 0)
(0.000312572 -0.0404696 0)
(0.000910552 -0.0406699 0)
(8.5218e-05 -0.0374811 0)
(-0.000614683 -0.0405862 0)
(0.000220672 -0.0377435 0)
(0.000904449 -0.0452342 0)
(-0.000441568 -0.0407907 0)
(-0.000706123 -0.0405534 0)
(-0.000566601 -0.0409982 0)
(-0.000370532 -0.0416231 0)
(0.000263083 -0.0414227 0)
(-0.000259761 -0.0421399 0)
(0.00030701 -0.0399143 0)
(0.00081496 -0.0400487 0)
(0.00060194 -0.0416432 0)
(7.74594e-05 -0.0431341 0)
(0.000487431 -0.0435775 0)
(1.60039e-06 -0.0432975 0)
(-0.00317005 -0.0466234 0)
(-0.0011117 -0.0402177 0)
(-0.00111862 -0.0341963 0)
(-0.000492022 -0.03413 0)
(-0.00172262 -0.038075 0)
(-0.000304844 -0.0363434 0)
(-0.000211995 -0.0365787 0)
(-0.000200127 -0.037603 0)
(0.000553407 -0.0379663 0)
(0.000775994 -0.0380483 0)
(-6.86991e-05 -0.0402624 0)
(-0.000286052 -0.0415173 0)
(-0.000291088 -0.0417049 0)
(8.70213e-06 -0.0415755 0)
(0.000619322 -0.0402303 0)
(-0.000243285 -0.0411532 0)
(-0.000518873 -0.0395398 0)
(0.00171037 -0.0349751 0)
(0.00104403 -0.0359123 0)
(0.00089098 -0.0363255 0)
(0.000698761 -0.0341582 0)
(-4.75919e-05 -0.0367488 0)
(0.000232276 -0.0391539 0)
(0.00046513 -0.0390797 0)
(-1.47336e-05 -0.039495 0)
(-0.00112151 -0.0399388 0)
(-0.00110594 -0.0398489 0)
(-0.000471884 -0.0411056 0)
(-8.25082e-06 -0.0416576 0)
(-0.000382532 -0.0428832 0)
(-0.00429856 -0.0342803 0)
(-0.00514834 -0.03708 0)
(-0.00182591 -0.0376326 0)
(-0.000100734 -0.036797 0)
(5.61731e-05 -0.0368054 0)
(-0.000366245 -0.0348276 0)
(-0.00022228 -0.0344082 0)
(-0.000781803 -0.035822 0)
(0.000508705 -0.0353594 0)
(0.000526861 -0.0353715 0)
(0.000875007 -0.0373331 0)
(-0.000190536 -0.0372122 0)
(0.000306861 -0.0380225 0)
(-8.29496e-05 -0.0394218 0)
(0.000826647 -0.0401582 0)
(-0.000222136 -0.0386071 0)
(-0.000252865 -0.0390466 0)
(-0.000145327 -0.037812 0)
(-5.12538e-05 -0.0352942 0)
(-0.000430789 -0.035413 0)
(0.000183318 -0.0359977 0)
(0.000979917 -0.0347861 0)
(0.00348951 -0.0336949 0)
(0.00242886 -0.0310122 0)
(0.00172435 -0.0347767 0)
(0.000392099 -0.0369081 0)
(0.000699526 -0.0379711 0)
(0.000173264 -0.0386417 0)
(0.000123374 -0.0378089 0)
(0.00107935 -0.0412236 0)
(-0.00143437 -0.0367917 0)
(-0.00234645 -0.0411308 0)
(-0.00279976 -0.0395055 0)
(-0.00292735 -0.0348886 0)
(-0.0015324 -0.0372944 0)
(-0.000792128 -0.0360516 0)
(-0.000860064 -0.0383674 0)
(-0.00123887 -0.0387893 0)
(-0.000271441 -0.0373505 0)
(0.000169307 -0.0357638 0)
(-4.13051e-05 -0.0362312 0)
(0.000128063 -0.0354337 0)
(-0.000359535 -0.0351898 0)
(0.000751002 -0.0394327 0)
(8.60776e-05 -0.0375109 0)
(-0.000251367 -0.0374672 0)
(0.00110626 -0.0371063 0)
(-0.000150925 -0.0340642 0)
(8.10776e-06 -0.0355003 0)
(-0.000726683 -0.0379388 0)
(-0.000117464 -0.0365433 0)
(-0.000867474 -0.0361987 0)
(0.000106587 -0.0341553 0)
(-0.000732635 -0.0342979 0)
(7.15285e-05 -0.0342718 0)
(0.00363694 -0.0366103 0)
(0.00475077 -0.0308811 0)
(0.001822 -0.0359018 0)
(0.00057535 -0.0362155 0)
(-0.000787508 -0.0353894 0)
(-0.00187955 -0.0349028 0)
(-0.002922 -0.0335837 0)
(-0.00142384 -0.0350606 0)
(-0.00307414 -0.0335382 0)
(-0.00382656 -0.0330326 0)
(-0.00303923 -0.0356922 0)
(-0.00409033 -0.0348069 0)
(0.000945106 -0.0352986 0)
(4.87003e-06 -0.0391524 0)
(-0.000253324 -0.0383696 0)
(-0.000748082 -0.0381823 0)
(-0.000400995 -0.0371429 0)
(-0.00024952 -0.0388348 0)
(-7.77308e-05 -0.0394284 0)
(0.000272719 -0.0404087 0)
(9.98974e-05 -0.0385681 0)
(0.000498734 -0.0398922 0)
(0.000501976 -0.0384465 0)
(0.000873255 -0.0387637 0)
(2.15929e-05 -0.0351912 0)
(0.00108164 -0.0373547 0)
(0.000191409 -0.0385628 0)
(-0.00123861 -0.0385937 0)
(-0.000611726 -0.0401005 0)
(0.000824289 -0.0400087 0)
(-0.000210504 -0.0390695 0)
(0.000259312 -0.0386946 0)
(0.00283131 -0.0367672 0)
(0.00412511 -0.0347932 0)
(0.00123845 -0.0372855 0)
(0.00144887 -0.0374009 0)
(0.00035851 -0.0360844 0)
(-6.06219e-05 -0.0334766 0)
(-0.000623394 -0.0336956 0)
(-0.00140679 -0.0347812 0)
(-0.000384144 -0.0374435 0)
(-0.000325437 -0.0353687 0)
(-0.00128745 -0.0356206 0)
(-0.00222969 -0.0374771 0)
(-0.00210927 -0.0356121 0)
(-0.000300573 -0.0395457 0)
(-0.000961073 -0.03904 0)
(-0.00147552 -0.0380868 0)
(-0.000272464 -0.0368398 0)
(0.000531773 -0.0387635 0)
(0.000247047 -0.0394189 0)
(-0.000269173 -0.0392393 0)
(-2.81691e-05 -0.0407202 0)
(0.00026074 -0.0414654 0)
(0.000127888 -0.0413851 0)
(8.93849e-05 -0.0403446 0)
(-0.000564007 -0.0365497 0)
(0.000643597 -0.0358875 0)
(-0.000904276 -0.0393988 0)
(-0.000919264 -0.038233 0)
(0.000665173 -0.041085 0)
(-0.000727043 -0.0387943 0)
(2.62105e-05 -0.0402083 0)
(-0.000350852 -0.0390548 0)
(0.00223453 -0.0373766 0)
(0.000887434 -0.0376583 0)
(0.000138255 -0.0364379 0)
(6.52286e-05 -0.0371731 0)
(0.000732209 -0.0348375 0)
(0.00047036 -0.0369118 0)
(-6.64817e-05 -0.036133 0)
(-0.000647751 -0.0367203 0)
(5.13276e-05 -0.0368713 0)
(-1.63566e-05 -0.0377615 0)
(-0.000776445 -0.0377406 0)
(-0.000144019 -0.0388491 0)
(-0.000796795 -0.0388935 0)
(-0.00234964 -0.0404217 0)
(0.000273007 -0.0413115 0)
(-0.000943128 -0.0393566 0)
(-0.00135377 -0.0396189 0)
(-0.000780617 -0.0402742 0)
(-0.000241278 -0.0411009 0)
(0.00122252 -0.0439013 0)
(0.000213634 -0.0446216 0)
(-0.000190058 -0.0446243 0)
(0.000253458 -0.0454677 0)
(0.000160224 -0.0441703 0)
(9.62133e-05 -0.0429935 0)
(-8.09438e-05 -0.040767 0)
(-0.000399301 -0.0422478 0)
(-0.000361609 -0.0368838 0)
(-0.00100871 -0.0403818 0)
(0.000687943 -0.0406965 0)
(-0.000280365 -0.0400762 0)
(-0.000137244 -0.0401444 0)
(0.00122581 -0.0384847 0)
(0.00203947 -0.0353447 0)
(0.000861299 -0.0339663 0)
(0.000926095 -0.0334657 0)
(0.000583335 -0.0340226 0)
(1.2314e-05 -0.0349183 0)
(0.000192893 -0.0357626 0)
(0.000237815 -0.0320932 0)
(-0.000113449 -0.0329207 0)
(8.96192e-05 -0.0329711 0)
(-0.00050417 -0.0341157 0)
(0.000462494 -0.0346025 0)
(0.000641941 -0.0354986 0)
(0.00183367 -0.0374456 0)
(0.000370558 -0.0364674 0)
(-0.00214051 -0.0409396 0)
(0.000367262 -0.0404727 0)
(-0.000653157 -0.0425368 0)
(-0.00117969 -0.0430999 0)
(-0.000676711 -0.0424237 0)
(0.000895012 -0.0441097 0)
(0.000488993 -0.0451413 0)
(2.11132e-08 -0.0451275 0)
(3.77832e-05 -0.044577 0)
(-0.000673332 -0.0422081 0)
(-5.90689e-05 -0.0427253 0)
(-0.00022078 -0.0416395 0)
(-0.00023304 -0.0407405 0)
(0.000330547 -0.0412973 0)
(0.000924 -0.0375335 0)
(-0.000899859 -0.0389279 0)
(0.000382344 -0.0373268 0)
(0.000188581 -0.0380784 0)
(0.000214007 -0.0382672 0)
(0.000149164 -0.030921 0)
(0.000882045 -0.0336672 0)
(-0.000146702 -0.0346139 0)
(0.000217352 -0.0337252 0)
(2.16383e-05 -0.0331586 0)
(0.000469997 -0.0330001 0)
(0.000897456 -0.0311891 0)
(0.000991446 -0.0303461 0)
(0.000604153 -0.0321161 0)
(0.000161536 -0.0329288 0)
(-0.000128788 -0.0328224 0)
(-0.000305971 -0.0336953 0)
(0.000599272 -0.034379 0)
(0.000803207 -0.0346956 0)
(0.00102564 -0.034475 0)
(0.00294019 -0.0335325 0)
(0.000210613 -0.0308666 0)
(0.000354994 -0.0381957 0)
(0.00021999 -0.0347482 0)
(-0.000321314 -0.0335697 0)
(-0.00094034 -0.0356334 0)
(-0.00051075 -0.0373969 0)
(0.000431802 -0.039913 0)
(0.000522522 -0.0419011 0)
(0.00033072 -0.0423669 0)
(-0.000518745 -0.0406267 0)
(-0.00098792 -0.0396664 0)
(-0.000821077 -0.0389704 0)
(-0.000411986 -0.0394507 0)
(-0.000729138 -0.0408871 0)
(-0.000186221 -0.0399529 0)
(0.000653052 -0.037567 0)
(0.000966184 -0.0364803 0)
(0.000832963 -0.0392428 0)
(0.000171915 -0.0376512 0)
(0.000184253 -0.030954 0)
(-0.000519505 -0.0404468 0)
(0.00041023 -0.038389 0)
(0.00062123 -0.0378475 0)
(0.000105093 -0.0374488 0)
(-0.00052128 -0.0400771 0)
(-0.000668056 -0.0394941 0)
(0.000213187 -0.0382015 0)
(-0.000114861 -0.0385277 0)
(0.000554526 -0.0404161 0)
(0.000520059 -0.0398168 0)
(0.00104219 -0.0366726 0)
(-0.000855504 -0.0334423 0)
(0.000172836 -0.0356152 0)
(0.00102698 -0.0350356 0)
(0.00350895 -0.0362929 0)
(0.00140177 -0.0337573 0)
(0.000990856 -0.0342095 0)
(0.000613729 -0.0372977 0)
(-0.000660404 -0.0385505 0)
(-0.000659152 -0.0368274 0)
(-0.000846885 -0.037031 0)
(0.000415454 -0.0394898 0)
(0.000515632 -0.041866 0)
(0.000291814 -0.041803 0)
(-0.00202084 -0.0381306 0)
(-0.00265827 -0.0406347 0)
(-0.00128162 -0.0414084 0)
(1.64924e-05 -0.0393151 0)
(0.000637855 -0.0383734 0)
(-0.000486594 -0.0387073 0)
(0.000291959 -0.0400245 0)
(0.000642041 -0.0376955 0)
(-0.000421091 -0.0438563 0)
(-0.00130316 -0.042438 0)
(-0.000623387 -0.0445055 0)
(-0.000431457 -0.0443806 0)
(-0.000402111 -0.0438651 0)
(0.0005606 -0.0423632 0)
(0.000333079 -0.0440137 0)
(-0.000124447 -0.0426441 0)
(0.00068412 -0.0450828 0)
(0.000710034 -0.0420371 0)
(0.00333232 -0.0351452 0)
(0.00167191 -0.0372229 0)
(0.00205901 -0.0368817 0)
(0.00151775 -0.040507 0)
(-0.000528752 -0.0409029 0)
(0.000746522 -0.0389304 0)
(5.19066e-05 -0.0353682 0)
(0.000549614 -0.0403486 0)
(-0.00049375 -0.0409457 0)
(-0.00073159 -0.0390997 0)
(-0.000938694 -0.0392099 0)
(-0.000976927 -0.0396552 0)
(-0.002015 -0.0394293 0)
(-0.00178641 -0.0430716 0)
(0.000575382 -0.0409432 0)
(0.000660018 -0.0409993 0)
(-0.000304853 -0.042543 0)
(-0.000630691 -0.042918 0)
(0.000294058 -0.0394883 0)
(0.000601945 -0.0408967 0)
(-0.000328231 -0.0439176 0)
(-0.000551702 -0.0428565 0)
(0.000621901 -0.0442202 0)
(0.000121136 -0.043818 0)
(0.000348936 -0.0450319 0)
(0.000293407 -0.0450187 0)
(-0.000541985 -0.0447013 0)
(0.000577278 -0.0469635 0)
(-0.000678229 -0.0447762 0)
(0.00457096 -0.0459881 0)
(0.00116164 -0.0460569 0)
(0.000251493 -0.0442849 0)
(-0.000127406 -0.0434675 0)
(0.000144061 -0.0416999 0)
(-4.88298e-05 -0.0403181 0)
(2.746e-05 -0.0414549 0)
(-3.7302e-05 -0.042555 0)
(1.35192e-06 -0.0399387 0)
(0.000252849 -0.038744 0)
(0.000438375 -0.0407355 0)
(-0.000964274 -0.0403813 0)
(-0.000750602 -0.0440255 0)
(0.000192801 -0.0425782 0)
(0.00100398 -0.0415092 0)
(-0.00039435 -0.0440269 0)
(0.000618826 -0.0453678 0)
(0.00028343 -0.0451999 0)
(-0.000145058 -0.0437443 0)
(-0.000983506 -0.0428887 0)
(3.05245e-05 -0.0449602 0)
(0.000126956 -0.042838 0)
(0.00117412 -0.043213 0)
(-0.000164145 -0.0454042 0)
(-0.00016308 -0.0438403 0)
(5.40227e-05 -0.0446207 0)
(0.000144673 -0.0437064 0)
(0.000406571 -0.0474018 0)
(0.00190795 -0.0465247 0)
(0.00165448 -0.0478388 0)
(0.000960236 -0.0504528 0)
(0.0014477 -0.0463476 0)
(-0.000560729 -0.0397235 0)
(0.000503172 -0.0404901 0)
(0.000875964 -0.0393883 0)
(9.37763e-05 -0.0404922 0)
(-0.00040191 -0.0408903 0)
(-0.000793782 -0.0406689 0)
(2.33646e-05 -0.0408464 0)
(0.000966603 -0.0425465 0)
(0.000664369 -0.0432998 0)
(0.00027064 -0.0406591 0)
(0.000282962 -0.0425154 0)
(0.000199244 -0.0430066 0)
(-0.00016847 -0.0438893 0)
(-0.000586948 -0.0449534 0)
(-0.00022583 -0.0438363 0)
(-0.000247941 -0.0437071 0)
(-0.000346758 -0.0444212 0)
(-0.000313855 -0.0425862 0)
(-9.28979e-05 -0.0431797 0)
(0.000373764 -0.0415083 0)
(0.000358491 -0.0416524 0)
(0.000334213 -0.0404673 0)
(-0.000101504 -0.0454279 0)
(-0.00147749 -0.0452458 0)
(-0.000186007 -0.0439694 0)
(0.00131228 -0.0383276 0)
(0.000648974 -0.0370849 0)
(-0.000316835 -0.0374459 0)
(0.000158117 -0.0375972 0)
(-0.00081853 -0.0402455 0)
(0.000519488 -0.037773 0)
(0.00088273 -0.0392343 0)
(0.000329755 -0.0400329 0)
(0.000338961 -0.0381473 0)
(-0.000469417 -0.0380828 0)
(-0.000772619 -0.0407219 0)
(0.000273628 -0.0414402 0)
(0.000122803 -0.0419538 0)
(-0.00064601 -0.0425614 0)
(-0.000624231 -0.0431818 0)
(0.000272213 -0.040434 0)
(-0.000191079 -0.0430706 0)
(-0.000381551 -0.0442516 0)
(-0.000516374 -0.0438549 0)
(-1.41861e-05 -0.0432527 0)
(-0.000162587 -0.0437407 0)
(-0.000693061 -0.0454044 0)
(-0.00100578 -0.043976 0)
(-0.000771935 -0.0396099 0)
(-0.000637547 -0.0393237 0)
(0.000277876 -0.0353577 0)
(-0.00122085 -0.0394341 0)
(-0.00152144 -0.0412057 0)
(-9.79183e-05 -0.0428498 0)
(-0.000195391 -0.0419925 0)
(-0.000153103 -0.0394578 0)
(-0.000559681 -0.037348 0)
(0.00014116 -0.0392594 0)
(0.000610222 -0.0392176 0)
(-0.000898206 -0.0388897 0)
(0.000731659 -0.0394574 0)
(0.000207201 -0.0385955 0)
(0.000374583 -0.0378555 0)
(-0.000371064 -0.0362842 0)
(3.84087e-05 -0.0367347 0)
(-0.000578273 -0.0402379 0)
(0.000588042 -0.0409829 0)
(-4.60121e-05 -0.0390595 0)
(-0.00110732 -0.0366675 0)
(-0.000460641 -0.0404007 0)
(-0.00051561 -0.0386508 0)
(-0.000368214 -0.0392332 0)
(3.81673e-05 -0.0411566 0)
(-0.000390828 -0.041316 0)
(-5.58099e-05 -0.042371 0)
(0.000273986 -0.042818 0)
(0.000711312 -0.0440146 0)
(-0.000633151 -0.0455846 0)
(-0.00123663 -0.0447911 0)
(-6.48113e-05 -0.0349339 0)
(-0.00049232 -0.0373383 0)
(-0.000375882 -0.0393895 0)
(0.000557476 -0.0356213 0)
(-0.000817646 -0.0366315 0)
(-0.00021054 -0.0341227 0)
(-0.000426578 -0.0404557 0)
(0.000287416 -0.0401721 0)
(0.000516877 -0.0389775 0)
(0.000456549 -0.0375593 0)
(-0.000251721 -0.0358647 0)
(-0.000115193 -0.0364712 0)
(-0.000371947 -0.0380987 0)
(0.000391774 -0.0370301 0)
(0.000375812 -0.036538 0)
(0.00033393 -0.0383612 0)
(-0.000383066 -0.0378841 0)
(4.40074e-05 -0.0341467 0)
(-0.000125057 -0.0366293 0)
(-0.000241146 -0.0348235 0)
(-0.00115864 -0.034686 0)
(-0.000124025 -0.0351825 0)
(0.000266654 -0.0375121 0)
(0.000811969 -0.0378179 0)
(7.55591e-05 -0.0385041 0)
(-6.47205e-05 -0.0384015 0)
(-0.000178858 -0.0369859 0)
(0.000244742 -0.037357 0)
(-0.000313318 -0.039904 0)
(-0.000349163 -0.0419292 0)
(-0.000816408 -0.0417921 0)
(-0.0041541 -0.0424876 0)
(-0.00279618 -0.043669 0)
(-0.000516426 -0.0323792 0)
(-0.000179341 -0.0350488 0)
(-0.000243923 -0.0349058 0)
(-0.000265592 -0.0365282 0)
(-0.000548532 -0.036145 0)
(0.00037586 -0.0384669 0)
(-6.41626e-06 -0.0344331 0)
(0.000409658 -0.0342517 0)
(0.000310905 -0.0325369 0)
(0.000745936 -0.0349608 0)
(0.00189802 -0.0391239 0)
(0.00195981 -0.0367376 0)
(0.00113656 -0.0353919 0)
(-0.000618562 -0.034164 0)
(9.97099e-06 -0.0342731 0)
(0.00105427 -0.0318395 0)
(0.000586459 -0.0317319 0)
(-0.000193794 -0.0343569 0)
(0.000107078 -0.0336074 0)
(-0.000390644 -0.0328915 0)
(0.000264432 -0.0329837 0)
(-0.000119645 -0.03561 0)
(0.00069495 -0.0353811 0)
(0.000463857 -0.0351506 0)
(0.000425947 -0.0370937 0)
(0.000300074 -0.0375277 0)
(-0.000316957 -0.0355461 0)
(-0.000665842 -0.0350864 0)
(-0.00144512 -0.0377391 0)
(-0.0010593 -0.0372346 0)
(-1.21687e-05 -0.0364913 0)
(0.00135627 -0.0400778 0)
(-0.000443491 -0.0388127 0)
(-0.00374736 -0.0383578 0)
(-0.00218042 -0.0394507 0)
(0.000346069 -0.0342257 0)
(0.000322672 -0.0350843 0)
(0.000109969 -0.035587 0)
(-0.000494011 -0.0356984 0)
(-3.13953e-05 -0.0354196 0)
(0.000315502 -0.0329684 0)
(0.000799176 -0.0334908 0)
(0.000296186 -0.0338516 0)
(0.000395863 -0.0334632 0)
(0.000325303 -0.0330467 0)
(0.000117635 -0.0332115 0)
(-0.000561242 -0.0316705 0)
(0.00136916 -0.0326335 0)
(0.000516012 -0.0320023 0)
(0.000487229 -0.0324216 0)
(0.000387085 -0.0325383 0)
(0.00154148 -0.0305475 0)
(0.000345386 -0.0310267 0)
(-5.36108e-05 -0.0323926 0)
(-0.000457867 -0.032648 0)
(-0.00041019 -0.0344898 0)
(0.000105349 -0.0333157 0)
(0.000682106 -0.0345215 0)
(8.98582e-05 -0.0347165 0)
(-0.000115101 -0.0358335 0)
(-0.000134074 -0.033532 0)
(9.71243e-05 -0.0321052 0)
(-0.000254515 -0.0333545 0)
(-0.000354507 -0.0352184 0)
(0.000234762 -0.0364906 0)
(-3.22047e-05 -0.0374872 0)
(-0.00231241 -0.0393708 0)
(-0.000541568 -0.0387988 0)
(-0.00217987 -0.0390102 0)
(0.000438519 -0.0330923 0)
(-0.000301048 -0.0329527 0)
(-0.000555858 -0.0329652 0)
(-0.000155806 -0.0334576 0)
(-0.00022838 -0.0332729 0)
(0.00122255 -0.0325492 0)
(-0.000521002 -0.0340173 0)
(0.000409576 -0.0353657 0)
(-0.000146411 -0.0371462 0)
(-5.37923e-06 -0.0368776 0)
(-0.000314712 -0.0360636 0)
(-0.000207163 -0.0357004 0)
(0.00101454 -0.0370785 0)
(-0.000444421 -0.0376323 0)
(-0.000656216 -0.036534 0)
(0.00110427 -0.0337109 0)
(-0.000405861 -0.0348113 0)
(0.00146378 -0.0317911 0)
(-0.000899899 -0.0332798 0)
(0.00117747 -0.0330271 0)
(-0.000974309 -0.0330814 0)
(-0.000616096 -0.0325981 0)
(0.000826608 -0.0325453 0)
(0.000205806 -0.0328024 0)
(-0.000251057 -0.0330678 0)
(0.000274812 -0.0320585 0)
(-0.000272699 -0.0338491 0)
(-0.000340724 -0.0335 0)
(0.000154786 -0.0326417 0)
(9.63627e-05 -0.032717 0)
(5.41527e-05 -0.0344723 0)
(-0.000103391 -0.0357711 0)
(0.000275598 -0.0370849 0)
(-3.15349e-05 -0.0379521 0)
(-0.00120518 -0.0385848 0)
(-0.000742009 -0.0403618 0)
(-0.000346564 -0.0403474 0)
(0.000386166 -0.0404818 0)
(-0.000153147 -0.0394459 0)
(0.00066072 -0.0390033 0)
(0.000183288 -0.0380154 0)
(7.55981e-05 -0.0380369 0)
(0.000434356 -0.0364521 0)
(-0.000544432 -0.0374303 0)
(-0.000221962 -0.0364288 0)
(0.000119895 -0.0384304 0)
(-8.05961e-05 -0.0374561 0)
(8.09147e-05 -0.0389151 0)
(0.000188558 -0.0386914 0)
(-0.00103815 -0.0331988 0)
(-0.000208839 -0.0364932 0)
(-0.000543316 -0.0373028 0)
(0.000833314 -0.0336933 0)
(0.000780479 -0.0337471 0)
(0.00045549 -0.0343963 0)
(-0.000583369 -0.0342894 0)
(0.000327508 -0.0352543 0)
(4.90562e-05 -0.0352048 0)
(0.000388167 -0.0347396 0)
(-0.000321895 -0.0372207 0)
(0.000122608 -0.035457 0)
(0.000285293 -0.034718 0)
(-0.00063775 -0.0374112 0)
(-0.000561968 -0.0384767 0)
(-0.00029775 -0.038658 0)
(-0.000139783 -0.039411 0)
(0.000363619 -0.0404343 0)
(-0.000100201 -0.0352156 0)
(0.000217572 -0.0352618 0)
(0.000543768 -0.0351789 0)
(0.000423806 -0.0351854 0)
(-0.000238303 -0.0358672 0)
(-0.000250605 -0.0340523 0)
(0.000137127 -0.0324341 0)
(8.61275e-05 -0.0356292 0)
(6.27734e-05 -0.0375205 0)
(-0.000240873 -0.0371385 0)
(-9.67628e-05 -0.0350897 0)
(0.000187977 -0.0361065 0)
(9.01965e-05 -0.0375858 0)
(-0.000158052 -0.0385964 0)
(0.000435556 -0.0400569 0)
(0.000633217 -0.0395169 0)
(0.000489017 -0.0395216 0)
(-0.000386687 -0.0394674 0)
(0.000690522 -0.0386569 0)
(0.000903737 -0.037194 0)
(0.000773618 -0.0373439 0)
(-0.000128762 -0.0377984 0)
(0.00140775 -0.0363155 0)
(0.000353173 -0.0374024 0)
(0.000200447 -0.0370379 0)
(3.59307e-05 -0.0381548 0)
(-6.21646e-05 -0.0365896 0)
(-0.000208618 -0.0368845 0)
(-0.000459336 -0.0399748 0)
(0.000298121 -0.0401527 0)
(-6.45782e-05 -0.0395914 0)
(-0.00219503 -0.0396604 0)
(0.000247186 -0.034342 0)
(-0.000543305 -0.0339705 0)
(-0.00110105 -0.0310183 0)
(-2.70549e-05 -0.0324946 0)
(0.000200299 -0.0317922 0)
(0.000231542 -0.031691 0)
(0.000955606 -0.0297815 0)
(0.00106854 -0.0282131 0)
(0.000489275 -0.0300114 0)
(-0.000918438 -0.030556 0)
(0.000248254 -0.0328093 0)
(0.000130521 -0.0314761 0)
(1.50115e-06 -0.0322051 0)
(0.000327513 -0.0334145 0)
(0.000768665 -0.0347853 0)
(0.000176738 -0.0308785 0)
(-0.000339003 -0.0295293 0)
(0.000875072 -0.0398676 0)
(-0.00115218 -0.0397247 0)
(0.000174143 -0.0378503 0)
(0.000367904 -0.0356099 0)
(-0.00126166 -0.0357706 0)
(-0.000296603 -0.03367 0)
(0.000277396 -0.0356874 0)
(-0.000912158 -0.0340674 0)
(-0.000617761 -0.0345661 0)
(-0.000360918 -0.0349333 0)
(0.000230769 -0.0359365 0)
(0.000191755 -0.0348255 0)
(-7.39405e-05 -0.0334969 0)
(-0.00142414 -0.0346843 0)
(-0.000917588 -0.0369853 0)
(-0.00143465 -0.0348503 0)
(-0.000817114 -0.038868 0)
(-0.00264521 -0.0395379 0)
(-0.000662467 -0.0241948 0)
(-0.000167901 -0.0240209 0)
(0.000129135 -0.0323227 0)
(-0.00119459 -0.0284288 0)
(-0.000663295 -0.0273471 0)
(0.000357677 -0.0277807 0)
(-0.000937616 -0.0290501 0)
(1.51171e-05 -0.0265817 0)
(0.000407402 -0.0266084 0)
(-0.000131728 -0.0286085 0)
(7.59077e-05 -0.0282788 0)
(0.00170228 -0.0268332 0)
(0.00105039 -0.0266418 0)
(0.000579697 -0.025998 0)
(-0.000260114 -0.0260539 0)
(0.00116687 -0.0249667 0)
(0.000704992 -0.0238675 0)
(3.04641e-05 -0.0250093 0)
(-0.000293749 -0.0261535 0)
(0.000747128 -0.0274116 0)
(0.00179341 -0.0206605 0)
(-0.000473193 -0.0305305 0)
(-0.000734041 -0.0249404 0)
(-0.00101601 -0.0247588 0)
(7.35819e-05 -0.0295405 0)
(-2.82902e-05 -0.0307517 0)
(-0.000161918 -0.0294668 0)
(-0.000254412 -0.0262887 0)
(-0.00144962 -0.026322 0)
(0.000611145 -0.0286822 0)
(-0.000110448 -0.0290119 0)
(-0.0010918 -0.0311994 0)
(-0.00212495 -0.0320986 0)
(-0.00312257 -0.0294496 0)
(-0.00260711 -0.0315311 0)
(-0.00144217 -0.0345111 0)
(-0.00471272 -0.0348803 0)
(-0.00420881 -0.0318644 0)
(-0.00152785 -0.0360987 0)
(3.38092e-05 -0.0207705 0)
(0.000118817 -0.0200368 0)
(-0.000637414 -0.025251 0)
(-0.000312772 -0.0207221 0)
(-0.00142467 -0.0229698 0)
(0.00056483 -0.0220063 0)
(0.000381589 -0.0224482 0)
(-0.000302623 -0.0254308 0)
(-0.00124263 -0.0316782 0)
(-0.00094887 -0.0216144 0)
(0.000432651 -0.0211746 0)
(0.00189779 -0.0238173 0)
(0.000562146 -0.0262109 0)
(0.000246902 -0.0246625 0)
(-0.000652162 -0.0210311 0)
(-0.000466381 -0.0209252 0)
(6.86816e-05 -0.0224352 0)
(0.000780611 -0.0221444 0)
(-0.000518833 -0.0230335 0)
(0.000320063 -0.0239268 0)
(-0.0008394 -0.0240932 0)
(-7.75207e-05 -0.0223121 0)
(0.000372365 -0.0214738 0)
(0.000544865 -0.0192107 0)
(-0.00126525 -0.0214406 0)
(0.000589468 -0.0235838 0)
(6.32775e-05 -0.0273305 0)
(-0.00115881 -0.0236855 0)
(-0.000346197 -0.0274347 0)
(0.000547278 -0.0290761 0)
(0.000184238 -0.0286152 0)
(-0.000370357 -0.0257513 0)
(-0.000494745 -0.0254728 0)
(0.00065703 -0.0278623 0)
(0.000875527 -0.0302128 0)
(0.000503231 -0.0306407 0)
(-0.000127001 -0.0315276 0)
(-0.00263091 -0.031814 0)
(-0.00271117 -0.0319477 0)
(-0.00338175 -0.0339713 0)
(-0.00162041 -0.0341543 0)
(-0.000121672 -0.0333845 0)
(-0.000422484 -0.0362506 0)
(0.00130107 -0.0346501 0)
(-0.00195569 -0.0350743 0)
(-7.59079e-05 -0.0318483 0)
(8.31223e-05 -0.0311802 0)
(0.000340476 -0.0305106 0)
(-0.000412811 -0.0244676 0)
(0.00260344 -0.0244238 0)
(0.00135166 -0.0239639 0)
(0.000651397 -0.0247601 0)
(0.00023707 -0.0256229 0)
(3.34153e-05 -0.026167 0)
(-0.000231865 -0.0259625 0)
(4.22556e-05 -0.0243522 0)
(-0.000442789 -0.0242907 0)
(-0.00249961 -0.0206505 0)
(-2.07996e-05 -0.0281478 0)
(0.000756464 -0.0287069 0)
(0.000514964 -0.0239592 0)
(-0.000114071 -0.0234481 0)
(0.000145317 -0.0216786 0)
(2.30966e-05 -0.0211985 0)
(4.34306e-06 -0.022291 0)
(-0.00135626 -0.0174705 0)
(-0.000357358 -0.0243218 0)
(-0.000241842 -0.0229513 0)
(-0.000303791 -0.0267103 0)
(-0.00102293 -0.0238294 0)
(-0.000794523 -0.0229206 0)
(6.60753e-05 -0.026729 0)
(-0.00121986 -0.0284726 0)
(-0.000619521 -0.0293504 0)
(-0.0002911 -0.0299085 0)
(0.000387674 -0.0302471 0)
(-0.000325935 -0.0304084 0)
(0.000679436 -0.0307039 0)
(0.000456189 -0.0299218 0)
(-7.47783e-05 -0.0310587 0)
(0.000254314 -0.0315133 0)
(-0.000182374 -0.0322063 0)
(-0.000685506 -0.0346346 0)
(-0.00014851 -0.0348784 0)
(0.000986461 -0.0389288 0)
(0.00193058 -0.0328047 0)
(0.000481137 -0.0347958 0)
(-0.000107603 -0.031742 0)
(-0.000664509 -0.0325796 0)
(-0.002422 -0.0358173 0)
)


// ************************************************************************* //
