/*--------------------------------*- C++ -*----------------------------------*\
  =========                 |
  \\      /  F ield         | OpenFOAM: The Open Source CFD Toolbox
   \\    /   O peration     | Website:  https://openfoam.org
    \\  /    A nd           | Version:  12
     \\/     M anipulation  |
\*---------------------------------------------------------------------------*/
FoamFile
{
    format      ascii;
    class       volVectorField::Internal;
    location    "0.7";
    object      cloud:UTrans;
}
// * * * * * * * * * * * * * * * * * * * * * * * * * * * * * * * * * * * * * //

dimensions      [1 1 -1 0 0 0 0];

value           nonuniform List<vector> 
3750
(
(2.6696e-11 -1.86805e-09 0)
(1.92753e-11 -1.83151e-09 0)
(3.54586e-11 -1.56823e-09 0)
(1.16375e-11 -3.27495e-09 0)
(-5.91138e-12 -1.47252e-09 0)
(-1.43174e-11 -1.8192e-09 0)
(-5.02924e-11 -1.79278e-09 0)
(3.00647e-11 -1.83666e-09 0)
(2.8534e-11 -1.75124e-09 0)
(-1.85788e-13 -1.72375e-09 0)
(1.53137e-10 -3.5821e-09 0)
(5.74165e-11 -3.46722e-09 0)
(6.1453e-11 -1.49101e-09 0)
(8.21314e-12 -1.72213e-09 0)
(-1.89205e-11 -1.68671e-09 0)
(-1.74788e-11 -1.73473e-09 0)
(-2.75875e-11 -1.75568e-09 0)
(-7.66696e-12 -1.79036e-09 0)
(4.82611e-12 -1.82113e-09 0)
(1.71241e-11 -1.75487e-09 0)
(-4.2069e-11 -3.76649e-09 0)
(-2.03955e-11 -1.6167e-09 0)
(2.97424e-11 -1.68017e-09 0)
(-6.28826e-13 -1.65991e-09 0)
(0 0 0)
(-5.06893e-12 -1.53604e-09 0)
(0 0 0)
(1.3184e-10 -3.73018e-09 0)
(4.07538e-11 -1.55332e-09 0)
(3.95167e-11 -1.63721e-09 0)
(-1.68347e-11 -1.70702e-09 0)
(2.73125e-11 -3.71601e-09 0)
(7.09965e-11 -1.62908e-09 0)
(0 0 0)
(-1.12021e-11 -2.83227e-09 0)
(-6.11556e-12 -2.50533e-09 0)
(0 0 0)
(1.98697e-11 -1.71772e-09 0)
(3.08246e-11 -1.92835e-09 0)
(6.01567e-12 -1.68528e-09 0)
(-1.64763e-11 -1.66874e-09 0)
(-7.28685e-11 -3.73308e-09 0)
(-4.0102e-12 -1.48493e-09 0)
(-5.98952e-11 -1.65683e-09 0)
(-6.89471e-11 -1.67082e-09 0)
(-3.98812e-11 -1.74282e-09 0)
(-1.73341e-11 -1.73751e-09 0)
(-1.1807e-12 -1.73624e-09 0)
(6.55758e-12 -1.626e-09 0)
(-4.66144e-11 -1.64597e-09 0)
(8.51402e-12 -1.61679e-09 0)
(0 0 0)
(0 0 0)
(0 0 0)
(0 0 0)
(0 0 0)
(0 0 0)
(0 0 0)
(0 0 0)
(0 0 0)
(0 0 0)
(0 0 0)
(0 0 0)
(0 0 0)
(0 0 0)
(0 0 0)
(0 0 0)
(0 0 0)
(0 0 0)
(0 0 0)
(0 0 0)
(0 0 0)
(0 0 0)
(0 0 0)
(0 0 0)
(5.21884e-11 -1.83811e-09 0)
(-3.58594e-11 -1.92996e-09 0)
(-3.08852e-11 -1.79685e-09 0)
(-7.24465e-12 -1.60714e-09 0)
(0 0 0)
(-3.7181e-11 -1.77387e-09 0)
(0 0 0)
(0 0 0)
(-1.85444e-12 -1.61533e-09 0)
(2.45318e-11 -1.71309e-09 0)
(2.89638e-11 -1.68597e-09 0)
(5.39319e-11 -1.64094e-09 0)
(-2.06089e-10 -5.76771e-09 0)
(-1.62004e-10 -5.01113e-09 0)
(4.01394e-12 -1.90334e-09 0)
(0 0 0)
(0 0 0)
(0 0 0)
(1.54148e-11 -1.82809e-09 0)
(0 0 0)
(2.92213e-11 -1.67448e-09 0)
(8.52589e-11 -3.56665e-09 0)
(6.87646e-11 -1.74439e-09 0)
(-1.77913e-10 -3.92279e-09 0)
(-8.24912e-11 -3.40759e-09 0)
(5.67272e-11 -1.51145e-09 0)
(0 0 0)
(0 0 0)
(7.12137e-12 -1.75543e-09 0)
(-7.76867e-12 -6.59258e-10 0)
(-5.26539e-11 -4.3654e-09 0)
(-9.37712e-11 -3.29148e-09 0)
(-4.75996e-12 -3.50268e-09 0)
(0 0 0)
(0 0 0)
(0 0 0)
(3.06381e-11 -1.61221e-09 0)
(3.04553e-11 -1.76927e-09 0)
(-6.74261e-13 -1.70818e-09 0)
(-8.93312e-12 -1.78642e-09 0)
(-8.00548e-11 -1.61927e-09 0)
(-1.04153e-10 -1.55915e-09 0)
(-6.53406e-11 -1.62567e-09 0)
(-1.74697e-10 -1.64494e-09 0)
(-1.35027e-10 -1.66772e-09 0)
(-3.30751e-11 -1.70411e-09 0)
(0 0 0)
(0 0 0)
(0 0 0)
(0 0 0)
(0 0 0)
(0 0 0)
(0 0 0)
(0 0 0)
(0 0 0)
(0 0 0)
(0 0 0)
(0 0 0)
(0 0 0)
(0 0 0)
(0 0 0)
(0 0 0)
(0 0 0)
(0 0 0)
(0 0 0)
(0 0 0)
(0 0 0)
(0 0 0)
(0 0 0)
(0 0 0)
(0 0 0)
(0 0 0)
(0 0 0)
(0 0 0)
(0 0 0)
(0 0 0)
(0 0 0)
(-2.63833e-11 -1.75706e-09 0)
(-1.05969e-10 -3.38391e-09 0)
(-9.42871e-11 -3.57998e-09 0)
(-6.07296e-12 -1.55261e-09 0)
(6.11696e-11 -1.62018e-09 0)
(0 0 0)
(1.54168e-11 -1.72592e-09 0)
(0 0 0)
(-8.02856e-13 -7.78674e-11 0)
(1.1843e-11 -3.41264e-09 0)
(-5.6403e-11 -1.4874e-09 0)
(0 0 0)
(1.612e-10 -1.41415e-09 0)
(2.88082e-11 -3.14252e-09 0)
(1.02547e-11 -1.2977e-09 0)
(1.10405e-11 -8.07356e-10 0)
(2.39731e-11 -1.72801e-09 0)
(9.51797e-12 -1.73832e-09 0)
(-1.62376e-10 -1.55345e-09 0)
(-2.28037e-10 -3.64631e-09 0)
(-1.47972e-10 -4.12149e-09 0)
(-1.05121e-10 -1.66317e-09 0)
(3.02257e-11 -3.46427e-09 0)
(-2.49719e-11 -1.5332e-09 0)
(0 0 0)
(-7.14531e-12 -1.67757e-09 0)
(-8.85253e-11 -3.82437e-09 0)
(-2.5783e-11 -3.5526e-09 0)
(0 0 0)
(2.11321e-11 -1.45277e-09 0)
(3.52748e-12 -2.87208e-09 0)
(3.98454e-12 -3.09473e-10 0)
(2.9613e-11 -1.7626e-09 0)
(2.57139e-11 -1.75842e-09 0)
(2.51867e-11 -1.77988e-09 0)
(1.29918e-13 -2.56692e-09 0)
(1.60187e-10 -2.80606e-09 0)
(-1.57982e-10 -3.93752e-09 0)
(-4.81727e-11 -1.54701e-09 0)
(-1.48399e-10 -1.61171e-09 0)
(-4.96829e-11 -1.61894e-09 0)
(0 0 0)
(0 0 0)
(0 0 0)
(0 0 0)
(0 0 0)
(0 0 0)
(0 0 0)
(0 0 0)
(0 0 0)
(0 0 0)
(0 0 0)
(0 0 0)
(0 0 0)
(0 0 0)
(0 0 0)
(0 0 0)
(0 0 0)
(0 0 0)
(0 0 0)
(0 0 0)
(0 0 0)
(0 0 0)
(0 0 0)
(0 0 0)
(0 0 0)
(0 0 0)
(0 0 0)
(0 0 0)
(0 0 0)
(0 0 0)
(0 0 0)
(0 0 0)
(8.5117e-11 -2.11263e-09 0)
(7.36113e-12 -1.85172e-09 0)
(-4.1655e-11 -1.66835e-09 0)
(0 0 0)
(0 0 0)
(-1.66378e-11 -1.45613e-09 0)
(7.02562e-12 -1.63167e-09 0)
(1.75663e-11 -1.76217e-09 0)
(0 0 0)
(-1.21357e-11 -1.39958e-09 0)
(4.92369e-11 -3.66521e-09 0)
(-2.22281e-11 -3.56772e-09 0)
(-8.33425e-12 -1.64867e-09 0)
(1.80334e-11 -1.64165e-09 0)
(2.73524e-11 -1.77264e-09 0)
(-1.49101e-11 -1.74966e-09 0)
(-3.4585e-12 -1.61398e-09 0)
(-2.40117e-11 -3.73917e-09 0)
(-2.35583e-10 -3.77484e-09 0)
(-2.78369e-10 -3.73486e-09 0)
(-1.18378e-10 -1.45943e-09 0)
(-1.35736e-10 -2.30369e-09 0)
(-9.09203e-11 -3.22357e-09 0)
(7.45563e-11 -1.67629e-09 0)
(7.22418e-11 -1.5099e-09 0)
(1.05423e-11 -1.67949e-09 0)
(1.62228e-11 -1.63867e-09 0)
(0 0 0)
(2.76862e-11 -1.7613e-09 0)
(-2.61524e-11 -1.74955e-09 0)
(-3.57784e-11 -1.66746e-09 0)
(-4.75318e-11 -1.66145e-09 0)
(-3.31633e-11 -1.67877e-09 0)
(-1.84805e-11 -2.06127e-09 0)
(8.32305e-12 -2.73091e-09 0)
(3.09211e-12 -1.88026e-10 0)
(1.58591e-12 -1.74094e-09 0)
(-1.45962e-10 -1.82377e-09 0)
(-1.39877e-10 -4.17017e-09 0)
(-6.92001e-11 -1.52941e-09 0)
(-1.09064e-10 -1.46049e-09 0)
(0 0 0)
(0 0 0)
(0 0 0)
(0 0 0)
(0 0 0)
(0 0 0)
(0 0 0)
(0 0 0)
(0 0 0)
(0 0 0)
(0 0 0)
(0 0 0)
(0 0 0)
(0 0 0)
(0 0 0)
(0 0 0)
(0 0 0)
(0 0 0)
(0 0 0)
(0 0 0)
(0 0 0)
(0 0 0)
(0 0 0)
(0 0 0)
(0 0 0)
(0 0 0)
(0 0 0)
(0 0 0)
(0 0 0)
(0 0 0)
(0 0 0)
(0 0 0)
(0 0 0)
(0 0 0)
(-5.66634e-11 -4.58127e-09 0)
(8.48417e-11 -1.96674e-09 0)
(9.35008e-12 -4.23822e-10 0)
(1.30561e-11 -1.51522e-09 0)
(-2.13308e-11 -1.16583e-09 0)
(-2.42538e-11 -1.67799e-09 0)
(4.19745e-12 -9.71624e-10 0)
(1.27263e-13 -2.59281e-11 0)
(3.41047e-11 -1.73954e-09 0)
(0 0 0)
(1.63845e-10 -3.90745e-09 0)
(-1.80487e-11 -1.57653e-09 0)
(-5.2592e-11 -1.55421e-09 0)
(-5.14503e-11 -1.61496e-09 0)
(-3.51572e-11 -4.17983e-09 0)
(-5.79686e-11 -1.5918e-09 0)
(-7.71404e-11 -1.5663e-09 0)
(-1.04838e-10 -4.21064e-09 0)
(0 0 0)
(-1.29177e-10 -1.56813e-09 0)
(-7.76945e-11 -1.68012e-09 0)
(-7.53106e-11 -1.81926e-09 0)
(0 0 0)
(2.97711e-11 -1.67333e-09 0)
(8.37633e-11 -1.72243e-09 0)
(8.7017e-11 -1.64922e-09 0)
(1.17608e-11 -3.16721e-09 0)
(-1.62571e-11 -1.09267e-09 0)
(-3.81165e-11 -2.62613e-09 0)
(1.34604e-11 -1.75382e-09 0)
(-5.51107e-11 -1.64852e-09 0)
(-7.87448e-11 -2.19798e-09 0)
(-4.10834e-11 -3.14872e-09 0)
(2.94693e-13 -1.4978e-09 0)
(0 0 0)
(0 0 0)
(0 0 0)
(-9.76292e-12 -1.80324e-10 0)
(-3.41499e-10 -3.5966e-09 0)
(-4.25185e-11 -1.63074e-09 0)
(-8.26682e-11 -1.6003e-09 0)
(-1.02354e-10 -1.52742e-09 0)
(0 0 0)
(0 0 0)
(0 0 0)
(0 0 0)
(0 0 0)
(0 0 0)
(0 0 0)
(0 0 0)
(0 0 0)
(0 0 0)
(0 0 0)
(0 0 0)
(0 0 0)
(0 0 0)
(0 0 0)
(0 0 0)
(0 0 0)
(0 0 0)
(0 0 0)
(0 0 0)
(0 0 0)
(0 0 0)
(0 0 0)
(0 0 0)
(0 0 0)
(0 0 0)
(0 0 0)
(0 0 0)
(0 0 0)
(0 0 0)
(0 0 0)
(0 0 0)
(0 0 0)
(-7.92103e-11 -1.79524e-09 0)
(6.56563e-11 -1.97252e-09 0)
(1.47496e-10 -1.90806e-09 0)
(5.00407e-11 -2.00372e-09 0)
(-1.18975e-12 -5.17369e-10 0)
(-2.20791e-12 -8.96081e-10 0)
(6.59227e-11 -1.67499e-09 0)
(7.53592e-11 -1.69332e-09 0)
(4.37796e-11 -1.69271e-09 0)
(-7.44779e-11 -1.82083e-09 0)
(-5.19366e-11 -1.53755e-09 0)
(-7.15312e-11 -1.55538e-09 0)
(-1.10528e-10 -1.66783e-09 0)
(-2.23215e-10 -3.07147e-09 0)
(-1.64776e-10 -2.26379e-09 0)
(-8.66525e-11 -1.65141e-09 0)
(-7.8695e-11 -1.61544e-09 0)
(4.88153e-12 -1.49824e-09 0)
(6.59458e-11 -1.73687e-09 0)
(-7.47388e-11 -1.8454e-09 0)
(-1.73969e-10 -1.63193e-09 0)
(-8.53829e-12 -1.72485e-09 0)
(0 0 0)
(3.92318e-11 -1.67514e-09 0)
(2.5555e-11 -1.70369e-09 0)
(2.09926e-11 -1.6986e-09 0)
(-1.60993e-11 -1.69242e-09 0)
(-6.1373e-11 -1.61921e-09 0)
(-8.40716e-11 -1.59197e-09 0)
(-7.51839e-11 -4.38059e-09 0)
(-1.47192e-11 -1.76327e-09 0)
(3.22492e-11 -1.60067e-09 0)
(1.23967e-12 -1.5861e-09 0)
(-9.87646e-12 -1.5139e-09 0)
(-4.73396e-11 -1.52373e-09 0)
(4.26649e-11 -1.77503e-09 0)
(-4.03863e-11 -1.93916e-09 0)
(1.40589e-11 -1.69814e-09 0)
(0 0 0)
(-4.07503e-11 -1.74226e-09 0)
(0 0 0)
(-1.29557e-11 -1.74469e-09 0)
(0 0 0)
(0 0 0)
(0 0 0)
(0 0 0)
(0 0 0)
(0 0 0)
(0 0 0)
(0 0 0)
(0 0 0)
(0 0 0)
(0 0 0)
(0 0 0)
(0 0 0)
(0 0 0)
(0 0 0)
(0 0 0)
(0 0 0)
(0 0 0)
(0 0 0)
(0 0 0)
(0 0 0)
(0 0 0)
(0 0 0)
(0 0 0)
(0 0 0)
(0 0 0)
(0 0 0)
(0 0 0)
(0 0 0)
(0 0 0)
(0 0 0)
(0 0 0)
(0 0 0)
(-4.57022e-11 -1.6971e-09 0)
(-5.53708e-12 -1.8201e-09 0)
(7.52121e-11 -1.84343e-09 0)
(8.49884e-11 -1.85585e-09 0)
(1.36343e-10 -1.85849e-09 0)
(1.41987e-10 -2.43109e-09 0)
(1.51828e-10 -2.77964e-09 0)
(1.10344e-10 -1.46533e-09 0)
(5.60043e-12 -3.54186e-09 0)
(-6.85955e-11 -1.52877e-09 0)
(-4.68781e-11 -3.37724e-09 0)
(-6.25077e-11 -1.39808e-09 0)
(-1.21126e-10 -1.67271e-09 0)
(-1.20908e-10 -1.7726e-09 0)
(-1.03309e-10 -1.81059e-09 0)
(-5.67904e-11 -1.86076e-09 0)
(-7.6184e-11 -1.75991e-09 0)
(-5.12339e-11 -1.75508e-09 0)
(2.01487e-11 -1.80312e-09 0)
(-2.58174e-11 -1.9987e-09 0)
(0 0 0)
(-6.42322e-12 -1.73192e-09 0)
(4.28221e-11 -1.68904e-09 0)
(-3.34586e-11 -1.66158e-09 0)
(3.62664e-11 -1.68895e-09 0)
(7.49182e-12 -1.61157e-09 0)
(2.29326e-11 -1.62531e-09 0)
(-5.30873e-11 -1.73426e-09 0)
(-1.08484e-10 -1.76041e-09 0)
(-1.83946e-11 -1.81909e-09 0)
(4.28022e-11 -1.7336e-09 0)
(1.58527e-11 -1.68185e-09 0)
(-9.79465e-11 -1.66135e-09 0)
(-9.99795e-11 -3.58889e-09 0)
(-8.57766e-11 -1.39567e-09 0)
(-3.50072e-11 -1.7007e-09 0)
(-1.12866e-10 -1.61023e-09 0)
(2.4473e-12 -1.75139e-09 0)
(-2.52609e-11 -2.47354e-09 0)
(1.87442e-11 -7.72935e-10 0)
(-8.98749e-12 -1.72549e-09 0)
(0 0 0)
(0 0 0)
(0 0 0)
(0 0 0)
(0 0 0)
(0 0 0)
(0 0 0)
(0 0 0)
(0 0 0)
(0 0 0)
(0 0 0)
(0 0 0)
(0 0 0)
(0 0 0)
(0 0 0)
(0 0 0)
(0 0 0)
(0 0 0)
(0 0 0)
(0 0 0)
(0 0 0)
(0 0 0)
(0 0 0)
(0 0 0)
(0 0 0)
(0 0 0)
(0 0 0)
(0 0 0)
(0 0 0)
(0 0 0)
(0 0 0)
(0 0 0)
(0 0 0)
(0 0 0)
(4.89778e-11 -1.29225e-09 0)
(-9.68458e-13 -1.9004e-09 0)
(9.09393e-12 -1.84031e-09 0)
(5.75404e-11 -1.77204e-09 0)
(9.75863e-11 -1.76607e-09 0)
(9.03429e-12 -3.69336e-09 0)
(-3.1993e-11 -3.20237e-09 0)
(-8.32409e-11 -3.02626e-09 0)
(-1.00663e-10 -3.71034e-09 0)
(-2.00753e-11 -1.05878e-09 0)
(-4.19813e-12 -1.54026e-09 0)
(-7.09421e-11 -1.62877e-09 0)
(0 0 0)
(-2.40694e-11 -1.71706e-09 0)
(-5.12111e-11 -1.79659e-09 0)
(-4.26693e-11 -1.87531e-09 0)
(0 0 0)
(-1.11065e-10 -1.694e-09 0)
(-8.49994e-11 -1.76814e-09 0)
(-4.53697e-11 -1.85402e-09 0)
(4.73134e-11 -1.82918e-09 0)
(4.3732e-11 -3.20364e-09 0)
(2.43405e-12 -2.22629e-09 0)
(5.48965e-11 -1.66257e-09 0)
(-1.81525e-13 -2.38053e-10 0)
(-1.08451e-12 -1.2351e-09 0)
(4.73449e-11 -1.80842e-09 0)
(0 0 0)
(-6.80299e-11 -1.65215e-09 0)
(-7.23375e-11 -1.71665e-09 0)
(-3.14768e-11 -1.745e-09 0)
(-9.73494e-11 -1.78501e-09 0)
(-1.27391e-10 -1.77841e-09 0)
(-1.21703e-10 -1.68963e-09 0)
(-9.79753e-11 -1.63955e-09 0)
(-1.08766e-10 -1.90429e-09 0)
(-7.19426e-11 -3.97451e-09 0)
(0 0 0)
(5.25982e-11 -3.75772e-09 0)
(5.48657e-11 -3.48852e-09 0)
(4.28894e-11 -1.53911e-09 0)
(0 0 0)
(0 0 0)
(0 0 0)
(0 0 0)
(0 0 0)
(0 0 0)
(0 0 0)
(0 0 0)
(0 0 0)
(0 0 0)
(0 0 0)
(0 0 0)
(0 0 0)
(0 0 0)
(0 0 0)
(0 0 0)
(0 0 0)
(0 0 0)
(0 0 0)
(0 0 0)
(0 0 0)
(0 0 0)
(0 0 0)
(0 0 0)
(0 0 0)
(0 0 0)
(0 0 0)
(0 0 0)
(0 0 0)
(0 0 0)
(0 0 0)
(0 0 0)
(0 0 0)
(0 0 0)
(8.92402e-11 -1.50178e-09 0)
(1.98983e-11 -1.81758e-09 0)
(-2.07385e-11 -1.78571e-09 0)
(3.80238e-11 -1.73852e-09 0)
(1.01244e-10 -1.67474e-09 0)
(1.30797e-10 -3.84784e-09 0)
(-1.58229e-10 -1.38707e-09 0)
(-9.27316e-11 -2.22016e-09 0)
(-1.29843e-11 -8.86422e-10 0)
(7.52534e-11 -1.6909e-09 0)
(-6.3947e-11 -1.62662e-09 0)
(0 0 0)
(2.60523e-11 -1.90146e-09 0)
(0 0 0)
(-2.25684e-11 -1.69426e-09 0)
(-1.84862e-11 -1.88384e-09 0)
(-1.33819e-10 -1.8643e-09 0)
(-9.95115e-11 -1.72903e-09 0)
(-8.5948e-11 -1.76303e-09 0)
(-3.29836e-11 -1.75025e-09 0)
(5.32252e-11 -1.78267e-09 0)
(8.69601e-11 -1.80979e-09 0)
(3.46013e-11 -1.61725e-09 0)
(2.47482e-13 -1.59131e-09 0)
(-4.67039e-12 -1.67968e-09 0)
(7.46951e-12 -1.64046e-09 0)
(4.31514e-11 -1.79644e-09 0)
(-3.00531e-11 -1.85938e-09 0)
(0 0 0)
(-2.61138e-12 -1.61315e-09 0)
(-4.61249e-11 -1.78266e-09 0)
(0 0 0)
(0 0 0)
(-9.15182e-11 -1.73275e-09 0)
(-1.11126e-10 -1.71319e-09 0)
(-1.09973e-10 -1.78292e-09 0)
(-1.12661e-10 -1.91931e-09 0)
(0 0 0)
(-1.80847e-11 -1.74697e-09 0)
(-1.03427e-11 -1.71641e-09 0)
(3.25239e-11 -1.65174e-09 0)
(-1.5822e-11 -1.46528e-09 0)
(0 0 0)
(0 0 0)
(0 0 0)
(0 0 0)
(0 0 0)
(0 0 0)
(0 0 0)
(0 0 0)
(0 0 0)
(0 0 0)
(0 0 0)
(0 0 0)
(0 0 0)
(0 0 0)
(0 0 0)
(0 0 0)
(0 0 0)
(0 0 0)
(0 0 0)
(0 0 0)
(0 0 0)
(0 0 0)
(0 0 0)
(0 0 0)
(0 0 0)
(0 0 0)
(0 0 0)
(0 0 0)
(0 0 0)
(0 0 0)
(0 0 0)
(0 0 0)
(0 0 0)
(8.54697e-11 -3.65127e-09 0)
(-2.49238e-11 -1.37879e-09 0)
(1.04879e-11 -1.45591e-09 0)
(4.23395e-11 -1.67081e-09 0)
(3.02149e-11 -1.85747e-09 0)
(-1.28083e-11 -1.93102e-09 0)
(0 0 0)
(-9.03669e-12 -1.64259e-09 0)
(-2.33207e-11 -1.66822e-09 0)
(-1.38335e-11 -1.73595e-09 0)
(-3.30406e-11 -1.74811e-09 0)
(0 0 0)
(-1.73401e-11 -1.95059e-09 0)
(0 0 0)
(-1.38226e-11 -1.62427e-09 0)
(-5.91974e-11 -1.96184e-09 0)
(0 0 0)
(-1.36832e-12 -1.73316e-09 0)
(-3.91883e-11 -1.68018e-09 0)
(-1.80526e-11 -1.76129e-09 0)
(-5.09563e-12 -2.92369e-09 0)
(7.46387e-11 -2.20726e-09 0)
(8.2183e-11 -1.61255e-09 0)
(-2.24618e-11 -1.6023e-09 0)
(1.4535e-11 -1.55742e-09 0)
(2.28531e-11 -1.53365e-09 0)
(-3.80745e-11 -1.88902e-09 0)
(0 0 0)
(8.26324e-11 -1.59489e-09 0)
(-3.69073e-11 -1.71598e-09 0)
(-4.69582e-11 -1.83234e-09 0)
(3.31634e-12 -1.77158e-09 0)
(9.21342e-12 -1.64941e-09 0)
(-1.16039e-11 -3.59778e-10 0)
(-3.40977e-11 -1.02532e-09 0)
(-7.61093e-11 -1.8792e-09 0)
(0 0 0)
(-1.33131e-11 -1.77676e-09 0)
(-5.15245e-11 -1.81324e-09 0)
(-3.25034e-12 -1.7351e-09 0)
(8.67881e-13 -1.67412e-09 0)
(5.08636e-11 -1.64461e-09 0)
(9.63921e-13 -1.56834e-09 0)
(0 0 0)
(0 0 0)
(0 0 0)
(0 0 0)
(0 0 0)
(0 0 0)
(0 0 0)
(0 0 0)
(0 0 0)
(0 0 0)
(0 0 0)
(0 0 0)
(0 0 0)
(0 0 0)
(0 0 0)
(0 0 0)
(0 0 0)
(0 0 0)
(0 0 0)
(0 0 0)
(0 0 0)
(0 0 0)
(0 0 0)
(0 0 0)
(0 0 0)
(0 0 0)
(0 0 0)
(0 0 0)
(0 0 0)
(0 0 0)
(0 0 0)
(0 0 0)
(-4.95753e-11 -3.57989e-09 0)
(6.36466e-11 -3.21866e-09 0)
(-1.9427e-12 -1.4094e-09 0)
(1.12948e-10 -3.51276e-09 0)
(2.26646e-11 -1.55051e-09 0)
(0 0 0)
(1.0484e-10 -1.8771e-09 0)
(0 0 0)
(-6.82029e-11 -3.75037e-09 0)
(-1.10333e-10 -3.61897e-09 0)
(0 0 0)
(-1.24452e-10 -1.4885e-09 0)
(-1.52029e-11 -1.70408e-09 0)
(5.76779e-13 -1.79921e-09 0)
(0 0 0)
(-1.92557e-11 -1.75124e-09 0)
(4.66833e-11 -1.76108e-09 0)
(4.95737e-12 -1.79803e-09 0)
(0 0 0)
(-2.91901e-13 -1.68158e-09 0)
(0 0 0)
(-3.81379e-12 -1.72071e-09 0)
(-1.2993e-10 -4.38552e-09 0)
(2.66734e-12 -1.48413e-09 0)
(3.40036e-11 -1.50794e-09 0)
(4.6722e-11 -3.49172e-09 0)
(1.49069e-11 -1.66784e-09 0)
(7.51396e-11 -1.70483e-09 0)
(5.30638e-11 -1.71215e-09 0)
(0 0 0)
(-9.65417e-11 -1.83566e-09 0)
(-3.44312e-11 -1.83073e-09 0)
(-1.49078e-11 -1.61463e-09 0)
(0 0 0)
(3.37733e-12 -1.73098e-09 0)
(-9.73244e-11 -1.83837e-09 0)
(0 0 0)
(-6.27387e-12 -1.71148e-09 0)
(0 0 0)
(-3.95999e-11 -1.66529e-09 0)
(-7.40184e-11 -1.55563e-09 0)
(-2.0373e-11 -1.63136e-09 0)
(-1.03714e-10 -3.04992e-09 0)
(-5.39392e-12 -1.43339e-10 0)
(0 0 0)
(0 0 0)
(0 0 0)
(0 0 0)
(0 0 0)
(0 0 0)
(0 0 0)
(0 0 0)
(0 0 0)
(0 0 0)
(0 0 0)
(0 0 0)
(0 0 0)
(0 0 0)
(0 0 0)
(0 0 0)
(0 0 0)
(0 0 0)
(0 0 0)
(0 0 0)
(0 0 0)
(0 0 0)
(0 0 0)
(0 0 0)
(0 0 0)
(0 0 0)
(0 0 0)
(0 0 0)
(0 0 0)
(0 0 0)
(0 0 0)
(-8.59754e-11 -1.83185e-09 0)
(-5.17875e-11 -1.72126e-09 0)
(-6.83718e-12 -1.73831e-09 0)
(8.0269e-12 -1.54098e-09 0)
(1.93872e-10 -3.74271e-09 0)
(4.53768e-11 -1.50111e-09 0)
(1.89205e-10 -3.60653e-09 0)
(2.41644e-10 -3.55427e-09 0)
(0 0 0)
(4.16662e-12 -1.63486e-09 0)
(-1.32859e-11 -1.61794e-09 0)
(-3.70672e-11 -1.64937e-09 0)
(-4.70105e-11 -1.69647e-09 0)
(9.93196e-12 -1.76722e-09 0)
(2.3161e-11 -1.73324e-09 0)
(1.292e-11 -1.70162e-09 0)
(3.33073e-11 -1.76669e-09 0)
(6.05769e-12 -4.87246e-10 0)
(1.26736e-11 -7.91518e-10 0)
(-6.53546e-12 -1.64446e-09 0)
(-2.92212e-11 -1.8076e-09 0)
(-5.99006e-11 -1.92114e-09 0)
(8.19405e-12 -6.45457e-10 0)
(3.41147e-11 -2.58097e-09 0)
(-7.04935e-12 -1.48512e-09 0)
(8.04212e-12 -1.53847e-09 0)
(3.75491e-11 -1.62861e-09 0)
(9.65626e-11 -1.64664e-09 0)
(9.90785e-11 -2.44732e-09 0)
(5.25221e-11 -3.39742e-09 0)
(0 0 0)
(-3.83305e-11 -1.72343e-09 0)
(0 0 0)
(6.57253e-11 -1.74915e-09 0)
(-1.18421e-12 -3.91096e-09 0)
(6.08509e-12 -1.66048e-09 0)
(0 0 0)
(0 0 0)
(-1.75593e-10 -4.08188e-09 0)
(-6.88764e-11 -1.65839e-09 0)
(-9.73966e-11 -1.58069e-09 0)
(-1.13791e-10 -2.60389e-09 0)
(-9.53768e-12 -3.62228e-10 0)
(0 0 0)
(0 0 0)
(0 0 0)
(0 0 0)
(0 0 0)
(0 0 0)
(0 0 0)
(0 0 0)
(0 0 0)
(0 0 0)
(0 0 0)
(0 0 0)
(0 0 0)
(0 0 0)
(0 0 0)
(0 0 0)
(0 0 0)
(0 0 0)
(0 0 0)
(0 0 0)
(0 0 0)
(0 0 0)
(0 0 0)
(0 0 0)
(0 0 0)
(0 0 0)
(0 0 0)
(0 0 0)
(0 0 0)
(0 0 0)
(0 0 0)
(0 0 0)
(0 0 0)
(8.50333e-13 -1.73227e-09 0)
(0 0 0)
(0 0 0)
(2.22682e-13 -1.64574e-09 0)
(3.34866e-11 -1.76616e-09 0)
(0 0 0)
(0 0 0)
(-1.30457e-11 -1.89983e-09 0)
(7.12479e-11 -2.73779e-09 0)
(-3.19995e-11 -2.40742e-09 0)
(1.14576e-11 -1.58387e-09 0)
(1.18112e-11 -1.67016e-09 0)
(2.0101e-12 -2.02861e-09 0)
(3.97369e-11 -3.2634e-09 0)
(7.18333e-11 -3.38839e-09 0)
(5.63349e-11 -1.55806e-09 0)
(9.5857e-12 -2.15922e-09 0)
(1.09914e-11 -9.54229e-10 0)
(1.0702e-11 -1.74673e-09 0)
(-6.50891e-11 -1.76697e-09 0)
(-8.07779e-12 -1.76607e-09 0)
(7.28162e-11 -1.73734e-09 0)
(2.53583e-11 -1.75297e-09 0)
(5.33386e-12 -1.61938e-09 0)
(8.14648e-12 -1.57445e-09 0)
(2.07278e-11 -1.6378e-09 0)
(4.47761e-11 -1.67719e-09 0)
(5.54097e-11 -1.69057e-09 0)
(1.59811e-11 -1.70983e-09 0)
(4.69601e-11 -1.74072e-09 0)
(4.5547e-11 -1.72734e-09 0)
(0 0 0)
(0 0 0)
(0 0 0)
(-1.94734e-11 -1.68102e-09 0)
(1.22723e-11 -1.78348e-09 0)
(3.23796e-11 -1.8517e-09 0)
(0 0 0)
(-1.43328e-10 -1.71349e-09 0)
(-1.99963e-10 -4.73397e-09 0)
(-1.6132e-10 -1.35898e-09 0)
(0 0 0)
(0 0 0)
(0 0 0)
(0 0 0)
(0 0 0)
(0 0 0)
(0 0 0)
(0 0 0)
(0 0 0)
(0 0 0)
(0 0 0)
(0 0 0)
(0 0 0)
(0 0 0)
(0 0 0)
(0 0 0)
(0 0 0)
(0 0 0)
(0 0 0)
(0 0 0)
(0 0 0)
(0 0 0)
(0 0 0)
(0 0 0)
(0 0 0)
(0 0 0)
(0 0 0)
(0 0 0)
(0 0 0)
(0 0 0)
(0 0 0)
(0 0 0)
(0 0 0)
(6.34548e-13 -1.78772e-09 0)
(4.59698e-11 -1.71254e-09 0)
(3.19012e-11 -1.76984e-09 0)
(7.79193e-11 -1.48188e-09 0)
(1.13199e-11 -1.70904e-09 0)
(0 0 0)
(-3.6435e-11 -3.60967e-09 0)
(-1.8001e-10 -4.35871e-09 0)
(-1.26601e-10 -1.65494e-09 0)
(2.93305e-11 -1.61412e-09 0)
(2.17896e-11 -1.65125e-09 0)
(-2.35733e-11 -1.67864e-09 0)
(-1.29767e-11 -1.66919e-09 0)
(5.54321e-11 -1.90109e-09 0)
(-2.03909e-10 -3.87654e-09 0)
(-1.13019e-10 -1.95006e-09 0)
(-1.24296e-10 -3.12382e-09 0)
(0 0 0)
(-7.18091e-11 -1.50378e-09 0)
(-3.70435e-11 -4.08098e-09 0)
(1.05727e-11 -1.5995e-09 0)
(7.08853e-13 -1.5914e-09 0)
(5.41411e-11 -1.668e-09 0)
(2.90922e-11 -1.65465e-09 0)
(3.70991e-11 -1.66277e-09 0)
(1.99939e-11 -1.68823e-09 0)
(6.89e-14 -1.74003e-09 0)
(-3.59578e-12 -4.7132e-10 0)
(-8.42194e-12 -8.65995e-10 0)
(-1.22311e-10 -4.02057e-09 0)
(3.28603e-11 -1.64788e-09 0)
(6.40496e-11 -1.59166e-09 0)
(-1.09953e-10 -3.87743e-09 0)
(-8.41892e-11 -1.48715e-09 0)
(2.91275e-12 -1.76958e-09 0)
(0 0 0)
(-8.13026e-11 -1.83834e-09 0)
(-1.6612e-10 -4.41369e-09 0)
(-6.13579e-11 -1.72724e-09 0)
(2.36958e-12 -1.49887e-09 0)
(-2.20297e-12 -3.65826e-10 0)
(0 0 0)
(0 0 0)
(0 0 0)
(0 0 0)
(0 0 0)
(0 0 0)
(0 0 0)
(0 0 0)
(0 0 0)
(0 0 0)
(0 0 0)
(0 0 0)
(0 0 0)
(0 0 0)
(0 0 0)
(0 0 0)
(0 0 0)
(0 0 0)
(0 0 0)
(0 0 0)
(0 0 0)
(0 0 0)
(0 0 0)
(0 0 0)
(0 0 0)
(0 0 0)
(0 0 0)
(0 0 0)
(0 0 0)
(0 0 0)
(0 0 0)
(0 0 0)
(0 0 0)
(0 0 0)
(-2.07744e-11 -1.6117e-09 0)
(-5.24414e-12 -1.64387e-09 0)
(3.55936e-13 -1.59771e-09 0)
(6.20001e-12 -1.68848e-09 0)
(4.74108e-12 -1.67217e-09 0)
(1.03013e-10 -1.83673e-09 0)
(-6.0084e-11 -1.84181e-09 0)
(-1.16126e-10 -1.82638e-09 0)
(-2.36321e-11 -1.77703e-09 0)
(4.43039e-11 -1.72766e-09 0)
(4.704e-12 -1.72188e-09 0)
(0 0 0)
(-7.86342e-11 -1.73374e-09 0)
(-2.11056e-11 -4.40389e-09 0)
(-1.06818e-10 -1.56908e-09 0)
(-6.07121e-11 -1.52345e-09 0)
(-1.00037e-10 -1.59569e-09 0)
(-8.54469e-11 -2.61328e-09 0)
(-9.27811e-11 -2.72557e-09 0)
(-8.53251e-12 -1.54675e-09 0)
(4.72898e-11 -1.51285e-09 0)
(1.3382e-10 -1.68486e-09 0)
(1.05828e-10 -2.36998e-09 0)
(2.69298e-11 -1.00344e-09 0)
(3.43986e-11 -1.68229e-09 0)
(4.99541e-11 -1.72359e-09 0)
(1.83187e-11 -1.72534e-09 0)
(-6.82602e-12 -1.74234e-09 0)
(-4.74324e-11 -1.71466e-09 0)
(-2.75788e-11 -1.63712e-09 0)
(1.10774e-11 -1.7217e-09 0)
(-4.49607e-11 -1.69253e-09 0)
(-5.50125e-11 -1.5674e-09 0)
(-5.65762e-12 -1.50427e-09 0)
(4.89273e-11 -1.54762e-09 0)
(6.87826e-11 -4.10987e-09 0)
(-9.24235e-11 -1.63504e-09 0)
(-1.15164e-10 -1.59713e-09 0)
(-9.8355e-11 -3.58976e-09 0)
(-1.06628e-10 -1.49242e-09 0)
(-1.31272e-10 -1.76341e-09 0)
(0 0 0)
(0 0 0)
(0 0 0)
(0 0 0)
(0 0 0)
(0 0 0)
(0 0 0)
(0 0 0)
(0 0 0)
(0 0 0)
(0 0 0)
(0 0 0)
(0 0 0)
(0 0 0)
(0 0 0)
(0 0 0)
(0 0 0)
(0 0 0)
(0 0 0)
(0 0 0)
(0 0 0)
(0 0 0)
(0 0 0)
(0 0 0)
(0 0 0)
(0 0 0)
(0 0 0)
(0 0 0)
(0 0 0)
(0 0 0)
(0 0 0)
(0 0 0)
(0 0 0)
(0 0 0)
(-4.09583e-11 -1.5778e-09 0)
(-8.18117e-12 -3.89035e-09 0)
(3.84212e-11 -1.60921e-09 0)
(0 0 0)
(-1.48527e-11 -1.58521e-09 0)
(7.0613e-12 -4.46086e-09 0)
(6.93995e-11 -1.87249e-09 0)
(-4.48219e-11 -1.87558e-09 0)
(0 0 0)
(2.33825e-11 -1.82276e-09 0)
(0 0 0)
(8.34105e-11 -1.84286e-09 0)
(0 0 0)
(-5.69808e-11 -1.84247e-09 0)
(-1.08987e-11 -1.77766e-09 0)
(-3.19889e-11 -1.72138e-09 0)
(-7.75345e-11 -1.86181e-09 0)
(-4.43634e-11 -1.66128e-09 0)
(-5.91247e-11 -1.5294e-09 0)
(-1.29236e-10 -3.43536e-09 0)
(-7.48291e-11 -3.39898e-09 0)
(1.13754e-10 -1.48897e-09 0)
(1.36634e-10 -2.56934e-09 0)
(2.41573e-11 -6.39356e-10 0)
(9.31663e-11 -1.68129e-09 0)
(6.83059e-11 -1.7499e-09 0)
(3.00794e-11 -1.80851e-09 0)
(3.54971e-12 -1.71432e-10 0)
(4.02255e-11 -2.52818e-09 0)
(5.04938e-12 -5.60879e-10 0)
(1.14612e-10 -3.93019e-09 0)
(2.12034e-11 -1.74242e-09 0)
(-2.02548e-11 -1.65471e-09 0)
(-1.38227e-10 -3.62952e-09 0)
(-1.16265e-11 -1.45848e-09 0)
(-1.05761e-10 -3.69827e-09 0)
(6.17253e-11 -1.71676e-09 0)
(-6.65867e-11 -3.12195e-09 0)
(-2.533e-12 -1.08916e-10 0)
(0 0 0)
(0 0 0)
(0 0 0)
(0 0 0)
(0 0 0)
(0 0 0)
(0 0 0)
(0 0 0)
(0 0 0)
(0 0 0)
(0 0 0)
(0 0 0)
(0 0 0)
(0 0 0)
(0 0 0)
(0 0 0)
(0 0 0)
(0 0 0)
(0 0 0)
(0 0 0)
(0 0 0)
(0 0 0)
(0 0 0)
(0 0 0)
(0 0 0)
(0 0 0)
(0 0 0)
(0 0 0)
(0 0 0)
(0 0 0)
(0 0 0)
(0 0 0)
(0 0 0)
(0 0 0)
(0 0 0)
(0 0 0)
(-2.70271e-11 -1.59593e-09 0)
(7.31933e-12 -1.62993e-09 0)
(3.44292e-11 -1.70513e-09 0)
(2.13474e-11 -1.78962e-09 0)
(-7.82498e-11 -1.74009e-09 0)
(-7.51888e-11 -1.7136e-09 0)
(6.64363e-11 -2.0163e-09 0)
(3.72662e-11 -1.90997e-09 0)
(0 0 0)
(2.72808e-11 -1.74023e-09 0)
(0 0 0)
(2.99e-11 -1.73031e-09 0)
(1.11031e-10 -1.81073e-09 0)
(0 0 0)
(6.10546e-12 -1.89238e-09 0)
(0 0 0)
(-1.12991e-10 -3.93142e-09 0)
(-1.76208e-11 -1.66922e-09 0)
(2.23724e-11 -3.81128e-09 0)
(-1.01788e-10 -1.46283e-09 0)
(-8.39233e-11 -1.49085e-09 0)
(-3.96052e-12 -3.37485e-09 0)
(8.76952e-11 -1.47586e-09 0)
(4.23844e-11 -3.78167e-09 0)
(2.73187e-11 -1.59626e-09 0)
(1.22626e-10 -1.55817e-09 0)
(6.78421e-11 -1.66052e-09 0)
(6.39086e-11 -1.62802e-09 0)
(2.58014e-11 -1.69465e-09 0)
(-9.35185e-12 -1.72741e-09 0)
(-2.57767e-11 -1.76429e-09 0)
(3.11064e-11 -1.87402e-09 0)
(-2.14155e-11 -1.9075e-09 0)
(-5.32753e-11 -1.63537e-09 0)
(-2.37559e-10 -3.51159e-09 0)
(-2.19267e-10 -3.11853e-09 0)
(-6.24882e-11 -3.99125e-09 0)
(4.55613e-11 -1.51969e-09 0)
(1.81198e-11 -1.53692e-09 0)
(0 0 0)
(0 0 0)
(0 0 0)
(0 0 0)
(0 0 0)
(0 0 0)
(0 0 0)
(0 0 0)
(0 0 0)
(0 0 0)
(0 0 0)
(0 0 0)
(0 0 0)
(0 0 0)
(0 0 0)
(0 0 0)
(0 0 0)
(0 0 0)
(0 0 0)
(0 0 0)
(0 0 0)
(0 0 0)
(0 0 0)
(0 0 0)
(0 0 0)
(0 0 0)
(0 0 0)
(0 0 0)
(0 0 0)
(0 0 0)
(0 0 0)
(0 0 0)
(0 0 0)
(0 0 0)
(0 0 0)
(0 0 0)
(7.82186e-11 -1.73831e-09 0)
(0 0 0)
(-2.73368e-11 -1.77983e-09 0)
(-3.73594e-11 -1.90943e-09 0)
(0 0 0)
(-5.06613e-11 -1.63888e-09 0)
(1.9514e-11 -1.91062e-09 0)
(1.17968e-10 -1.97017e-09 0)
(0 0 0)
(5.9776e-11 -1.68489e-09 0)
(2.91219e-11 -1.68898e-09 0)
(1.47507e-11 -1.78706e-09 0)
(6.51142e-12 -3.33934e-09 0)
(1.21274e-12 -9.7626e-10 0)
(-4.23965e-13 -8.26506e-10 0)
(-6.86761e-11 -1.74967e-09 0)
(-1.19617e-10 -1.77077e-09 0)
(-8.19615e-11 -1.74321e-09 0)
(-6.5256e-11 -1.79646e-09 0)
(0 0 0)
(-7.04463e-11 -1.51539e-09 0)
(-3.07953e-11 -1.54172e-09 0)
(0 0 0)
(5.13158e-11 -1.77798e-09 0)
(0 0 0)
(2.18744e-10 -3.74193e-09 0)
(-3.31138e-11 -1.49606e-09 0)
(1.93353e-10 -3.70005e-09 0)
(3.30918e-11 -1.57711e-09 0)
(2.37484e-11 -1.61223e-09 0)
(0 0 0)
(2.74829e-11 -2.07213e-09 0)
(-3.18599e-11 -1.71839e-09 0)
(-1.09584e-10 -3.52265e-09 0)
(-1.25174e-10 -1.44865e-09 0)
(-1.26749e-10 -1.53636e-09 0)
(-1.25037e-10 -1.66293e-09 0)
(1.11628e-10 -3.93178e-09 0)
(6.16615e-11 -1.46296e-09 0)
(4.84845e-11 -1.52193e-09 0)
(0 0 0)
(0 0 0)
(0 0 0)
(0 0 0)
(0 0 0)
(0 0 0)
(0 0 0)
(0 0 0)
(0 0 0)
(0 0 0)
(0 0 0)
(0 0 0)
(0 0 0)
(0 0 0)
(0 0 0)
(0 0 0)
(0 0 0)
(0 0 0)
(0 0 0)
(0 0 0)
(0 0 0)
(0 0 0)
(0 0 0)
(0 0 0)
(0 0 0)
(0 0 0)
(0 0 0)
(0 0 0)
(0 0 0)
(0 0 0)
(0 0 0)
(0 0 0)
(0 0 0)
(0 0 0)
(0 0 0)
(6.06098e-12 -1.52981e-09 0)
(4.05017e-11 -1.99123e-09 0)
(0 0 0)
(-6.96208e-11 -1.83106e-09 0)
(6.15755e-11 -3.76922e-09 0)
(6.0131e-11 -1.86855e-09 0)
(3.82354e-11 -1.87505e-09 0)
(9.44988e-11 -1.86353e-09 0)
(9.7154e-11 -1.78489e-09 0)
(5.40272e-11 -1.72763e-09 0)
(-1.13713e-12 -1.56117e-09 0)
(3.5605e-12 -1.618e-09 0)
(7.66175e-11 -1.57711e-09 0)
(9.67137e-11 -1.64425e-09 0)
(-2.80905e-11 -1.82342e-09 0)
(0 0 0)
(-4.25072e-12 -1.79441e-09 0)
(0 0 0)
(-5.39888e-11 -1.681e-09 0)
(-4.29137e-11 -1.71427e-09 0)
(-3.23686e-11 -1.76896e-09 0)
(0 0 0)
(0 0 0)
(0 0 0)
(5.58966e-11 -4.08628e-09 0)
(-8.06711e-11 -3.70807e-09 0)
(-9.2437e-11 -1.42019e-09 0)
(-1.14386e-10 -3.54047e-09 0)
(-2.30868e-11 -1.52966e-09 0)
(2.23627e-12 -1.52936e-09 0)
(5.73523e-11 -1.60799e-09 0)
(5.36345e-11 -1.95732e-09 0)
(-1.19338e-10 -3.16975e-09 0)
(-6.5174e-11 -2.09297e-09 0)
(-8.45933e-11 -1.6295e-09 0)
(-1.07711e-10 -1.7386e-09 0)
(-2.332e-11 -1.6431e-09 0)
(2.39352e-11 -1.65344e-09 0)
(3.61108e-11 -1.67172e-09 0)
(0 0 0)
(0 0 0)
(0 0 0)
(0 0 0)
(0 0 0)
(0 0 0)
(0 0 0)
(0 0 0)
(0 0 0)
(0 0 0)
(0 0 0)
(0 0 0)
(0 0 0)
(0 0 0)
(0 0 0)
(0 0 0)
(0 0 0)
(0 0 0)
(0 0 0)
(0 0 0)
(0 0 0)
(0 0 0)
(0 0 0)
(0 0 0)
(0 0 0)
(0 0 0)
(0 0 0)
(0 0 0)
(0 0 0)
(0 0 0)
(0 0 0)
(0 0 0)
(0 0 0)
(0 0 0)
(0 0 0)
(0 0 0)
(0 0 0)
(2.31916e-11 -1.75144e-09 0)
(3.91603e-12 -2.07036e-09 0)
(0 0 0)
(0 0 0)
(1.34524e-10 -4.48976e-09 0)
(1.00903e-10 -1.84104e-09 0)
(5.66625e-11 -1.74133e-09 0)
(7.28219e-12 -1.77523e-09 0)
(-7.02892e-11 -1.71387e-09 0)
(0 0 0)
(6.69493e-11 -1.72672e-09 0)
(1.18615e-10 -1.7286e-09 0)
(1.42839e-10 -1.86927e-09 0)
(-1.16867e-12 -3.62014e-11 0)
(-5.39768e-11 -1.64315e-09 0)
(1.10934e-11 -1.71853e-09 0)
(0 0 0)
(-7.43463e-11 -1.69317e-09 0)
(-5.16702e-11 -1.7258e-09 0)
(-1.11985e-11 -1.64481e-09 0)
(1.96366e-12 -1.67735e-09 0)
(0 0 0)
(-1.62735e-10 -6.4405e-09 0)
(-5.10135e-11 -1.49576e-09 0)
(-1.16433e-10 -3.53378e-09 0)
(-6.44729e-11 -1.50614e-09 0)
(-5.87149e-11 -2.97979e-09 0)
(7.68181e-12 -1.90177e-09 0)
(0 0 0)
(-1.25663e-11 -1.67208e-09 0)
(7.35457e-11 -4.51913e-09 0)
(-4.52613e-11 -1.69065e-09 0)
(-5.4632e-11 -1.55455e-09 0)
(6.96105e-12 -1.69112e-09 0)
(-1.40432e-10 -1.60359e-09 0)
(-2.18505e-11 -1.55821e-09 0)
(-7.16598e-11 -1.61001e-09 0)
(2.45986e-11 -1.68307e-09 0)
(-9.74963e-11 -1.48657e-09 0)
(2.22978e-11 -1.5917e-09 0)
(9.83047e-11 -1.56338e-09 0)
(0 0 0)
(0 0 0)
(0 0 0)
(0 0 0)
(0 0 0)
(0 0 0)
(0 0 0)
(0 0 0)
(0 0 0)
(0 0 0)
(0 0 0)
(0 0 0)
(0 0 0)
(0 0 0)
(0 0 0)
(0 0 0)
(0 0 0)
(0 0 0)
(0 0 0)
(0 0 0)
(0 0 0)
(0 0 0)
(0 0 0)
(0 0 0)
(0 0 0)
(0 0 0)
(0 0 0)
(0 0 0)
(0 0 0)
(0 0 0)
(0 0 0)
(0 0 0)
(0 0 0)
(-3.90947e-12 -1.65081e-09 0)
(-1.94266e-11 -1.8153e-09 0)
(0 0 0)
(8.29151e-11 -1.78205e-09 0)
(7.94944e-11 -1.69763e-09 0)
(7.20605e-11 -1.87827e-09 0)
(9.14997e-11 -2.13708e-09 0)
(5.32137e-11 -1.95488e-09 0)
(1.40169e-11 -1.8794e-09 0)
(0 0 0)
(3.7028e-11 -1.63934e-09 0)
(7.22438e-11 -1.62853e-09 0)
(2.31659e-10 -1.8526e-09 0)
(1.704e-11 -1.9541e-09 0)
(0 0 0)
(-2.66012e-11 -3.54902e-09 0)
(3.83066e-11 -1.54051e-09 0)
(4.18051e-11 -1.58665e-09 0)
(1.54792e-11 -1.69315e-09 0)
(0 0 0)
(-1.38448e-11 -1.6874e-09 0)
(-9.81676e-11 -3.75059e-09 0)
(-7.772e-11 -1.45362e-09 0)
(-2.87342e-10 -3.78197e-09 0)
(-4.7981e-11 -1.61087e-09 0)
(-8.1133e-11 -1.67238e-09 0)
(-7.1187e-11 -3.73061e-09 0)
(-4.17258e-11 -1.56764e-09 0)
(-4.06071e-11 -1.69621e-09 0)
(0 0 0)
(1.63633e-11 -3.51924e-09 0)
(4.80063e-11 -4.57036e-09 0)
(0 0 0)
(3.54826e-11 -1.69593e-09 0)
(1.78908e-11 -1.52681e-09 0)
(2.19393e-11 -1.47975e-09 0)
(-3.64755e-11 -1.94956e-09 0)
(0 0 0)
(-9.91473e-11 -1.89459e-09 0)
(5.80694e-11 -1.70856e-09 0)
(0 0 0)
(0 0 0)
(0 0 0)
(0 0 0)
(0 0 0)
(0 0 0)
(0 0 0)
(0 0 0)
(0 0 0)
(0 0 0)
(0 0 0)
(0 0 0)
(0 0 0)
(0 0 0)
(0 0 0)
(0 0 0)
(0 0 0)
(0 0 0)
(0 0 0)
(0 0 0)
(0 0 0)
(0 0 0)
(0 0 0)
(0 0 0)
(0 0 0)
(0 0 0)
(0 0 0)
(0 0 0)
(0 0 0)
(0 0 0)
(0 0 0)
(0 0 0)
(0 0 0)
(0 0 0)
(0 0 0)
(1.70283e-11 -1.70079e-09 0)
(-3.6293e-11 -1.6137e-09 0)
(9.19881e-12 -1.71238e-09 0)
(1.18064e-10 -3.47194e-09 0)
(8.73368e-11 -1.69012e-09 0)
(1.68107e-11 -2.01775e-09 0)
(0 0 0)
(7.09591e-11 -1.85843e-09 0)
(1.7023e-10 -1.85727e-09 0)
(2.38837e-10 -1.92029e-09 0)
(1.4737e-10 -1.6465e-09 0)
(1.10799e-10 -1.62385e-09 0)
(1.03991e-10 -4.44431e-09 0)
(5.34582e-11 -2.05823e-09 0)
(0 0 0)
(3.15488e-11 -1.63638e-09 0)
(2.56787e-10 -3.64931e-09 0)
(-8.61754e-12 -1.46881e-09 0)
(4.59896e-12 -1.65964e-09 0)
(-5.39557e-12 -1.66252e-09 0)
(-3.30181e-11 -1.69012e-09 0)
(-4.50886e-11 -1.68777e-09 0)
(-5.48912e-11 -1.69111e-09 0)
(-5.01884e-12 -3.73722e-10 0)
(-1.3376e-11 -1.05166e-09 0)
(-3.2344e-11 -1.77663e-09 0)
(-8.52435e-11 -1.70789e-09 0)
(-8.5938e-11 -1.64597e-09 0)
(-4.23707e-11 -1.7528e-09 0)
(0 0 0)
(-1.92258e-11 -1.72491e-09 0)
(-1.20799e-11 -1.88913e-09 0)
(7.22326e-11 -1.95879e-09 0)
(0 0 0)
(-1.5381e-11 -1.7534e-09 0)
(-2.29301e-12 -1.81236e-09 0)
(0 0 0)
(1.52156e-11 -1.81257e-09 0)
(-5.27406e-13 -5.15237e-10 0)
(1.2676e-10 -2.77009e-09 0)
(8.30052e-11 -1.57526e-09 0)
(1.34822e-10 -2.84682e-09 0)
(4.57554e-12 -1.76564e-10 0)
(0 0 0)
(0 0 0)
(0 0 0)
(0 0 0)
(0 0 0)
(0 0 0)
(0 0 0)
(0 0 0)
(0 0 0)
(0 0 0)
(0 0 0)
(0 0 0)
(0 0 0)
(0 0 0)
(0 0 0)
(0 0 0)
(0 0 0)
(0 0 0)
(0 0 0)
(0 0 0)
(0 0 0)
(0 0 0)
(0 0 0)
(0 0 0)
(0 0 0)
(0 0 0)
(0 0 0)
(0 0 0)
(0 0 0)
(0 0 0)
(0 0 0)
(0 0 0)
(4.00011e-11 -1.4952e-09 0)
(0 0 0)
(9.70933e-12 -1.70719e-09 0)
(7.8145e-11 -3.48839e-09 0)
(7.61534e-11 -1.503e-09 0)
(2.83485e-11 -1.68432e-09 0)
(7.29652e-11 -1.81524e-09 0)
(7.57798e-11 -1.72766e-09 0)
(6.19998e-11 -1.69412e-09 0)
(1.66535e-10 -1.73033e-09 0)
(1.4282e-10 -1.64941e-09 0)
(1.15815e-10 -1.67616e-09 0)
(-1.83154e-11 -1.70406e-09 0)
(-5.77502e-12 -2.89811e-09 0)
(1.73583e-10 -4.64209e-09 0)
(1.11721e-10 -3.44079e-09 0)
(5.98828e-11 -1.49269e-09 0)
(4.9989e-11 -1.57665e-09 0)
(1.70842e-12 -1.65825e-10 0)
(1.64861e-11 -1.35939e-09 0)
(0 0 0)
(1.24358e-11 -1.71031e-09 0)
(-1.50799e-11 -1.74133e-09 0)
(1.4901e-12 -3.30729e-10 0)
(4.03504e-12 -1.26693e-09 0)
(-2.36549e-11 -1.79252e-09 0)
(0 0 0)
(-9.20148e-11 -1.59823e-09 0)
(0 0 0)
(6.18112e-11 -1.66717e-09 0)
(3.10605e-11 -1.83845e-09 0)
(-8.81394e-12 -1.86209e-09 0)
(-2.07189e-11 -1.87086e-09 0)
(4.14906e-11 -1.88989e-09 0)
(2.46929e-15 -3.25399e-11 0)
(-1.64215e-12 -1.85143e-09 0)
(-4.10646e-12 -1.76549e-09 0)
(-2.35873e-11 -1.80727e-09 0)
(-7.62468e-12 -1.81176e-09 0)
(2.67609e-11 -1.6218e-09 0)
(9.78076e-11 -1.58872e-09 0)
(6.38934e-11 -1.803e-09 0)
(3.32074e-11 -1.29886e-09 0)
(0 0 0)
(0 0 0)
(0 0 0)
(0 0 0)
(0 0 0)
(0 0 0)
(0 0 0)
(0 0 0)
(0 0 0)
(0 0 0)
(0 0 0)
(0 0 0)
(0 0 0)
(0 0 0)
(0 0 0)
(0 0 0)
(0 0 0)
(0 0 0)
(0 0 0)
(0 0 0)
(0 0 0)
(0 0 0)
(0 0 0)
(0 0 0)
(0 0 0)
(0 0 0)
(0 0 0)
(0 0 0)
(0 0 0)
(0 0 0)
(0 0 0)
(0 0 0)
(1.0681e-11 -1.86277e-09 0)
(1.41894e-10 -5.4709e-09 0)
(-1.16056e-11 -2.24141e-09 0)
(-5.18759e-11 -1.65127e-09 0)
(-1.21559e-12 -1.62828e-09 0)
(-4.57806e-11 -1.61525e-09 0)
(-3.77429e-11 -3.90138e-09 0)
(3.15775e-11 -2.84858e-09 0)
(2.82814e-11 -2.49349e-09 0)
(4.53949e-11 -1.59911e-09 0)
(3.52544e-11 -1.59326e-09 0)
(-1.30332e-10 -3.50288e-09 0)
(-1.45099e-10 -4.1649e-09 0)
(-2.14295e-11 -1.69899e-09 0)
(0 0 0)
(3.80573e-11 -1.71663e-09 0)
(5.02734e-11 -1.63878e-09 0)
(1.90434e-11 -1.78365e-09 0)
(0 0 0)
(5.97993e-11 -1.73399e-09 0)
(0 0 0)
(1.26876e-11 -5.06496e-10 0)
(1.45817e-11 -5.43832e-10 0)
(-2.08263e-11 -1.60123e-09 0)
(0 0 0)
(-1.88272e-11 -1.81941e-09 0)
(-2.16825e-11 -1.88205e-09 0)
(0 0 0)
(-7.8224e-12 -1.70875e-09 0)
(7.87451e-11 -1.70845e-09 0)
(5.44498e-11 -1.84586e-09 0)
(4.09038e-11 -2.15398e-09 0)
(0 0 0)
(-3.90072e-12 -1.77092e-09 0)
(4.89582e-11 -1.86045e-09 0)
(-5.43233e-11 -1.7862e-09 0)
(-6.29974e-11 -1.60315e-09 0)
(-6.85632e-11 -1.69936e-09 0)
(-3.38713e-11 -1.71703e-09 0)
(-5.67491e-11 -1.77386e-09 0)
(-5.98063e-11 -1.73531e-09 0)
(-4.54099e-11 -1.7198e-09 0)
(-2.72709e-11 -1.66836e-09 0)
(0 0 0)
(0 0 0)
(0 0 0)
(0 0 0)
(0 0 0)
(0 0 0)
(0 0 0)
(0 0 0)
(0 0 0)
(0 0 0)
(0 0 0)
(0 0 0)
(0 0 0)
(0 0 0)
(0 0 0)
(0 0 0)
(0 0 0)
(0 0 0)
(0 0 0)
(0 0 0)
(0 0 0)
(0 0 0)
(0 0 0)
(0 0 0)
(0 0 0)
(0 0 0)
(0 0 0)
(0 0 0)
(0 0 0)
(0 0 0)
(0 0 0)
(0 0 0)
(-2.49085e-11 -1.6671e-09 0)
(0 0 0)
(1.37403e-10 -4.19134e-09 0)
(-3.29374e-11 -1.61811e-09 0)
(-6.62962e-11 -1.50969e-09 0)
(-1.71091e-10 -1.94088e-09 0)
(-3.6845e-10 -3.58084e-09 0)
(-7.70153e-11 -1.5696e-09 0)
(4.34003e-11 -5.67031e-09 0)
(2.16789e-10 -3.20107e-09 0)
(-1.45907e-10 -3.40871e-09 0)
(-6.52195e-11 -1.50355e-09 0)
(-1.06222e-10 -1.74981e-09 0)
(0 0 0)
(8.84906e-11 -1.77052e-09 0)
(0 0 0)
(1.30336e-10 -1.59967e-09 0)
(0 0 0)
(1.39855e-10 -1.47833e-09 0)
(9.08987e-11 -3.39878e-09 0)
(1.99678e-10 -3.52919e-09 0)
(1.13781e-10 -3.50825e-09 0)
(-1.75888e-11 -3.55525e-09 0)
(-1.5586e-11 -1.47469e-09 0)
(1.05951e-11 -1.87012e-09 0)
(0 0 0)
(-2.6168e-11 -1.67871e-09 0)
(0 0 0)
(-1.07003e-11 -1.6553e-09 0)
(1.8077e-10 -1.59721e-09 0)
(5.32019e-11 -1.70592e-09 0)
(0 0 0)
(9.80981e-11 -1.89864e-09 0)
(-4.33387e-11 -1.75474e-09 0)
(-5.2811e-11 -4.30783e-09 0)
(2.55224e-12 -1.68261e-09 0)
(-3.06748e-11 -1.61722e-09 0)
(-5.45864e-11 -1.59669e-09 0)
(-7.93122e-11 -1.66847e-09 0)
(-8.55127e-11 -1.69594e-09 0)
(-5.29833e-11 -1.6769e-09 0)
(-4.05005e-11 -1.68193e-09 0)
(0 0 0)
(0 0 0)
(0 0 0)
(0 0 0)
(0 0 0)
(0 0 0)
(0 0 0)
(0 0 0)
(0 0 0)
(0 0 0)
(0 0 0)
(0 0 0)
(0 0 0)
(0 0 0)
(0 0 0)
(0 0 0)
(0 0 0)
(0 0 0)
(0 0 0)
(0 0 0)
(0 0 0)
(0 0 0)
(0 0 0)
(0 0 0)
(0 0 0)
(0 0 0)
(0 0 0)
(0 0 0)
(0 0 0)
(0 0 0)
(0 0 0)
(0 0 0)
(0 0 0)
(-6.51634e-11 -1.66971e-09 0)
(0 0 0)
(-5.94653e-11 -1.85525e-09 0)
(-6.54284e-11 -1.72025e-09 0)
(-1.29468e-10 -1.66327e-09 0)
(-4.68913e-11 -1.73313e-09 0)
(-1.51534e-10 -1.755e-09 0)
(-1.14541e-10 -1.73898e-09 0)
(-1.08795e-10 -3.73136e-09 0)
(5.3267e-11 -3.69923e-09 0)
(-8.18853e-11 -3.37567e-09 0)
(-1.17325e-11 -1.38214e-09 0)
(3.69694e-11 -1.58657e-09 0)
(1.48461e-10 -1.77189e-09 0)
(0 0 0)
(7.1409e-13 -5.51407e-11 0)
(-4.79625e-11 -3.89649e-09 0)
(1.56591e-11 -3.64152e-09 0)
(1.16148e-11 -1.60446e-09 0)
(1.71507e-11 -1.65989e-09 0)
(3.37757e-11 -1.61365e-09 0)
(2.7284e-11 -1.6473e-09 0)
(9.31979e-11 -1.79118e-09 0)
(0 0 0)
(-2.77643e-12 -1.83745e-09 0)
(1.97825e-10 -3.8088e-09 0)
(1.62574e-11 -1.46514e-09 0)
(2.32935e-11 -1.7886e-09 0)
(0 0 0)
(2.10176e-11 -2.19065e-09 0)
(1.07372e-10 -3.2401e-09 0)
(3.04999e-11 -1.60461e-09 0)
(1.07035e-10 -4.29747e-09 0)
(1.13252e-11 -1.63017e-09 0)
(-1.39803e-11 -1.67275e-09 0)
(4.40949e-11 -1.71594e-09 0)
(2.65087e-11 -1.69776e-09 0)
(-3.7826e-11 -1.7363e-09 0)
(-5.22844e-11 -1.76534e-09 0)
(0 0 0)
(3.44523e-11 -1.73796e-09 0)
(0 0 0)
(0 0 0)
(0 0 0)
(0 0 0)
(0 0 0)
(0 0 0)
(0 0 0)
(0 0 0)
(0 0 0)
(0 0 0)
(0 0 0)
(0 0 0)
(0 0 0)
(0 0 0)
(0 0 0)
(0 0 0)
(0 0 0)
(0 0 0)
(0 0 0)
(0 0 0)
(0 0 0)
(0 0 0)
(0 0 0)
(0 0 0)
(0 0 0)
(0 0 0)
(0 0 0)
(0 0 0)
(0 0 0)
(0 0 0)
(0 0 0)
(0 0 0)
(0 0 0)
(0 0 0)
(0 0 0)
(-8.43426e-11 -1.74514e-09 0)
(-8.71415e-11 -3.78196e-09 0)
(-3.85903e-11 -1.73209e-09 0)
(-6.57972e-11 -1.77011e-09 0)
(-8.06128e-11 -1.75476e-09 0)
(-1.47794e-10 -1.79162e-09 0)
(-1.38673e-10 -1.76183e-09 0)
(0 0 0)
(-1.83326e-10 -1.86501e-09 0)
(-5.13252e-11 -1.70912e-09 0)
(2.16831e-11 -6.79239e-10 0)
(4.04036e-11 -1.91628e-09 0)
(1.54455e-10 -2.84794e-09 0)
(4.04264e-10 -4.08143e-09 0)
(2.49476e-10 -3.99403e-09 0)
(0 0 0)
(0 0 0)
(2.03259e-11 -5.0681e-10 0)
(3.60061e-11 -8.43588e-10 0)
(9.56477e-11 -1.67414e-09 0)
(7.12571e-11 -1.71851e-09 0)
(0 0 0)
(1.20938e-10 -1.76159e-09 0)
(4.59895e-11 -1.76991e-09 0)
(6.40504e-11 -4.11572e-09 0)
(-6.47215e-11 -1.51591e-09 0)
(-1.37318e-10 -5.22367e-09 0)
(9.14434e-12 -1.48218e-09 0)
(1.06585e-10 -3.64548e-09 0)
(-1.98698e-11 -1.56814e-09 0)
(4.11457e-11 -1.75017e-09 0)
(-9.87141e-11 -1.90591e-09 0)
(-5.20347e-12 -1.81012e-09 0)
(4.70186e-11 -1.71461e-09 0)
(6.02041e-11 -1.8148e-09 0)
(-3.78548e-11 -1.82746e-09 0)
(-2.5407e-11 -1.74558e-09 0)
(0 0 0)
(5.07198e-11 -1.81828e-09 0)
(2.84166e-13 -1.74528e-09 0)
(0 0 0)
(0 0 0)
(0 0 0)
(0 0 0)
(0 0 0)
(0 0 0)
(0 0 0)
(0 0 0)
(0 0 0)
(0 0 0)
(0 0 0)
(0 0 0)
(0 0 0)
(0 0 0)
(0 0 0)
(0 0 0)
(0 0 0)
(0 0 0)
(0 0 0)
(0 0 0)
(0 0 0)
(0 0 0)
(0 0 0)
(0 0 0)
(0 0 0)
(0 0 0)
(0 0 0)
(0 0 0)
(0 0 0)
(0 0 0)
(0 0 0)
(0 0 0)
(0 0 0)
(0 0 0)
(-1.20733e-10 -1.73664e-09 0)
(-1.50949e-10 -1.74369e-09 0)
(-1.44396e-10 -1.71116e-09 0)
(-6.70876e-11 -2.70922e-09 0)
(-2.78543e-11 -2.75161e-09 0)
(3.30126e-12 -1.66367e-09 0)
(-1.03297e-10 -1.70786e-09 0)
(0 0 0)
(-1.86059e-10 -1.73138e-09 0)
(-9.65235e-11 -1.77445e-09 0)
(2.01619e-11 -1.71925e-09 0)
(3.11506e-11 -1.57746e-09 0)
(6.87462e-14 -1.57459e-09 0)
(-3.31324e-11 -1.71341e-09 0)
(5.00892e-11 -3.77038e-09 0)
(-7.31902e-11 -4.0908e-09 0)
(1.20461e-10 -1.57568e-09 0)
(6.71895e-11 -1.62541e-09 0)
(9.55131e-11 -1.62665e-09 0)
(1.67734e-11 -1.70876e-09 0)
(7.4224e-11 -1.67474e-09 0)
(4.87883e-11 -1.59552e-09 0)
(0 0 0)
(8.03702e-11 -2.17074e-09 0)
(3.30733e-11 -1.11119e-09 0)
(9.79638e-11 -1.85345e-09 0)
(0 0 0)
(-3.75615e-11 -1.58075e-09 0)
(1.30204e-10 -3.80207e-09 0)
(-2.23788e-11 -1.54358e-09 0)
(-2.14549e-11 -1.56763e-09 0)
(-4.59769e-11 -1.85756e-09 0)
(0 0 0)
(4.68387e-11 -1.76566e-09 0)
(-5.10322e-12 -1.87196e-09 0)
(1.08306e-11 -2.14941e-09 0)
(-1.34888e-13 -2.17263e-11 0)
(-1.36964e-11 -1.78926e-09 0)
(5.34179e-12 -1.68059e-09 0)
(-3.65373e-11 -3.83621e-09 0)
(-6.1988e-12 -1.57431e-09 0)
(0 0 0)
(0 0 0)
(0 0 0)
(0 0 0)
(0 0 0)
(0 0 0)
(0 0 0)
(0 0 0)
(0 0 0)
(0 0 0)
(0 0 0)
(0 0 0)
(0 0 0)
(0 0 0)
(0 0 0)
(0 0 0)
(0 0 0)
(0 0 0)
(0 0 0)
(0 0 0)
(0 0 0)
(0 0 0)
(0 0 0)
(0 0 0)
(0 0 0)
(0 0 0)
(0 0 0)
(0 0 0)
(0 0 0)
(0 0 0)
(0 0 0)
(0 0 0)
(0 0 0)
(0 0 0)
(0 0 0)
(0 0 0)
(-2.34678e-12 -3.69005e-11 0)
(-2.76837e-10 -3.62854e-09 0)
(-1.0837e-10 -1.55581e-09 0)
(3.57034e-11 -1.70618e-09 0)
(-2.72739e-11 -1.77803e-09 0)
(-1.17106e-10 -1.764e-09 0)
(0 0 0)
(-1.7447e-11 -1.71106e-09 0)
(3.25168e-11 -1.60768e-09 0)
(6.23459e-11 -3.38301e-09 0)
(2.72796e-11 -1.4971e-09 0)
(0 0 0)
(-5.19016e-11 -1.84385e-09 0)
(-3.62948e-11 -1.72578e-09 0)
(2.62257e-11 -1.56121e-09 0)
(1.18577e-10 -1.61862e-09 0)
(0 0 0)
(8.72624e-11 -1.68868e-09 0)
(5.73833e-11 -3.87548e-09 0)
(8.07451e-12 -1.53842e-09 0)
(1.56149e-10 -1.63022e-09 0)
(6.23635e-11 -1.66217e-09 0)
(1.0106e-10 -1.66e-09 0)
(7.16821e-11 -4.40505e-09 0)
(-8.85782e-11 -3.75768e-09 0)
(-3.79469e-11 -1.27652e-09 0)
(-7.2307e-11 -3.77714e-09 0)
(-5.42924e-11 -1.4797e-09 0)
(-7.48705e-11 -4.06798e-09 0)
(1.11084e-11 -2.5405e-09 0)
(9.68438e-12 -2.89638e-10 0)
(0 0 0)
(-4.56984e-11 -1.67027e-09 0)
(2.55105e-11 -1.83246e-09 0)
(1.71424e-11 -7.6295e-10 0)
(9.48887e-12 -4.67595e-10 0)
(-2.82315e-11 -1.74255e-09 0)
(0 0 0)
(0 0 0)
(-4.8164e-12 -1.50707e-09 0)
(2.04607e-10 -4.10382e-09 0)
(0 0 0)
(0 0 0)
(0 0 0)
(0 0 0)
(0 0 0)
(0 0 0)
(0 0 0)
(0 0 0)
(0 0 0)
(0 0 0)
(0 0 0)
(0 0 0)
(0 0 0)
(0 0 0)
(0 0 0)
(0 0 0)
(0 0 0)
(0 0 0)
(0 0 0)
(0 0 0)
(0 0 0)
(0 0 0)
(0 0 0)
(0 0 0)
(0 0 0)
(0 0 0)
(0 0 0)
(0 0 0)
(0 0 0)
(0 0 0)
(0 0 0)
(0 0 0)
(-7.37228e-11 -2.76232e-09 0)
(-7.71553e-11 -2.43969e-09 0)
(-4.17831e-11 -1.61066e-09 0)
(-9.68706e-11 -1.57292e-09 0)
(-1.15329e-10 -1.61423e-09 0)
(-4.60498e-11 -4.41577e-09 0)
(-8.68194e-12 -1.92244e-09 0)
(0 0 0)
(1.39098e-11 -2.55008e-09 0)
(-9.48724e-11 -3.37048e-09 0)
(1.60973e-11 -2.47156e-09 0)
(0 0 0)
(-5.94199e-11 -1.53747e-09 0)
(-2.57614e-11 -2.06384e-09 0)
(0 0 0)
(3.66198e-11 -1.86384e-09 0)
(0 0 0)
(0 0 0)
(2.23231e-10 -3.79912e-09 0)
(6.87033e-11 -1.72957e-09 0)
(-3.52387e-11 -1.77929e-09 0)
(1.24497e-10 -3.54185e-09 0)
(2.0258e-11 -1.51735e-09 0)
(-3.7183e-12 -1.57795e-09 0)
(5.12712e-11 -1.97259e-09 0)
(-6.18141e-11 -2.16052e-09 0)
(-8.73677e-11 -1.71238e-09 0)
(-7.32625e-11 -1.50532e-09 0)
(-8.02235e-11 -1.56417e-09 0)
(0 0 0)
(-2.71204e-11 -1.68348e-09 0)
(7.19384e-11 -1.52382e-09 0)
(1.56424e-10 -1.79693e-09 0)
(5.83044e-11 -1.78136e-09 0)
(1.13957e-10 -1.69839e-09 0)
(8.42585e-11 -1.71472e-09 0)
(4.4898e-12 -1.83146e-09 0)
(-1.74079e-13 -4.48194e-10 0)
(-6.55211e-13 -8.64339e-10 0)
(0 0 0)
(-4.07218e-11 -3.80747e-09 0)
(-2.1848e-10 -3.5814e-09 0)
(-9.73566e-11 -1.42791e-09 0)
(0 0 0)
(0 0 0)
(0 0 0)
(0 0 0)
(0 0 0)
(0 0 0)
(0 0 0)
(0 0 0)
(0 0 0)
(0 0 0)
(0 0 0)
(0 0 0)
(0 0 0)
(0 0 0)
(0 0 0)
(0 0 0)
(0 0 0)
(0 0 0)
(0 0 0)
(0 0 0)
(0 0 0)
(0 0 0)
(0 0 0)
(0 0 0)
(0 0 0)
(0 0 0)
(0 0 0)
(0 0 0)
(0 0 0)
(0 0 0)
(0 0 0)
(0 0 0)
(-5.00651e-11 -3.28591e-09 0)
(-2.44254e-11 -2.84457e-09 0)
(-2.45433e-11 -2.99238e-09 0)
(-1.39127e-10 -1.58197e-09 0)
(0 0 0)
(0 0 0)
(-8.2796e-11 -4.30729e-09 0)
(7.29047e-11 -2.02081e-09 0)
(4.67334e-12 -2.89394e-09 0)
(8.72232e-13 -3.97449e-11 0)
(4.53136e-11 -1.51675e-09 0)
(3.08938e-11 -1.55929e-09 0)
(0 0 0)
(-5.31033e-12 -1.70759e-09 0)
(2.74205e-11 -1.93147e-09 0)
(7.8938e-11 -1.83955e-09 0)
(6.87359e-11 -1.72004e-09 0)
(1.61728e-11 -6.72548e-10 0)
(9.58684e-12 -3.83725e-10 0)
(4.07426e-11 -1.8595e-09 0)
(-8.29579e-11 -1.53409e-09 0)
(-2.19287e-11 -3.39379e-09 0)
(-9.21331e-12 -1.30043e-09 0)
(2.56403e-11 -1.36671e-09 0)
(6.289e-11 -4.36744e-09 0)
(-8.02442e-11 -1.74036e-09 0)
(-1.51442e-11 -1.69803e-09 0)
(-5.04985e-12 -1.61719e-09 0)
(-6.39817e-11 -2.70326e-09 0)
(-1.10307e-11 -1.09066e-09 0)
(4.19271e-12 -1.47402e-09 0)
(2.40072e-11 -1.6678e-09 0)
(4.48305e-11 -1.65949e-09 0)
(0 0 0)
(1.44977e-10 -4.0167e-09 0)
(9.85346e-11 -1.76924e-09 0)
(-1.06489e-10 -1.59268e-09 0)
(0 0 0)
(2.29922e-11 -1.58642e-09 0)
(-9.48193e-11 -1.73817e-09 0)
(0 0 0)
(0 0 0)
(0 0 0)
(0 0 0)
(0 0 0)
(0 0 0)
(0 0 0)
(0 0 0)
(0 0 0)
(0 0 0)
(0 0 0)
(0 0 0)
(0 0 0)
(0 0 0)
(0 0 0)
(0 0 0)
(0 0 0)
(0 0 0)
(0 0 0)
(0 0 0)
(0 0 0)
(0 0 0)
(0 0 0)
(0 0 0)
(0 0 0)
(0 0 0)
(0 0 0)
(0 0 0)
(0 0 0)
(0 0 0)
(0 0 0)
(0 0 0)
(0 0 0)
(0 0 0)
(0 0 0)
(-5.86277e-11 -1.91603e-09 0)
(-1.42655e-10 -3.03973e-09 0)
(-1.0783e-10 -1.38316e-09 0)
(0 0 0)
(0 0 0)
(-5.0311e-11 -4.08235e-09 0)
(-3.89289e-11 -1.70895e-09 0)
(-2.84791e-11 -1.70477e-09 0)
(-8.55406e-12 -1.69494e-09 0)
(-3.52434e-12 -1.5803e-09 0)
(3.08407e-11 -1.75103e-09 0)
(1.31923e-11 -4.0376e-10 0)
(3.63053e-11 -9.71769e-10 0)
(2.73944e-11 -1.8568e-09 0)
(5.42254e-11 -1.83337e-09 0)
(1.20246e-10 -1.81531e-09 0)
(0 0 0)
(-1.26656e-11 -1.64864e-09 0)
(-1.37266e-11 -1.69861e-09 0)
(-4.86788e-11 -3.96376e-09 0)
(-1.38088e-10 -3.63785e-09 0)
(-1.08678e-10 -1.39648e-09 0)
(-3.95718e-11 -3.03735e-09 0)
(-8.90079e-11 -1.43749e-09 0)
(-1.3433e-10 -3.9705e-09 0)
(-3.06319e-11 -1.8149e-09 0)
(-1.79185e-11 -1.75705e-09 0)
(1.92787e-11 -1.68293e-09 0)
(6.59933e-12 -1.70404e-09 0)
(8.48525e-11 -1.76022e-09 0)
(9.18322e-11 -1.7928e-09 0)
(2.63288e-11 -1.67478e-09 0)
(2.35221e-11 -1.66273e-09 0)
(1.98952e-11 -1.68138e-09 0)
(0 0 0)
(1.82288e-10 -4.22848e-09 0)
(0 0 0)
(1.25519e-10 -3.74152e-09 0)
(3.75878e-12 -1.53411e-09 0)
(-1.61995e-11 -1.45115e-09 0)
(-4.90859e-11 -2.87398e-09 0)
(-3.06005e-12 -4.21625e-10 0)
(0 0 0)
(0 0 0)
(0 0 0)
(0 0 0)
(0 0 0)
(0 0 0)
(0 0 0)
(0 0 0)
(0 0 0)
(0 0 0)
(0 0 0)
(0 0 0)
(0 0 0)
(0 0 0)
(0 0 0)
(0 0 0)
(0 0 0)
(0 0 0)
(0 0 0)
(0 0 0)
(0 0 0)
(0 0 0)
(0 0 0)
(0 0 0)
(0 0 0)
(0 0 0)
(0 0 0)
(0 0 0)
(0 0 0)
(0 0 0)
(0 0 0)
(0 0 0)
(0 0 0)
(-2.35293e-10 -4.00817e-09 0)
(-7.73674e-11 -1.51307e-09 0)
(-5.86524e-11 -1.66919e-09 0)
(-4.49389e-12 -2.73899e-10 0)
(-4.92092e-11 -2.72887e-09 0)
(-4.88286e-11 -1.95477e-09 0)
(0 0 0)
(-3.73158e-12 -1.77661e-09 0)
(2.56172e-11 -1.88663e-09 0)
(0 0 0)
(1.86524e-11 -1.55302e-09 0)
(6.05717e-11 -3.5773e-09 0)
(2.98553e-11 -1.99514e-09 0)
(3.623e-11 -9.40975e-10 0)
(4.74318e-12 -1.18821e-10 0)
(3.61307e-11 -3.9533e-09 0)
(-6.8779e-11 -2.31656e-09 0)
(-3.05039e-10 -2.83144e-09 0)
(-2.47895e-10 -3.36712e-09 0)
(-1.93318e-10 -4.0898e-09 0)
(-2.11699e-11 -1.50798e-09 0)
(-6.97527e-11 -3.15529e-09 0)
(-7.69856e-11 -1.34095e-09 0)
(-1.25468e-10 -2.65536e-09 0)
(-2.89721e-11 -2.81279e-09 0)
(9.26581e-12 -7.59358e-10 0)
(4.53856e-12 -5.24687e-10 0)
(-3.33616e-11 -1.62727e-09 0)
(-2.98085e-12 -1.6007e-09 0)
(2.15761e-11 -1.83399e-09 0)
(1.82425e-10 -3.86809e-09 0)
(5.28696e-11 -1.74725e-09 0)
(1.09145e-11 -1.58862e-09 0)
(-1.67123e-13 -8.29637e-11 0)
(6.17516e-11 -3.56386e-09 0)
(-2.91814e-11 -1.70355e-09 0)
(5.03874e-11 -1.6692e-09 0)
(6.06598e-11 -1.71504e-09 0)
(5.26081e-11 -3.68997e-09 0)
(-3.26221e-11 -1.43e-09 0)
(0 0 0)
(0 0 0)
(0 0 0)
(0 0 0)
(0 0 0)
(0 0 0)
(0 0 0)
(0 0 0)
(0 0 0)
(0 0 0)
(0 0 0)
(0 0 0)
(0 0 0)
(0 0 0)
(0 0 0)
(0 0 0)
(0 0 0)
(0 0 0)
(0 0 0)
(0 0 0)
(0 0 0)
(0 0 0)
(0 0 0)
(0 0 0)
(0 0 0)
(0 0 0)
(0 0 0)
(0 0 0)
(0 0 0)
(0 0 0)
(0 0 0)
(0 0 0)
(0 0 0)
(0 0 0)
(0 0 0)
(0 0 0)
(0 0 0)
(-7.97569e-11 -1.574e-09 0)
(-6.89145e-12 -1.51e-09 0)
(3.72677e-12 -1.55926e-09 0)
(-1.83808e-11 -2.03354e-09 0)
(0 0 0)
(2.39895e-11 -1.72929e-09 0)
(0 0 0)
(6.35114e-11 -3.55679e-09 0)
(0 0 0)
(4.94201e-11 -1.80259e-09 0)
(-3.18498e-11 -1.75241e-09 0)
(1.66871e-11 -1.76467e-09 0)
(-1.6334e-11 -1.7285e-09 0)
(-1.53083e-10 -4.47954e-09 0)
(0 0 0)
(0 0 0)
(0 0 0)
(0 0 0)
(0 0 0)
(-4.63931e-11 -1.68728e-09 0)
(-7.70856e-11 -1.56098e-09 0)
(-2.09469e-10 -3.40023e-09 0)
(-4.67654e-11 -1.70065e-09 0)
(2.12688e-10 -4.67077e-09 0)
(6.8099e-11 -1.70509e-09 0)
(-3.21342e-12 -1.56089e-09 0)
(-7.99075e-12 -1.53758e-09 0)
(3.29573e-11 -1.6197e-09 0)
(2.89959e-12 -1.7175e-09 0)
(4.5827e-11 -2.42925e-09 0)
(1.01097e-10 -2.28203e-09 0)
(3.6807e-11 -5.45543e-10 0)
(-7.34939e-11 -1.71154e-09 0)
(-6.09647e-11 -1.7044e-09 0)
(-3.14599e-11 -1.59926e-09 0)
(7.55974e-11 -4.07905e-09 0)
(2.99189e-11 -1.61854e-09 0)
(2.11832e-11 -1.53521e-09 0)
(0 0 0)
(0 0 0)
(0 0 0)
(0 0 0)
(0 0 0)
(0 0 0)
(0 0 0)
(0 0 0)
(0 0 0)
(0 0 0)
(0 0 0)
(0 0 0)
(0 0 0)
(0 0 0)
(0 0 0)
(0 0 0)
(0 0 0)
(0 0 0)
(0 0 0)
(0 0 0)
(0 0 0)
(0 0 0)
(0 0 0)
(0 0 0)
(0 0 0)
(0 0 0)
(0 0 0)
(0 0 0)
(0 0 0)
(0 0 0)
(0 0 0)
(0 0 0)
(0 0 0)
(0 0 0)
(0 0 0)
(3.4192e-11 -1.70247e-09 0)
(2.25406e-11 -1.62915e-09 0)
(-5.46475e-11 -1.61736e-09 0)
(-4.85072e-11 -1.61245e-09 0)
(-9.37765e-11 -1.58001e-09 0)
(-9.66763e-11 -1.7266e-09 0)
(-4.25667e-11 -1.82562e-09 0)
(-6.17238e-12 -1.75097e-09 0)
(0 0 0)
(6.88694e-11 -1.79731e-09 0)
(5.5984e-11 -1.72704e-09 0)
(7.87383e-11 -3.92476e-09 0)
(3.49986e-11 -1.69852e-09 0)
(0 0 0)
(0 0 0)
(0 0 0)
(1.75912e-12 -1.86825e-09 0)
(-2.74471e-11 -1.7494e-09 0)
(-5.50927e-11 -1.6822e-09 0)
(-6.91124e-11 -1.66632e-09 0)
(-2.42908e-10 -3.802e-09 0)
(-1.43056e-10 -3.67851e-09 0)
(0 0 0)
(-1.77476e-10 -1.61777e-09 0)
(-1.50778e-10 -1.62236e-09 0)
(-6.21709e-11 -1.78046e-09 0)
(1.35124e-10 -4.57233e-09 0)
(6.91818e-12 -1.62856e-09 0)
(8.08848e-12 -1.51489e-09 0)
(-1.4e-11 -1.52618e-09 0)
(-3.37823e-12 -1.69785e-09 0)
(3.78761e-11 -1.7017e-09 0)
(7.60594e-11 -1.55498e-09 0)
(6.10781e-11 -4.29718e-09 0)
(-2.70721e-11 -1.50855e-09 0)
(-7.43039e-11 -1.53212e-09 0)
(-5.0279e-11 -1.56694e-09 0)
(-2.78848e-11 -1.83269e-09 0)
(5.07343e-11 -1.68854e-09 0)
(7.43088e-12 -1.68649e-09 0)
(8.71118e-12 -1.61447e-09 0)
(0 0 0)
(0 0 0)
(0 0 0)
(0 0 0)
(0 0 0)
(0 0 0)
(0 0 0)
(0 0 0)
(0 0 0)
(0 0 0)
(0 0 0)
(0 0 0)
(0 0 0)
(0 0 0)
(0 0 0)
(0 0 0)
(0 0 0)
(0 0 0)
(0 0 0)
(0 0 0)
(0 0 0)
(0 0 0)
(0 0 0)
(0 0 0)
(0 0 0)
(0 0 0)
(0 0 0)
(0 0 0)
(0 0 0)
(0 0 0)
(0 0 0)
(0 0 0)
(0 0 0)
(0 0 0)
(-8.83435e-11 -3.64953e-09 0)
(-2.71516e-11 -3.39197e-09 0)
(-8.55548e-11 -3.27764e-09 0)
(-1.17792e-10 -3.2494e-09 0)
(-1.63985e-10 -1.44571e-09 0)
(-1.11369e-10 -1.6871e-09 0)
(-8.35371e-11 -1.74362e-09 0)
(-6.16643e-11 -1.75855e-09 0)
(4.06328e-11 -2.80487e-09 0)
(-4.96999e-11 -2.44519e-09 0)
(4.35556e-11 -3.78741e-09 0)
(-3.12612e-11 -1.48101e-09 0)
(7.67937e-11 -1.6285e-09 0)
(1.21248e-10 -1.677e-09 0)
(3.67209e-11 -1.81158e-09 0)
(-4.1415e-11 -1.85622e-09 0)
(-4.63247e-11 -1.80655e-09 0)
(-3.04768e-11 -1.73619e-09 0)
(-6.91781e-11 -1.78454e-09 0)
(-7.73817e-11 -1.74587e-09 0)
(-1.05669e-10 -1.64956e-09 0)
(-5.91612e-12 -1.77379e-09 0)
(-2.49643e-11 -3.15062e-09 0)
(-6.62076e-11 -9.37711e-10 0)
(-9.18376e-12 -1.19365e-10 0)
(-9.12803e-11 -1.77425e-09 0)
(-1.23198e-11 -1.87739e-09 0)
(0 0 0)
(5.59704e-11 -3.95065e-09 0)
(-2.63101e-11 -1.56323e-09 0)
(-1.23979e-12 -1.57807e-09 0)
(5.11588e-11 -3.84647e-09 0)
(4.36471e-11 -1.51081e-09 0)
(-3.54473e-11 -2.54018e-09 0)
(5.5894e-11 -2.98705e-09 0)
(2.80912e-11 -1.5278e-09 0)
(1.16699e-11 -1.53301e-09 0)
(5.21233e-11 -1.83567e-09 0)
(0 0 0)
(3.31926e-11 -1.78451e-09 0)
(7.88249e-12 -1.75839e-09 0)
(0 0 0)
(0 0 0)
(0 0 0)
(0 0 0)
(0 0 0)
(0 0 0)
(0 0 0)
(0 0 0)
(0 0 0)
(0 0 0)
(0 0 0)
(0 0 0)
(0 0 0)
(0 0 0)
(0 0 0)
(0 0 0)
(0 0 0)
(0 0 0)
(0 0 0)
(0 0 0)
(0 0 0)
(0 0 0)
(0 0 0)
(0 0 0)
(0 0 0)
(0 0 0)
(0 0 0)
(0 0 0)
(0 0 0)
(0 0 0)
(0 0 0)
(0 0 0)
(0 0 0)
(0 0 0)
(9.49128e-11 -1.61569e-09 0)
(-8.08236e-11 -1.4967e-09 0)
(-1.06461e-10 -1.44758e-09 0)
(-7.26159e-11 -1.5338e-09 0)
(-8.26863e-11 -1.57472e-09 0)
(-7.5122e-11 -1.99254e-09 0)
(-6.21346e-11 -3.40713e-09 0)
(-7.88073e-11 -1.56715e-09 0)
(-9.59444e-11 -1.58239e-09 0)
(-4.51184e-11 -4.1023e-09 0)
(-1.72715e-11 -1.60238e-09 0)
(2.42283e-12 -1.58857e-09 0)
(1.38882e-11 -2.05736e-09 0)
(5.9208e-11 -3.46599e-09 0)
(5.37096e-11 -2.06508e-09 0)
(0 0 0)
(-1.35665e-11 -1.76429e-09 0)
(-4.26818e-12 -1.67653e-09 0)
(-1.23567e-10 -1.56657e-09 0)
(-2.78564e-10 -3.68307e-09 0)
(-4.41868e-11 -1.65638e-09 0)
(2.89131e-12 -1.7338e-09 0)
(0 0 0)
(-1.10435e-10 -1.718e-09 0)
(-7.66091e-11 -1.74976e-09 0)
(-6.14035e-11 -1.75023e-09 0)
(-4.20621e-11 -1.74892e-09 0)
(1.03176e-10 -2.63321e-09 0)
(8.3062e-11 -2.7879e-09 0)
(6.80838e-12 -1.37744e-09 0)
(7.03747e-12 -1.48087e-09 0)
(-6.98926e-11 -1.54696e-09 0)
(-7.29772e-11 -2.34752e-09 0)
(-6.25982e-11 -3.35846e-09 0)
(6.44268e-11 -1.74139e-09 0)
(7.96597e-11 -1.63645e-09 0)
(5.22318e-11 -1.60937e-09 0)
(5.40848e-11 -1.63048e-09 0)
(8.86843e-11 -1.77409e-09 0)
(2.18435e-12 -1.85187e-09 0)
(2.62088e-12 -1.73851e-09 0)
(0 0 0)
(0 0 0)
(0 0 0)
(0 0 0)
(0 0 0)
(0 0 0)
(0 0 0)
(0 0 0)
(0 0 0)
(0 0 0)
(0 0 0)
(0 0 0)
(0 0 0)
(0 0 0)
(0 0 0)
(0 0 0)
(0 0 0)
(0 0 0)
(0 0 0)
(0 0 0)
(0 0 0)
(0 0 0)
(0 0 0)
(0 0 0)
(0 0 0)
(0 0 0)
(0 0 0)
(0 0 0)
(0 0 0)
(0 0 0)
(0 0 0)
(0 0 0)
(0 0 0)
(0 0 0)
(2.3485e-11 -1.70059e-09 0)
(-2.73017e-11 -1.67736e-09 0)
(-5.35211e-11 -1.67617e-09 0)
(-1.18081e-10 -1.65499e-09 0)
(-1.18537e-10 -3.88689e-09 0)
(-2.44972e-11 -1.61365e-09 0)
(-5.21474e-11 -1.69363e-09 0)
(-5.8663e-11 -1.67925e-09 0)
(-8.10179e-11 -1.61308e-09 0)
(-1.66782e-10 -1.70726e-09 0)
(-1.24167e-10 -2.00756e-09 0)
(-1.4342e-10 -3.79823e-09 0)
(-3.92809e-12 -1.52507e-09 0)
(-5.97108e-11 -1.51205e-09 0)
(1.14682e-10 -1.87786e-09 0)
(5.13966e-12 -4.11884e-09 0)
(-4.5497e-11 -1.57527e-09 0)
(-1.7036e-10 -6.61574e-09 0)
(-7.3542e-12 -1.46447e-09 0)
(9.00616e-12 -3.30188e-10 0)
(3.57681e-11 -9.96063e-10 0)
(7.48503e-12 -1.75402e-09 0)
(-3.0047e-12 -1.80767e-09 0)
(0 0 0)
(-6.96535e-11 -1.61315e-09 0)
(-8.11131e-11 -1.63838e-09 0)
(-9.65677e-11 -1.68778e-09 0)
(-4.47641e-11 -1.62048e-09 0)
(-8.59138e-11 -3.60778e-09 0)
(5.96749e-12 -1.54918e-09 0)
(5.75835e-11 -1.58068e-09 0)
(-5.00293e-12 -1.72614e-09 0)
(-5.64683e-11 -1.70971e-09 0)
(0 0 0)
(6.00853e-11 -1.66269e-09 0)
(8.60876e-11 -1.6807e-09 0)
(4.91958e-11 -1.65929e-09 0)
(3.49408e-11 -2.32798e-09 0)
(7.66666e-11 -3.65063e-09 0)
(3.08196e-11 -7.51839e-10 0)
(1.79498e-11 -3.92773e-10 0)
(0 0 0)
(0 0 0)
(0 0 0)
(0 0 0)
(0 0 0)
(0 0 0)
(0 0 0)
(0 0 0)
(0 0 0)
(0 0 0)
(0 0 0)
(0 0 0)
(0 0 0)
(0 0 0)
(0 0 0)
(0 0 0)
(0 0 0)
(0 0 0)
(0 0 0)
(0 0 0)
(0 0 0)
(0 0 0)
(0 0 0)
(0 0 0)
(0 0 0)
(0 0 0)
(0 0 0)
(0 0 0)
(0 0 0)
(0 0 0)
(0 0 0)
(0 0 0)
(0 0 0)
(0 0 0)
(7.71719e-11 -1.40821e-09 0)
(-9.86117e-11 -3.66559e-09 0)
(3.39093e-11 -1.54099e-09 0)
(-5.99194e-11 -1.61688e-09 0)
(-2.96154e-11 -1.49459e-09 0)
(-1.31847e-11 -1.58854e-09 0)
(-4.86269e-12 -1.67759e-09 0)
(-1.24148e-12 -2.45241e-09 0)
(-3.75904e-13 -2.97817e-09 0)
(-1.37301e-10 -1.66375e-09 0)
(-1.30897e-10 -1.70778e-09 0)
(-1.74345e-10 -1.68189e-09 0)
(-1.30319e-10 -1.76465e-09 0)
(-7.4837e-11 -1.51255e-09 0)
(-2.23558e-11 -3.84828e-09 0)
(-1.51213e-10 -4.01382e-09 0)
(-5.73335e-11 -1.71425e-09 0)
(1.01522e-11 -1.69576e-09 0)
(0 0 0)
(0 0 0)
(3.14925e-11 -1.99273e-09 0)
(0 0 0)
(-1.17461e-10 -4.54482e-09 0)
(-5.41891e-11 -1.6591e-09 0)
(-6.39021e-11 -1.59295e-09 0)
(-1.14073e-10 -1.72871e-09 0)
(-1.21729e-10 -1.67649e-09 0)
(-4.81277e-11 -1.6748e-09 0)
(-8.06771e-11 -1.65115e-09 0)
(1.60824e-11 -2.7287e-09 0)
(1.85609e-11 -1.9605e-09 0)
(-5.38577e-12 -1.71195e-09 0)
(-8.37828e-11 -1.53974e-09 0)
(-1.87029e-11 -3.59775e-09 0)
(4.65226e-11 -1.53607e-09 0)
(3.08012e-10 -3.96266e-09 0)
(1.0212e-11 -1.59135e-09 0)
(-3.4502e-12 -1.64868e-09 0)
(1.35047e-11 -1.87914e-09 0)
(2.00726e-10 -2.86141e-09 0)
(4.09228e-11 -6.08816e-10 0)
(0 0 0)
(0 0 0)
(0 0 0)
(0 0 0)
(0 0 0)
(0 0 0)
(0 0 0)
(0 0 0)
(0 0 0)
(0 0 0)
(0 0 0)
(0 0 0)
(0 0 0)
(0 0 0)
(0 0 0)
(0 0 0)
(0 0 0)
(0 0 0)
(0 0 0)
(0 0 0)
(0 0 0)
(0 0 0)
(0 0 0)
(0 0 0)
(0 0 0)
(0 0 0)
(0 0 0)
(0 0 0)
(0 0 0)
(0 0 0)
(0 0 0)
(0 0 0)
(0 0 0)
(0 0 0)
(4.31063e-11 -1.65634e-09 0)
(6.5777e-11 -2.61184e-09 0)
(4.81464e-11 -2.91595e-09 0)
(-4.485e-11 -1.67298e-09 0)
(-4.44187e-11 -1.57932e-09 0)
(-1.72128e-11 -1.70513e-09 0)
(-3.44661e-11 -1.64835e-09 0)
(-4.47e-11 -1.66552e-09 0)
(-4.46233e-11 -1.73188e-09 0)
(-1.77063e-11 -1.64784e-09 0)
(-8.33592e-11 -1.59883e-09 0)
(-1.28789e-10 -1.71489e-09 0)
(-1.49029e-10 -1.73322e-09 0)
(-9.96457e-11 -1.78215e-09 0)
(-9.4825e-11 -1.73328e-09 0)
(-8.31767e-11 -1.67634e-09 0)
(1.09441e-11 -1.58336e-09 0)
(4.09712e-11 -1.80121e-09 0)
(0 0 0)
(-2.71665e-11 -1.58598e-09 0)
(-4.46545e-12 -1.87631e-09 0)
(5.41731e-11 -2.01064e-09 0)
(-5.15849e-13 -2.9071e-10 0)
(1.35397e-12 -1.33485e-09 0)
(1.55866e-11 -1.71046e-09 0)
(-8.35435e-11 -1.79663e-09 0)
(-7.69614e-11 -1.68346e-09 0)
(-3.27833e-11 -1.71647e-09 0)
(-6.01936e-11 -1.71877e-09 0)
(-2.88729e-10 -3.62768e-09 0)
(-5.56303e-11 -1.40725e-09 0)
(-2.51123e-10 -3.59699e-09 0)
(0 0 0)
(0 0 0)
(5.67049e-11 -1.54796e-09 0)
(2.30855e-10 -4.23148e-09 0)
(1.3434e-10 -1.67374e-09 0)
(8.9968e-11 -1.58497e-09 0)
(1.03459e-10 -1.66683e-09 0)
(7.26504e-11 -1.90882e-09 0)
(-1.3573e-12 -1.86233e-09 0)
(-5.07599e-11 -1.83202e-09 0)
(0 0 0)
(0 0 0)
(0 0 0)
(0 0 0)
(0 0 0)
(0 0 0)
(0 0 0)
(0 0 0)
(0 0 0)
(0 0 0)
(0 0 0)
(0 0 0)
(0 0 0)
(0 0 0)
(0 0 0)
(0 0 0)
(0 0 0)
(0 0 0)
(0 0 0)
(0 0 0)
(0 0 0)
(0 0 0)
(0 0 0)
(0 0 0)
(0 0 0)
(0 0 0)
(0 0 0)
(0 0 0)
(0 0 0)
(0 0 0)
(0 0 0)
(0 0 0)
(0 0 0)
(-1.46225e-12 -1.69989e-09 0)
(-8.94933e-11 -1.6793e-09 0)
(-6.70784e-11 -1.79625e-09 0)
(0 0 0)
(5.55533e-12 -5.23356e-10 0)
(8.63176e-12 -8.11248e-10 0)
(-5.31105e-11 -1.66689e-09 0)
(-7.35898e-11 -1.63124e-09 0)
(-1.63778e-10 -4.10431e-09 0)
(-1.70076e-10 -3.90684e-09 0)
(-1.07141e-11 -1.57053e-09 0)
(0 0 0)
(-1.1558e-10 -1.56969e-09 0)
(-9.54842e-12 -1.57825e-10 0)
(-1.05891e-10 -1.52956e-09 0)
(-7.87741e-11 -1.77933e-09 0)
(-3.60449e-11 -1.73232e-09 0)
(7.52923e-11 -4.19728e-09 0)
(-1.19103e-11 -1.57999e-09 0)
(-4.74572e-11 -1.4205e-09 0)
(-3.10204e-11 -1.36649e-09 0)
(-2.75374e-11 -4.27167e-09 0)
(6.16382e-11 -1.67742e-09 0)
(1.93568e-11 -1.60451e-09 0)
(2.11381e-11 -1.8949e-09 0)
(0 0 0)
(-2.29369e-11 -1.65178e-09 0)
(-7.64468e-12 -1.70645e-09 0)
(-6.04736e-11 -1.55954e-09 0)
(0 0 0)
(-4.67253e-11 -1.6458e-09 0)
(4.71022e-13 -1.69056e-09 0)
(3.72599e-11 -1.6768e-09 0)
(1.48868e-10 -2.74915e-09 0)
(-3.07941e-11 -2.29781e-09 0)
(8.83029e-11 -2.82543e-09 0)
(1.66692e-10 -2.21751e-09 0)
(6.42337e-11 -1.66719e-09 0)
(1.20697e-10 -4.17618e-09 0)
(-2.04764e-11 -2.10888e-09 0)
(0 0 0)
(-3.70953e-11 -1.73756e-09 0)
(-4.08102e-11 -1.61891e-09 0)
(0 0 0)
(0 0 0)
(0 0 0)
(0 0 0)
(0 0 0)
(0 0 0)
(0 0 0)
(0 0 0)
(0 0 0)
(0 0 0)
(0 0 0)
(0 0 0)
(0 0 0)
(0 0 0)
(0 0 0)
(0 0 0)
(0 0 0)
(0 0 0)
(0 0 0)
(0 0 0)
(0 0 0)
(0 0 0)
(0 0 0)
(0 0 0)
(0 0 0)
(0 0 0)
(0 0 0)
(0 0 0)
(0 0 0)
(0 0 0)
(0 0 0)
(0 0 0)
(-4.14765e-11 -3.51798e-09 0)
(-8.54997e-11 -2.05688e-09 0)
(-3.3781e-11 -1.14689e-09 0)
(0 0 0)
(9.14185e-11 -1.78398e-09 0)
(-4.50629e-11 -1.85853e-09 0)
(-6.38622e-11 -1.65092e-09 0)
(-7.59783e-11 -1.76987e-09 0)
(-1.29649e-10 -1.94206e-09 0)
(-1.7242e-10 -1.75863e-09 0)
(-2.77174e-10 -3.89298e-09 0)
(-2.63812e-11 -1.56096e-09 0)
(-2.7214e-11 -1.44989e-09 0)
(-1.00408e-10 -1.7942e-09 0)
(0 0 0)
(-7.34228e-11 -1.74613e-09 0)
(-9.80909e-11 -1.76878e-09 0)
(-8.17144e-11 -1.75079e-09 0)
(-1.53875e-11 -1.80867e-09 0)
(-5.31267e-11 -1.62523e-09 0)
(-7.46797e-11 -1.57857e-09 0)
(-1.06772e-10 -1.80978e-09 0)
(-7.44277e-11 -4.00699e-09 0)
(6.26715e-11 -1.67722e-09 0)
(-3.0754e-11 -1.63575e-09 0)
(1.11685e-10 -2.34153e-09 0)
(4.81999e-11 -9.85873e-10 0)
(-2.87352e-12 -1.69013e-09 0)
(0 0 0)
(1.35812e-11 -1.64817e-09 0)
(-2.80407e-11 -1.68109e-09 0)
(-5.40341e-11 -1.65928e-09 0)
(-1.60311e-11 -1.69643e-09 0)
(-3.58757e-11 -2.60501e-09 0)
(1.33087e-11 -2.45378e-09 0)
(6.34579e-11 -1.63031e-09 0)
(4.01551e-11 -1.7684e-09 0)
(1.48305e-11 -1.80903e-09 0)
(1.45069e-11 -1.82114e-09 0)
(2.4037e-11 -1.86271e-09 0)
(5.05356e-11 -1.99715e-09 0)
(6.1446e-11 -1.86668e-09 0)
(-5.59104e-12 -1.65946e-09 0)
(0 0 0)
(0 0 0)
(0 0 0)
(0 0 0)
(0 0 0)
(0 0 0)
(0 0 0)
(0 0 0)
(0 0 0)
(0 0 0)
(0 0 0)
(0 0 0)
(0 0 0)
(0 0 0)
(0 0 0)
(0 0 0)
(0 0 0)
(0 0 0)
(0 0 0)
(0 0 0)
(0 0 0)
(0 0 0)
(0 0 0)
(0 0 0)
(0 0 0)
(0 0 0)
(0 0 0)
(0 0 0)
(0 0 0)
(0 0 0)
(0 0 0)
(0 0 0)
(-5.96117e-11 -1.76288e-09 0)
(-1.00109e-10 -1.84465e-09 0)
(-5.32932e-11 -1.73617e-09 0)
(1.05203e-11 -1.68776e-09 0)
(2.11227e-11 -1.74892e-09 0)
(0 0 0)
(0 0 0)
(-1.01605e-10 -1.93189e-09 0)
(-1.30024e-10 -2.09137e-09 0)
(0 0 0)
(-1.26545e-10 -1.7918e-09 0)
(1.53891e-11 -1.80148e-09 0)
(3.09109e-11 -1.71847e-09 0)
(-2.19567e-11 -1.70357e-09 0)
(-7.55e-11 -1.76063e-09 0)
(-4.29287e-11 -1.6102e-09 0)
(-3.93339e-11 -1.73273e-09 0)
(0 0 0)
(2.65018e-13 -1.5596e-11 0)
(3.13852e-11 -1.70933e-09 0)
(-1.02627e-10 -1.75832e-09 0)
(-1.10402e-10 -1.8083e-09 0)
(-4.7384e-12 -2.86934e-10 0)
(-9.75198e-11 -3.34779e-09 0)
(-9.76816e-12 -1.66793e-09 0)
(5.35124e-11 -1.72245e-09 0)
(9.23822e-11 -4.0367e-09 0)
(0 0 0)
(4.35647e-12 -1.74835e-09 0)
(-3.84852e-13 -1.43732e-10 0)
(-4.20536e-12 -1.44791e-09 0)
(-2.58825e-11 -1.68028e-09 0)
(-3.43454e-11 -1.68087e-09 0)
(0 0 0)
(-4.84896e-11 -1.84325e-09 0)
(-6.39571e-11 -3.46134e-09 0)
(1.03192e-11 -1.84679e-09 0)
(1.18473e-11 -1.80874e-09 0)
(1.69345e-11 -1.87792e-09 0)
(5.93418e-11 -2.00786e-09 0)
(1.17922e-10 -1.96944e-09 0)
(6.25102e-11 -1.75624e-09 0)
(0 0 0)
(0 0 0)
(0 0 0)
(0 0 0)
(0 0 0)
(0 0 0)
(0 0 0)
(0 0 0)
(0 0 0)
(0 0 0)
(0 0 0)
(0 0 0)
(0 0 0)
(0 0 0)
(0 0 0)
(0 0 0)
(0 0 0)
(0 0 0)
(0 0 0)
(0 0 0)
(0 0 0)
(0 0 0)
(0 0 0)
(0 0 0)
(0 0 0)
(0 0 0)
(0 0 0)
(0 0 0)
(0 0 0)
(0 0 0)
(0 0 0)
(0 0 0)
(0 0 0)
(1.43215e-11 -2.05836e-09 0)
(0 0 0)
(3.55205e-12 -1.74372e-09 0)
(1.28052e-11 -1.72839e-09 0)
(0 0 0)
(8.04149e-11 -1.6401e-09 0)
(7.24391e-11 -1.87828e-09 0)
(-1.04538e-10 -1.8322e-09 0)
(0 0 0)
(-9.13247e-11 -1.83908e-09 0)
(-6.99719e-11 -1.83513e-09 0)
(-7.26373e-12 -1.7846e-09 0)
(-4.43366e-11 -3.28044e-09 0)
(-6.96039e-11 -1.75944e-09 0)
(-1.42278e-10 -1.89201e-09 0)
(-1.81892e-11 -1.51867e-09 0)
(0 0 0)
(-1.32125e-11 -7.40381e-10 0)
(1.0594e-10 -3.20971e-09 0)
(7.26971e-12 -2.82856e-09 0)
(0 0 0)
(-1.32448e-10 -1.70326e-09 0)
(-5.50671e-11 -1.65118e-09 0)
(-7.00238e-11 -1.53673e-09 0)
(-1.36284e-11 -1.60778e-09 0)
(1.14861e-11 -3.7833e-09 0)
(0 0 0)
(7.18243e-11 -4.2289e-09 0)
(3.63396e-11 -1.6665e-09 0)
(2.43316e-11 -1.69184e-09 0)
(-2.13023e-11 -1.48459e-09 0)
(-4.13342e-11 -1.67962e-09 0)
(0 0 0)
(-1.64721e-10 -3.62032e-09 0)
(-1.03664e-10 -1.47312e-09 0)
(-1.66012e-10 -1.57796e-09 0)
(-1.23606e-10 -1.66632e-09 0)
(-5.76098e-11 -1.70763e-09 0)
(-3.03639e-11 -1.83669e-09 0)
(5.09837e-11 -1.84507e-09 0)
(1.80047e-10 -1.87126e-09 0)
(1.82219e-10 -1.95106e-09 0)
(0 0 0)
(0 0 0)
(0 0 0)
(0 0 0)
(0 0 0)
(0 0 0)
(0 0 0)
(0 0 0)
(0 0 0)
(0 0 0)
(0 0 0)
(0 0 0)
(0 0 0)
(0 0 0)
(0 0 0)
(0 0 0)
(0 0 0)
(0 0 0)
(0 0 0)
(0 0 0)
(0 0 0)
(0 0 0)
(0 0 0)
(0 0 0)
(0 0 0)
(0 0 0)
(0 0 0)
(0 0 0)
(0 0 0)
(0 0 0)
(0 0 0)
(0 0 0)
(0 0 0)
(-2.39218e-12 -1.1279e-09 0)
(-2.4598e-12 -7.75271e-10 0)
(6.41497e-11 -1.70135e-09 0)
(0 0 0)
(3.89962e-11 -3.61505e-09 0)
(1.26929e-11 -4.06907e-09 0)
(3.07341e-11 -4.2608e-09 0)
(6.44355e-11 -1.6076e-09 0)
(-2.08079e-10 -3.80574e-09 0)
(-4.54491e-11 -1.588e-09 0)
(-5.08035e-11 -1.62513e-09 0)
(-2.58982e-11 -1.79862e-09 0)
(6.04397e-12 -1.97797e-09 0)
(8.87601e-12 -6.80067e-10 0)
(1.82249e-11 -1.20673e-09 0)
(2.02841e-11 -1.17216e-09 0)
(2.40472e-11 -1.40868e-09 0)
(-2.01264e-11 -1.71676e-09 0)
(5.44502e-11 -1.5587e-09 0)
(3.67832e-11 -1.63665e-09 0)
(-5.05219e-11 -1.65358e-09 0)
(-1.44595e-10 -1.6705e-09 0)
(-6.25185e-11 -1.68957e-09 0)
(-5.6138e-11 -1.67715e-09 0)
(0 0 0)
(0 0 0)
(-7.20422e-11 -1.67117e-09 0)
(-1.0019e-10 -1.84125e-09 0)
(-4.2992e-13 -3.89265e-09 0)
(-2.47611e-11 -3.59506e-09 0)
(4.85107e-11 -1.4776e-09 0)
(5.95746e-12 -1.55121e-09 0)
(-1.19801e-11 -1.6584e-09 0)
(0 0 0)
(-7.39671e-11 -1.42915e-09 0)
(-1.08505e-10 -2.64743e-09 0)
(-8.34033e-11 -2.4389e-09 0)
(-3.05929e-11 -1.69154e-09 0)
(0 0 0)
(0 0 0)
(8.9196e-11 -1.87194e-09 0)
(2.02924e-10 -4.6623e-09 0)
(8.01494e-11 -1.61083e-09 0)
(0 0 0)
(0 0 0)
(0 0 0)
(0 0 0)
(0 0 0)
(0 0 0)
(0 0 0)
(0 0 0)
(0 0 0)
(0 0 0)
(0 0 0)
(0 0 0)
(0 0 0)
(0 0 0)
(0 0 0)
(0 0 0)
(0 0 0)
(0 0 0)
(0 0 0)
(0 0 0)
(0 0 0)
(0 0 0)
(0 0 0)
(0 0 0)
(0 0 0)
(0 0 0)
(0 0 0)
(0 0 0)
(0 0 0)
(0 0 0)
(0 0 0)
(0 0 0)
(-2.17446e-11 -4.27417e-09 0)
(1.80218e-11 -8.16158e-10 0)
(7.75682e-11 -1.81129e-09 0)
(2.04008e-12 -3.9294e-11 0)
(-6.8639e-11 -1.66079e-09 0)
(-1.44076e-10 -1.80073e-09 0)
(7.48018e-12 -3.57533e-10 0)
(1.8691e-10 -3.75535e-09 0)
(3.61005e-11 -1.6775e-09 0)
(-3.79473e-11 -1.64851e-09 0)
(0 0 0)
(-1.18361e-10 -1.77894e-09 0)
(-5.71927e-11 -1.82851e-09 0)
(6.56579e-11 -1.74102e-09 0)
(4.43209e-11 -1.66417e-09 0)
(-2.61471e-12 -1.69516e-09 0)
(-5.09182e-12 -1.66412e-09 0)
(2.64586e-11 -1.6038e-09 0)
(-5.76063e-11 -1.64259e-09 0)
(3.00701e-11 -4.22219e-09 0)
(-4.4828e-11 -1.60992e-09 0)
(0 0 0)
(1.02664e-11 -1.57229e-09 0)
(4.639e-11 -1.80321e-09 0)
(-6.7308e-12 -1.72022e-09 0)
(-2.95519e-11 -1.72425e-09 0)
(-4.57688e-11 -1.68619e-09 0)
(-1.04791e-10 -1.97137e-09 0)
(-1.01588e-10 -1.81255e-09 0)
(-5.16771e-11 -1.68819e-09 0)
(9.24955e-12 -1.70893e-09 0)
(-3.25715e-11 -1.69527e-09 0)
(-5.9637e-11 -1.6216e-09 0)
(-1.8162e-10 -3.59888e-09 0)
(-1.10855e-10 -1.59776e-09 0)
(-1.14278e-10 -1.55461e-09 0)
(-5.59217e-11 -1.73728e-09 0)
(-5.95571e-11 -1.74806e-09 0)
(-1.95842e-11 -1.6714e-09 0)
(-1.3393e-11 -1.6698e-09 0)
(5.30857e-11 -4.57968e-09 0)
(0 0 0)
(8.32099e-11 -1.78809e-09 0)
(1.03621e-10 -2.06786e-09 0)
(2.30783e-11 -1.13731e-09 0)
(0 0 0)
(0 0 0)
(0 0 0)
(0 0 0)
(0 0 0)
(0 0 0)
(0 0 0)
(0 0 0)
(0 0 0)
(0 0 0)
(0 0 0)
(0 0 0)
(0 0 0)
(0 0 0)
(0 0 0)
(0 0 0)
(0 0 0)
(0 0 0)
(0 0 0)
(0 0 0)
(0 0 0)
(0 0 0)
(0 0 0)
(0 0 0)
(0 0 0)
(0 0 0)
(0 0 0)
(0 0 0)
(0 0 0)
(0 0 0)
(-1.7613e-11 -3.67396e-09 0)
(1.24067e-10 -2.1596e-09 0)
(6.242e-11 -1.16008e-09 0)
(6.62531e-11 -1.73894e-09 0)
(9.49311e-13 -2.83212e-10 0)
(5.14102e-12 -1.43904e-09 0)
(-1.74368e-11 -1.77146e-09 0)
(0 0 0)
(1.71171e-10 -4.40402e-09 0)
(-6.72249e-12 -8.23371e-10 0)
(-3.587e-12 -2.6056e-10 0)
(-5.76849e-11 -1.70738e-09 0)
(-3.62151e-11 -1.65868e-09 0)
(-2.93796e-12 -1.68934e-09 0)
(-5.72292e-11 -1.67425e-09 0)
(-6.06817e-11 -1.7145e-09 0)
(-7.11121e-11 -1.72714e-09 0)
(-4.6165e-11 -1.68351e-09 0)
(-2.82477e-11 -1.60685e-09 0)
(-6.64491e-11 -2.35269e-09 0)
(1.00996e-11 -1.25955e-09 0)
(-2.1209e-11 -3.36624e-09 0)
(3.40615e-11 -3.39627e-09 0)
(1.53491e-11 -3.4419e-09 0)
(1.49064e-11 -3.43753e-09 0)
(-4.09259e-11 -1.61586e-09 0)
(0 0 0)
(-5.87169e-11 -1.93058e-09 0)
(0 0 0)
(-5.14712e-11 -1.76777e-09 0)
(-2.13054e-11 -1.76961e-09 0)
(0 0 0)
(-4.92512e-11 -1.7256e-09 0)
(-9.56408e-11 -1.63238e-09 0)
(-1.16165e-11 -1.56218e-09 0)
(0 0 0)
(0 0 0)
(0 0 0)
(0 0 0)
(-8.87093e-11 -1.79172e-09 0)
(-9.5786e-11 -1.80647e-09 0)
(2.05522e-10 -4.70179e-09 0)
(2.20132e-10 -1.60999e-09 0)
(1.99668e-10 -3.53163e-09 0)
(0 0 0)
(-2.98468e-11 -1.62849e-09 0)
(0 0 0)
(0 0 0)
(0 0 0)
(0 0 0)
(0 0 0)
(0 0 0)
(0 0 0)
(0 0 0)
(0 0 0)
(0 0 0)
(0 0 0)
(0 0 0)
(0 0 0)
(0 0 0)
(0 0 0)
(0 0 0)
(0 0 0)
(0 0 0)
(0 0 0)
(0 0 0)
(0 0 0)
(0 0 0)
(0 0 0)
(0 0 0)
(0 0 0)
(0 0 0)
(0 0 0)
(0 0 0)
(0 0 0)
(-6.36056e-11 -1.63895e-09 0)
(1.00312e-10 -2.72774e-09 0)
(1.31909e-10 -1.9379e-09 0)
(1.63284e-10 -4.02041e-09 0)
(0 0 0)
(0 0 0)
(-1.06621e-10 -1.6202e-09 0)
(-1.40409e-10 -1.40839e-09 0)
(5.62158e-11 -3.17683e-09 0)
(1.13579e-10 -2.7721e-09 0)
(0 0 0)
(7.00522e-11 -3.74915e-09 0)
(0 0 0)
(-1.75213e-11 -1.66337e-09 0)
(-4.82705e-11 -1.59217e-09 0)
(-6.38959e-11 -1.77808e-09 0)
(-4.00011e-11 -1.78294e-09 0)
(-1.78412e-11 -1.86237e-09 0)
(0 0 0)
(-1.46144e-11 -1.72025e-09 0)
(-9.33267e-12 -1.76705e-09 0)
(-1.31764e-11 -1.7803e-09 0)
(0 0 0)
(1.47651e-11 -1.75063e-09 0)
(-1.77131e-11 -1.73577e-09 0)
(0 0 0)
(-1.85003e-11 -1.6592e-09 0)
(-6.57836e-11 -3.93768e-09 0)
(0 0 0)
(2.0901e-10 -3.79559e-09 0)
(4.54825e-11 -3.47712e-09 0)
(6.5972e-11 -1.51893e-09 0)
(9.47655e-11 -1.58335e-09 0)
(-4.44255e-11 -1.55875e-09 0)
(-4.39842e-12 -1.69635e-09 0)
(0 0 0)
(0 0 0)
(0 0 0)
(6.12585e-12 -1.62979e-09 0)
(-3.64719e-11 -1.67825e-09 0)
(-4.84469e-11 -1.71559e-09 0)
(0 0 0)
(1.35227e-10 -1.77404e-09 0)
(0 0 0)
(1.78578e-11 -1.70491e-09 0)
(1.29714e-10 -1.73101e-09 0)
(4.92607e-11 -1.70575e-09 0)
(-2.4783e-11 -1.6374e-09 0)
(0 0 0)
(0 0 0)
(0 0 0)
(0 0 0)
(0 0 0)
(0 0 0)
(0 0 0)
(0 0 0)
(0 0 0)
(0 0 0)
(0 0 0)
(0 0 0)
(0 0 0)
(0 0 0)
(0 0 0)
(0 0 0)
(0 0 0)
(0 0 0)
(0 0 0)
(0 0 0)
(0 0 0)
(0 0 0)
(0 0 0)
(0 0 0)
(0 0 0)
(0 0 0)
(0 0 0)
(0 0 0)
(0 0 0)
(0 0 0)
(6.82267e-12 -1.65128e-09 0)
(3.53474e-11 -1.80098e-09 0)
(9.36368e-11 -4.25584e-09 0)
(9.65952e-11 -3.74803e-09 0)
(1.2651e-11 -1.54351e-09 0)
(-1.48302e-10 -3.81229e-09 0)
(0 0 0)
(3.51922e-11 -1.96482e-09 0)
(0 0 0)
(4.81134e-11 -5.55287e-09 0)
(-2.987e-10 -3.37609e-09 0)
(0 0 0)
(-4.05366e-12 -1.72551e-09 0)
(0 0 0)
(0 0 0)
(0 0 0)
(6.79565e-12 -1.79431e-09 0)
(-8.04361e-12 -1.76984e-09 0)
(-2.70307e-11 -1.69836e-09 0)
(-1.92782e-11 -1.67118e-09 0)
(2.49149e-11 -1.70619e-09 0)
(-1.33172e-11 -1.93553e-09 0)
(-1.13662e-10 -3.5685e-09 0)
(-1.07816e-11 -1.66673e-09 0)
(0 0 0)
(0 0 0)
(-1.69635e-11 -1.75063e-09 0)
(-4.48746e-11 -1.75996e-09 0)
(1.82726e-11 -1.63261e-09 0)
(2.24226e-10 -5.53389e-09 0)
(4.90106e-11 -1.36541e-09 0)
(0 0 0)
(0 0 0)
(-7.04018e-11 -1.78816e-09 0)
(-1.04918e-10 -3.85588e-09 0)
(-5.68365e-12 -1.61896e-09 0)
(-5.95042e-11 -1.74941e-09 0)
(-2.71652e-11 -1.6266e-09 0)
(-4.40835e-11 -3.85438e-09 0)
(0 0 0)
(1.5741e-10 -3.82351e-09 0)
(1.57446e-10 -3.57306e-09 0)
(1.16019e-10 -1.47302e-09 0)
(1.12611e-10 -1.75627e-09 0)
(-3.88338e-11 -1.53415e-09 0)
(3.23619e-11 -1.49877e-09 0)
(-1.13565e-11 -1.7631e-09 0)
(0 0 0)
(0 0 0)
(0 0 0)
(0 0 0)
(0 0 0)
(0 0 0)
(0 0 0)
(0 0 0)
(0 0 0)
(0 0 0)
(0 0 0)
(0 0 0)
(0 0 0)
(0 0 0)
(0 0 0)
(0 0 0)
(0 0 0)
(0 0 0)
(0 0 0)
(0 0 0)
(0 0 0)
(0 0 0)
(0 0 0)
(0 0 0)
(0 0 0)
(4.73982e-11 -1.62091e-09 0)
(3.47517e-11 -1.69825e-09 0)
(-8.16542e-12 -1.70878e-09 0)
(-1.19003e-10 -3.48406e-09 0)
(-3.67298e-11 -1.6155e-09 0)
(-6.27202e-11 -1.62347e-09 0)
(-1.13689e-11 -1.71846e-09 0)
(-2.07022e-11 -3.9013e-09 0)
(-8.94973e-11 -1.58246e-09 0)
(-6.44479e-11 -1.72143e-09 0)
(0 0 0)
(5.12893e-11 -1.8262e-09 0)
(-1.02165e-10 -1.75279e-09 0)
(-2.01436e-11 -1.76191e-09 0)
(-9.88244e-12 -1.73374e-09 0)
(-6.7034e-12 -1.73524e-09 0)
(1.87583e-12 -1.74297e-09 0)
(-8.86436e-12 -1.7453e-09 0)
(-1.97781e-11 -1.81879e-09 0)
(-4.37938e-11 -1.82357e-09 0)
(-1.50214e-10 -2.38941e-09 0)
(-5.14626e-11 -2.63276e-09 0)
(0 0 0)
(-6.88376e-11 -1.75748e-09 0)
(0 0 0)
(-4.30739e-11 -1.9541e-09 0)
(-3.60647e-11 -2.53928e-09 0)
(-1.76457e-12 -1.1506e-10 0)
(-4.68197e-12 -1.80909e-09 0)
(3.91207e-11 -3.55481e-09 0)
(-3.30906e-11 -1.50532e-09 0)
(4.36998e-13 -6.24884e-10 0)
(9.12501e-14 -2.64997e-10 0)
(-6.79411e-11 -1.43728e-09 0)
(-1.36741e-11 -1.68906e-09 0)
(0 0 0)
(3.3248e-11 -1.81191e-09 0)
(1.01592e-11 -1.86138e-09 0)
(-5.27448e-12 -2.13242e-09 0)
(-5.07916e-11 -3.36962e-09 0)
(-3.82504e-11 -1.64619e-09 0)
(0 0 0)
(2.51438e-11 -1.72186e-09 0)
(-6.39197e-13 -1.49e-09 0)
(5.40832e-11 -1.84978e-09 0)
(6.85458e-11 -1.78976e-09 0)
(4.61135e-11 -3.11967e-09 0)
(1.43428e-10 -2.13479e-09 0)
(-2.58914e-11 -3.74429e-09 0)
(8.92458e-12 -1.62848e-09 0)
(1.46737e-11 -1.63848e-09 0)
(0 0 0)
(0 0 0)
(0 0 0)
(0 0 0)
(0 0 0)
(0 0 0)
(0 0 0)
(0 0 0)
(0 0 0)
(0 0 0)
(0 0 0)
(0 0 0)
(0 0 0)
(0 0 0)
(0 0 0)
(0 0 0)
(0 0 0)
(0 0 0)
(0 0 0)
(0 0 0)
(0 0 0)
(0 0 0)
(0 0 0)
(0 0 0)
)
;


// ************************************************************************* //
