/*--------------------------------*- C++ -*----------------------------------*\
  =========                 |
  \\      /  F ield         | OpenFOAM: The Open Source CFD Toolbox
   \\    /   O peration     | Website:  https://openfoam.org
    \\  /    A nd           | Version:  12
     \\/     M anipulation  |
\*---------------------------------------------------------------------------*/
FoamFile
{
    format      ascii;
    class       volVectorField::Internal;
    location    "0.55";
    object      cloud:UTrans;
}
// * * * * * * * * * * * * * * * * * * * * * * * * * * * * * * * * * * * * * //

dimensions      [1 1 -1 0 0 0 0];

value           nonuniform List<vector> 
3750
(
(2.77225e-11 -1.87862e-09 0)
(-2.82535e-11 -2.06012e-09 0)
(-7.62958e-12 -2.04331e-09 0)
(-1.92884e-11 -2.01829e-09 0)
(-1.24869e-11 -2.02622e-09 0)
(-1.22414e-11 -1.97181e-09 0)
(1.24282e-12 -6.14244e-10 0)
(1.48088e-12 -3.03721e-09 0)
(2.53523e-11 -2.07716e-09 0)
(1.44795e-11 -3.88291e-09 0)
(-2.71006e-11 -2.00289e-09 0)
(4.03832e-12 -1.97485e-09 0)
(1.39877e-11 -1.86999e-09 0)
(-3.13992e-11 -1.89166e-09 0)
(-2.04465e-11 -4.08259e-09 0)
(1.98454e-12 -1.82937e-09 0)
(-1.06523e-11 -1.8233e-09 0)
(-1.35585e-10 -2.99562e-09 0)
(5.45131e-13 -2.66856e-09 0)
(-1.6309e-11 -1.77898e-09 0)
(-1.97093e-11 -1.1004e-09 0)
(-2.28663e-12 -1.73071e-10 0)
(-9.21909e-11 -4.06349e-09 0)
(4.61645e-11 -1.90417e-09 0)
(-1.37521e-11 -1.82644e-09 0)
(-8.32125e-12 -1.97521e-09 0)
(4.68505e-11 -1.90388e-09 0)
(2.09435e-11 -1.74405e-09 0)
(2.14904e-12 -1.73663e-09 0)
(-7.84696e-11 -2.20803e-09 0)
(1.58492e-11 -1.71354e-09 0)
(1.95489e-11 -2.15309e-09 0)
(-1.14639e-11 -2.00421e-09 0)
(1.76259e-11 -1.91286e-09 0)
(1.01533e-10 -1.74036e-09 0)
(-8.9475e-11 -3.91097e-09 0)
(3.36625e-13 -1.85652e-09 0)
(-5.32998e-11 -1.71158e-09 0)
(1.23137e-11 -1.81579e-09 0)
(1.11423e-10 -1.91203e-09 0)
(3.0868e-11 -1.85341e-09 0)
(0 0 0)
(5.82506e-12 -1.96145e-09 0)
(8.60968e-11 -2.0017e-09 0)
(8.30711e-11 -1.96783e-09 0)
(1.77992e-10 -4.22546e-09 0)
(6.02895e-12 -1.78011e-09 0)
(-2.148e-11 -1.90725e-09 0)
(-3.62958e-11 -2.00392e-09 0)
(1.26137e-11 -2.09727e-09 0)
(2.24131e-11 -1.99102e-09 0)
(-1.21701e-11 -2.01055e-09 0)
(-3.67859e-13 -5.68052e-10 0)
(-8.1807e-13 -9.48284e-10 0)
(-4.29227e-11 -4.50868e-09 0)
(-2.24204e-11 -1.71912e-09 0)
(0 0 0)
(0 0 0)
(0 0 0)
(0 0 0)
(0 0 0)
(0 0 0)
(0 0 0)
(0 0 0)
(0 0 0)
(0 0 0)
(0 0 0)
(0 0 0)
(0 0 0)
(0 0 0)
(0 0 0)
(0 0 0)
(0 0 0)
(0 0 0)
(0 0 0)
(-2.5101e-12 -9.16142e-10 0)
(-4.76385e-11 -2.04987e-09 0)
(0 0 0)
(5.11406e-12 -1.97369e-09 0)
(3.17574e-11 -1.99287e-09 0)
(-1.53627e-11 -1.82428e-09 0)
(-1.17858e-11 -1.90202e-09 0)
(1.15625e-11 -2.02153e-09 0)
(1.6442e-11 -2.04073e-09 0)
(0 0 0)
(-9.66736e-11 -2.11359e-09 0)
(0 0 0)
(-5.608e-11 -1.97019e-09 0)
(-6.04044e-11 -1.85908e-09 0)
(-6.92579e-11 -2.42803e-09 0)
(2.58068e-11 -6.13815e-09 0)
(-2.64919e-10 -4.38219e-09 0)
(-1.104e-10 -1.6821e-09 0)
(-6.0858e-11 -3.90407e-09 0)
(-1.05863e-12 -1.7992e-09 0)
(0 0 0)
(0 0 0)
(0 0 0)
(-1.00409e-10 -1.84479e-09 0)
(-7.50896e-11 -1.83393e-09 0)
(-3.2366e-11 -1.87024e-09 0)
(-1.11206e-11 -1.92787e-09 0)
(-6.28484e-12 -1.94141e-09 0)
(2.67866e-11 -3.07146e-09 0)
(3.5851e-12 -2.7991e-09 0)
(0 0 0)
(0 0 0)
(1.5711e-10 -1.91854e-09 0)
(0 0 0)
(3.05933e-10 -3.57272e-09 0)
(-5.05438e-11 -4.61173e-09 0)
(-1.00007e-10 -2.96424e-09 0)
(-3.21359e-11 -1.51207e-09 0)
(-6.72851e-11 -1.97719e-09 0)
(0 0 0)
(0 0 0)
(-1.26487e-11 -1.90534e-09 0)
(1.22992e-10 -1.97553e-09 0)
(6.77227e-11 -1.90048e-09 0)
(-1.92679e-12 -1.7806e-09 0)
(3.57165e-11 -1.86016e-09 0)
(-2.02084e-11 -1.98345e-09 0)
(-1.40451e-10 -1.87396e-09 0)
(-5.33121e-11 -1.94254e-09 0)
(-4.59562e-11 -1.93206e-09 0)
(-6.53362e-11 -1.66941e-09 0)
(0 0 0)
(0 0 0)
(0 0 0)
(0 0 0)
(0 0 0)
(0 0 0)
(0 0 0)
(0 0 0)
(0 0 0)
(0 0 0)
(0 0 0)
(0 0 0)
(0 0 0)
(0 0 0)
(0 0 0)
(0 0 0)
(0 0 0)
(0 0 0)
(0 0 0)
(0 0 0)
(0 0 0)
(0 0 0)
(0 0 0)
(0 0 0)
(-2.08202e-11 -1.99271e-09 0)
(-5.85733e-11 -1.94194e-09 0)
(-5.39682e-11 -1.98938e-09 0)
(-6.34401e-11 -1.83846e-09 0)
(-4.18567e-11 -4.1758e-09 0)
(0 0 0)
(0 0 0)
(7.52709e-11 -1.86293e-09 0)
(5.78246e-11 -1.9285e-09 0)
(-4.41561e-11 -1.99293e-09 0)
(2.15062e-10 -4.50901e-09 0)
(5.54586e-11 -1.87367e-09 0)
(5.86888e-12 -2.0063e-09 0)
(0 0 0)
(-3.77887e-11 -1.97181e-09 0)
(8.86253e-12 -1.67851e-09 0)
(-1.83358e-10 -1.69455e-09 0)
(-1.25429e-10 -1.91468e-09 0)
(0 0 0)
(-1.25884e-11 -1.7974e-09 0)
(2.05063e-11 -1.7925e-09 0)
(6.43451e-11 -1.90013e-09 0)
(6.0029e-11 -1.92315e-09 0)
(5.79967e-11 -1.96073e-09 0)
(-2.32937e-11 -1.89873e-09 0)
(0 0 0)
(-2.158e-10 -3.97507e-09 0)
(-2.19703e-10 -3.89822e-09 0)
(-1.23274e-10 -3.16125e-09 0)
(5.30451e-12 -2.28493e-09 0)
(3.48925e-11 -1.78415e-09 0)
(7.08297e-11 -1.79454e-09 0)
(1.72066e-11 -1.92132e-09 0)
(5.49604e-11 -1.90383e-09 0)
(2.57656e-10 -4.66972e-09 0)
(1.09775e-11 -2.69783e-10 0)
(6.13459e-11 -1.37361e-09 0)
(-1.70856e-11 -1.91011e-09 0)
(-4.70798e-11 -1.9555e-09 0)
(5.6015e-12 -1.9055e-09 0)
(3.45807e-11 -2.02005e-09 0)
(5.3618e-11 -1.96439e-09 0)
(9.75176e-11 -1.80451e-09 0)
(-9.73864e-11 -4.52108e-09 0)
(-3.04495e-12 -1.71405e-09 0)
(-6.71762e-11 -2.57897e-09 0)
(-1.39492e-10 -3.81341e-09 0)
(0 0 0)
(-1.90078e-10 -2.30547e-09 0)
(-8.10756e-11 -1.74903e-09 0)
(0 0 0)
(0 0 0)
(0 0 0)
(0 0 0)
(0 0 0)
(0 0 0)
(0 0 0)
(0 0 0)
(0 0 0)
(0 0 0)
(0 0 0)
(0 0 0)
(0 0 0)
(0 0 0)
(0 0 0)
(0 0 0)
(0 0 0)
(0 0 0)
(0 0 0)
(0 0 0)
(0 0 0)
(0 0 0)
(0 0 0)
(0 0 0)
(0 0 0)
(-1.85676e-10 -4.55568e-09 0)
(-3.58975e-11 -1.92394e-09 0)
(0 0 0)
(-2.37302e-11 -1.87287e-09 0)
(0 0 0)
(1.58078e-11 -1.73631e-09 0)
(3.07756e-11 -1.8839e-09 0)
(8.83446e-11 -1.95595e-09 0)
(-2.23325e-11 -1.91022e-09 0)
(8.72413e-13 -1.77885e-09 0)
(0 0 0)
(1.03303e-10 -1.72855e-09 0)
(-4.94901e-11 -2.01192e-09 0)
(-2.20478e-11 -1.99587e-09 0)
(0 0 0)
(-3.36284e-10 -4.36217e-09 0)
(-6.01704e-11 -1.48657e-09 0)
(-1.39634e-11 -1.89571e-09 0)
(-2.08878e-11 -1.89068e-09 0)
(-1.41117e-11 -1.92526e-09 0)
(-3.99211e-12 -1.91934e-09 0)
(-6.26057e-12 -1.87866e-09 0)
(4.36848e-12 -1.82278e-09 0)
(-1.7599e-11 -4.23604e-09 0)
(-5.60344e-11 -1.72619e-09 0)
(-2.41449e-10 -6.65254e-09 0)
(-1.47359e-10 -1.67219e-09 0)
(-4.38739e-11 -1.80048e-09 0)
(-3.67897e-11 -1.83795e-09 0)
(-2.55358e-12 -1.87207e-09 0)
(2.45761e-11 -1.89887e-09 0)
(2.64339e-11 -1.88418e-09 0)
(-1.62189e-11 -1.97728e-09 0)
(-2.65566e-11 -1.88431e-09 0)
(-1.94363e-10 -2.03457e-09 0)
(3.59246e-11 -2.08959e-09 0)
(1.77033e-11 -2.01033e-09 0)
(-3.20231e-11 -1.94754e-09 0)
(-4.02344e-11 -1.87627e-09 0)
(-2.89571e-11 -1.89859e-09 0)
(-4.9112e-11 -1.89566e-09 0)
(-6.2642e-11 -1.91656e-09 0)
(-8.78312e-11 -1.98649e-09 0)
(-1.01439e-10 -1.96052e-09 0)
(5.29572e-11 -1.7437e-09 0)
(-1.74562e-10 -3.91101e-09 0)
(-3.97967e-11 -1.6507e-09 0)
(0 0 0)
(0 0 0)
(0 0 0)
(0 0 0)
(0 0 0)
(0 0 0)
(0 0 0)
(0 0 0)
(0 0 0)
(0 0 0)
(0 0 0)
(0 0 0)
(0 0 0)
(0 0 0)
(0 0 0)
(0 0 0)
(0 0 0)
(0 0 0)
(0 0 0)
(0 0 0)
(0 0 0)
(0 0 0)
(0 0 0)
(0 0 0)
(0 0 0)
(0 0 0)
(0 0 0)
(0 0 0)
(-9.19063e-11 -2.04439e-09 0)
(0 0 0)
(7.12254e-12 -1.94181e-09 0)
(-1.01119e-11 -2.00589e-09 0)
(0 0 0)
(-1.61317e-11 -1.91275e-09 0)
(1.13135e-10 -1.87514e-09 0)
(5.63774e-11 -1.90125e-09 0)
(-4.99014e-11 -1.95977e-09 0)
(5.20635e-11 -1.82149e-09 0)
(7.84893e-11 -1.95454e-09 0)
(4.60336e-11 -2.21413e-09 0)
(0 0 0)
(8.10892e-12 -1.99491e-09 0)
(-4.73749e-11 -1.97808e-09 0)
(0 0 0)
(-4.37764e-11 -1.74474e-09 0)
(-7.19979e-11 -3.08262e-09 0)
(-4.30333e-11 -2.6326e-09 0)
(-2.38232e-11 -1.92751e-09 0)
(-9.70596e-11 -1.87492e-09 0)
(-8.43466e-11 -1.83978e-09 0)
(-9.95443e-11 -3.11339e-09 0)
(-1.03534e-10 -2.15327e-09 0)
(-3.47255e-11 -1.72993e-09 0)
(0 0 0)
(-2.15982e-11 -1.52774e-09 0)
(3.19604e-12 -1.89481e-09 0)
(4.43823e-12 -1.9636e-09 0)
(3.55064e-11 -1.98661e-09 0)
(2.8416e-11 -1.99902e-09 0)
(1.38624e-10 -1.9578e-09 0)
(-5.03374e-11 -1.89147e-09 0)
(-5.66017e-11 -1.81039e-09 0)
(-1.05852e-10 -1.98685e-09 0)
(-5.02817e-11 -2.06153e-09 0)
(-7.81948e-11 -1.95638e-09 0)
(-6.03897e-11 -4.57965e-09 0)
(5.66169e-11 -1.84979e-09 0)
(3.03738e-11 -1.83644e-09 0)
(6.70693e-12 -1.84355e-09 0)
(0 0 0)
(0 0 0)
(0 0 0)
(4.71267e-12 -2.60162e-09 0)
(-5.87875e-11 -3.39216e-09 0)
(-2.17182e-11 -1.76154e-09 0)
(-5.58757e-12 -1.7488e-09 0)
(0 0 0)
(0 0 0)
(0 0 0)
(0 0 0)
(0 0 0)
(0 0 0)
(0 0 0)
(0 0 0)
(0 0 0)
(0 0 0)
(0 0 0)
(0 0 0)
(0 0 0)
(0 0 0)
(0 0 0)
(0 0 0)
(0 0 0)
(0 0 0)
(0 0 0)
(0 0 0)
(0 0 0)
(0 0 0)
(0 0 0)
(0 0 0)
(0 0 0)
(0 0 0)
(0 0 0)
(0 0 0)
(-2.37398e-11 -2.07051e-09 0)
(4.26727e-14 -5.23999e-10 0)
(8.13184e-13 -8.8289e-10 0)
(7.73797e-11 -1.91045e-09 0)
(5.58079e-11 -1.86621e-09 0)
(6.38127e-11 -1.97791e-09 0)
(4.6562e-11 -2.09146e-09 0)
(0 0 0)
(3.65017e-11 -1.95534e-09 0)
(7.49213e-11 -1.92549e-09 0)
(8.95568e-11 -2.08357e-09 0)
(1.1682e-10 -2.12418e-09 0)
(9.56507e-11 -1.99272e-09 0)
(-1.84956e-11 -2.12333e-09 0)
(0 0 0)
(-1.01477e-10 -3.95005e-09 0)
(-8.06939e-11 -1.74643e-09 0)
(-1.22802e-10 -1.81035e-09 0)
(-2.14977e-10 -4.5299e-09 0)
(-4.66261e-11 -1.81262e-09 0)
(-8.14158e-11 -1.79614e-09 0)
(-1.00333e-10 -1.77881e-09 0)
(-7.34243e-11 -1.68506e-09 0)
(-8.2558e-11 -1.68442e-09 0)
(5.43539e-11 -1.86323e-09 0)
(-4.93119e-11 -1.91231e-09 0)
(-7.45016e-11 -2.015e-09 0)
(1.4383e-11 -1.95617e-09 0)
(8.57088e-11 -2.0764e-09 0)
(3.87648e-11 -1.9799e-09 0)
(-8.55945e-11 -1.96054e-09 0)
(-6.34234e-11 -1.7937e-09 0)
(-5.09164e-11 -1.88525e-09 0)
(-7.29894e-11 -2.05102e-09 0)
(-6.95425e-11 -2.02726e-09 0)
(-7.72675e-11 -1.92882e-09 0)
(-2.42496e-11 -1.97126e-09 0)
(-5.88887e-11 -1.91349e-09 0)
(1.16252e-11 -1.88391e-09 0)
(-3.75452e-12 -1.8576e-09 0)
(-1.97532e-11 -1.94286e-09 0)
(8.85483e-12 -1.87213e-09 0)
(3.68481e-11 -4.19528e-09 0)
(0 0 0)
(0 0 0)
(-6.93036e-11 -1.91826e-09 0)
(6.45371e-12 -1.96151e-09 0)
(0 0 0)
(0 0 0)
(0 0 0)
(0 0 0)
(0 0 0)
(0 0 0)
(0 0 0)
(0 0 0)
(0 0 0)
(0 0 0)
(0 0 0)
(0 0 0)
(0 0 0)
(0 0 0)
(0 0 0)
(0 0 0)
(0 0 0)
(0 0 0)
(0 0 0)
(0 0 0)
(0 0 0)
(0 0 0)
(0 0 0)
(0 0 0)
(0 0 0)
(0 0 0)
(0 0 0)
(4.00457e-11 -2.05005e-09 0)
(-3.23378e-11 -1.98612e-09 0)
(1.58681e-11 -1.89733e-09 0)
(1.72731e-11 -2.03848e-09 0)
(0 0 0)
(-3.47902e-11 -3.89352e-09 0)
(-5.16866e-12 -1.90751e-09 0)
(4.44295e-11 -2.11645e-09 0)
(1.08688e-10 -2.0644e-09 0)
(6.38213e-11 -1.90396e-09 0)
(6.50753e-11 -1.9054e-09 0)
(1.20445e-10 -1.93549e-09 0)
(1.22006e-10 -1.97475e-09 0)
(1.53689e-10 -1.95994e-09 0)
(-1.2203e-10 -4.80031e-09 0)
(-5.96177e-11 -3.88807e-09 0)
(-4.29125e-11 -1.57904e-09 0)
(-9.9473e-11 -1.75467e-09 0)
(-1.11007e-10 -1.83559e-09 0)
(-1.62429e-10 -1.98242e-09 0)
(-3.65723e-11 -2.00291e-09 0)
(-3.03891e-11 -1.9561e-09 0)
(-3.73375e-11 -1.90326e-09 0)
(-2.63866e-11 -1.77335e-09 0)
(-9.37797e-11 -1.8698e-09 0)
(7.69587e-13 -1.95921e-09 0)
(8.87259e-12 -2.0349e-09 0)
(3.0272e-13 -9.11114e-11 0)
(7.49638e-12 -1.84062e-09 0)
(9.64261e-12 -3.46e-09 0)
(2.78441e-11 -3.05278e-09 0)
(-8.86778e-11 -1.90598e-09 0)
(-8.03577e-11 -1.63556e-09 0)
(0 0 0)
(-2.72302e-11 -1.88201e-09 0)
(-7.79818e-11 -2.10073e-09 0)
(-6.45134e-11 -1.98267e-09 0)
(-3.4899e-11 -1.96789e-09 0)
(-3.69664e-11 -2.95869e-09 0)
(-1.34674e-11 -3.02507e-09 0)
(-4.24786e-11 -1.72545e-09 0)
(-7.52108e-11 -1.69818e-09 0)
(4.55085e-11 -2.81798e-09 0)
(2.6622e-11 -9.53432e-10 0)
(1.11539e-11 -1.85451e-09 0)
(-1.06907e-10 -2.71426e-09 0)
(-2.72789e-11 -8.07402e-10 0)
(-3.04269e-11 -1.93612e-09 0)
(0 0 0)
(0 0 0)
(0 0 0)
(0 0 0)
(0 0 0)
(0 0 0)
(0 0 0)
(0 0 0)
(0 0 0)
(0 0 0)
(0 0 0)
(0 0 0)
(0 0 0)
(0 0 0)
(0 0 0)
(0 0 0)
(0 0 0)
(0 0 0)
(0 0 0)
(0 0 0)
(0 0 0)
(0 0 0)
(0 0 0)
(0 0 0)
(0 0 0)
(0 0 0)
(0 0 0)
(-4.54575e-11 -2.16118e-09 0)
(-1.32984e-11 -1.86197e-09 0)
(5.94553e-12 -1.77674e-09 0)
(6.52273e-11 -1.94379e-09 0)
(0 0 0)
(1.46311e-10 -1.94264e-09 0)
(3.54128e-11 -2.85108e-09 0)
(-3.80513e-12 -9.90445e-10 0)
(1.09583e-11 -1.95239e-09 0)
(3.63985e-11 -1.89873e-09 0)
(2.23397e-11 -1.85461e-09 0)
(1.17102e-10 -4.52069e-09 0)
(1.23218e-10 -1.68516e-09 0)
(-1.95053e-10 -8.10908e-09 0)
(8.21096e-11 -1.67947e-09 0)
(4.11616e-11 -1.57175e-09 0)
(-2.84561e-11 -1.84183e-09 0)
(-2.0681e-11 -1.89674e-09 0)
(0 0 0)
(-5.70384e-11 -1.88962e-09 0)
(-7.38962e-11 -2.01316e-09 0)
(-2.16118e-12 -2.03861e-09 0)
(2.9967e-11 -2.01619e-09 0)
(0 0 0)
(-3.11472e-11 -1.73186e-09 0)
(9.98069e-13 -1.86668e-09 0)
(2.64258e-11 -1.89907e-09 0)
(5.03463e-11 -1.92151e-09 0)
(3.9601e-11 -1.8873e-09 0)
(-8.94751e-11 -3.2655e-09 0)
(-2.629e-11 -3.57519e-09 0)
(6.15974e-12 -2.09383e-10 0)
(4.78158e-11 -1.56465e-09 0)
(-5.99689e-11 -1.95831e-09 0)
(-3.23951e-11 -2.21967e-09 0)
(0 0 0)
(-5.79368e-11 -1.94703e-09 0)
(-5.11123e-11 -1.96387e-09 0)
(-5.82806e-11 -2.02307e-09 0)
(-7.17573e-11 -2.00324e-09 0)
(-5.51652e-11 -3.27443e-09 0)
(-3.65292e-11 -2.48458e-09 0)
(-3.87258e-11 -1.78985e-09 0)
(5.95127e-11 -1.96137e-09 0)
(2.79102e-11 -1.854e-09 0)
(1.73844e-11 -4.10665e-09 0)
(-4.24404e-11 -1.63594e-09 0)
(-5.75451e-12 -1.78198e-09 0)
(0 0 0)
(0 0 0)
(0 0 0)
(0 0 0)
(0 0 0)
(0 0 0)
(0 0 0)
(0 0 0)
(0 0 0)
(0 0 0)
(0 0 0)
(0 0 0)
(0 0 0)
(0 0 0)
(0 0 0)
(0 0 0)
(0 0 0)
(0 0 0)
(0 0 0)
(0 0 0)
(0 0 0)
(0 0 0)
(0 0 0)
(0 0 0)
(0 0 0)
(0 0 0)
(0 0 0)
(-1.34045e-11 -2.06733e-09 0)
(9.19378e-11 -1.9358e-09 0)
(1.08551e-10 -1.78248e-09 0)
(2.95301e-11 -4.10689e-09 0)
(8.89218e-12 -1.62461e-09 0)
(2.03115e-10 -3.91619e-09 0)
(4.32257e-11 -2.74311e-09 0)
(-2.36682e-11 -2.89617e-09 0)
(0 0 0)
(-3.16133e-11 -1.89525e-09 0)
(-6.1049e-11 -1.94102e-09 0)
(-1.59871e-10 -3.61126e-09 0)
(-6.65597e-11 -2.23551e-09 0)
(-1.16103e-10 -2.68341e-09 0)
(2.02016e-10 -3.4198e-09 0)
(1.1353e-10 -1.9772e-09 0)
(0 0 0)
(-6.76383e-11 -1.92651e-09 0)
(-2.95173e-11 -1.91644e-09 0)
(5.07164e-12 -6.37254e-10 0)
(7.69092e-12 -7.63253e-10 0)
(9.19674e-12 -1.9888e-09 0)
(-5.82195e-13 -2.00257e-09 0)
(-4.80128e-11 -1.9856e-09 0)
(-3.74317e-11 -1.82052e-09 0)
(-1.57105e-11 -1.81398e-09 0)
(-1.10261e-11 -1.78013e-09 0)
(1.25544e-11 -1.86208e-09 0)
(-7.50923e-12 -1.8828e-09 0)
(-1.20765e-11 -1.83501e-09 0)
(-9.83713e-11 -1.99659e-09 0)
(7.93012e-11 -2.0561e-09 0)
(2.953e-11 -1.84241e-09 0)
(-8.40674e-11 -1.94679e-09 0)
(-3.55769e-11 -2.05073e-09 0)
(0 0 0)
(2.24659e-11 -1.87148e-09 0)
(-2.763e-11 -2.02016e-09 0)
(-4.54664e-11 -2.05855e-09 0)
(-1.19261e-12 -7.49385e-10 0)
(-1.35593e-12 -6.31657e-10 0)
(-7.30928e-11 -1.95545e-09 0)
(-3.71692e-11 -1.83488e-09 0)
(-5.4359e-11 -2.00986e-09 0)
(3.79239e-11 -2.09536e-09 0)
(0 0 0)
(-2.42955e-10 -4.25377e-09 0)
(-1.51847e-11 -1.66051e-09 0)
(0 0 0)
(0 0 0)
(0 0 0)
(0 0 0)
(0 0 0)
(0 0 0)
(0 0 0)
(0 0 0)
(0 0 0)
(0 0 0)
(0 0 0)
(0 0 0)
(0 0 0)
(0 0 0)
(0 0 0)
(0 0 0)
(0 0 0)
(0 0 0)
(0 0 0)
(0 0 0)
(0 0 0)
(0 0 0)
(0 0 0)
(0 0 0)
(0 0 0)
(0 0 0)
(0 0 0)
(2.2326e-11 -1.92172e-09 0)
(4.5726e-11 -1.79498e-09 0)
(9.25837e-11 -4.42458e-09 0)
(-7.28863e-12 -1.75082e-09 0)
(-4.98737e-11 -4.01868e-09 0)
(-1.78909e-10 -4.17554e-09 0)
(-1.19829e-12 -1.67064e-09 0)
(2.516e-10 -3.75669e-09 0)
(4.05363e-11 -1.53421e-09 0)
(2.54375e-11 -1.77976e-09 0)
(-5.67091e-11 -1.94069e-09 0)
(-9.81627e-11 -1.99517e-09 0)
(-9.61413e-11 -2.01783e-09 0)
(-1.52782e-11 -1.95282e-09 0)
(4.77616e-11 -1.82424e-09 0)
(5.72946e-11 -2.21333e-09 0)
(0 0 0)
(-2.98668e-11 -1.91123e-09 0)
(1.91472e-13 -2.12831e-09 0)
(0 0 0)
(1.99482e-11 -1.93468e-09 0)
(3.5999e-11 -1.93009e-09 0)
(4.26718e-13 -3.02713e-11 0)
(2.7868e-11 -1.9994e-09 0)
(-3.67822e-11 -1.9089e-09 0)
(-8.61733e-11 -1.87467e-09 0)
(-4.86472e-11 -1.95036e-09 0)
(-1.72807e-11 -2.86868e-09 0)
(1.77708e-11 -3.03018e-09 0)
(2.27647e-11 -1.79515e-09 0)
(6.46366e-12 -1.85284e-09 0)
(1.29949e-11 -1.86098e-09 0)
(4.8808e-11 -1.89291e-09 0)
(-2.77091e-12 -8.68443e-10 0)
(-1.69283e-12 -4.02013e-10 0)
(5.94302e-11 -1.96737e-09 0)
(-1.78039e-11 -2.02803e-09 0)
(-2.88342e-11 -2.0912e-09 0)
(0 0 0)
(1.10439e-11 -1.99899e-09 0)
(6.78731e-11 -2.08675e-09 0)
(0 0 0)
(-4.66489e-11 -1.80705e-09 0)
(5.78758e-12 -2.18158e-09 0)
(-3.20292e-12 -2.19165e-10 0)
(-2.56302e-11 -4.74478e-09 0)
(-1.35333e-10 -1.78594e-09 0)
(-3.63516e-11 -1.66125e-09 0)
(4.14022e-11 -1.65286e-09 0)
(0 0 0)
(0 0 0)
(0 0 0)
(0 0 0)
(0 0 0)
(0 0 0)
(0 0 0)
(0 0 0)
(0 0 0)
(0 0 0)
(0 0 0)
(0 0 0)
(0 0 0)
(0 0 0)
(0 0 0)
(0 0 0)
(0 0 0)
(0 0 0)
(0 0 0)
(0 0 0)
(0 0 0)
(0 0 0)
(0 0 0)
(0 0 0)
(0 0 0)
(0 0 0)
(-1.39641e-10 -1.96414e-09 0)
(-6.29803e-11 -1.78822e-09 0)
(-6.857e-11 -1.81375e-09 0)
(-8.06766e-11 -4.62637e-09 0)
(-4.25681e-11 -1.79567e-09 0)
(-4.99297e-11 -1.94085e-09 0)
(-4.79487e-11 -3.9628e-09 0)
(-1.06102e-11 -3.66082e-09 0)
(1.15841e-10 -3.72308e-09 0)
(6.25564e-12 -1.73392e-09 0)
(-1.03499e-10 -1.80416e-09 0)
(-3.5178e-11 -1.98601e-09 0)
(-7.65963e-11 -1.93685e-09 0)
(-6.67643e-11 -1.90545e-09 0)
(0 0 0)
(-8.96007e-11 -4.43945e-09 0)
(7.21331e-11 -1.92641e-09 0)
(7.75737e-11 -1.77062e-09 0)
(8.54737e-12 -2.65813e-10 0)
(9.42591e-11 -2.30455e-09 0)
(5.05483e-11 -9.91437e-10 0)
(9.33071e-11 -1.84801e-09 0)
(1.07182e-10 -2.05595e-09 0)
(1.35041e-10 -2.01774e-09 0)
(-7.26782e-11 -2.0345e-09 0)
(0 0 0)
(-7.711e-11 -1.87383e-09 0)
(-4.9187e-11 -2.02969e-09 0)
(-3.79634e-12 -2.72315e-10 0)
(-1.15158e-11 -3.65922e-09 0)
(3.56155e-11 -1.81908e-09 0)
(-3.15285e-11 -4.17986e-09 0)
(1.26224e-11 -1.74004e-09 0)
(4.10031e-11 -1.85665e-09 0)
(6.11282e-12 -1.81497e-09 0)
(1.03708e-10 -2.00688e-09 0)
(0 0 0)
(-6.87276e-11 -2.05039e-09 0)
(-1.02418e-12 -1.98565e-09 0)
(1.02054e-10 -2.02494e-09 0)
(-2.98046e-11 -1.92555e-09 0)
(0 0 0)
(-1.02022e-11 -1.8682e-09 0)
(1.3457e-11 -2.28408e-09 0)
(0 0 0)
(-9.33593e-11 -2.22732e-09 0)
(1.51989e-11 -1.78192e-09 0)
(-1.83938e-11 -1.70376e-09 0)
(-5.2552e-11 -1.73209e-09 0)
(-1.11863e-10 -1.77426e-09 0)
(0 0 0)
(0 0 0)
(0 0 0)
(0 0 0)
(0 0 0)
(0 0 0)
(0 0 0)
(0 0 0)
(0 0 0)
(0 0 0)
(0 0 0)
(0 0 0)
(0 0 0)
(0 0 0)
(0 0 0)
(0 0 0)
(0 0 0)
(0 0 0)
(0 0 0)
(0 0 0)
(0 0 0)
(0 0 0)
(0 0 0)
(0 0 0)
(0 0 0)
(-6.66057e-11 -2.06684e-09 0)
(-6.54571e-11 -1.96299e-09 0)
(-1.15658e-10 -2.00167e-09 0)
(-9.02573e-11 -2.03205e-09 0)
(-1.94006e-11 -2.01363e-09 0)
(-5.50125e-13 -2.01439e-09 0)
(1.11159e-11 -1.99074e-09 0)
(-6.58854e-11 -1.87679e-09 0)
(-1.65004e-10 -1.8635e-09 0)
(-2.23464e-10 -4.41084e-09 0)
(-4.65022e-11 -1.77392e-09 0)
(-8.71273e-11 -1.78747e-09 0)
(-1.08094e-11 -3.56376e-09 0)
(-1.08929e-10 -4.10628e-09 0)
(0 0 0)
(0 0 0)
(2.88875e-11 -1.87997e-09 0)
(9.76165e-11 -1.94972e-09 0)
(8.31099e-11 -2.01938e-09 0)
(1.1906e-10 -2.01636e-09 0)
(1.53896e-10 -1.90212e-09 0)
(1.63279e-10 -1.84411e-09 0)
(1.22024e-10 -1.92398e-09 0)
(2.42448e-11 -2.13009e-09 0)
(-1.02327e-11 -6.62318e-10 0)
(-1.08532e-11 -7.83177e-10 0)
(-6.17438e-11 -1.87791e-09 0)
(-5.61137e-11 -1.90022e-09 0)
(-2.1659e-11 -1.91685e-09 0)
(-1.72262e-11 -1.92706e-09 0)
(2.87055e-11 -2.05677e-09 0)
(-9.02468e-12 -1.87824e-09 0)
(-1.63534e-11 -1.86951e-09 0)
(2.85107e-12 -1.88597e-09 0)
(1.83983e-11 -2.34728e-09 0)
(7.42694e-11 -4.32432e-09 0)
(5.15602e-11 -2.25377e-09 0)
(0 0 0)
(2.80311e-11 -1.8044e-09 0)
(2.54481e-11 -1.96128e-09 0)
(-8.96007e-11 -3.23647e-09 0)
(-1.01056e-11 -4.25919e-10 0)
(2.87779e-11 -1.7712e-09 0)
(0 0 0)
(-4.97815e-11 -4.97356e-09 0)
(2.53765e-11 -2.01977e-09 0)
(4.11521e-11 -2.56622e-09 0)
(-5.13166e-11 -2.92247e-09 0)
(-1.55536e-10 -1.68596e-09 0)
(0 0 0)
(0 0 0)
(0 0 0)
(0 0 0)
(0 0 0)
(0 0 0)
(0 0 0)
(0 0 0)
(0 0 0)
(0 0 0)
(0 0 0)
(0 0 0)
(0 0 0)
(0 0 0)
(0 0 0)
(0 0 0)
(0 0 0)
(0 0 0)
(0 0 0)
(0 0 0)
(0 0 0)
(0 0 0)
(0 0 0)
(0 0 0)
(0 0 0)
(0 0 0)
(-5.934e-11 -2.13711e-09 0)
(-6.77828e-11 -1.98859e-09 0)
(0 0 0)
(0 0 0)
(0 0 0)
(0 0 0)
(0 0 0)
(0 0 0)
(0 0 0)
(-1.67063e-10 -2.14193e-09 0)
(1.08519e-11 -2.2899e-09 0)
(0 0 0)
(0 0 0)
(0 0 0)
(-4.50596e-11 -4.09671e-09 0)
(1.55789e-11 -1.82778e-09 0)
(1.5432e-11 -1.9317e-09 0)
(8.16888e-11 -1.98452e-09 0)
(6.15862e-11 -1.91114e-09 0)
(-3.48876e-11 -1.9017e-09 0)
(3.54709e-11 -3.98509e-09 0)
(1.75621e-10 -1.68386e-09 0)
(7.10104e-11 -4.64432e-09 0)
(2.09852e-11 -2.0746e-09 0)
(0 0 0)
(7.09777e-11 -1.90987e-09 0)
(-6.69328e-12 -1.86866e-09 0)
(3.67355e-12 -1.82528e-09 0)
(-1.69692e-13 -1.84792e-09 0)
(7.64538e-12 -1.83891e-09 0)
(-1.7358e-11 -1.91941e-09 0)
(-5.88539e-11 -1.9498e-09 0)
(-9.20703e-11 -1.91507e-09 0)
(-7.12447e-11 -1.8906e-09 0)
(-2.13615e-12 -1.86878e-09 0)
(-3.45095e-11 -1.94693e-09 0)
(9.26268e-11 -2.49172e-09 0)
(4.87698e-11 -1.72139e-09 0)
(4.75661e-11 -1.92942e-09 0)
(0 0 0)
(0 0 0)
(3.20535e-12 -1.8051e-09 0)
(-4.68142e-11 -1.92597e-09 0)
(-5.99704e-11 -4.66703e-09 0)
(-7.85611e-11 -1.84355e-09 0)
(1.15975e-11 -4.45279e-09 0)
(-8.48222e-11 -1.76418e-09 0)
(-1.01251e-10 -2.76935e-09 0)
(-1.74149e-11 -6.98228e-10 0)
(0 0 0)
(0 0 0)
(0 0 0)
(0 0 0)
(0 0 0)
(0 0 0)
(0 0 0)
(0 0 0)
(0 0 0)
(0 0 0)
(0 0 0)
(0 0 0)
(0 0 0)
(0 0 0)
(0 0 0)
(0 0 0)
(0 0 0)
(0 0 0)
(0 0 0)
(0 0 0)
(0 0 0)
(0 0 0)
(0 0 0)
(0 0 0)
(0 0 0)
(0 0 0)
(0 0 0)
(-1.82496e-12 -2.05741e-09 0)
(-3.54528e-11 -1.89256e-09 0)
(3.43212e-11 -1.9068e-09 0)
(5.31957e-11 -1.90281e-09 0)
(7.28545e-11 -1.90618e-09 0)
(6.89679e-11 -1.97908e-09 0)
(6.17144e-11 -2.07262e-09 0)
(-1.01039e-11 -1.94975e-09 0)
(6.10989e-12 -1.62466e-09 0)
(-9.20343e-11 -1.73586e-09 0)
(-5.20526e-12 -6.10634e-10 0)
(-5.40207e-11 -2.70035e-09 0)
(-9.00985e-11 -3.88749e-09 0)
(-1.03032e-10 -1.91578e-09 0)
(-1.10621e-10 -1.98639e-09 0)
(-4.20413e-11 -1.93166e-09 0)
(-8.54455e-11 -1.90763e-09 0)
(-1.25376e-10 -1.76873e-09 0)
(-1.55872e-10 -4.05834e-09 0)
(1.52733e-12 -1.65006e-09 0)
(5.20883e-11 -4.39984e-09 0)
(2.81977e-12 -1.85408e-09 0)
(1.25609e-10 -1.85623e-09 0)
(1.06061e-10 -1.98587e-09 0)
(1.37686e-10 -1.83921e-09 0)
(8.64292e-11 -1.76981e-09 0)
(5.86367e-11 -1.73687e-09 0)
(1.62815e-11 -1.68518e-09 0)
(2.42827e-12 -1.81474e-09 0)
(3.49199e-12 -1.95948e-09 0)
(-1.18598e-10 -2.02067e-09 0)
(-8.29066e-11 -1.89441e-09 0)
(-4.00298e-11 -1.8886e-09 0)
(-7.70474e-12 -1.92169e-09 0)
(8.06827e-11 -1.80459e-09 0)
(1.7629e-10 -2.08099e-09 0)
(1.28355e-10 -1.95651e-09 0)
(1.04244e-10 -1.88713e-09 0)
(8.27149e-11 -1.97443e-09 0)
(9.9548e-11 -2.02711e-09 0)
(0 0 0)
(0 0 0)
(0 0 0)
(-6.57002e-11 -2.01172e-09 0)
(-1.62103e-10 -2.04314e-09 0)
(-1.81936e-10 -1.99636e-09 0)
(-1.35604e-10 -1.8786e-09 0)
(0 0 0)
(0 0 0)
(0 0 0)
(0 0 0)
(0 0 0)
(0 0 0)
(0 0 0)
(0 0 0)
(0 0 0)
(0 0 0)
(0 0 0)
(0 0 0)
(0 0 0)
(0 0 0)
(0 0 0)
(0 0 0)
(0 0 0)
(0 0 0)
(0 0 0)
(0 0 0)
(0 0 0)
(0 0 0)
(0 0 0)
(0 0 0)
(0 0 0)
(0 0 0)
(0 0 0)
(1.18688e-10 -2.27241e-09 0)
(0 0 0)
(0 0 0)
(1.77594e-10 -3.97568e-09 0)
(8.2825e-11 -1.65261e-09 0)
(1.2653e-10 -1.77621e-09 0)
(2.05136e-10 -5.65593e-09 0)
(9.74042e-12 -4.29679e-10 0)
(8.04393e-11 -1.88985e-09 0)
(-1.05758e-10 -2.028e-09 0)
(-3.65803e-11 -1.96494e-09 0)
(-3.52356e-11 -1.88054e-09 0)
(-6.71426e-11 -1.84828e-09 0)
(-3.84279e-11 -1.81886e-09 0)
(-3.9127e-11 -1.86905e-09 0)
(-3.57901e-11 -1.82856e-09 0)
(-3.78616e-11 -1.82152e-09 0)
(-7.88772e-11 -2.0538e-09 0)
(-4.20346e-11 -8.14913e-10 0)
(-2.28227e-11 -4.12072e-10 0)
(-5.16203e-11 -1.78105e-09 0)
(-3.31728e-11 -3.59002e-09 0)
(4.87367e-11 -2.66981e-09 0)
(2.39627e-11 -1.91471e-09 0)
(9.58255e-11 -1.94774e-09 0)
(1.24578e-10 -2.01347e-09 0)
(1.09303e-10 -1.9733e-09 0)
(1.71347e-10 -4.06627e-09 0)
(-7.90185e-12 -1.63331e-09 0)
(-4.61991e-11 -1.87202e-09 0)
(-4.09802e-11 -2.23585e-09 0)
(0 0 0)
(2.05031e-11 -1.9269e-09 0)
(-2.47927e-11 -1.89455e-09 0)
(2.65076e-12 -1.8654e-09 0)
(-2.0256e-11 -1.92931e-09 0)
(1.05545e-10 -4.57879e-09 0)
(1.10719e-10 -1.84541e-09 0)
(1.29055e-10 -1.82713e-09 0)
(1.24944e-10 -4.26229e-09 0)
(1.60063e-10 -1.81786e-09 0)
(2.25205e-10 -3.17891e-09 0)
(-1.16613e-11 -5.35288e-09 0)
(-2.04163e-11 -1.6117e-09 0)
(1.12448e-11 -1.62252e-09 0)
(-7.40223e-11 -1.8976e-09 0)
(0 0 0)
(0 0 0)
(0 0 0)
(0 0 0)
(0 0 0)
(0 0 0)
(0 0 0)
(0 0 0)
(0 0 0)
(0 0 0)
(0 0 0)
(0 0 0)
(0 0 0)
(0 0 0)
(0 0 0)
(0 0 0)
(0 0 0)
(0 0 0)
(0 0 0)
(0 0 0)
(0 0 0)
(0 0 0)
(0 0 0)
(0 0 0)
(0 0 0)
(0 0 0)
(0 0 0)
(0 0 0)
(0 0 0)
(5.95247e-11 -3.84475e-09 0)
(9.95979e-12 -2.81032e-10 0)
(6.60593e-11 -1.94081e-09 0)
(0 0 0)
(1.18922e-10 -3.84872e-09 0)
(5.24105e-11 -3.88118e-09 0)
(1.75112e-11 -2.83856e-09 0)
(1.38796e-10 -2.99023e-09 0)
(-3.52734e-11 -2.18853e-09 0)
(-1.32834e-11 -4.51103e-10 0)
(-3.31787e-11 -1.04311e-09 0)
(-1.49011e-11 -1.88394e-09 0)
(2.27087e-11 -4.30628e-09 0)
(-4.06028e-11 -1.66902e-09 0)
(-1.58807e-12 -1.83516e-09 0)
(0 0 0)
(-1.20983e-11 -1.72413e-09 0)
(-2.2463e-11 -2.26511e-09 0)
(0 0 0)
(-1.27217e-10 -1.78177e-09 0)
(-4.98869e-11 -1.85049e-09 0)
(2.30523e-11 -2.29325e-09 0)
(4.82203e-11 -2.06807e-09 0)
(1.04491e-10 -1.84467e-09 0)
(8.2152e-11 -1.80564e-09 0)
(9.44666e-11 -2.54865e-09 0)
(3.65349e-11 -3.04586e-09 0)
(1.19498e-12 -4.19964e-09 0)
(-2.59384e-11 -1.62936e-09 0)
(-3.66455e-11 -1.81609e-09 0)
(0 0 0)
(1.25517e-10 -1.99912e-09 0)
(4.44772e-11 -1.99116e-09 0)
(-2.74297e-11 -1.93468e-09 0)
(-4.73207e-11 -1.89011e-09 0)
(-1.39598e-11 -1.90477e-09 0)
(-5.48883e-11 -1.72934e-09 0)
(-3.38483e-11 -2.79487e-09 0)
(1.25616e-10 -3.5636e-09 0)
(8.30821e-11 -1.7842e-09 0)
(1.03466e-10 -1.6895e-09 0)
(-4.83159e-11 -4.55507e-09 0)
(-1.75633e-11 -1.77776e-09 0)
(-1.09162e-11 -1.64989e-09 0)
(4.23038e-11 -4.66117e-09 0)
(0 0 0)
(0 0 0)
(0 0 0)
(0 0 0)
(0 0 0)
(0 0 0)
(0 0 0)
(0 0 0)
(0 0 0)
(0 0 0)
(0 0 0)
(0 0 0)
(0 0 0)
(0 0 0)
(0 0 0)
(0 0 0)
(0 0 0)
(0 0 0)
(0 0 0)
(0 0 0)
(0 0 0)
(0 0 0)
(0 0 0)
(0 0 0)
(0 0 0)
(0 0 0)
(0 0 0)
(0 0 0)
(0 0 0)
(0 0 0)
(1.02106e-10 -1.92207e-09 0)
(3.02527e-11 -2.01475e-09 0)
(6.46457e-11 -1.87192e-09 0)
(6.44778e-11 -1.80812e-09 0)
(-3.56326e-11 -1.82739e-09 0)
(-9.95733e-11 -1.80753e-09 0)
(0 0 0)
(-9.24245e-11 -2.08964e-09 0)
(2.56575e-12 -2.2872e-09 0)
(1.00147e-10 -2.01693e-09 0)
(8.28715e-11 -1.96102e-09 0)
(7.84413e-11 -1.94842e-09 0)
(-3.43977e-11 -1.95029e-09 0)
(-2.1631e-11 -1.76094e-09 0)
(-3.86992e-11 -1.85544e-09 0)
(0 0 0)
(-6.16263e-12 -1.86817e-09 0)
(4.21675e-11 -2.22575e-09 0)
(-5.81591e-13 -2.06112e-10 0)
(-1.38003e-11 -1.75143e-09 0)
(-7.13001e-11 -1.89524e-09 0)
(-4.18346e-12 -4.26978e-10 0)
(3.02409e-11 -3.54477e-09 0)
(3.74539e-11 -1.94517e-09 0)
(1.53556e-11 -1.92706e-09 0)
(1.73993e-10 -4.17154e-09 0)
(2.58204e-11 -1.89577e-09 0)
(-1.75884e-11 -1.78363e-09 0)
(-3.20286e-11 -1.81486e-09 0)
(-6.65158e-12 -1.83745e-09 0)
(7.42733e-11 -1.963e-09 0)
(1.20656e-10 -2.03802e-09 0)
(2.17875e-11 -1.98163e-09 0)
(-7.23383e-11 -1.91015e-09 0)
(-9.38134e-11 -1.92649e-09 0)
(-7.1414e-11 -1.97462e-09 0)
(-8.25638e-11 -1.80178e-09 0)
(-4.86848e-11 -1.85365e-09 0)
(-1.57312e-11 -2.01688e-09 0)
(4.35706e-11 -1.81449e-09 0)
(2.38535e-11 -3.92454e-09 0)
(5.69083e-11 -4.00284e-09 0)
(1.45671e-10 -2.49785e-09 0)
(-7.17817e-11 -3.41035e-09 0)
(-2.05164e-11 -1.84941e-09 0)
(-3.89473e-11 -2.2176e-09 0)
(0 0 0)
(0 0 0)
(0 0 0)
(0 0 0)
(0 0 0)
(0 0 0)
(0 0 0)
(0 0 0)
(0 0 0)
(0 0 0)
(0 0 0)
(0 0 0)
(0 0 0)
(0 0 0)
(0 0 0)
(0 0 0)
(0 0 0)
(0 0 0)
(0 0 0)
(0 0 0)
(0 0 0)
(0 0 0)
(0 0 0)
(0 0 0)
(0 0 0)
(0 0 0)
(0 0 0)
(0 0 0)
(0 0 0)
(6.12938e-11 -1.85644e-09 0)
(1.06366e-10 -3.58854e-09 0)
(1.96162e-10 -2.36794e-09 0)
(8.51424e-11 -1.78409e-09 0)
(3.56055e-11 -1.93287e-09 0)
(-1.00785e-10 -1.91364e-09 0)
(-8.70885e-11 -1.94556e-09 0)
(-4.76796e-12 -2.36892e-10 0)
(-3.30834e-11 -1.59066e-09 0)
(2.44052e-11 -1.98264e-09 0)
(3.96597e-11 -1.9393e-09 0)
(5.39419e-11 -2.15084e-09 0)
(0 0 0)
(-1.69841e-11 -1.79391e-09 0)
(5.11162e-11 -1.87119e-09 0)
(-7.75072e-12 -8.11751e-10 0)
(-4.4322e-12 -4.15989e-10 0)
(-3.94599e-11 -3.32472e-09 0)
(-3.37401e-11 -3.0339e-09 0)
(-2.6285e-11 -1.84475e-09 0)
(-5.14418e-11 -1.80644e-09 0)
(-2.3029e-11 -6.43745e-10 0)
(-3.05551e-11 -7.41257e-10 0)
(-5.12958e-12 -1.85852e-09 0)
(-3.67612e-11 -1.9859e-09 0)
(4.12911e-11 -1.80832e-09 0)
(3.71797e-11 -2.0549e-09 0)
(-3.82388e-11 -2.03801e-09 0)
(0 0 0)
(-2.47347e-11 -3.8921e-09 0)
(8.26909e-11 -1.73372e-09 0)
(2.61532e-10 -4.47192e-09 0)
(7.43167e-11 -1.93838e-09 0)
(-2.20439e-11 -1.89583e-09 0)
(-5.38949e-11 -1.81034e-09 0)
(-2.15919e-11 -1.71065e-09 0)
(-4.17373e-11 -1.7334e-09 0)
(0 0 0)
(-2.21654e-11 -1.87761e-09 0)
(-4.53528e-11 -1.96025e-09 0)
(-3.7249e-11 -1.96621e-09 0)
(6.6869e-11 -1.98774e-09 0)
(6.04313e-11 -5.09884e-09 0)
(-9.22039e-11 -1.89509e-09 0)
(-1.23787e-10 -1.82183e-09 0)
(-4.66475e-11 -1.8651e-09 0)
(1.80828e-11 -1.85742e-09 0)
(0 0 0)
(0 0 0)
(0 0 0)
(0 0 0)
(0 0 0)
(0 0 0)
(0 0 0)
(0 0 0)
(0 0 0)
(0 0 0)
(0 0 0)
(0 0 0)
(0 0 0)
(0 0 0)
(0 0 0)
(0 0 0)
(0 0 0)
(0 0 0)
(0 0 0)
(0 0 0)
(0 0 0)
(0 0 0)
(0 0 0)
(0 0 0)
(0 0 0)
(0 0 0)
(0 0 0)
(0 0 0)
(1.56702e-10 -3.61312e-09 0)
(1.10514e-10 -1.77333e-09 0)
(9.2846e-11 -1.79015e-09 0)
(1.09657e-10 -3.52951e-09 0)
(-7.07107e-11 -2.54652e-09 0)
(0 0 0)
(-3.73795e-11 -1.8108e-09 0)
(-3.14422e-11 -1.95719e-09 0)
(-2.9364e-12 -1.91196e-10 0)
(-3.20576e-11 -1.79371e-09 0)
(-2.5102e-11 -1.89444e-09 0)
(2.9063e-11 -2.06039e-09 0)
(9.66112e-11 -2.09414e-09 0)
(5.77585e-11 -1.98617e-09 0)
(4.67789e-11 -1.89468e-09 0)
(4.9993e-11 -1.94819e-09 0)
(-7.54945e-12 -1.9037e-09 0)
(3.05869e-11 -1.78491e-09 0)
(-3.17934e-11 -1.875e-09 0)
(6.06617e-11 -1.8482e-09 0)
(6.12624e-11 -1.8143e-09 0)
(-6.0094e-11 -1.93137e-09 0)
(0 0 0)
(-1.1277e-12 -1.83592e-09 0)
(1.95251e-11 -7.48325e-10 0)
(1.66642e-11 -5.70349e-10 0)
(-1.67937e-11 -1.99477e-09 0)
(-8.67086e-11 -2.18904e-09 0)
(0 0 0)
(0 0 0)
(1.04407e-10 -3.82183e-09 0)
(-3.18088e-11 -1.86736e-09 0)
(1.04938e-10 -4.76195e-09 0)
(1.2038e-11 -1.78721e-09 0)
(-2.1179e-11 -1.78429e-09 0)
(-1.18116e-10 -2.98014e-09 0)
(-2.61772e-11 -4.98302e-10 0)
(-1.71092e-10 -3.70071e-09 0)
(-3.04463e-10 -6.30156e-09 0)
(-4.15171e-11 -4.2902e-09 0)
(-2.20281e-11 -1.78259e-09 0)
(-2.78e-11 -2.16239e-09 0)
(-6.46991e-11 -2.34143e-09 0)
(-3.92974e-11 -2.06231e-09 0)
(-7.18739e-11 -1.73978e-09 0)
(-9.00098e-12 -1.64414e-09 0)
(0 0 0)
(0 0 0)
(0 0 0)
(0 0 0)
(0 0 0)
(0 0 0)
(0 0 0)
(0 0 0)
(0 0 0)
(0 0 0)
(0 0 0)
(0 0 0)
(0 0 0)
(0 0 0)
(0 0 0)
(0 0 0)
(0 0 0)
(0 0 0)
(0 0 0)
(0 0 0)
(0 0 0)
(0 0 0)
(0 0 0)
(0 0 0)
(0 0 0)
(0 0 0)
(0 0 0)
(0 0 0)
(0 0 0)
(1.54549e-10 -3.2679e-09 0)
(9.8788e-11 -1.7077e-09 0)
(1.89531e-10 -3.95887e-09 0)
(8.63573e-11 -1.86941e-09 0)
(0 0 0)
(-1.62121e-11 -1.78764e-09 0)
(2.42753e-11 -1.89597e-09 0)
(1.42691e-11 -1.97516e-09 0)
(-1.78257e-11 -1.99958e-09 0)
(0 0 0)
(-2.25406e-11 -1.95043e-09 0)
(2.84283e-11 -1.97088e-09 0)
(-8.37902e-11 -2.95426e-09 0)
(3.95684e-11 -2.31185e-09 0)
(4.3367e-11 -1.8463e-09 0)
(2.4065e-11 -1.70363e-09 0)
(4.76507e-12 -1.63214e-09 0)
(-1.55164e-11 -1.28395e-09 0)
(9.73826e-11 -1.9789e-09 0)
(1.43781e-10 -1.86903e-09 0)
(1.09632e-10 -1.95181e-09 0)
(-9.5023e-11 -1.93302e-09 0)
(0 0 0)
(-9.34302e-12 -1.87925e-09 0)
(4.51156e-11 -1.95016e-09 0)
(-2.47185e-11 -2.28342e-09 0)
(-1.05151e-10 -2.32206e-09 0)
(-7.62417e-13 -2.51235e-10 0)
(1.71692e-12 -1.53091e-09 0)
(9.91148e-11 -3.77123e-09 0)
(-5.17574e-12 -1.73797e-09 0)
(1.65955e-11 -4.508e-09 0)
(-3.72119e-11 -1.81409e-09 0)
(-5.34832e-11 -1.87661e-09 0)
(2.92135e-11 -1.8946e-09 0)
(-1.11974e-10 -2.93386e-09 0)
(-5.92301e-11 -1.36628e-09 0)
(-4.96544e-11 -1.14107e-09 0)
(-1.34349e-10 -1.84341e-09 0)
(-1.09356e-10 -1.97305e-09 0)
(-7.68363e-11 -1.98141e-09 0)
(-1.59707e-10 -4.99443e-09 0)
(-4.17846e-11 -2.06963e-09 0)
(1.33025e-11 -1.98198e-09 0)
(1.10452e-10 -1.89428e-09 0)
(8.87745e-11 -1.82801e-09 0)
(0 0 0)
(0 0 0)
(0 0 0)
(0 0 0)
(0 0 0)
(0 0 0)
(0 0 0)
(0 0 0)
(0 0 0)
(0 0 0)
(0 0 0)
(0 0 0)
(0 0 0)
(0 0 0)
(0 0 0)
(0 0 0)
(0 0 0)
(0 0 0)
(0 0 0)
(0 0 0)
(0 0 0)
(0 0 0)
(0 0 0)
(0 0 0)
(0 0 0)
(0 0 0)
(0 0 0)
(0 0 0)
(0 0 0)
(7.63741e-11 -3.70766e-09 0)
(-2.06003e-12 -3.92378e-09 0)
(4.54545e-11 -1.59767e-09 0)
(1.55535e-11 -4.44284e-09 0)
(-3.90145e-12 -1.86844e-09 0)
(5.88698e-11 -1.87762e-09 0)
(-3.09922e-12 -2.73372e-10 0)
(-2.0836e-11 -1.5284e-09 0)
(3.26792e-12 -1.96432e-09 0)
(2.25946e-11 -1.93545e-09 0)
(3.79754e-12 -1.96854e-09 0)
(-1.62138e-12 -2.05717e-09 0)
(2.15992e-11 -7.08503e-10 0)
(2.46871e-11 -7.07213e-10 0)
(7.1627e-11 -1.90564e-09 0)
(7.215e-11 -1.91291e-09 0)
(4.42849e-11 -1.91422e-09 0)
(4.9676e-11 -1.95463e-09 0)
(6.057e-11 -1.84508e-09 0)
(1.39235e-10 -1.93152e-09 0)
(2.66497e-11 -1.97473e-09 0)
(0 0 0)
(-4.67255e-12 -1.84854e-09 0)
(-1.33564e-11 -1.90206e-09 0)
(-4.83865e-11 -1.90773e-09 0)
(-1.01767e-10 -2.06879e-09 0)
(-8.81137e-11 -2.23007e-09 0)
(1.44952e-11 -5.1994e-10 0)
(9.75979e-11 -2.7951e-09 0)
(-6.90311e-11 -2.86795e-09 0)
(-1.42265e-10 -2.57598e-09 0)
(-8.6467e-11 -1.84057e-09 0)
(-2.49806e-11 -1.88125e-09 0)
(9.33152e-11 -3.65164e-09 0)
(-2.30973e-11 -2.67838e-09 0)
(-2.86416e-12 -6.50448e-10 0)
(-4.42452e-12 -7.74071e-10 0)
(-5.23644e-11 -1.80632e-09 0)
(-6.18295e-11 -1.96535e-09 0)
(-1.60105e-11 -2.39579e-09 0)
(0 0 0)
(-6.76147e-11 -2.06717e-09 0)
(0 0 0)
(0 0 0)
(0 0 0)
(1.01818e-11 -1.88771e-09 0)
(3.16833e-10 -4.40908e-09 0)
(3.6868e-11 -1.60572e-09 0)
(0 0 0)
(0 0 0)
(0 0 0)
(0 0 0)
(0 0 0)
(0 0 0)
(0 0 0)
(0 0 0)
(0 0 0)
(0 0 0)
(0 0 0)
(0 0 0)
(0 0 0)
(0 0 0)
(0 0 0)
(0 0 0)
(0 0 0)
(0 0 0)
(0 0 0)
(0 0 0)
(0 0 0)
(0 0 0)
(0 0 0)
(0 0 0)
(0 0 0)
(0 0 0)
(0 0 0)
(-5.71005e-11 -1.91062e-09 0)
(-5.53785e-11 -5.64e-09 0)
(-2.66342e-11 -2.02291e-09 0)
(-3.5988e-11 -1.85536e-09 0)
(-1.10063e-11 -4.23984e-09 0)
(9.78867e-11 -1.64088e-09 0)
(6.85946e-11 -1.82063e-09 0)
(3.34483e-11 -1.83334e-09 0)
(4.5794e-11 -1.8822e-09 0)
(6.93473e-11 -1.94699e-09 0)
(4.50866e-11 -1.95371e-09 0)
(6.59314e-12 -2.1122e-09 0)
(7.12582e-13 -7.38895e-11 0)
(1.8958e-11 -1.9431e-09 0)
(4.05503e-11 -2.00253e-09 0)
(1.09811e-10 -1.93169e-09 0)
(7.56722e-11 -2.08716e-09 0)
(8.82859e-11 -1.95392e-09 0)
(1.14971e-10 -1.92167e-09 0)
(1.31676e-10 -1.93798e-09 0)
(4.83197e-11 -1.94387e-09 0)
(0 0 0)
(-1.86794e-11 -4.23363e-09 0)
(-6.50707e-11 -1.83399e-09 0)
(-7.38659e-11 -3.23477e-09 0)
(-1.15267e-10 -2.9506e-09 0)
(-3.54396e-11 -1.92789e-09 0)
(-3.14348e-11 -1.75387e-09 0)
(-8.67754e-11 -1.75367e-09 0)
(-3.4837e-11 -9.07292e-10 0)
(-1.2316e-11 -5.58032e-10 0)
(-1.60213e-11 -1.62312e-09 0)
(-2.30647e-11 -1.89946e-09 0)
(1.71459e-11 -2.03995e-09 0)
(-9.27771e-11 -2.03388e-09 0)
(7.24708e-11 -2.01352e-09 0)
(-1.14354e-11 -6.14979e-10 0)
(-1.19532e-11 -5.73175e-10 0)
(-2.74353e-11 -1.86821e-09 0)
(-4.1556e-11 -1.9945e-09 0)
(2.48164e-11 -2.1312e-09 0)
(-2.45279e-11 -2.1236e-09 0)
(0 0 0)
(2.73538e-11 -2.01722e-09 0)
(6.65925e-11 -4.74406e-09 0)
(-1.06394e-10 -1.92371e-09 0)
(-1.1693e-10 -4.16121e-09 0)
(1.11712e-10 -1.69777e-09 0)
(1.11937e-10 -1.75596e-09 0)
(0 0 0)
(0 0 0)
(0 0 0)
(0 0 0)
(0 0 0)
(0 0 0)
(0 0 0)
(0 0 0)
(0 0 0)
(0 0 0)
(0 0 0)
(0 0 0)
(0 0 0)
(0 0 0)
(0 0 0)
(0 0 0)
(0 0 0)
(0 0 0)
(0 0 0)
(0 0 0)
(0 0 0)
(0 0 0)
(0 0 0)
(0 0 0)
(0 0 0)
(0 0 0)
(0 0 0)
(-3.16704e-12 -4.1286e-10 0)
(-1.30147e-10 -3.25868e-09 0)
(-6.72339e-11 -1.76389e-09 0)
(-8.9105e-12 -1.81872e-09 0)
(1.07756e-10 -4.33963e-09 0)
(3.23108e-11 -1.61372e-09 0)
(0 0 0)
(-4.58062e-11 -1.72681e-09 0)
(3.37231e-11 -4.176e-09 0)
(7.71006e-11 -1.82087e-09 0)
(8.42372e-11 -2.01168e-09 0)
(1.21423e-11 -1.80568e-09 0)
(3.48037e-12 -1.96725e-09 0)
(-1.12108e-11 -1.9671e-09 0)
(6.80713e-11 -2.02242e-09 0)
(9.79224e-11 -1.88952e-09 0)
(1.2055e-10 -1.91407e-09 0)
(1.24639e-10 -1.95642e-09 0)
(9.87266e-11 -1.85611e-09 0)
(3.71976e-11 -1.75286e-09 0)
(-2.49608e-10 -7.18888e-09 0)
(-5.94851e-11 -1.77225e-09 0)
(-5.66272e-11 -1.7833e-09 0)
(-3.56272e-11 -1.82107e-09 0)
(-5.29975e-11 -1.99661e-09 0)
(5.04906e-11 -2.02472e-09 0)
(0 0 0)
(-4.87699e-11 -1.88568e-09 0)
(-6.02115e-11 -1.93945e-09 0)
(-1.8739e-11 -9.82342e-10 0)
(-4.67125e-12 -2.1268e-10 0)
(-1.48678e-11 -1.95576e-09 0)
(-2.82204e-11 -2.24728e-09 0)
(0 0 0)
(6.40446e-11 -1.84239e-09 0)
(3.01233e-11 -1.91095e-09 0)
(-7.81564e-12 -1.85165e-09 0)
(3.26572e-11 -2.03742e-09 0)
(0 0 0)
(-4.14497e-11 -2.13811e-09 0)
(-5.32268e-11 -2.19249e-09 0)
(-7.61726e-11 -2.01758e-09 0)
(-3.20512e-11 -1.98757e-09 0)
(0 0 0)
(-6.08415e-11 -2.06709e-09 0)
(6.53929e-11 -2.79692e-09 0)
(1.11339e-10 -2.99422e-09 0)
(1.02688e-10 -1.77462e-09 0)
(0 0 0)
(0 0 0)
(0 0 0)
(0 0 0)
(0 0 0)
(0 0 0)
(0 0 0)
(0 0 0)
(0 0 0)
(0 0 0)
(0 0 0)
(0 0 0)
(0 0 0)
(0 0 0)
(0 0 0)
(0 0 0)
(0 0 0)
(0 0 0)
(0 0 0)
(0 0 0)
(0 0 0)
(0 0 0)
(0 0 0)
(0 0 0)
(0 0 0)
(0 0 0)
(-9.38117e-11 -2.06628e-09 0)
(0 0 0)
(0 0 0)
(-7.6429e-11 -2.06802e-09 0)
(-6.02084e-12 -3.00746e-10 0)
(-1.71612e-10 -4.31607e-09 0)
(-9.91484e-11 -1.84755e-09 0)
(-4.99736e-11 -1.78758e-09 0)
(-4.11788e-11 -1.99764e-09 0)
(-7.67606e-11 -1.84627e-09 0)
(-1.53338e-11 -1.99998e-09 0)
(5.52904e-11 -4.64269e-09 0)
(1.28698e-11 -9.98946e-10 0)
(-1.28702e-11 -2.3735e-09 0)
(2.489e-11 -1.83528e-09 0)
(6.26317e-12 -2.44689e-09 0)
(4.82455e-11 -3.36379e-09 0)
(3.36605e-11 -1.72241e-09 0)
(-1.97033e-11 -2.90661e-09 0)
(-2.71067e-11 -4.94021e-09 0)
(-1.00052e-10 -1.72538e-09 0)
(-1.40144e-10 -2.07973e-09 0)
(5.6854e-12 -1.54949e-10 0)
(6.91007e-11 -1.72944e-09 0)
(3.83026e-11 -1.93444e-09 0)
(-2.20714e-11 -2.05074e-09 0)
(3.868e-11 -2.07337e-09 0)
(0 0 0)
(0 0 0)
(-3.68268e-11 -1.62704e-09 0)
(9.12201e-12 -1.8821e-09 0)
(0 0 0)
(-1.01311e-10 -2.06477e-09 0)
(-1.43277e-11 -2.17909e-09 0)
(1.19512e-11 -9.36039e-10 0)
(4.89469e-12 -4.00376e-10 0)
(1.66939e-11 -1.87509e-09 0)
(1.98379e-11 -1.86401e-09 0)
(2.41186e-11 -1.92633e-09 0)
(-1.45705e-10 -2.16656e-09 0)
(-1.71915e-11 -2.23989e-09 0)
(-8.92393e-12 -2.08156e-09 0)
(-8.24958e-12 -9.3532e-10 0)
(2.40395e-11 -2.20419e-09 0)
(1.0139e-11 -2.20172e-09 0)
(1.48176e-11 -5.11991e-10 0)
(2.86821e-11 -1.35321e-09 0)
(-8.01997e-11 -3.11311e-09 0)
(-2.06005e-11 -2.61815e-09 0)
(0 0 0)
(0 0 0)
(0 0 0)
(0 0 0)
(0 0 0)
(0 0 0)
(0 0 0)
(0 0 0)
(0 0 0)
(0 0 0)
(0 0 0)
(0 0 0)
(0 0 0)
(0 0 0)
(0 0 0)
(0 0 0)
(0 0 0)
(0 0 0)
(0 0 0)
(0 0 0)
(0 0 0)
(0 0 0)
(0 0 0)
(0 0 0)
(0 0 0)
(0 0 0)
(3.56891e-12 -1.86351e-09 0)
(-1.50385e-11 -1.7264e-09 0)
(-1.65023e-10 -4.38367e-09 0)
(0 0 0)
(-8.17538e-11 -1.84203e-09 0)
(-1.62924e-10 -2.05016e-09 0)
(-1.12556e-10 -1.94223e-09 0)
(-9.46328e-11 -1.99448e-09 0)
(-7.41054e-11 -1.84441e-09 0)
(-1.3862e-10 -1.80027e-09 0)
(-8.3982e-11 -1.83069e-09 0)
(-1.64584e-11 -1.86433e-09 0)
(-8.24148e-12 -4.86061e-09 0)
(-4.35589e-11 -1.80399e-09 0)
(1.02515e-10 -3.84167e-09 0)
(1.2479e-10 -3.65514e-09 0)
(6.47247e-11 -1.66432e-09 0)
(-1.69699e-10 -3.83518e-09 0)
(-5.65791e-11 -1.7076e-09 0)
(-1.54033e-10 -1.89045e-09 0)
(-5.42735e-11 -1.84293e-09 0)
(-3.24614e-11 -6.64985e-10 0)
(-4.43105e-11 -8.58263e-10 0)
(3.12519e-11 -1.86879e-09 0)
(0 0 0)
(4.66494e-12 -1.79323e-09 0)
(3.6203e-11 -1.89731e-09 0)
(9.82006e-11 -4.05019e-09 0)
(-1.24483e-12 -3.96134e-09 0)
(1.35923e-11 -1.69566e-09 0)
(-4.99914e-12 -1.73587e-09 0)
(-7.13566e-11 -1.79321e-09 0)
(-7.46309e-11 -1.84316e-09 0)
(2.05117e-12 -2.115e-09 0)
(4.28979e-11 -1.16995e-09 0)
(4.48208e-13 -1.1632e-11 0)
(5.45761e-11 -1.94325e-09 0)
(2.20906e-11 -1.89486e-09 0)
(-4.86147e-11 -2.24378e-09 0)
(-1.06427e-10 -2.00939e-09 0)
(-7.10492e-11 -1.897e-09 0)
(-4.40062e-11 -1.97766e-09 0)
(1.41214e-12 -1.93657e-09 0)
(-1.20191e-11 -1.92298e-09 0)
(-3.526e-11 -1.94553e-09 0)
(2.41286e-11 -1.92934e-09 0)
(2.92595e-11 -3.30176e-09 0)
(3.8222e-12 -2.43867e-09 0)
(0 0 0)
(0 0 0)
(0 0 0)
(0 0 0)
(0 0 0)
(0 0 0)
(0 0 0)
(0 0 0)
(0 0 0)
(0 0 0)
(0 0 0)
(0 0 0)
(0 0 0)
(0 0 0)
(0 0 0)
(0 0 0)
(0 0 0)
(0 0 0)
(0 0 0)
(0 0 0)
(0 0 0)
(0 0 0)
(0 0 0)
(0 0 0)
(0 0 0)
(0 0 0)
(0 0 0)
(-1.33467e-10 -1.82809e-09 0)
(-5.97793e-11 -3.98602e-09 0)
(-1.44969e-10 -3.83359e-09 0)
(-8.54674e-11 -1.66276e-09 0)
(-1.70086e-11 -1.82066e-09 0)
(-1.54241e-10 -1.97026e-09 0)
(0 0 0)
(-1.31615e-10 -1.97348e-09 0)
(-1.45717e-10 -1.98412e-09 0)
(-2.05976e-10 -2.03158e-09 0)
(-2.07475e-10 -1.82534e-09 0)
(-1.38172e-10 -2.95975e-09 0)
(-2.65417e-11 -9.60957e-10 0)
(-2.86278e-11 -2.52803e-09 0)
(3.74317e-11 -4.11792e-09 0)
(3.5754e-11 -1.43704e-09 0)
(2.10126e-10 -6.34039e-09 0)
(5.76806e-11 -2.52807e-09 0)
(2.49945e-11 -3.00205e-09 0)
(-8.29617e-13 -1.26317e-10 0)
(-9.47114e-12 -1.73894e-09 0)
(3.45791e-11 -2.00688e-09 0)
(0 0 0)
(5.50118e-11 -4.04229e-09 0)
(-1.80156e-11 -4.05518e-09 0)
(-2.09108e-11 -1.8063e-09 0)
(6.92492e-12 -4.06818e-09 0)
(-5.17755e-11 -1.83885e-09 0)
(-3.37401e-12 -1.99779e-09 0)
(0 0 0)
(-1.12166e-11 -1.88914e-09 0)
(9.28067e-11 -1.93739e-09 0)
(4.58369e-10 -4.11717e-09 0)
(1.71429e-10 -1.88039e-09 0)
(1.75589e-10 -2.00863e-09 0)
(2.22063e-11 -8.2141e-10 0)
(3.79222e-11 -2.43342e-09 0)
(-6.35842e-11 -1.87663e-09 0)
(-1.83725e-10 -3.33658e-09 0)
(-6.94337e-11 -2.65363e-09 0)
(-7.15529e-11 -1.77443e-09 0)
(-3.90196e-11 -1.90453e-09 0)
(-1.48494e-11 -1.92161e-09 0)
(-3.31726e-11 -1.88109e-09 0)
(-3.19579e-11 -1.91065e-09 0)
(-1.63004e-11 -2.01658e-09 0)
(0 0 0)
(1.94444e-11 -1.73487e-09 0)
(0 0 0)
(0 0 0)
(0 0 0)
(0 0 0)
(0 0 0)
(0 0 0)
(0 0 0)
(0 0 0)
(0 0 0)
(0 0 0)
(0 0 0)
(0 0 0)
(0 0 0)
(0 0 0)
(0 0 0)
(0 0 0)
(0 0 0)
(0 0 0)
(0 0 0)
(0 0 0)
(0 0 0)
(0 0 0)
(0 0 0)
(0 0 0)
(0 0 0)
(0 0 0)
(0 0 0)
(0 0 0)
(1.47878e-10 -1.60176e-09 0)
(-9.38618e-11 -1.74418e-09 0)
(-1.3052e-11 -8.01431e-10 0)
(-7.53479e-12 -4.51834e-10 0)
(-3.16049e-11 -1.83607e-09 0)
(-1.48658e-10 -1.89241e-09 0)
(-6.09968e-11 -1.99755e-09 0)
(-1.11396e-10 -2.21748e-09 0)
(-2.03382e-11 -7.4893e-10 0)
(-1.59545e-11 -1.03511e-09 0)
(-8.52189e-12 -2.67657e-09 0)
(-8.04103e-11 -3.53786e-09 0)
(-3.63946e-11 -1.96456e-09 0)
(0 0 0)
(0 0 0)
(-5.01363e-11 -1.77056e-09 0)
(0 0 0)
(-4.81283e-11 -3.89843e-09 0)
(5.03241e-11 -4.76084e-09 0)
(1.12902e-10 -3.40111e-09 0)
(4.08724e-11 -3.97691e-09 0)
(5.53437e-11 -1.73477e-09 0)
(0 0 0)
(0 0 0)
(1.15978e-11 -1.91033e-09 0)
(1.75938e-11 -1.98624e-09 0)
(1.60277e-11 -2.08157e-09 0)
(0 0 0)
(-9.47639e-11 -1.85166e-09 0)
(-1.47896e-10 -2.4664e-09 0)
(-4.75434e-11 -1.27374e-09 0)
(0 0 0)
(-1.35775e-12 -4.73372e-09 0)
(2.2118e-11 -1.81582e-09 0)
(-6.70152e-11 -1.93795e-09 0)
(-1.41572e-11 -1.80101e-09 0)
(1.17401e-11 -1.77318e-09 0)
(-5.59181e-11 -1.99625e-09 0)
(-8.22319e-11 -2.03568e-09 0)
(-6.21717e-11 -2.03677e-09 0)
(-3.1116e-11 -2.02359e-09 0)
(-1.12743e-11 -1.99307e-09 0)
(-4.09465e-11 -1.92758e-09 0)
(2.98875e-11 -1.94283e-09 0)
(0 0 0)
(5.59274e-11 -2.04974e-09 0)
(3.07911e-11 -1.93246e-09 0)
(0 0 0)
(0 0 0)
(0 0 0)
(0 0 0)
(0 0 0)
(0 0 0)
(0 0 0)
(0 0 0)
(0 0 0)
(0 0 0)
(0 0 0)
(0 0 0)
(0 0 0)
(0 0 0)
(0 0 0)
(0 0 0)
(0 0 0)
(0 0 0)
(0 0 0)
(0 0 0)
(0 0 0)
(0 0 0)
(0 0 0)
(0 0 0)
(0 0 0)
(0 0 0)
(0 0 0)
(1.83509e-10 -4.26973e-09 0)
(-8.51982e-11 -1.92829e-09 0)
(0 0 0)
(-6.07063e-11 -2.03013e-09 0)
(-1.11538e-10 -2.10249e-09 0)
(-7.18027e-11 -2.23733e-09 0)
(-4.29094e-13 -7.96215e-10 0)
(-7.012e-11 -2.7398e-09 0)
(-6.66117e-11 -1.78658e-09 0)
(-5.83469e-11 -1.77506e-09 0)
(-3.92925e-11 -1.7452e-09 0)
(1.12617e-12 -1.87202e-09 0)
(-9.9913e-11 -4.08993e-09 0)
(-1.47092e-12 -6.23192e-11 0)
(2.91247e-11 -1.83827e-09 0)
(2.12553e-11 -1.97271e-09 0)
(-2.48996e-11 -1.92009e-09 0)
(-2.68935e-11 -1.85657e-09 0)
(-6.33891e-11 -1.92532e-09 0)
(-1.43615e-10 -1.95424e-09 0)
(-4.41416e-11 -1.92231e-09 0)
(4.14508e-11 -1.95157e-09 0)
(5.5004e-11 -4.29843e-09 0)
(6.23823e-11 -1.71733e-09 0)
(4.44076e-11 -1.89506e-09 0)
(0 0 0)
(4.27861e-11 -1.8272e-09 0)
(5.84129e-11 -2.00262e-09 0)
(0 0 0)
(-7.56223e-11 -1.95165e-09 0)
(0 0 0)
(4.14581e-11 -4.19941e-09 0)
(4.3529e-10 -4.27683e-09 0)
(1.10699e-10 -1.73077e-09 0)
(-3.41984e-11 -1.79841e-09 0)
(1.80084e-11 -1.73966e-09 0)
(3.78571e-11 -1.85201e-09 0)
(-5.97806e-11 -1.93827e-09 0)
(8.80715e-13 -6.26186e-10 0)
(9.03193e-13 -9.65595e-10 0)
(-5.5536e-11 -2.00752e-09 0)
(-5.10475e-11 -2.00584e-09 0)
(-3.74525e-11 -2.03925e-09 0)
(7.77935e-12 -1.9893e-09 0)
(-3.11967e-11 -1.76415e-09 0)
(-5.29488e-12 -1.70361e-09 0)
(4.31072e-11 -1.84538e-09 0)
(7.54551e-11 -1.88561e-09 0)
(0 0 0)
(0 0 0)
(0 0 0)
(0 0 0)
(0 0 0)
(0 0 0)
(0 0 0)
(0 0 0)
(0 0 0)
(0 0 0)
(0 0 0)
(0 0 0)
(0 0 0)
(0 0 0)
(0 0 0)
(0 0 0)
(0 0 0)
(0 0 0)
(0 0 0)
(0 0 0)
(0 0 0)
(0 0 0)
(0 0 0)
(0 0 0)
(0 0 0)
(0 0 0)
(0 0 0)
(-5.50281e-12 -2.53875e-10 0)
(-4.01492e-11 -1.36852e-09 0)
(-1.47372e-10 -1.94749e-09 0)
(-1.55332e-10 -2.03856e-09 0)
(-1.88518e-10 -1.89095e-09 0)
(1.62875e-12 -2.02356e-09 0)
(-1.14343e-10 -1.79847e-09 0)
(-1.02819e-11 -4.57177e-09 0)
(-2.45652e-11 -1.83225e-09 0)
(-6.35977e-11 -1.80445e-09 0)
(-7.96958e-11 -1.71497e-09 0)
(-1.45761e-10 -4.66118e-09 0)
(2.3961e-11 -2.17856e-09 0)
(-1.72475e-12 -6.55936e-10 0)
(-2.0823e-12 -7.46097e-10 0)
(4.99436e-11 -1.79798e-09 0)
(-2.93314e-11 -1.7954e-09 0)
(-1.08843e-10 -2.9213e-09 0)
(-9.53518e-11 -3.14119e-09 0)
(0 0 0)
(4.70423e-13 -8.06066e-11 0)
(-6.66396e-12 -3.01648e-09 0)
(2.14106e-11 -2.24425e-09 0)
(4.65657e-12 -2.24749e-10 0)
(5.05223e-11 -1.81861e-09 0)
(6.06814e-11 -4.06348e-09 0)
(5.07812e-11 -2.47575e-09 0)
(3.77421e-11 -3.93806e-09 0)
(7.5199e-11 -1.88176e-09 0)
(-3.17007e-11 -2.4647e-09 0)
(2.23689e-11 -2.67416e-09 0)
(-4.90493e-11 -1.75897e-09 0)
(6.14182e-11 -4.05623e-09 0)
(3.31186e-10 -4.35666e-09 0)
(8.59685e-11 -1.62764e-09 0)
(1.70939e-11 -4.09916e-09 0)
(3.08001e-11 -4.14067e-09 0)
(-2.75379e-11 -9.09548e-10 0)
(9.39167e-12 -1.26792e-09 0)
(2.71727e-11 -1.25436e-09 0)
(4.05652e-12 -3.08266e-10 0)
(1.92238e-11 -1.26359e-09 0)
(7.4405e-12 -2.04554e-09 0)
(2.28448e-11 -1.98994e-09 0)
(-1.15064e-12 -1.97129e-09 0)
(0 0 0)
(0 0 0)
(2.83454e-11 -1.67321e-09 0)
(1.14213e-10 -1.83269e-09 0)
(4.39082e-11 -1.7147e-09 0)
(0 0 0)
(0 0 0)
(0 0 0)
(0 0 0)
(0 0 0)
(0 0 0)
(0 0 0)
(0 0 0)
(0 0 0)
(0 0 0)
(0 0 0)
(0 0 0)
(0 0 0)
(0 0 0)
(0 0 0)
(0 0 0)
(0 0 0)
(0 0 0)
(0 0 0)
(0 0 0)
(0 0 0)
(0 0 0)
(0 0 0)
(0 0 0)
(0 0 0)
(-1.24613e-10 -2.07036e-09 0)
(-5.60176e-11 -6.94204e-10 0)
(-5.60535e-11 -6.22248e-10 0)
(-3.06754e-10 -2.48863e-09 0)
(-2.34701e-10 -2.22683e-09 0)
(-1.10942e-10 -1.08362e-09 0)
(-1.05375e-10 -1.70019e-09 0)
(-5.7019e-11 -1.92612e-09 0)
(-2.05724e-11 -4.87241e-09 0)
(1.99958e-11 -1.80449e-09 0)
(-1.77253e-11 -1.75229e-09 0)
(9.30533e-12 -1.8286e-09 0)
(3.6407e-11 -2.03898e-09 0)
(1.40029e-10 -1.87729e-09 0)
(-2.56217e-11 -1.66716e-09 0)
(7.17646e-11 -3.90908e-09 0)
(2.80412e-13 -1.72745e-09 0)
(-2.55401e-11 -1.78368e-09 0)
(-2.14257e-12 -1.78472e-09 0)
(0 0 0)
(-2.31016e-11 -1.93648e-09 0)
(0 0 0)
(1.20009e-11 -1.90348e-09 0)
(0 0 0)
(-1.50195e-11 -4.07046e-09 0)
(7.54974e-11 -1.77434e-09 0)
(-3.67147e-11 -2.03005e-09 0)
(-7.50131e-11 -1.90042e-09 0)
(1.93125e-11 -6.75522e-10 0)
(1.97689e-11 -5.60062e-10 0)
(0 0 0)
(-6.46953e-12 -1.76743e-09 0)
(-2.00675e-11 -1.81885e-09 0)
(1.07127e-10 -4.78788e-09 0)
(9.6834e-11 -1.74225e-09 0)
(0 0 0)
(0 0 0)
(7.32552e-11 -1.91783e-09 0)
(2.53081e-11 -2.08751e-09 0)
(-7.60309e-11 -2.05326e-09 0)
(-1.70752e-11 -4.35143e-09 0)
(6.18338e-11 -2.25408e-09 0)
(0 0 0)
(1.19321e-10 -1.92732e-09 0)
(9.42223e-11 -1.91681e-09 0)
(0 0 0)
(-5.58102e-12 -4.13789e-09 0)
(-1.06666e-10 -1.73714e-09 0)
(-7.81822e-11 -3.94976e-09 0)
(0 0 0)
(0 0 0)
(0 0 0)
(0 0 0)
(0 0 0)
(0 0 0)
(0 0 0)
(0 0 0)
(0 0 0)
(0 0 0)
(0 0 0)
(0 0 0)
(0 0 0)
(0 0 0)
(0 0 0)
(0 0 0)
(0 0 0)
(0 0 0)
(0 0 0)
(0 0 0)
(0 0 0)
(0 0 0)
(0 0 0)
(0 0 0)
(0 0 0)
(0 0 0)
(-7.48043e-11 -1.97829e-09 0)
(-2.75756e-11 -2.0071e-09 0)
(-5.74116e-11 -2.0891e-09 0)
(-1.33611e-10 -1.6325e-09 0)
(-1.48543e-10 -1.7943e-09 0)
(-1.00969e-10 -1.78265e-09 0)
(-1.22943e-10 -1.8093e-09 0)
(-7.84133e-11 -1.93339e-09 0)
(-1.61745e-10 -2.04687e-09 0)
(-5.66064e-11 -1.85797e-09 0)
(-8.18278e-12 -1.82738e-09 0)
(0 0 0)
(4.13899e-11 -1.97747e-09 0)
(7.46366e-11 -4.28806e-09 0)
(-5.69325e-11 -1.94301e-09 0)
(-2.94242e-11 -1.86618e-09 0)
(2.07622e-11 -1.92006e-09 0)
(-5.5821e-12 -6.15014e-10 0)
(-9.79027e-12 -8.4627e-10 0)
(1.97546e-11 -1.8899e-09 0)
(-2.9631e-13 -1.90196e-09 0)
(2.19494e-11 -9.70045e-10 0)
(1.13815e-11 -2.70809e-09 0)
(0 0 0)
(4.52631e-11 -2.04033e-09 0)
(0 0 0)
(-3.15697e-10 -7.54364e-09 0)
(-5.72614e-11 -3.93148e-09 0)
(3.39945e-11 -1.45812e-09 0)
(1.26177e-10 -2.79128e-09 0)
(2.20651e-10 -2.83573e-09 0)
(-1.68185e-11 -1.56082e-09 0)
(-5.76032e-11 -2.87023e-09 0)
(8.78695e-11 -2.89274e-09 0)
(1.76612e-10 -1.93198e-09 0)
(6.77443e-11 -2.04406e-09 0)
(-4.8358e-11 -1.92934e-09 0)
(-1.64526e-11 -2.38823e-09 0)
(-8.73181e-11 -2.35167e-09 0)
(0 0 0)
(-3.01223e-11 -1.75513e-09 0)
(3.86502e-11 -1.61446e-09 0)
(3.51625e-10 -2.03369e-09 0)
(1.15613e-10 -1.91552e-09 0)
(2.69846e-11 -4.13055e-10 0)
(7.87231e-11 -1.13053e-09 0)
(-2.8097e-11 -1.88696e-09 0)
(1.62559e-11 -1.91051e-09 0)
(0 0 0)
(0 0 0)
(0 0 0)
(0 0 0)
(0 0 0)
(0 0 0)
(0 0 0)
(0 0 0)
(0 0 0)
(0 0 0)
(0 0 0)
(0 0 0)
(0 0 0)
(0 0 0)
(0 0 0)
(0 0 0)
(0 0 0)
(0 0 0)
(0 0 0)
(0 0 0)
(0 0 0)
(0 0 0)
(0 0 0)
(0 0 0)
(0 0 0)
(0 0 0)
(0 0 0)
(-8.8496e-11 -1.98526e-09 0)
(-1.11812e-10 -2.92802e-09 0)
(-1.54345e-10 -3.74245e-09 0)
(-2.29078e-10 -1.80454e-09 0)
(-1.33451e-10 -1.72589e-09 0)
(-3.90889e-10 -3.94615e-09 0)
(-1.77406e-10 -1.65459e-09 0)
(-1.77543e-10 -4.5658e-09 0)
(6.5001e-12 -1.8625e-09 0)
(0 0 0)
(9.176e-12 -1.94694e-09 0)
(3.79064e-12 -2.00344e-09 0)
(-1.20513e-10 -4.74037e-09 0)
(2.92226e-11 -8.03638e-10 0)
(2.59753e-11 -1.07865e-09 0)
(2.43928e-11 -2.23188e-09 0)
(1.57943e-11 -1.01218e-09 0)
(1.2567e-11 -1.95217e-09 0)
(-7.0293e-12 -1.91999e-09 0)
(-2.75795e-12 -1.87939e-09 0)
(-1.70006e-11 -1.92744e-09 0)
(1.27795e-11 -2.00817e-09 0)
(0 0 0)
(0 0 0)
(1.66343e-11 -4.74655e-09 0)
(-5.36443e-11 -1.82673e-09 0)
(-3.34785e-10 -3.80542e-09 0)
(4.83669e-11 -3.89935e-09 0)
(7.39357e-11 -1.43532e-09 0)
(2.42808e-11 -1.59981e-09 0)
(-8.29421e-12 -2.80938e-09 0)
(-3.31226e-11 -2.93622e-09 0)
(2.07042e-11 -1.70072e-09 0)
(1.02877e-10 -1.8764e-09 0)
(1.48045e-10 -2.13842e-09 0)
(3.1006e-11 -2.1231e-09 0)
(-2.80715e-11 -9.77425e-10 0)
(-5.83678e-11 -2.2495e-09 0)
(-9.934e-12 -2.71609e-09 0)
(-3.47837e-12 -1.91272e-09 0)
(-1.05371e-11 -1.71119e-09 0)
(0 0 0)
(2.8844e-10 -4.04512e-09 0)
(0 0 0)
(9.60751e-11 -3.95183e-09 0)
(7.30759e-11 -1.78762e-09 0)
(7.37842e-11 -1.73247e-09 0)
(2.05035e-11 -1.86086e-09 0)
(0 0 0)
(0 0 0)
(0 0 0)
(0 0 0)
(0 0 0)
(0 0 0)
(0 0 0)
(0 0 0)
(0 0 0)
(0 0 0)
(0 0 0)
(0 0 0)
(0 0 0)
(0 0 0)
(0 0 0)
(0 0 0)
(0 0 0)
(0 0 0)
(0 0 0)
(0 0 0)
(0 0 0)
(0 0 0)
(0 0 0)
(0 0 0)
(0 0 0)
(0 0 0)
(0 0 0)
(0 0 0)
(0 0 0)
(0 0 0)
(-9.77056e-11 -1.8183e-09 0)
(-1.45772e-10 -4.19953e-09 0)
(0 0 0)
(-4.29789e-10 -3.94006e-09 0)
(-1.06326e-10 -1.79814e-09 0)
(0 0 0)
(5.18371e-11 -1.73626e-09 0)
(-1.49163e-11 -2.02695e-09 0)
(0 0 0)
(-1.86853e-11 -2.00808e-09 0)
(1.15466e-10 -2.03797e-09 0)
(6.4917e-11 -1.97961e-09 0)
(0 0 0)
(1.25541e-11 -1.94094e-09 0)
(1.86719e-11 -1.95204e-09 0)
(0 0 0)
(-1.90822e-12 -1.89978e-09 0)
(-1.30054e-11 -1.85924e-09 0)
(-1.58024e-10 -4.27287e-09 0)
(4.50505e-12 -1.6297e-09 0)
(-4.41265e-10 -4.11438e-09 0)
(-2.38873e-10 -4.61309e-09 0)
(-1.08328e-11 -1.80171e-09 0)
(8.10319e-11 -4.07349e-09 0)
(7.96858e-12 -1.65297e-09 0)
(-4.81446e-12 -1.60578e-09 0)
(2.50153e-11 -1.75606e-09 0)
(-3.02009e-11 -1.82709e-09 0)
(-6.89529e-12 -1.7857e-09 0)
(-1.83272e-11 -1.69276e-09 0)
(6.55917e-11 -1.84539e-09 0)
(2.2199e-11 -1.95397e-09 0)
(8.43771e-11 -2.04523e-09 0)
(9.46949e-11 -2.06676e-09 0)
(-3.7944e-11 -1.80826e-09 0)
(-8.92507e-11 -2.02282e-09 0)
(4.97142e-11 -2.84789e-09 0)
(1.35823e-11 -1.07436e-09 0)
(1.09817e-10 -4.06163e-09 0)
(-1.0554e-11 -1.83412e-09 0)
(3.12877e-11 -1.91315e-09 0)
(1.72067e-11 -2.32478e-09 0)
(2.42981e-10 -3.35951e-09 0)
(1.5184e-10 -1.66061e-09 0)
(0 0 0)
(0 0 0)
(0 0 0)
(0 0 0)
(0 0 0)
(0 0 0)
(0 0 0)
(0 0 0)
(0 0 0)
(0 0 0)
(0 0 0)
(0 0 0)
(0 0 0)
(0 0 0)
(0 0 0)
(0 0 0)
(0 0 0)
(0 0 0)
(0 0 0)
(0 0 0)
(0 0 0)
(0 0 0)
(0 0 0)
(0 0 0)
(0 0 0)
(0 0 0)
(0 0 0)
(0 0 0)
(5.14284e-11 -2.19309e-09 0)
(-8.09379e-11 -2.16926e-09 0)
(-1.0423e-10 -1.82578e-09 0)
(2.13663e-10 -1.71752e-09 0)
(9.78797e-11 -1.71696e-09 0)
(1.19123e-10 -6.59798e-09 0)
(0 0 0)
(-4.4962e-11 -1.89471e-09 0)
(-2.71901e-11 -1.92567e-09 0)
(-1.09481e-11 -1.98458e-09 0)
(3.82599e-12 -5.79791e-10 0)
(1.09788e-11 -9.67831e-10 0)
(-5.21859e-11 -2.16598e-09 0)
(5.02458e-11 -2.07827e-09 0)
(0 0 0)
(5.10061e-11 -1.97585e-09 0)
(9.58413e-14 -1.27064e-10 0)
(1.01651e-10 -4.27806e-09 0)
(2.11512e-11 -1.81997e-09 0)
(-8.20814e-11 -1.81186e-09 0)
(-7.17254e-11 -1.84676e-09 0)
(-8.78098e-11 -1.91196e-09 0)
(-6.09226e-11 -1.89415e-09 0)
(0 0 0)
(0 0 0)
(0 0 0)
(0 0 0)
(-3.19508e-11 -1.75978e-09 0)
(3.54124e-11 -1.81221e-09 0)
(1.02288e-13 -4.00764e-09 0)
(7.85621e-12 -1.91838e-09 0)
(3.18713e-12 -1.94452e-09 0)
(9.43127e-12 -1.91615e-09 0)
(1.99793e-12 -1.80827e-09 0)
(-3.6169e-11 -1.85039e-09 0)
(-2.58812e-12 -1.9515e-09 0)
(4.06662e-11 -1.98245e-09 0)
(-1.65878e-12 -1.89926e-09 0)
(-7.06548e-11 -1.84643e-09 0)
(1.5712e-11 -1.90317e-09 0)
(7.8536e-11 -1.85545e-09 0)
(-2.58848e-11 -1.85973e-09 0)
(5.65576e-12 -1.91133e-09 0)
(2.79984e-11 -1.87148e-09 0)
(1.50558e-11 -1.91911e-09 0)
(4.96166e-11 -2.78091e-09 0)
(3.72765e-11 -3.07981e-09 0)
(0 0 0)
(0 0 0)
(0 0 0)
(0 0 0)
(0 0 0)
(0 0 0)
(0 0 0)
(0 0 0)
(0 0 0)
(0 0 0)
(0 0 0)
(0 0 0)
(0 0 0)
(0 0 0)
(0 0 0)
(0 0 0)
(0 0 0)
(0 0 0)
(0 0 0)
(0 0 0)
(0 0 0)
(0 0 0)
(0 0 0)
(0 0 0)
(0 0 0)
(0 0 0)
(0 0 0)
(0 0 0)
(1.47104e-10 -2.10142e-09 0)
(4.65339e-11 -2.10998e-09 0)
(1.94799e-11 -1.9374e-09 0)
(1.05634e-10 -1.64663e-09 0)
(9.68082e-11 -2.09706e-09 0)
(0 0 0)
(2.02743e-10 -1.48646e-09 0)
(-2.55771e-11 -1.92763e-09 0)
(-1.13218e-10 -1.85744e-09 0)
(-4.72523e-11 -2.05504e-09 0)
(4.61707e-11 -3.5551e-09 0)
(2.09851e-11 -2.72151e-09 0)
(4.78636e-12 -4.85885e-10 0)
(1.4633e-11 -1.20251e-09 0)
(1.19957e-10 -1.81653e-09 0)
(5.26701e-11 -2.54518e-09 0)
(-3.62423e-11 -3.76203e-09 0)
(6.76419e-11 -1.71727e-09 0)
(5.28582e-11 -1.77031e-09 0)
(1.42347e-11 -1.59753e-09 0)
(0 0 0)
(0 0 0)
(-6.26761e-13 -7.53657e-10 0)
(-6.19811e-11 -2.75986e-09 0)
(1.88483e-11 -1.81624e-09 0)
(7.91465e-11 -1.89579e-09 0)
(-7.18035e-13 -6.92752e-09 0)
(0 0 0)
(-2.07493e-11 -1.73993e-09 0)
(-1.0104e-10 -1.92225e-09 0)
(-8.82002e-11 -1.9212e-09 0)
(-1.59641e-10 -1.97509e-09 0)
(-1.38159e-10 -1.95514e-09 0)
(-9.54138e-11 -1.99163e-09 0)
(-7.56389e-11 -2.0122e-09 0)
(-6.61181e-11 -2.02023e-09 0)
(-3.42304e-11 -2.02813e-09 0)
(-5.46605e-12 -2.0076e-09 0)
(1.21846e-11 -1.93662e-09 0)
(-1.66588e-11 -1.88474e-09 0)
(7.39658e-11 -4.24435e-09 0)
(1.29175e-11 -1.75145e-09 0)
(2.41602e-12 -1.75433e-09 0)
(-1.10004e-11 -1.89595e-09 0)
(-5.8308e-11 -1.9053e-09 0)
(2.9823e-11 -2.8516e-09 0)
(-2.3383e-11 -6.93323e-10 0)
(2.28071e-11 -1.88951e-09 0)
(0 0 0)
(0 0 0)
(0 0 0)
(0 0 0)
(0 0 0)
(0 0 0)
(0 0 0)
(0 0 0)
(0 0 0)
(0 0 0)
(0 0 0)
(0 0 0)
(0 0 0)
(0 0 0)
(0 0 0)
(0 0 0)
(0 0 0)
(0 0 0)
(0 0 0)
(0 0 0)
(0 0 0)
(0 0 0)
(0 0 0)
(0 0 0)
(0 0 0)
(0 0 0)
(0 0 0)
(9.88141e-11 -5.1935e-09 0)
(5.41142e-11 -2.04325e-09 0)
(1.09466e-11 -3.21523e-10 0)
(9.67518e-11 -3.07549e-09 0)
(3.82044e-11 -1.8295e-09 0)
(3.77521e-11 -1.85742e-09 0)
(2.33314e-10 -4.50158e-09 0)
(-4.40099e-11 -2.09872e-09 0)
(-9.20006e-11 -1.99039e-09 0)
(-4.42086e-10 -4.38753e-09 0)
(-3.24357e-11 -1.70645e-09 0)
(1.2733e-12 -2.13949e-09 0)
(1.24542e-10 -2.08131e-09 0)
(9.25321e-11 -1.8557e-09 0)
(-1.05088e-11 -1.83779e-09 0)
(-1.0118e-10 -1.72726e-09 0)
(4.26578e-11 -3.98151e-09 0)
(8.81151e-12 -1.65633e-09 0)
(7.97789e-12 -1.80734e-09 0)
(3.59246e-11 -1.71737e-09 0)
(2.81293e-11 -1.87874e-09 0)
(-1.34318e-11 -1.94355e-09 0)
(-2.58505e-11 -1.97747e-09 0)
(-6.37551e-11 -1.98937e-09 0)
(-6.66554e-11 -1.87588e-09 0)
(-1.97594e-10 -4.54496e-09 0)
(-3.17959e-11 -1.56831e-09 0)
(7.36917e-11 -3.55633e-09 0)
(1.32289e-11 -1.60208e-09 0)
(-1.1423e-10 -1.98991e-09 0)
(-4.38898e-11 -2.18216e-09 0)
(0 0 0)
(-1.22759e-10 -1.93024e-09 0)
(-7.52346e-11 -1.93658e-09 0)
(-7.82276e-11 -1.89673e-09 0)
(-4.44965e-11 -1.93116e-09 0)
(-7.97347e-11 -1.79629e-09 0)
(-1.84038e-10 -4.18602e-09 0)
(4.05739e-11 -1.67196e-09 0)
(1.22067e-10 -1.79589e-09 0)
(-1.70491e-11 -2.69481e-09 0)
(1.13111e-10 -3.24544e-09 0)
(6.27629e-11 -1.74519e-09 0)
(9.36703e-12 -1.91041e-09 0)
(-8.57555e-12 -3.26026e-10 0)
(-3.97431e-11 -1.31933e-09 0)
(-7.59473e-11 -1.80945e-09 0)
(-2.11605e-11 -1.87405e-09 0)
(0 0 0)
(0 0 0)
(0 0 0)
(0 0 0)
(0 0 0)
(0 0 0)
(0 0 0)
(0 0 0)
(0 0 0)
(0 0 0)
(0 0 0)
(0 0 0)
(0 0 0)
(0 0 0)
(0 0 0)
(0 0 0)
(0 0 0)
(0 0 0)
(0 0 0)
(0 0 0)
(0 0 0)
(0 0 0)
(0 0 0)
(0 0 0)
(0 0 0)
(0 0 0)
(0 0 0)
(-4.86755e-11 -2.37053e-09 0)
(0 0 0)
(6.51107e-11 -5.6514e-09 0)
(1.74347e-11 -7.1715e-10 0)
(3.96926e-11 -1.91756e-09 0)
(2.1069e-11 -1.92294e-09 0)
(-1.96142e-11 -1.99735e-09 0)
(-1.16868e-11 -2.31214e-09 0)
(6.43614e-11 -1.88891e-09 0)
(-1.39719e-10 -1.74754e-09 0)
(-9.89754e-11 -1.6868e-09 0)
(-1.13916e-10 -1.84988e-09 0)
(-5.50552e-11 -1.82527e-09 0)
(-1.3141e-10 -4.77362e-09 0)
(-6.17392e-11 -1.88386e-09 0)
(-2.29764e-11 -1.78863e-09 0)
(-5.05984e-11 -1.75677e-09 0)
(-4.5284e-11 -1.75108e-09 0)
(-2.01217e-11 -1.81546e-09 0)
(3.71232e-11 -2.07261e-09 0)
(3.23939e-11 -1.693e-09 0)
(7.01437e-11 -1.90443e-09 0)
(6.57994e-11 -1.95833e-09 0)
(-5.29645e-11 -2.00971e-09 0)
(-7.30025e-11 -1.92372e-09 0)
(-1.48422e-10 -1.81214e-09 0)
(4.04965e-11 -1.88467e-09 0)
(5.17604e-11 -1.63524e-09 0)
(-7.7673e-11 -2.1859e-09 0)
(0 0 0)
(-1.08979e-10 -1.99645e-09 0)
(3.52015e-12 -1.97746e-09 0)
(8.84649e-13 -1.88837e-09 0)
(-5.90886e-11 -1.86306e-09 0)
(-9.41765e-12 -4.89095e-09 0)
(-6.77951e-11 -1.88588e-09 0)
(-1.72666e-10 -1.72715e-09 0)
(-7.9437e-11 -1.71739e-09 0)
(-6.43308e-11 -1.72599e-09 0)
(2.32292e-11 -4.69524e-09 0)
(5.55457e-11 -1.77929e-09 0)
(7.57041e-11 -1.69065e-09 0)
(1.04226e-10 -1.86958e-09 0)
(5.57701e-11 -2.07739e-09 0)
(2.65023e-11 -2.18058e-09 0)
(-1.27538e-10 -1.98887e-09 0)
(-9.68749e-11 -1.74718e-09 0)
(-2.80346e-11 -1.69132e-09 0)
(0 0 0)
(0 0 0)
(0 0 0)
(0 0 0)
(0 0 0)
(0 0 0)
(0 0 0)
(0 0 0)
(0 0 0)
(0 0 0)
(0 0 0)
(0 0 0)
(0 0 0)
(0 0 0)
(0 0 0)
(0 0 0)
(0 0 0)
(0 0 0)
(0 0 0)
(0 0 0)
(0 0 0)
(0 0 0)
(0 0 0)
(0 0 0)
(0 0 0)
(0 0 0)
(0 0 0)
(-2.86135e-13 -9.57208e-11 0)
(7.66658e-11 -4.17839e-09 0)
(0 0 0)
(1.48821e-10 -2.07652e-09 0)
(-2.58218e-11 -1.87344e-09 0)
(-7.8804e-11 -1.80868e-09 0)
(-8.21696e-11 -1.75833e-09 0)
(-2.66568e-11 -1.9897e-09 0)
(-1.18546e-11 -5.06606e-09 0)
(-1.29909e-10 -1.77516e-09 0)
(-1.16259e-10 -1.76848e-09 0)
(-7.77746e-11 -1.92024e-09 0)
(-1.25842e-10 -1.96876e-09 0)
(-9.96801e-11 -1.99851e-09 0)
(-8.11626e-11 -1.97801e-09 0)
(-7.11172e-11 -2.69908e-09 0)
(-4.26067e-11 -3.20203e-09 0)
(-4.60057e-11 -1.68913e-09 0)
(-7.93934e-11 -1.64579e-09 0)
(2.82475e-11 -1.84574e-09 0)
(1.03198e-10 -1.78708e-09 0)
(7.76259e-11 -1.94408e-09 0)
(-1.05592e-10 -4.42838e-09 0)
(-4.64394e-11 -1.81847e-09 0)
(-3.34491e-10 -4.0739e-09 0)
(-1.73221e-10 -1.63873e-09 0)
(-9.46445e-11 -1.72439e-09 0)
(-5.57945e-11 -1.74844e-09 0)
(-9.1285e-11 -1.97893e-09 0)
(-3.96538e-11 -2.14648e-09 0)
(0 0 0)
(5.84564e-11 -1.81081e-09 0)
(1.85409e-11 -1.90565e-09 0)
(-5.48842e-11 -1.88202e-09 0)
(-9.37047e-11 -4.59928e-09 0)
(2.89301e-11 -1.96176e-09 0)
(-9.60145e-11 -1.87556e-09 0)
(-1.01548e-10 -1.73795e-09 0)
(-6.20492e-11 -1.87123e-09 0)
(-6.35122e-11 -1.72947e-09 0)
(0 0 0)
(1.81586e-10 -2.85988e-09 0)
(5.43007e-11 -2.94378e-09 0)
(1.42968e-11 -2.27966e-09 0)
(2.69768e-11 -2.18026e-09 0)
(-7.0508e-11 -1.75964e-09 0)
(-6.88636e-11 -1.60867e-09 0)
(0 0 0)
(0 0 0)
(0 0 0)
(0 0 0)
(0 0 0)
(0 0 0)
(0 0 0)
(0 0 0)
(0 0 0)
(0 0 0)
(0 0 0)
(0 0 0)
(0 0 0)
(0 0 0)
(0 0 0)
(0 0 0)
(0 0 0)
(0 0 0)
(0 0 0)
(0 0 0)
(0 0 0)
(0 0 0)
(0 0 0)
(0 0 0)
(0 0 0)
(0 0 0)
(0 0 0)
(0 0 0)
(-2.32223e-11 -1.76539e-09 0)
(-2.04775e-11 -1.80992e-09 0)
(2.66847e-10 -4.53113e-09 0)
(2.56429e-11 -2.10667e-09 0)
(-8.04964e-12 -2.04588e-09 0)
(0 0 0)
(-2.13365e-10 -3.85847e-09 0)
(-1.6884e-10 -4.27495e-09 0)
(-8.44787e-11 -1.81418e-09 0)
(-1.77653e-12 -1.84533e-09 0)
(-8.13865e-11 -1.77178e-09 0)
(-8.29597e-11 -1.8192e-09 0)
(-1.08191e-10 -2.33052e-09 0)
(-3.39517e-11 -3.97757e-09 0)
(-5.41238e-11 -1.94664e-09 0)
(-8.08778e-11 -1.88128e-09 0)
(-1.02274e-10 -1.79321e-09 0)
(-4.08531e-11 -1.71066e-09 0)
(-7.40846e-11 -1.81698e-09 0)
(-3.00075e-11 -4.10225e-09 0)
(-5.6724e-11 -1.9284e-09 0)
(-6.37154e-11 -4.10868e-09 0)
(-1.3368e-10 -1.78203e-09 0)
(4.47454e-11 -2.09813e-09 0)
(-1.28795e-11 -5.3876e-10 0)
(-2.50174e-11 -8.41445e-10 0)
(0 0 0)
(-3.09786e-11 -1.90594e-09 0)
(-9.93555e-11 -1.84024e-09 0)
(-3.1355e-11 -1.84724e-09 0)
(3.66946e-11 -1.92941e-09 0)
(-8.33502e-12 -2.89045e-09 0)
(-1.05444e-10 -3.38359e-09 0)
(-5.64164e-11 -1.73423e-09 0)
(-2.98903e-11 -1.71845e-09 0)
(1.61624e-10 -4.54741e-09 0)
(2.70379e-11 -1.64263e-09 0)
(-3.21666e-11 -1.6378e-09 0)
(-1.50338e-10 -3.84032e-09 0)
(-3.73994e-11 -1.50286e-09 0)
(2.15823e-10 -4.03611e-09 0)
(-5.91148e-11 -1.71995e-09 0)
(-8.87675e-11 -1.92786e-09 0)
(-7.95464e-11 -2.10907e-09 0)
(1.81317e-11 -4.91889e-09 0)
(9.1652e-11 -1.82468e-09 0)
(1.76309e-11 -1.63101e-09 0)
(0 0 0)
(0 0 0)
(0 0 0)
(0 0 0)
(0 0 0)
(0 0 0)
(0 0 0)
(0 0 0)
(0 0 0)
(0 0 0)
(0 0 0)
(0 0 0)
(0 0 0)
(0 0 0)
(0 0 0)
(0 0 0)
(0 0 0)
(0 0 0)
(0 0 0)
(0 0 0)
(0 0 0)
(0 0 0)
(0 0 0)
(0 0 0)
(0 0 0)
(0 0 0)
(0 0 0)
(0 0 0)
(-5.85038e-11 -1.93604e-09 0)
(0 0 0)
(2.16725e-11 -2.12582e-09 0)
(2.64553e-11 -1.07642e-09 0)
(9.30393e-12 -4.3006e-10 0)
(3.45425e-11 -1.94715e-09 0)
(-3.22009e-11 -1.8406e-09 0)
(-1.19794e-10 -2.08958e-09 0)
(-4.98021e-11 -1.98034e-09 0)
(3.68143e-11 -1.82927e-09 0)
(3.24173e-11 -1.87948e-09 0)
(-2.86442e-11 -1.91297e-09 0)
(-1.19108e-10 -1.87319e-09 0)
(-1.47742e-10 -4.67302e-09 0)
(-3.7446e-12 -1.82043e-09 0)
(-2.20636e-11 -1.7505e-09 0)
(-4.57255e-11 -1.84619e-09 0)
(-7.2267e-11 -1.91937e-09 0)
(0 0 0)
(-1.09345e-10 -1.88079e-09 0)
(-5.65199e-11 -1.92512e-09 0)
(4.91637e-11 -1.94977e-09 0)
(-6.38495e-11 -1.85338e-09 0)
(-1.1994e-12 -2.07858e-09 0)
(2.45289e-11 -2.08162e-09 0)
(0 0 0)
(-8.69154e-12 -1.86542e-09 0)
(-3.10851e-11 -1.87967e-09 0)
(-4.72996e-11 -1.95751e-09 0)
(-3.3909e-11 -1.99384e-09 0)
(-6.99053e-12 -1.98081e-09 0)
(-3.42319e-11 -2.10152e-09 0)
(-6.72091e-11 -2.02794e-09 0)
(-3.74096e-11 -1.92395e-09 0)
(-7.01282e-11 -1.89951e-09 0)
(-2.02842e-11 -1.98228e-09 0)
(1.20613e-10 -4.64693e-09 0)
(4.35057e-11 -1.64893e-09 0)
(1.02751e-11 -1.59484e-09 0)
(0 0 0)
(-2.17301e-11 -1.73505e-09 0)
(-3.76916e-12 -1.92368e-09 0)
(-5.39229e-11 -2.06229e-09 0)
(-8.9972e-11 -2.74917e-09 0)
(-3.24505e-11 -1.60698e-09 0)
(6.03541e-11 -1.79166e-09 0)
(1.22982e-10 -1.937e-09 0)
(1.28028e-10 -1.82137e-09 0)
(-6.04427e-12 -1.67661e-09 0)
(0 0 0)
(0 0 0)
(0 0 0)
(0 0 0)
(0 0 0)
(0 0 0)
(0 0 0)
(0 0 0)
(0 0 0)
(0 0 0)
(0 0 0)
(0 0 0)
(0 0 0)
(0 0 0)
(0 0 0)
(0 0 0)
(0 0 0)
(0 0 0)
(0 0 0)
(0 0 0)
(0 0 0)
(0 0 0)
(0 0 0)
(0 0 0)
(0 0 0)
(0 0 0)
(0 0 0)
(-4.47164e-11 -2.0402e-09 0)
(8.30449e-12 -1.9086e-09 0)
(-1.12109e-10 -4.89082e-09 0)
(8.52313e-11 -1.865e-09 0)
(1.03303e-10 -1.82537e-09 0)
(0 0 0)
(2.81811e-11 -1.72225e-09 0)
(-3.88166e-11 -1.94158e-09 0)
(-7.63687e-11 -2.05146e-09 0)
(-2.50847e-11 -2.00371e-09 0)
(-8.38193e-11 -1.93259e-09 0)
(-7.02495e-12 -1.85926e-09 0)
(-1.27049e-10 -4.2876e-09 0)
(-2.07995e-11 -2.24116e-09 0)
(1.19734e-11 -3.67992e-09 0)
(-5.23451e-11 -1.64634e-09 0)
(-2.79378e-11 -1.80593e-09 0)
(-4.70657e-11 -1.92418e-09 0)
(0 0 0)
(-4.82233e-11 -1.94832e-09 0)
(-5.77148e-11 -2.02142e-09 0)
(-4.47408e-11 -2.01681e-09 0)
(1.48042e-11 -2.04484e-09 0)
(3.9899e-11 -1.97605e-09 0)
(4.33875e-11 -2.46553e-09 0)
(-1.67851e-11 -3.45551e-09 0)
(1.23213e-11 -1.67358e-09 0)
(1.40681e-11 -1.80372e-09 0)
(1.10547e-12 -1.81654e-09 0)
(3.96184e-11 -1.82779e-09 0)
(-6.49102e-12 -1.93593e-09 0)
(-2.03103e-11 -2.05683e-09 0)
(0 0 0)
(-3.66174e-11 -1.89075e-09 0)
(0 0 0)
(-6.54651e-11 -2.07636e-09 0)
(7.90307e-11 -2.1382e-09 0)
(1.80848e-11 -1.86666e-09 0)
(8.10727e-11 -3.88086e-09 0)
(-1.36426e-10 -1.70353e-09 0)
(-9.93272e-11 -4.59362e-09 0)
(-3.10307e-11 -1.86015e-09 0)
(-1.81426e-11 -1.84961e-09 0)
(-5.83176e-12 -1.85664e-09 0)
(7.37466e-11 -1.93863e-09 0)
(2.77899e-11 -1.55693e-09 0)
(-4.3379e-12 -2.00033e-09 0)
(1.70005e-11 -1.79054e-09 0)
(0 0 0)
(0 0 0)
(0 0 0)
(0 0 0)
(0 0 0)
(0 0 0)
(0 0 0)
(0 0 0)
(0 0 0)
(0 0 0)
(0 0 0)
(0 0 0)
(0 0 0)
(0 0 0)
(0 0 0)
(0 0 0)
(0 0 0)
(0 0 0)
(0 0 0)
(0 0 0)
(0 0 0)
(0 0 0)
(0 0 0)
(0 0 0)
(0 0 0)
(0 0 0)
(0 0 0)
(5.26487e-11 -1.90734e-09 0)
(-1.27276e-10 -2.00084e-09 0)
(0 0 0)
(6.89016e-11 -4.32588e-09 0)
(8.66739e-11 -4.11297e-09 0)
(6.28129e-11 -4.04072e-09 0)
(-5.15193e-11 -1.72822e-09 0)
(-1.07991e-11 -1.98697e-09 0)
(0 0 0)
(0 0 0)
(0 0 0)
(-1.15571e-11 -2.04109e-09 0)
(-8.36285e-12 -2.05097e-09 0)
(-6.90958e-11 -2.09687e-09 0)
(-6.51174e-11 -1.91668e-09 0)
(-3.27129e-11 -2.98084e-09 0)
(-4.32602e-11 -2.54521e-09 0)
(-1.48589e-11 -1.76984e-09 0)
(0 0 0)
(-6.88765e-11 -1.96566e-09 0)
(-4.40492e-11 -2.02817e-09 0)
(-1.16884e-10 -1.99757e-09 0)
(-1.15965e-10 -1.9179e-09 0)
(-1.0629e-10 -1.89755e-09 0)
(-9.12045e-11 -4.21855e-09 0)
(-3.41436e-11 -1.6621e-09 0)
(-7.81311e-11 -1.88141e-09 0)
(2.24388e-10 -4.10247e-09 0)
(6.26206e-11 -1.68332e-09 0)
(1.32056e-10 -1.64744e-09 0)
(9.06991e-11 -1.83223e-09 0)
(8.02734e-11 -1.99182e-09 0)
(-3.04502e-11 -1.90825e-09 0)
(0 0 0)
(-5.88439e-11 -2.03803e-09 0)
(0 0 0)
(-1.68172e-11 -2.13724e-09 0)
(-7.44524e-11 -2.02617e-09 0)
(-1.91136e-10 -4.21055e-09 0)
(-7.57079e-11 -1.81554e-09 0)
(-1.26732e-10 -1.98263e-09 0)
(-4.67972e-12 -2.0184e-09 0)
(5.52973e-11 -1.92848e-09 0)
(1.73969e-11 -1.9735e-09 0)
(-5.22816e-11 -1.95822e-09 0)
(-2.6124e-11 -1.89214e-09 0)
(-9.25665e-12 -1.95763e-09 0)
(2.33327e-11 -1.81774e-09 0)
(0 0 0)
(0 0 0)
(0 0 0)
(0 0 0)
(0 0 0)
(0 0 0)
(0 0 0)
(0 0 0)
(0 0 0)
(0 0 0)
(0 0 0)
(0 0 0)
(0 0 0)
(0 0 0)
(0 0 0)
(0 0 0)
(0 0 0)
(0 0 0)
(0 0 0)
(0 0 0)
(0 0 0)
(0 0 0)
(0 0 0)
(0 0 0)
(0 0 0)
(0 0 0)
(3.58312e-11 -1.75961e-09 0)
(-3.46262e-11 -2.30891e-09 0)
(0 0 0)
(1.35502e-11 -2.00515e-09 0)
(-7.76775e-11 -2.05272e-09 0)
(-1.2016e-10 -2.10063e-09 0)
(-6.61267e-11 -1.93539e-09 0)
(-1.92928e-11 -1.99536e-09 0)
(0 0 0)
(-2.29162e-13 -1.9499e-09 0)
(2.88619e-11 -1.95594e-09 0)
(4.1504e-11 -1.95708e-09 0)
(0 0 0)
(-4.71897e-12 -7.47189e-10 0)
(-1.10624e-11 -9.16038e-10 0)
(-1.28953e-10 -2.0297e-09 0)
(-6.48403e-11 -1.86624e-09 0)
(-3.06836e-11 -1.85565e-09 0)
(-3.58654e-13 -1.87201e-09 0)
(1.86462e-11 -1.88318e-09 0)
(-6.09022e-11 -1.79382e-09 0)
(-3.91183e-11 -1.91158e-09 0)
(-1.16498e-10 -2.00867e-09 0)
(0 0 0)
(0 0 0)
(0 0 0)
(-9.81393e-11 -1.8651e-09 0)
(-6.8404e-11 -1.88997e-09 0)
(-1.81062e-11 -2.045e-09 0)
(4.41217e-11 -1.87023e-09 0)
(9.33159e-11 -2.89349e-09 0)
(4.25319e-11 -3.46593e-09 0)
(2.08814e-11 -1.8579e-09 0)
(0 0 0)
(-4.08737e-12 -1.87743e-09 0)
(-3.94435e-11 -1.65338e-09 0)
(-1.42891e-11 -5.10724e-10 0)
(-1.50344e-10 -1.8996e-09 0)
(-1.27677e-10 -1.91335e-09 0)
(0 0 0)
(-7.16545e-11 -1.77623e-09 0)
(-7.56313e-11 -1.85088e-09 0)
(-7.04159e-11 -1.86057e-09 0)
(1.08894e-12 -1.93044e-09 0)
(-2.06211e-11 -2.07528e-09 0)
(-5.53782e-11 -2.16297e-09 0)
(-6.96046e-11 -2.03349e-09 0)
(-8.20057e-11 -1.85475e-09 0)
(-2.69675e-11 -1.79496e-09 0)
(0 0 0)
(0 0 0)
(0 0 0)
(0 0 0)
(0 0 0)
(0 0 0)
(0 0 0)
(0 0 0)
(0 0 0)
(0 0 0)
(0 0 0)
(0 0 0)
(0 0 0)
(0 0 0)
(0 0 0)
(0 0 0)
(0 0 0)
(0 0 0)
(0 0 0)
(0 0 0)
(0 0 0)
(0 0 0)
(0 0 0)
(0 0 0)
(0 0 0)
(0 0 0)
(-2.79336e-11 -1.86416e-09 0)
(-2.37756e-11 -1.96915e-09 0)
(4.83509e-11 -2.02569e-09 0)
(-5.08597e-11 -2.08169e-09 0)
(1.22237e-12 -2.13889e-09 0)
(0 0 0)
(2.78388e-11 -1.89823e-09 0)
(4.39687e-12 -1.96647e-09 0)
(1.71182e-11 -2.01867e-09 0)
(0 0 0)
(6.45952e-11 -1.92811e-09 0)
(1.19046e-10 -1.96219e-09 0)
(9.05051e-11 -2.09026e-09 0)
(6.25775e-11 -2.26444e-09 0)
(0 0 0)
(-1.42143e-10 -1.86941e-09 0)
(-9.6886e-11 -1.88377e-09 0)
(-5.98265e-11 -1.86909e-09 0)
(-2.67606e-11 -3.08568e-09 0)
(2.28891e-11 -2.83073e-09 0)
(-5.69219e-11 -1.79597e-09 0)
(-1.37415e-10 -1.99546e-09 0)
(0 0 0)
(-5.3343e-11 -3.04596e-09 0)
(-8.96797e-11 -2.49714e-09 0)
(-7.52952e-11 -1.80044e-09 0)
(0 0 0)
(-6.04141e-11 -1.87741e-09 0)
(-7.10025e-11 -1.90979e-09 0)
(-2.40529e-11 -1.86255e-09 0)
(-4.47849e-11 -3.10855e-09 0)
(2.06233e-12 -2.85766e-09 0)
(0 0 0)
(2.03419e-10 -4.01319e-09 0)
(4.76896e-11 -1.84086e-09 0)
(-8.54456e-11 -1.94312e-09 0)
(-1.44477e-10 -1.77584e-09 0)
(-6.60838e-11 -2.01633e-09 0)
(0 0 0)
(-2.54375e-10 -4.88031e-09 0)
(-2.07645e-10 -3.31785e-09 0)
(-8.6682e-11 -1.69865e-09 0)
(-6.44335e-11 -1.80242e-09 0)
(-4.70121e-11 -1.97126e-09 0)
(-4.75062e-11 -2.31472e-09 0)
(-9.67587e-12 -2.20293e-09 0)
(3.01279e-12 -8.07115e-10 0)
(1.332e-12 -4.18322e-10 0)
(6.22343e-11 -1.69339e-09 0)
(0 0 0)
(0 0 0)
(0 0 0)
(0 0 0)
(0 0 0)
(0 0 0)
(0 0 0)
(0 0 0)
(0 0 0)
(0 0 0)
(0 0 0)
(0 0 0)
(0 0 0)
(0 0 0)
(0 0 0)
(0 0 0)
(0 0 0)
(0 0 0)
(0 0 0)
(0 0 0)
(0 0 0)
(0 0 0)
(0 0 0)
(0 0 0)
(0 0 0)
(0 0 0)
(-1.44619e-11 -1.86219e-09 0)
(-2.11231e-11 -1.9075e-09 0)
(4.70344e-12 -3.31979e-09 0)
(-7.20675e-12 -6.09633e-10 0)
(-4.51713e-11 -2.05874e-09 0)
(5.94979e-11 -2.02345e-09 0)
(5.56107e-11 -1.94816e-09 0)
(2.03404e-11 -2.05587e-09 0)
(-1.94855e-11 -1.90058e-09 0)
(0 0 0)
(5.60079e-11 -2.56893e-09 0)
(-1.0611e-11 -1.11482e-09 0)
(-6.33544e-11 -4.11761e-09 0)
(-1.17365e-10 -7.59875e-09 0)
(4.54981e-11 -1.87318e-09 0)
(-2.30414e-11 -1.77377e-09 0)
(-1.7133e-11 -1.78695e-09 0)
(-9.59472e-12 -1.85848e-09 0)
(-2.84343e-12 -1.95754e-09 0)
(3.06167e-11 -2.02233e-09 0)
(-1.41292e-11 -1.94738e-09 0)
(-6.30094e-11 -1.96347e-09 0)
(-5.79464e-11 -1.97203e-09 0)
(0 0 0)
(-1.26213e-10 -4.23203e-09 0)
(-7.28984e-11 -1.69059e-09 0)
(-6.04648e-11 -1.75754e-09 0)
(-6.76551e-11 -1.82129e-09 0)
(9.35414e-11 -1.87048e-09 0)
(-2.9367e-12 -1.87642e-09 0)
(0 0 0)
(0 0 0)
(3.16666e-13 -1.85902e-09 0)
(4.93059e-11 -1.97416e-09 0)
(5.97325e-12 -4.63392e-09 0)
(-1.92255e-10 -4.33142e-09 0)
(-1.62267e-10 -1.71417e-09 0)
(-1.62115e-10 -1.98052e-09 0)
(0 0 0)
(-2.23382e-10 -1.77693e-09 0)
(-1.55646e-10 -1.75561e-09 0)
(-1.08017e-10 -1.76914e-09 0)
(-8.78547e-11 -1.75512e-09 0)
(-8.18608e-11 -1.80165e-09 0)
(-9.22705e-11 -2.04243e-09 0)
(0 0 0)
(7.80179e-11 -2.04109e-09 0)
(3.37267e-11 -1.84528e-09 0)
(-7.89046e-11 -1.87671e-09 0)
(-1.07235e-10 -1.85391e-09 0)
(0 0 0)
(0 0 0)
(0 0 0)
(0 0 0)
(0 0 0)
(0 0 0)
(0 0 0)
(0 0 0)
(0 0 0)
(0 0 0)
(0 0 0)
(0 0 0)
(0 0 0)
(0 0 0)
(0 0 0)
(0 0 0)
(0 0 0)
(0 0 0)
(0 0 0)
(0 0 0)
(0 0 0)
(0 0 0)
(0 0 0)
(0 0 0)
(0 0 0)
(-2.38315e-11 -1.90133e-09 0)
(-5.83163e-11 -2.95026e-09 0)
(1.238e-11 -3.73812e-09 0)
(2.90744e-12 -1.07355e-09 0)
(7.35342e-13 -2.79419e-10 0)
(6.32602e-12 -4.33005e-09 0)
(3.60088e-11 -1.8069e-09 0)
(-3.70104e-11 -1.81194e-09 0)
(-1.08301e-11 -1.94896e-09 0)
(-5.29164e-11 -1.79956e-09 0)
(-2.7599e-11 -1.93597e-09 0)
(-4.28769e-11 -2.06607e-09 0)
(0 0 0)
(-4.47737e-11 -2.01349e-09 0)
(2.17115e-11 -2.01278e-09 0)
(1.09146e-10 -1.91579e-09 0)
(9.55455e-11 -1.89049e-09 0)
(-8.9103e-13 -7.86019e-11 0)
(-2.48055e-11 -1.81059e-09 0)
(-6.98597e-11 -2.55627e-09 0)
(-4.73784e-11 -3.96374e-09 0)
(9.54594e-12 -1.83834e-09 0)
(-6.59793e-12 -1.77615e-09 0)
(1.16593e-11 -1.82895e-09 0)
(-4.09121e-11 -2.01759e-09 0)
(2.43692e-11 -1.75492e-09 0)
(-4.8244e-11 -1.7272e-09 0)
(-7.00401e-11 -1.73698e-09 0)
(-8.95088e-12 -1.68573e-09 0)
(-1.85081e-11 -1.83031e-09 0)
(3.18306e-11 -1.84649e-09 0)
(-2.75048e-12 -1.95785e-09 0)
(-7.23058e-11 -1.97237e-09 0)
(1.10683e-11 -2.00182e-09 0)
(-3.07481e-11 -2.03797e-09 0)
(-5.29581e-11 -1.9391e-09 0)
(-1.79112e-13 -3.29261e-12 0)
(-3.10057e-10 -4.488e-09 0)
(3.29464e-11 -1.7406e-09 0)
(-4.64499e-11 -1.77143e-09 0)
(-9.51961e-11 -1.83891e-09 0)
(-7.90692e-11 -1.78169e-09 0)
(-1.19655e-10 -1.80125e-09 0)
(-2.40888e-10 -1.90997e-09 0)
(-1.86394e-10 -1.89739e-09 0)
(-1.26543e-10 -4.73867e-09 0)
(7.65268e-11 -1.63484e-09 0)
(0 0 0)
(0 0 0)
(1.3347e-10 -4.75334e-09 0)
(0 0 0)
(0 0 0)
(0 0 0)
(0 0 0)
(0 0 0)
(0 0 0)
(0 0 0)
(0 0 0)
(0 0 0)
(0 0 0)
(0 0 0)
(0 0 0)
(0 0 0)
(0 0 0)
(0 0 0)
(0 0 0)
(0 0 0)
(0 0 0)
(0 0 0)
(0 0 0)
(0 0 0)
(0 0 0)
(0 0 0)
(0 0 0)
(0 0 0)
(-3.67646e-11 -3.22854e-09 0)
(-1.43567e-11 -5.33292e-10 0)
(-1.77539e-10 -2.73979e-09 0)
(2.82792e-12 -3.49022e-09 0)
(-1.13972e-11 -1.75168e-09 0)
(-8.63313e-12 -1.81003e-09 0)
(1.20336e-10 -4.24519e-09 0)
(-3.06472e-11 -1.80405e-09 0)
(-2.4757e-11 -1.79205e-09 0)
(0 0 0)
(-4.85369e-12 -1.92146e-09 0)
(-4.76977e-11 -2.02493e-09 0)
(4.46657e-11 -1.90072e-09 0)
(-1.08768e-11 -3.98011e-10 0)
(2.59714e-12 -1.82724e-09 0)
(6.03722e-11 -1.13477e-09 0)
(1.37653e-10 -1.89123e-09 0)
(-2.91853e-11 -1.96942e-09 0)
(-6.20685e-11 -1.9693e-09 0)
(-1.72363e-10 -1.90551e-09 0)
(-1.53036e-10 -1.93675e-09 0)
(-6.16822e-11 -1.9433e-09 0)
(-8.33851e-12 -1.93554e-09 0)
(1.46422e-11 -1.90216e-09 0)
(-7.55272e-12 -1.94929e-09 0)
(-5.35324e-11 -1.99412e-09 0)
(-1.55365e-11 -1.74623e-09 0)
(-1.65116e-10 -3.77079e-09 0)
(-2.34675e-10 -3.6219e-09 0)
(-1.25907e-10 -3.74607e-09 0)
(-3.10135e-11 -1.67097e-09 0)
(-3.64432e-11 -2.11599e-09 0)
(0 0 0)
(0 0 0)
(-1.43246e-11 -2.00796e-09 0)
(-9.59348e-12 -2.03121e-09 0)
(-3.30152e-11 -1.96389e-09 0)
(0 0 0)
(-1.70983e-10 -2.05808e-09 0)
(-1.24276e-10 -1.93884e-09 0)
(-9.86914e-11 -1.76233e-09 0)
(0 0 0)
(0 0 0)
(0 0 0)
(-9.95689e-11 -2.00434e-09 0)
(-9.62498e-11 -2.01478e-09 0)
(7.26332e-11 -1.94104e-09 0)
(9.99287e-11 -4.21388e-09 0)
(7.89854e-12 -4.21679e-09 0)
(-1.18895e-11 -1.33931e-09 0)
(3.66781e-10 -1.98536e-09 0)
(0 0 0)
(0 0 0)
(0 0 0)
(0 0 0)
(0 0 0)
(0 0 0)
(0 0 0)
(0 0 0)
(0 0 0)
(0 0 0)
(0 0 0)
(0 0 0)
(0 0 0)
(0 0 0)
(0 0 0)
(0 0 0)
(0 0 0)
(0 0 0)
(0 0 0)
(0 0 0)
(0 0 0)
(0 0 0)
(0 0 0)
(0 0 0)
(-1.12305e-11 -1.81795e-09 0)
(-2.45527e-10 -4.48165e-09 0)
(-1.7823e-13 -5.65273e-11 0)
(-9.26693e-12 -1.97317e-09 0)
(-6.73265e-11 -1.76603e-09 0)
(-1.28538e-10 -3.23642e-09 0)
(-5.7152e-11 -3.34666e-09 0)
(-2.33771e-13 -1.70415e-09 0)
(-1.13852e-10 -3.58037e-09 0)
(0 0 0)
(5.88166e-11 -1.90399e-09 0)
(-8.22787e-11 -1.84132e-09 0)
(-1.21966e-10 -1.54055e-09 0)
(1.10853e-11 -4.3059e-09 0)
(3.4617e-11 -1.74679e-09 0)
(9.52073e-11 -1.79674e-09 0)
(4.91926e-11 -4.43204e-09 0)
(0 0 0)
(-1.73421e-11 -5.93725e-10 0)
(-1.93466e-11 -5.87003e-10 0)
(-9.31335e-11 -1.75043e-09 0)
(-4.92162e-11 -1.8726e-09 0)
(-4.2305e-11 -1.93595e-09 0)
(2.94419e-11 -1.98764e-09 0)
(2.93764e-12 -2.10403e-09 0)
(-9.67149e-11 -2.06478e-09 0)
(-7.58149e-11 -1.94898e-09 0)
(0 0 0)
(-4.23358e-12 -1.83182e-09 0)
(-3.96105e-11 -1.75226e-09 0)
(-2.48159e-12 -1.67366e-09 0)
(-1.40199e-11 -2.00211e-09 0)
(3.61488e-11 -1.75997e-09 0)
(5.23685e-12 -2.00867e-09 0)
(9.35936e-11 -1.7007e-09 0)
(1.62007e-10 -1.80882e-09 0)
(1.28513e-10 -1.93127e-09 0)
(-3.85189e-11 -1.75643e-09 0)
(-6.23422e-11 -1.91202e-09 0)
(-1.4453e-10 -1.88232e-09 0)
(-1.60037e-10 -1.74184e-09 0)
(0 0 0)
(-3.81353e-11 -1.99386e-09 0)
(1.72847e-11 -1.85589e-09 0)
(-1.83816e-11 -1.85942e-09 0)
(0 0 0)
(-4.28026e-12 -1.95742e-09 0)
(0 0 0)
(0 0 0)
(3.07078e-10 -4.30292e-09 0)
(1.0713e-10 -1.75832e-09 0)
(0 0 0)
(0 0 0)
(1.12514e-10 -2.03485e-09 0)
(0 0 0)
(0 0 0)
(0 0 0)
(0 0 0)
(0 0 0)
(0 0 0)
(0 0 0)
(0 0 0)
(0 0 0)
(0 0 0)
(0 0 0)
(0 0 0)
(0 0 0)
(0 0 0)
(0 0 0)
(0 0 0)
(0 0 0)
(0 0 0)
(0 0 0)
(0 0 0)
(0 0 0)
(7.46028e-12 -1.85409e-09 0)
(-4.82785e-11 -1.93383e-09 0)
(-3.69529e-12 -2.05729e-09 0)
(0 0 0)
(1.23552e-12 -1.91352e-09 0)
(0 0 0)
(0 0 0)
(4.47103e-11 -1.98172e-09 0)
(3.7597e-11 -1.9064e-09 0)
(2.14794e-11 -1.90921e-09 0)
(-2.4998e-11 -3.96701e-09 0)
(-2.9806e-10 -6.32265e-09 0)
(0 0 0)
(-6.6487e-12 -1.93374e-09 0)
(-4.6133e-11 -1.84048e-09 0)
(0 0 0)
(-5.35836e-11 -4.2678e-09 0)
(2.11123e-10 -4.53557e-09 0)
(-1.93396e-11 -1.78092e-09 0)
(0 0 0)
(-1.61228e-11 -1.91521e-09 0)
(0 0 0)
(0 0 0)
(1.91975e-11 -2.22365e-09 0)
(-1.09256e-10 -2.24239e-09 0)
(-5.63718e-11 -1.87485e-09 0)
(-2.79092e-11 -1.79242e-09 0)
(-5.41707e-11 -1.80812e-09 0)
(-9.50768e-12 -1.75938e-09 0)
(-8.13404e-11 -3.87892e-09 0)
(-2.35667e-11 -1.75132e-09 0)
(0 0 0)
(0 0 0)
(-2.80872e-11 -4.25201e-09 0)
(1.29699e-10 -1.93606e-09 0)
(1.41863e-11 -1.82527e-09 0)
(1.51619e-12 -4.05169e-09 0)
(6.65922e-11 -1.78993e-09 0)
(-1.45265e-10 -1.93593e-09 0)
(0 0 0)
(0 0 0)
(-1.22177e-10 -1.96502e-09 0)
(-1.59386e-10 -3.83644e-09 0)
(6.8742e-11 -2.00586e-09 0)
(4.58835e-11 -1.97221e-09 0)
(6.21035e-11 -2.03181e-09 0)
(1.81827e-11 -1.96855e-09 0)
(6.18935e-11 -3.88927e-09 0)
(3.19264e-10 -3.74016e-09 0)
(1.70166e-10 -1.48251e-09 0)
(0 0 0)
(-1.7376e-10 -1.86904e-09 0)
(6.14596e-11 -1.6754e-09 0)
(6.15025e-11 -1.7733e-09 0)
(0 0 0)
(0 0 0)
(0 0 0)
(0 0 0)
(0 0 0)
(0 0 0)
(0 0 0)
(0 0 0)
(0 0 0)
(0 0 0)
(0 0 0)
(0 0 0)
(0 0 0)
(0 0 0)
(0 0 0)
(0 0 0)
(0 0 0)
(0 0 0)
(0 0 0)
(0 0 0)
(0 0 0)
(-1.75028e-11 -1.9363e-09 0)
(0 0 0)
(2.3033e-11 -1.92842e-09 0)
(9.77006e-11 -4.89236e-09 0)
(-7.15695e-11 -1.91981e-09 0)
(-1.81699e-11 -1.90407e-09 0)
(-5.46701e-11 -1.95633e-09 0)
(-1.32869e-11 -1.90992e-09 0)
(-3.1279e-11 -1.87703e-09 0)
(-2.86198e-11 -1.56955e-09 0)
(-5.3586e-11 -1.61417e-09 0)
(-1.29067e-11 -1.94875e-09 0)
(1.08006e-11 -1.90346e-09 0)
(4.98686e-12 -1.95058e-09 0)
(1.32469e-11 -2.00048e-09 0)
(-4.54693e-11 -1.97582e-09 0)
(-1.9319e-10 -2.04984e-09 0)
(1.6185e-11 -2.08869e-09 0)
(2.38649e-11 -2.05991e-09 0)
(3.37303e-11 -1.91827e-09 0)
(1.97888e-11 -1.99582e-09 0)
(1.53309e-11 -6.14299e-10 0)
(6.92777e-11 -1.67654e-09 0)
(1.87894e-10 -4.00711e-09 0)
(-1.15515e-10 -2.07895e-09 0)
(1.06759e-11 -1.872e-09 0)
(-4.72345e-13 -1.86531e-09 0)
(-3.77482e-11 -1.90539e-09 0)
(0 0 0)
(2.15208e-11 -1.68249e-09 0)
(3.65194e-11 -1.80804e-09 0)
(6.05095e-12 -1.91624e-09 0)
(1.14748e-11 -1.97733e-09 0)
(3.11783e-12 -1.96661e-09 0)
(1.30948e-11 -1.90004e-09 0)
(-1.67738e-12 -1.69874e-09 0)
(-2.91926e-11 -2.00049e-09 0)
(-1.31222e-10 -2.01625e-09 0)
(0 0 0)
(3.754e-12 -1.93092e-09 0)
(-2.51438e-12 -1.86243e-09 0)
(-1.10398e-10 -4.03568e-09 0)
(4.4961e-11 -1.84173e-09 0)
(-4.05166e-12 -1.83919e-09 0)
(8.08907e-12 -1.88528e-09 0)
(2.91048e-11 -1.81011e-09 0)
(4.53251e-12 -1.94824e-09 0)
(-2.81523e-11 -1.79467e-09 0)
(1.38142e-10 -1.89348e-09 0)
(1.131e-10 -2.21304e-09 0)
(-4.02026e-11 -2.09108e-09 0)
(-4.77601e-11 -1.80764e-09 0)
(-3.94273e-12 -1.77315e-09 0)
(-9.76291e-11 -2.59024e-09 0)
(-6.06303e-11 -2.73827e-09 0)
(-4.42176e-11 -2.24099e-09 0)
(-2.88605e-10 -1.63452e-09 0)
(0 0 0)
(0 0 0)
(0 0 0)
(0 0 0)
(0 0 0)
(0 0 0)
(0 0 0)
(0 0 0)
(0 0 0)
(0 0 0)
(0 0 0)
(0 0 0)
(0 0 0)
(0 0 0)
(0 0 0)
(0 0 0)
(0 0 0)
(0 0 0)
)
;


// ************************************************************************* //
