/*--------------------------------*- C++ -*----------------------------------*\
  =========                 |
  \\      /  F ield         | OpenFOAM: The Open Source CFD Toolbox
   \\    /   O peration     | Website:  https://openfoam.org
    \\  /    A nd           | Version:  12
     \\/     M anipulation  |
\*---------------------------------------------------------------------------*/
FoamFile
{
    format      ascii;
    class       volVectorField::Internal;
    location    "0.3";
    object      cloud:UTrans;
}
// * * * * * * * * * * * * * * * * * * * * * * * * * * * * * * * * * * * * * //

dimensions      [1 1 -1 0 0 0 0];

value           nonuniform List<vector> 
3750
(
(-1.2395e-10 -5.07201e-09 0)
(9.73071e-11 -2.27627e-09 0)
(-7.81185e-11 -2.19367e-09 0)
(-6.48612e-11 -2.21912e-09 0)
(-1.6722e-11 -2.17476e-09 0)
(3.1489e-11 -2.15832e-09 0)
(6.85408e-13 -2.25542e-09 0)
(4.53263e-12 -5.40639e-10 0)
(9.48375e-12 -1.10575e-09 0)
(3.73356e-11 -2.35591e-09 0)
(3.52378e-11 -2.35069e-09 0)
(5.55069e-11 -2.29017e-09 0)
(1.74856e-11 -2.21608e-09 0)
(2.25882e-11 -2.21951e-09 0)
(-2.0983e-10 -4.58966e-09 0)
(1.9289e-11 -2.1635e-09 0)
(-8.2845e-11 -2.011e-09 0)
(1.15858e-10 -2.28133e-09 0)
(-9.39121e-11 -2.24805e-09 0)
(-3.17786e-10 -6.16019e-09 0)
(1.11633e-11 -2.27918e-09 0)
(1.66888e-11 -2.10298e-09 0)
(-2.76416e-11 -2.24704e-09 0)
(6.98383e-11 -2.30555e-09 0)
(-5.95955e-11 -2.19947e-09 0)
(-1.45962e-10 -2.22047e-09 0)
(1.0713e-10 -2.1563e-09 0)
(1.31564e-10 -2.27945e-09 0)
(8.58355e-11 -2.45474e-09 0)
(2.29322e-11 -2.37271e-09 0)
(-2.00369e-11 -2.21995e-09 0)
(-6.95617e-11 -2.44225e-09 0)
(-1.23567e-10 -4.16035e-09 0)
(-1.03877e-11 -2.63772e-09 0)
(1.72692e-11 -2.15268e-09 0)
(4.39997e-11 -2.28549e-09 0)
(-4.04524e-12 -2.50052e-09 0)
(0 0 0)
(-1.09682e-11 -2.36265e-09 0)
(-2.87921e-12 -2.37478e-09 0)
(2.28528e-11 -2.22209e-09 0)
(-4.09719e-11 -2.45162e-09 0)
(7.14725e-11 -1.96694e-09 0)
(3.46249e-11 -2.13386e-09 0)
(5.36127e-11 -2.28929e-09 0)
(-7.54127e-12 -6.71526e-10 0)
(-1.19582e-11 -9.45694e-10 0)
(5.87057e-11 -2.40645e-09 0)
(1.63576e-10 -2.45796e-09 0)
(1.39671e-10 -2.4978e-09 0)
(-2.74757e-10 -2.36939e-09 0)
(-2.19899e-10 -2.8613e-09 0)
(-1.56171e-10 -5.0026e-09 0)
(2.82634e-12 -2.34878e-09 0)
(2.17421e-10 -2.48657e-09 0)
(-3.75238e-11 -2.34908e-09 0)
(-1.34353e-10 -2.2746e-09 0)
(2.14499e-11 -2.26199e-09 0)
(6.12074e-12 -2.38549e-09 0)
(-8.62375e-11 -2.50149e-09 0)
(1.00717e-12 -2.2495e-09 0)
(1.43991e-12 -4.43422e-10 0)
(3.93662e-12 -1.29966e-09 0)
(-1.43221e-11 -2.35579e-09 0)
(0 0 0)
(2.27874e-10 -5.49944e-09 0)
(0 0 0)
(0 0 0)
(0 0 0)
(0 0 0)
(0 0 0)
(0 0 0)
(0 0 0)
(0 0 0)
(0 0 0)
(-1.822e-10 -2.33531e-09 0)
(7.95477e-11 -2.30935e-09 0)
(8.32985e-11 -2.30726e-09 0)
(-2.15959e-12 -1.32865e-10 0)
(-3.47899e-11 -2.14968e-09 0)
(1.1541e-10 -4.50031e-09 0)
(8.25639e-12 -2.15575e-09 0)
(-2.9553e-11 -2.20961e-09 0)
(2.30652e-10 -2.27026e-09 0)
(2.26861e-10 -2.30479e-09 0)
(1.29077e-10 -2.29952e-09 0)
(2.28236e-11 -2.24137e-09 0)
(0 0 0)
(1.79779e-10 -2.16745e-09 0)
(1.65612e-10 -2.46902e-09 0)
(-1.74408e-10 -3.73067e-09 0)
(-1.65095e-10 -2.65635e-09 0)
(-1.90988e-10 -2.1569e-09 0)
(0 0 0)
(-2.30688e-11 -2.52846e-09 0)
(2.75358e-11 -8.59684e-10 0)
(2.87629e-11 -1.82204e-09 0)
(-2.95954e-11 -2.85373e-09 0)
(-1.89977e-11 -3.18501e-09 0)
(-9.03569e-12 -2.37837e-09 0)
(-1.22722e-10 -3.13617e-09 0)
(5.34384e-12 -1.98149e-09 0)
(3.77698e-11 -1.94686e-09 0)
(8.69919e-11 -2.21417e-09 0)
(-2.93603e-12 -2.33804e-09 0)
(-1.29914e-10 -2.27164e-09 0)
(0 0 0)
(-1.73028e-10 -2.14753e-09 0)
(3.59985e-11 -2.02143e-09 0)
(-1.95713e-11 -2.13077e-09 0)
(-5.76203e-11 -2.1888e-09 0)
(-4.89963e-12 -2.26572e-09 0)
(-2.02085e-11 -2.24207e-09 0)
(1.05715e-10 -3.07633e-09 0)
(4.15962e-11 -1.18163e-09 0)
(1.23877e-12 -2.28318e-09 0)
(0 0 0)
(1.93494e-11 -1.95993e-09 0)
(-1.47872e-11 -4.54285e-09 0)
(-8.66297e-11 -6.61471e-09 0)
(-9.67291e-11 -1.95213e-09 0)
(-5.28422e-11 -2.03414e-09 0)
(-6.21004e-12 -5.63424e-09 0)
(0 0 0)
(2.22756e-10 -2.16302e-09 0)
(0 0 0)
(-1.47711e-10 -2.12973e-09 0)
(-1.50776e-10 -2.18178e-09 0)
(7.69407e-11 -2.31006e-09 0)
(1.52231e-11 -2.39218e-09 0)
(0 0 0)
(-2.81212e-11 -2.16644e-09 0)
(-8.1992e-11 -2.09838e-09 0)
(4.41648e-11 -2.07988e-09 0)
(-1.00704e-09 -6.43803e-09 0)
(-7.70707e-11 -1.45725e-09 0)
(0 0 0)
(0 0 0)
(0 0 0)
(0 0 0)
(0 0 0)
(0 0 0)
(0 0 0)
(0 0 0)
(0 0 0)
(0 0 0)
(0 0 0)
(0 0 0)
(0 0 0)
(0 0 0)
(-1.96018e-11 -1.84918e-09 0)
(5.74118e-11 -2.35313e-09 0)
(-1.51567e-11 -5.52909e-09 0)
(4.74253e-11 -1.99546e-09 0)
(-8.18293e-11 -2.0967e-09 0)
(-4.8779e-11 -2.23555e-09 0)
(1.14825e-10 -2.22318e-09 0)
(-3.8607e-11 -2.09072e-09 0)
(1.61697e-10 -2.47583e-09 0)
(3.39752e-10 -2.52853e-09 0)
(1.05732e-10 -2.30664e-09 0)
(1.93256e-11 -2.26576e-09 0)
(5.0847e-11 -2.10017e-09 0)
(3.15782e-11 -2.17283e-09 0)
(-1.8156e-11 -4.61551e-09 0)
(-1.35514e-10 -2.00242e-09 0)
(-1.81352e-10 -2.03139e-09 0)
(-3.46476e-11 -5.84766e-10 0)
(-3.31366e-10 -4.60609e-09 0)
(-2.667e-11 -8.99209e-10 0)
(2.67408e-10 -3.26631e-09 0)
(7.78209e-11 -2.4025e-09 0)
(1.32396e-11 -1.91133e-09 0)
(-8.95375e-11 -2.27574e-09 0)
(4.3978e-11 -2.24876e-09 0)
(7.29126e-11 -2.2014e-09 0)
(1.50888e-10 -1.95581e-09 0)
(3.64053e-11 -2.16536e-09 0)
(7.18029e-11 -2.80431e-09 0)
(0 0 0)
(-1.65057e-10 -2.10455e-09 0)
(7.62913e-12 -2.19369e-09 0)
(8.8871e-11 -2.23202e-09 0)
(7.58562e-11 -2.28997e-09 0)
(-5.06057e-11 -2.27038e-09 0)
(-9.87489e-11 -2.21107e-09 0)
(-3.13929e-10 -5.04371e-09 0)
(-4.48146e-11 -1.89568e-09 0)
(7.85173e-12 -1.96629e-09 0)
(4.143e-10 -5.24271e-09 0)
(9.9155e-11 -1.95567e-09 0)
(7.45026e-11 -1.99657e-09 0)
(1.97979e-11 -2.03097e-09 0)
(-1.3003e-10 -2.17237e-09 0)
(8.27536e-11 -2.24994e-09 0)
(1.26041e-10 -1.97364e-09 0)
(3.17269e-11 -1.83222e-09 0)
(4.36028e-12 -3.56889e-10 0)
(3.16114e-11 -1.80597e-09 0)
(2.49377e-11 -2.60968e-09 0)
(-3.68177e-11 -2.25294e-09 0)
(1.49207e-11 -2.15713e-09 0)
(-2.43963e-11 -2.22297e-09 0)
(3.26382e-11 -2.24752e-09 0)
(1.61782e-10 -5.78686e-09 0)
(1.03203e-10 -2.27724e-09 0)
(2.60543e-11 -4.71326e-09 0)
(-3.62821e-11 -1.95969e-09 0)
(-3.13217e-10 -2.1952e-09 0)
(0 0 0)
(0 0 0)
(0 0 0)
(0 0 0)
(0 0 0)
(0 0 0)
(0 0 0)
(0 0 0)
(0 0 0)
(0 0 0)
(0 0 0)
(0 0 0)
(0 0 0)
(0 0 0)
(0 0 0)
(0 0 0)
(-1.97133e-12 -1.6226e-09 0)
(-1.29723e-10 -2.11628e-09 0)
(-9.88622e-11 -2.18552e-09 0)
(1.3539e-10 -4.96853e-09 0)
(-2.90417e-11 -2.16567e-09 0)
(-1.0079e-10 -2.04327e-09 0)
(9.80691e-12 -2.22953e-09 0)
(4.84297e-11 -2.16008e-09 0)
(-5.79787e-12 -2.21361e-09 0)
(1.5839e-11 -2.39096e-09 0)
(5.79197e-11 -5.3914e-09 0)
(7.68114e-11 -1.82773e-09 0)
(2.43584e-11 -1.09325e-09 0)
(-2.24442e-11 -1.37555e-09 0)
(-3.38085e-11 -1.07268e-09 0)
(-5.19691e-12 -2.09597e-09 0)
(-6.17282e-11 -2.23983e-09 0)
(-2.15882e-10 -2.22853e-09 0)
(-2.9725e-10 -2.26443e-09 0)
(-2.92429e-10 -2.26023e-09 0)
(-2.42997e-11 -2.10808e-09 0)
(1.15373e-10 -2.33305e-09 0)
(0 0 0)
(-1.07587e-10 -2.07558e-09 0)
(8.56066e-12 -2.12719e-09 0)
(2.44799e-12 -2.04368e-09 0)
(-1.17496e-11 -1.67988e-09 0)
(2.38218e-10 -1.982e-09 0)
(2.28869e-10 -2.67381e-09 0)
(-1.55186e-11 -6.62041e-10 0)
(-3.84101e-11 -1.28828e-09 0)
(1.02727e-11 -2.68168e-09 0)
(1.24856e-10 -3.21104e-09 0)
(2.57931e-11 -3.45866e-09 0)
(-1.82865e-10 -2.05383e-09 0)
(-1.96908e-10 -2.28016e-09 0)
(-3.2797e-10 -4.42252e-09 0)
(-4.21289e-11 -2.02502e-09 0)
(4.94129e-13 -2.05603e-09 0)
(7.3826e-12 -2.13416e-09 0)
(5.15113e-11 -2.13833e-09 0)
(6.0398e-11 -2.18956e-09 0)
(1.22448e-10 -2.17143e-09 0)
(1.62539e-10 -1.84943e-09 0)
(4.07852e-11 -1.02287e-09 0)
(1.63759e-10 -2.84164e-09 0)
(-1.00279e-11 -1.89387e-09 0)
(3.19718e-11 -2.59085e-09 0)
(-3.56133e-11 -2.60324e-09 0)
(1.56239e-11 -4.02033e-10 0)
(6.38478e-11 -1.53018e-09 0)
(-3.93079e-11 -2.12951e-09 0)
(4.77625e-11 -2.20346e-09 0)
(-1.78386e-11 -2.34437e-09 0)
(-8.30983e-11 -2.66717e-09 0)
(1.34907e-10 -4.55226e-09 0)
(-1.58132e-10 -1.74439e-09 0)
(-1.5089e-10 -5.00979e-09 0)
(-9.41996e-11 -1.96663e-09 0)
(0 0 0)
(0 0 0)
(0 0 0)
(0 0 0)
(0 0 0)
(0 0 0)
(0 0 0)
(0 0 0)
(0 0 0)
(0 0 0)
(0 0 0)
(0 0 0)
(0 0 0)
(0 0 0)
(0 0 0)
(0 0 0)
(-1.37259e-11 -2.18815e-09 0)
(-4.50739e-11 -2.16131e-09 0)
(-3.78955e-11 -1.84401e-09 0)
(-2.49048e-10 -4.6699e-09 0)
(-1.44544e-10 -2.02424e-09 0)
(6.9256e-12 -1.98899e-09 0)
(1.26334e-11 -2.0782e-09 0)
(-6.33073e-11 -1.97587e-09 0)
(-1.89341e-10 -5.55259e-09 0)
(-2.79356e-11 -2.44187e-09 0)
(0 0 0)
(2.37913e-10 -2.1363e-09 0)
(8.83767e-11 -2.11939e-09 0)
(-2.58467e-11 -2.30393e-09 0)
(0 0 0)
(8.62861e-11 -2.06142e-09 0)
(-1.32325e-10 -1.97584e-09 0)
(0 0 0)
(-8.2127e-11 -2.06353e-09 0)
(-9.95314e-11 -3.24783e-09 0)
(-4.44346e-11 -3.62885e-09 0)
(-1.47951e-11 -2.40692e-09 0)
(2.49096e-12 -9.00726e-10 0)
(1.45451e-12 -6.28108e-10 0)
(-7.79404e-11 -2.1802e-09 0)
(-3.84761e-11 -2.18091e-09 0)
(-1.83275e-11 -2.14106e-09 0)
(-2.47193e-11 -2.06774e-09 0)
(-2.2668e-11 -2.60839e-09 0)
(1.15531e-10 -2.5492e-09 0)
(5.72352e-11 -2.03587e-09 0)
(4.10401e-11 -1.95955e-09 0)
(-5.58384e-11 -2.10808e-09 0)
(-1.90329e-10 -2.61699e-09 0)
(-2.46986e-10 -5.21802e-09 0)
(-3.46873e-11 -1.92391e-09 0)
(-3.5777e-11 -1.96439e-09 0)
(-1.21006e-12 -8.35313e-11 0)
(-2.82268e-11 -2.04648e-09 0)
(2.98639e-11 -2.55409e-09 0)
(2.92402e-11 -2.32562e-09 0)
(3.68462e-11 -2.25016e-09 0)
(6.84664e-11 -2.45206e-09 0)
(2.38553e-12 -1.83792e-09 0)
(3.84712e-11 -2.04742e-09 0)
(4.63757e-11 -2.14284e-09 0)
(-2.21255e-11 -2.1296e-09 0)
(-6.22481e-11 -2.28297e-09 0)
(1.39885e-11 -2.40738e-09 0)
(1.89745e-10 -3.84012e-09 0)
(5.73115e-11 -3.98725e-09 0)
(-1.72017e-10 -2.02376e-09 0)
(-5.38064e-11 -2.43454e-09 0)
(0 0 0)
(0 0 0)
(-3.97535e-11 -2.43944e-09 0)
(-2.2801e-10 -2.0666e-09 0)
(-3.62886e-10 -2.02959e-09 0)
(-3.20299e-11 -2.09917e-09 0)
(-7.05563e-11 -1.94059e-09 0)
(0 0 0)
(0 0 0)
(0 0 0)
(0 0 0)
(0 0 0)
(0 0 0)
(0 0 0)
(0 0 0)
(0 0 0)
(0 0 0)
(0 0 0)
(0 0 0)
(0 0 0)
(0 0 0)
(0 0 0)
(-3.25791e-11 -2.18349e-09 0)
(-4.57151e-11 -2.22587e-09 0)
(-9.26523e-11 -2.24939e-09 0)
(-8.40655e-11 -2.26288e-09 0)
(3.25179e-12 -2.23257e-09 0)
(2.71255e-11 -2.28026e-09 0)
(-7.26838e-11 -5.22079e-09 0)
(-2.25094e-11 -1.19107e-09 0)
(-1.02291e-10 -2.73743e-09 0)
(-1.56747e-10 -2.13982e-09 0)
(5.54992e-11 -2.34592e-09 0)
(1.203e-10 -2.25151e-09 0)
(0 0 0)
(-6.52077e-11 -2.25875e-09 0)
(-4.18989e-11 -2.23749e-09 0)
(1.64477e-11 -2.27611e-09 0)
(0 0 0)
(3.19807e-13 -2.10889e-09 0)
(4.24069e-11 -2.13435e-09 0)
(-1.24326e-10 -2.2658e-09 0)
(-8.43674e-11 -2.22946e-09 0)
(-6.87331e-11 -2.34265e-09 0)
(4.54233e-11 -2.25128e-09 0)
(5.07717e-11 -2.15937e-09 0)
(6.86623e-11 -2.13398e-09 0)
(5.59162e-11 -2.1845e-09 0)
(5.77368e-11 -2.22494e-09 0)
(1.06688e-13 -2.23082e-09 0)
(-2.20603e-11 -2.21474e-09 0)
(9.17717e-12 -2.32904e-09 0)
(4.01313e-12 -2.25382e-09 0)
(-5.48756e-11 -2.15675e-09 0)
(-2.02255e-10 -5.39531e-09 0)
(-5.67533e-12 -2.41886e-09 0)
(1.06564e-10 -2.13285e-09 0)
(2.23908e-10 -1.81554e-09 0)
(6.67684e-11 -1.8029e-09 0)
(-2.3118e-11 -2.00253e-09 0)
(-3.79182e-11 -2.05445e-09 0)
(1.05669e-12 -2.00178e-09 0)
(2.92858e-12 -1.08421e-09 0)
(1.61647e-12 -2.9245e-10 0)
(4.13174e-11 -2.17176e-09 0)
(6.64786e-11 -2.12105e-09 0)
(3.38921e-11 -2.02815e-09 0)
(4.05886e-11 -1.97673e-09 0)
(2.49288e-11 -2.19263e-09 0)
(-1.42359e-10 -2.43702e-09 0)
(-7.13729e-11 -3.06483e-09 0)
(1.22649e-10 -5.26309e-09 0)
(-6.4009e-11 -2.40198e-09 0)
(-5.51741e-11 -2.0267e-09 0)
(-1.71895e-10 -1.99901e-09 0)
(0 0 0)
(1.45827e-10 -5.50954e-09 0)
(1.13309e-10 -4.93539e-09 0)
(0 0 0)
(0 0 0)
(-1.09325e-10 -1.92256e-09 0)
(-1.81264e-10 -2.01622e-09 0)
(0 0 0)
(0 0 0)
(0 0 0)
(0 0 0)
(0 0 0)
(0 0 0)
(0 0 0)
(0 0 0)
(0 0 0)
(0 0 0)
(0 0 0)
(0 0 0)
(0 0 0)
(0 0 0)
(0 0 0)
(-2.57945e-11 -2.20465e-09 0)
(-5.99331e-11 -2.20843e-09 0)
(-4.52501e-11 -2.2117e-09 0)
(-4.72062e-11 -2.29399e-09 0)
(-1.22189e-11 -2.54406e-09 0)
(-6.5919e-11 -1.03527e-09 0)
(-4.70414e-11 -6.31335e-10 0)
(-1.83167e-10 -3.88315e-09 0)
(-2.49657e-11 -3.77758e-09 0)
(-4.41319e-12 -5.75364e-10 0)
(6.5616e-11 -2.70345e-09 0)
(1.92585e-10 -3.39358e-09 0)
(-1.38448e-11 -2.34322e-09 0)
(1.041e-11 -2.30711e-09 0)
(0 0 0)
(9.16018e-11 -2.00576e-09 0)
(1.09231e-10 -2.19235e-09 0)
(4.42831e-11 -2.25395e-09 0)
(-1.58782e-10 -2.57037e-09 0)
(9.41802e-12 -6.88459e-10 0)
(-2.00899e-11 -3.87662e-09 0)
(-4.47037e-11 -2.02149e-09 0)
(2.67453e-11 -1.86671e-09 0)
(7.26522e-11 -2.04971e-09 0)
(6.44632e-11 -2.09453e-09 0)
(-1.23948e-11 -3.98096e-09 0)
(-2.52488e-11 -2.69901e-09 0)
(5.93077e-11 -2.15182e-09 0)
(1.14205e-10 -2.23556e-09 0)
(8.11853e-11 -2.41368e-09 0)
(-3.38177e-11 -2.34653e-09 0)
(-1.2344e-10 -2.30147e-09 0)
(-1.53995e-10 -2.28248e-09 0)
(-1.90207e-11 -2.29792e-09 0)
(2.16857e-10 -2.28167e-09 0)
(1.71318e-10 -2.00431e-09 0)
(7.54676e-11 -2.03952e-09 0)
(-2.92677e-11 -2.2035e-09 0)
(-5.1308e-11 -2.11079e-09 0)
(7.01807e-13 -2.24459e-09 0)
(1.13468e-11 -2.25972e-09 0)
(5.91972e-11 -2.11569e-09 0)
(2.51349e-11 -2.18442e-09 0)
(-1.13026e-11 -2.19449e-09 0)
(1.67197e-11 -2.03531e-09 0)
(2.72882e-11 -2.23238e-09 0)
(-4.21209e-12 -2.81439e-09 0)
(-2.25244e-11 -5.68736e-10 0)
(-6.69236e-11 -2.5868e-09 0)
(-6.61114e-11 -3.98757e-09 0)
(2.90644e-11 -2.17744e-09 0)
(2.83952e-11 -2.26082e-09 0)
(-8.48769e-11 -2.08859e-09 0)
(-1.07215e-10 -2.0498e-09 0)
(-8.33067e-11 -2.0345e-09 0)
(3.50922e-11 -5.03815e-09 0)
(1.92236e-10 -2.33906e-09 0)
(1.63874e-10 -2.14574e-09 0)
(3.97474e-11 -2.04293e-09 0)
(-6.97003e-11 -2.10169e-09 0)
(0 0 0)
(0 0 0)
(0 0 0)
(0 0 0)
(0 0 0)
(0 0 0)
(0 0 0)
(0 0 0)
(0 0 0)
(0 0 0)
(0 0 0)
(0 0 0)
(0 0 0)
(0 0 0)
(0 0 0)
(6.66455e-12 -1.98967e-09 0)
(-3.52516e-11 -2.11113e-09 0)
(-1.38998e-13 -2.11653e-09 0)
(5.70069e-13 -2.17501e-09 0)
(-3.39111e-11 -2.65669e-09 0)
(-3.82618e-11 -2.64828e-09 0)
(0 0 0)
(-1.21623e-10 -2.32514e-09 0)
(-3.2756e-11 -2.327e-09 0)
(6.85857e-11 -2.33769e-09 0)
(4.43726e-11 -2.23606e-09 0)
(-3.36067e-11 -2.24125e-09 0)
(2.25968e-11 -2.87676e-09 0)
(8.14756e-11 -2.97235e-09 0)
(5.32775e-11 -1.21673e-09 0)
(1.19028e-10 -2.11581e-09 0)
(8.03129e-11 -2.13711e-09 0)
(9.68297e-11 -5.5575e-09 0)
(-1.42011e-11 -2.07144e-09 0)
(1.00184e-10 -1.88584e-09 0)
(0 0 0)
(-9.3106e-11 -2.75506e-09 0)
(5.45164e-11 -4.20151e-09 0)
(1.54981e-12 -1.88355e-09 0)
(-3.10301e-10 -5.69383e-09 0)
(-6.96529e-11 -2.0459e-09 0)
(-2.09143e-10 -2.43546e-09 0)
(2.84711e-11 -1.58131e-09 0)
(1.79611e-10 -2.06471e-09 0)
(1.60441e-10 -2.30474e-09 0)
(-1.35921e-11 -2.49263e-09 0)
(-1.08441e-10 -2.27772e-09 0)
(-2.70983e-11 -1.15207e-09 0)
(-1.27115e-12 -5.557e-11 0)
(-5.21757e-11 -2.06285e-09 0)
(-2.43659e-11 -2.24431e-09 0)
(8.87564e-12 -2.21365e-09 0)
(-8.06249e-11 -2.08952e-09 0)
(-8.12942e-11 -2.16289e-09 0)
(-5.21451e-11 -5.28408e-09 0)
(2.55032e-11 -1.94479e-09 0)
(2.85494e-11 -8.74664e-10 0)
(1.34461e-10 -3.47633e-09 0)
(3.75135e-11 -2.24824e-09 0)
(0 0 0)
(-2.81407e-11 -1.82728e-09 0)
(-6.02121e-12 -2.86949e-09 0)
(-1.71524e-12 -2.61675e-10 0)
(-2.05214e-11 -1.88142e-09 0)
(-7.1184e-11 -2.26804e-09 0)
(1.09622e-11 -2.25112e-09 0)
(8.77146e-11 -5.33393e-09 0)
(2.7718e-11 -1.93406e-09 0)
(4.22256e-11 -1.95998e-09 0)
(-7.81466e-12 -2.0429e-09 0)
(-4.68779e-11 -2.34366e-09 0)
(1.27028e-10 -2.37291e-09 0)
(1.36343e-10 -4.52472e-09 0)
(-1.82154e-11 -1.95118e-09 0)
(-1.04783e-10 -2.10074e-09 0)
(-1.72205e-10 -2.26737e-09 0)
(0 0 0)
(0 0 0)
(0 0 0)
(0 0 0)
(0 0 0)
(0 0 0)
(0 0 0)
(0 0 0)
(0 0 0)
(0 0 0)
(0 0 0)
(0 0 0)
(0 0 0)
(0 0 0)
(-3.13731e-11 -2.10106e-09 0)
(1.84794e-11 -1.89569e-09 0)
(4.28607e-11 -2.10513e-09 0)
(-2.09481e-10 -2.19635e-09 0)
(-8.86683e-11 -2.62965e-09 0)
(0 0 0)
(-4.26478e-12 -2.61272e-09 0)
(1.62005e-10 -2.18825e-09 0)
(1.98288e-10 -2.16327e-09 0)
(6.878e-12 -2.18006e-09 0)
(5.85181e-11 -3.20803e-09 0)
(-1.15421e-10 -4.66385e-09 0)
(6.64398e-11 -2.14965e-09 0)
(1.36767e-10 -2.18649e-09 0)
(6.99995e-11 -2.13101e-09 0)
(-1.05567e-11 -1.99207e-09 0)
(8.99323e-11 -1.9857e-09 0)
(1.41572e-10 -5.65842e-09 0)
(1.48294e-10 -2.04123e-09 0)
(1.01317e-10 -1.85003e-09 0)
(1.26232e-10 -1.93622e-09 0)
(1.09991e-10 -1.99702e-09 0)
(7.5436e-11 -1.77445e-09 0)
(-4.69208e-11 -2.09969e-09 0)
(-3.132e-10 -2.20472e-09 0)
(-3.87621e-10 -5.67701e-09 0)
(-5.23355e-11 -1.98085e-09 0)
(5.44521e-11 -1.93551e-09 0)
(1.09909e-10 -2.28924e-09 0)
(4.8843e-11 -2.62449e-09 0)
(0 0 0)
(2.17264e-11 -2.23591e-09 0)
(1.78891e-10 -2.10648e-09 0)
(2.46937e-11 -9.13899e-10 0)
(1.29166e-11 -4.2333e-10 0)
(3.25979e-12 -2.16625e-09 0)
(-9.69728e-11 -2.21099e-09 0)
(-1.17712e-10 -2.12339e-09 0)
(-2.57691e-10 -4.0694e-09 0)
(-6.39003e-11 -2.40872e-09 0)
(4.3472e-11 -1.92073e-09 0)
(4.38083e-12 -2.02432e-09 0)
(-1.20585e-10 -2.283e-09 0)
(-8.19088e-11 -2.22454e-09 0)
(-6.30797e-11 -2.08998e-09 0)
(-1.252e-10 -1.81933e-09 0)
(-8.76803e-11 -2.41071e-09 0)
(0 0 0)
(8.21529e-11 -2.20333e-09 0)
(5.70327e-11 -2.28336e-09 0)
(8.43384e-11 -2.25118e-09 0)
(5.71677e-11 -2.27747e-09 0)
(8.71799e-11 -2.20961e-09 0)
(-4.90745e-11 -2.06743e-09 0)
(-1.21792e-10 -2.29286e-09 0)
(-1.31174e-10 -2.69152e-09 0)
(2.39633e-11 -5.30526e-10 0)
(6.99572e-11 -1.27585e-09 0)
(-2.43378e-11 -2.10738e-09 0)
(-2.16524e-10 -2.09128e-09 0)
(-1.25991e-10 -2.1994e-09 0)
(0 0 0)
(0 0 0)
(0 0 0)
(0 0 0)
(0 0 0)
(0 0 0)
(0 0 0)
(0 0 0)
(0 0 0)
(0 0 0)
(0 0 0)
(0 0 0)
(0 0 0)
(0 0 0)
(-6.58326e-11 -4.43137e-09 0)
(-1.33567e-10 -2.39129e-09 0)
(-5.32875e-11 -2.32322e-09 0)
(-5.82968e-11 -1.23126e-09 0)
(-3.14222e-11 -8.42405e-10 0)
(-5.90149e-11 -3.08009e-09 0)
(1.03106e-12 -2.87897e-09 0)
(3.24272e-11 -9.52096e-10 0)
(1.09748e-10 -2.04237e-09 0)
(1.10994e-10 -2.62717e-09 0)
(-5.09427e-11 -4.08013e-09 0)
(-1.86574e-10 -3.6987e-09 0)
(2.71701e-11 -2.04057e-09 0)
(1.06379e-10 -2.02698e-09 0)
(-1.58208e-10 -2.0657e-09 0)
(-6.27474e-11 -2.18222e-09 0)
(-4.55485e-11 -4.57755e-09 0)
(-1.34019e-11 -2.00324e-09 0)
(2.2406e-10 -3.65967e-09 0)
(1.22722e-10 -2.66821e-09 0)
(-3.58812e-11 -2.06845e-09 0)
(-5.00167e-11 -2.11611e-09 0)
(-1.68714e-10 -2.58122e-09 0)
(-1.08903e-10 -2.44827e-09 0)
(-2.57329e-11 -1.26456e-09 0)
(-1.12495e-10 -2.75158e-09 0)
(-2.22977e-11 -2.00023e-09 0)
(8.08567e-11 -2.07677e-09 0)
(2.55548e-11 -2.27293e-09 0)
(0 0 0)
(8.4191e-11 -2.32906e-09 0)
(-1.0197e-10 -2.3894e-09 0)
(-2.80157e-12 -2.22072e-09 0)
(-2.29718e-14 -3.35878e-11 0)
(5.38668e-12 -2.10627e-09 0)
(1.33968e-10 -2.15958e-09 0)
(-1.82968e-11 -2.36416e-09 0)
(-2.40465e-11 -2.2741e-09 0)
(-5.30194e-11 -2.07484e-09 0)
(-1.61554e-10 -2.30596e-09 0)
(-1.70545e-10 -3.72225e-09 0)
(-1.10017e-11 -1.88108e-09 0)
(6.83097e-12 -2.15475e-09 0)
(-3.88546e-11 -2.31355e-09 0)
(-5.95233e-11 -2.24193e-09 0)
(-1.51978e-10 -2.20012e-09 0)
(1.61185e-11 -6.93098e-10 0)
(3.30268e-11 -9.71409e-10 0)
(7.53662e-11 -2.39618e-09 0)
(3.11714e-11 -2.32769e-09 0)
(7.03544e-11 -2.20684e-09 0)
(7.97177e-11 -2.21683e-09 0)
(0 0 0)
(6.39529e-11 -2.20886e-09 0)
(-9.22983e-12 -2.27874e-09 0)
(-4.59742e-11 -2.69533e-09 0)
(9.86496e-12 -1.83875e-10 0)
(1.31923e-10 -5.42481e-09 0)
(-6.8677e-11 -2.34788e-09 0)
(-9.14791e-12 -8.5804e-10 0)
(-1.43906e-11 -2.1734e-09 0)
(-5.7929e-12 -5.41687e-10 0)
(0 0 0)
(0 0 0)
(0 0 0)
(0 0 0)
(0 0 0)
(0 0 0)
(0 0 0)
(0 0 0)
(0 0 0)
(0 0 0)
(0 0 0)
(0 0 0)
(0 0 0)
(-3.36185e-11 -2.26672e-09 0)
(-1.08519e-10 -2.21759e-09 0)
(-7.07815e-11 -2.21305e-09 0)
(-5.01739e-11 -2.50727e-09 0)
(0 0 0)
(-3.09696e-11 -2.41197e-09 0)
(3.0146e-11 -2.31763e-09 0)
(5.55051e-11 -2.16868e-09 0)
(5.69596e-12 -2.36811e-09 0)
(-7.11572e-11 -2.51532e-09 0)
(3.69814e-11 -2.49493e-09 0)
(0 0 0)
(5.7638e-11 -4.85812e-09 0)
(1.45967e-11 -1.94287e-09 0)
(-1.42166e-10 -2.16038e-09 0)
(-9.94026e-11 -2.20253e-09 0)
(-6.92619e-11 -4.76767e-09 0)
(-7.07487e-11 -1.96179e-09 0)
(-1.44677e-10 -4.66237e-09 0)
(-5.63995e-11 -1.94787e-09 0)
(-3.17372e-11 -2.06723e-09 0)
(-1.30876e-10 -2.21269e-09 0)
(-2.30657e-10 -2.26648e-09 0)
(-2.08709e-10 -2.28706e-09 0)
(-9.60991e-11 -2.37245e-09 0)
(-1.92521e-10 -2.51009e-09 0)
(3.72895e-11 -2.09811e-09 0)
(3.81758e-11 -2.08661e-09 0)
(-1.93897e-10 -5.41858e-09 0)
(5.01248e-11 -2.37546e-09 0)
(6.14847e-11 -2.47051e-09 0)
(0 0 0)
(1.19394e-10 -2.8762e-09 0)
(6.27628e-11 -1.67025e-09 0)
(3.281e-11 -1.96568e-09 0)
(8.46389e-11 -2.22843e-09 0)
(9.77622e-11 -2.3323e-09 0)
(-7.44971e-11 -2.43087e-09 0)
(0 0 0)
(-1.45455e-10 -2.14374e-09 0)
(5.24606e-13 -2.046e-09 0)
(2.06152e-10 -2.03822e-09 0)
(-3.10412e-10 -5.57861e-09 0)
(-2.67869e-11 -2.10522e-09 0)
(-8.49157e-11 -2.10326e-09 0)
(-4.86746e-11 -2.12385e-09 0)
(1.24617e-12 -2.26193e-09 0)
(-3.61564e-11 -2.33764e-09 0)
(5.0334e-11 -2.63136e-09 0)
(6.32178e-11 -2.25377e-09 0)
(2.28263e-10 -2.18188e-09 0)
(1.03391e-10 -2.277e-09 0)
(0 0 0)
(-3.32243e-11 -2.30874e-09 0)
(-6.11464e-11 -2.30896e-09 0)
(0 0 0)
(-6.75338e-12 -2.24503e-09 0)
(-1.19587e-10 -2.50006e-09 0)
(1.61423e-11 -2.54113e-09 0)
(6.92703e-11 -2.17048e-09 0)
(-1.19198e-11 -2.41413e-09 0)
(-1.7198e-11 -2.16623e-09 0)
(0 0 0)
(0 0 0)
(0 0 0)
(0 0 0)
(0 0 0)
(0 0 0)
(0 0 0)
(0 0 0)
(0 0 0)
(0 0 0)
(0 0 0)
(0 0 0)
(0 0 0)
(2.65254e-12 -2.83389e-09 0)
(-5.52025e-11 -1.52646e-09 0)
(-1.01951e-10 -2.13132e-09 0)
(-1.15545e-10 -2.30377e-09 0)
(-3.58699e-11 -2.22901e-09 0)
(-3.49072e-11 -2.1319e-09 0)
(0 0 0)
(-7.40291e-11 -4.6708e-09 0)
(-7.71125e-11 -5.62964e-09 0)
(0 0 0)
(1.54405e-10 -2.34992e-09 0)
(1.67001e-10 -2.36562e-09 0)
(-7.63057e-12 -2.272e-09 0)
(-5.2562e-11 -2.23996e-09 0)
(-2.93948e-11 -2.13734e-09 0)
(-4.31324e-11 -2.10626e-09 0)
(-1.63219e-10 -2.13545e-09 0)
(-1.48228e-10 -4.03432e-09 0)
(-9.3211e-11 -2.44616e-09 0)
(1.53682e-11 -2.04829e-09 0)
(1.05574e-10 -2.07528e-09 0)
(-1.17667e-10 -2.28844e-09 0)
(-1.95778e-10 -2.28198e-09 0)
(-1.84547e-10 -2.22782e-09 0)
(-1.42847e-10 -2.31608e-09 0)
(-5.64196e-11 -2.21001e-09 0)
(-6.50917e-11 -2.18042e-09 0)
(2.16103e-12 -2.19427e-09 0)
(0 0 0)
(-1.03302e-10 -2.33647e-09 0)
(-2.62069e-11 -2.35187e-09 0)
(-1.17194e-10 -2.4833e-09 0)
(1.3272e-10 -2.58173e-09 0)
(2.07315e-10 -3.81221e-09 0)
(1.92015e-11 -7.23323e-10 0)
(2.59643e-11 -1.94825e-09 0)
(1.10684e-10 -2.12921e-09 0)
(7.93887e-11 -2.6641e-09 0)
(-4.513e-12 -1.60237e-10 0)
(-5.44514e-11 -1.81744e-09 0)
(3.80577e-11 -1.9173e-09 0)
(9.23835e-11 -2.12385e-09 0)
(5.06745e-11 -3.27512e-09 0)
(-1.18989e-10 -5.01476e-09 0)
(-4.79618e-11 -2.08363e-09 0)
(-3.96729e-11 -2.05077e-09 0)
(1.22218e-11 -2.15612e-09 0)
(9.74872e-11 -2.29072e-09 0)
(-1.70074e-11 -2.22792e-09 0)
(1.2652e-11 -2.18946e-09 0)
(6.70772e-11 -1.72148e-09 0)
(9.0689e-11 -2.36934e-09 0)
(0 0 0)
(-1.57813e-11 -2.26342e-09 0)
(-7.5015e-11 -2.26025e-09 0)
(0 0 0)
(-5.06895e-11 -4.75008e-09 0)
(-3.16691e-11 -2.37662e-09 0)
(7.03586e-11 -2.24442e-09 0)
(8.84046e-11 -2.16093e-09 0)
(-1.60251e-11 -2.20899e-09 0)
(3.33327e-11 -2.19667e-09 0)
(0 0 0)
(0 0 0)
(0 0 0)
(0 0 0)
(0 0 0)
(0 0 0)
(0 0 0)
(0 0 0)
(0 0 0)
(0 0 0)
(0 0 0)
(0 0 0)
(0 0 0)
(-9.58174e-11 -2.08154e-09 0)
(-7.25733e-11 -2.16035e-09 0)
(-6.88837e-11 -2.13507e-09 0)
(-1.14173e-10 -2.106e-09 0)
(-1.37535e-10 -2.37335e-09 0)
(-7.09018e-11 -2.20996e-09 0)
(6.42477e-11 -2.20895e-09 0)
(-1.14709e-12 -6.25693e-11 0)
(-4.38801e-11 -2.1465e-09 0)
(-1.16486e-10 -2.12763e-09 0)
(1.56977e-11 -2.5913e-10 0)
(2.61264e-10 -5.02876e-09 0)
(4.27077e-11 -2.08055e-09 0)
(-7.11319e-11 -2.04758e-09 0)
(0 0 0)
(0 0 0)
(0 0 0)
(0 0 0)
(0 0 0)
(0 0 0)
(-5.71862e-11 -2.55301e-09 0)
(-4.09409e-10 -2.54857e-09 0)
(0 0 0)
(-9.8676e-11 -2.17556e-09 0)
(-6.44235e-11 -2.23594e-09 0)
(-1.01945e-11 -2.56091e-09 0)
(4.68287e-11 -2.15782e-09 0)
(-3.4718e-11 -2.68105e-09 0)
(2.84568e-11 -2.52793e-09 0)
(7.73715e-11 -2.12936e-09 0)
(5.1614e-11 -1.97263e-09 0)
(1.08212e-10 -2.54011e-09 0)
(3.11965e-10 -3.72358e-09 0)
(1.22898e-10 -2.08663e-09 0)
(1.11277e-10 -2.12099e-09 0)
(7.5141e-11 -2.1015e-09 0)
(2.95691e-11 -2.18674e-09 0)
(4.72627e-11 -2.38871e-09 0)
(9.18663e-11 -2.16461e-09 0)
(8.71501e-11 -1.91039e-09 0)
(3.68716e-11 -1.95636e-09 0)
(6.16672e-11 -2.45945e-09 0)
(-9.41719e-12 -2.71634e-09 0)
(-8.33345e-11 -2.3686e-09 0)
(-5.26704e-11 -2.1273e-09 0)
(-4.52114e-11 -2.12306e-09 0)
(2.13455e-11 -2.19659e-09 0)
(1.34375e-11 -2.18444e-09 0)
(-3.69825e-11 -2.24198e-09 0)
(-4.91643e-12 -2.20911e-09 0)
(-4.82531e-11 -2.25313e-09 0)
(2.66957e-14 -1.14612e-12 0)
(6.74069e-11 -2.33835e-09 0)
(3.49659e-11 -2.24917e-09 0)
(1.81796e-11 -2.18203e-09 0)
(1.77826e-10 -4.73593e-09 0)
(-2.59506e-11 -2.73509e-09 0)
(1.4697e-10 -4.26859e-09 0)
(1.06845e-10 -2.16103e-09 0)
(1.02656e-10 -2.14122e-09 0)
(4.43633e-11 -2.22154e-09 0)
(0 0 0)
(0 0 0)
(0 0 0)
(0 0 0)
(0 0 0)
(0 0 0)
(0 0 0)
(0 0 0)
(0 0 0)
(0 0 0)
(0 0 0)
(0 0 0)
(0 0 0)
(0 0 0)
(-3.84917e-11 -2.34402e-09 0)
(-3.88936e-11 -2.17877e-09 0)
(-1.17341e-10 -2.30998e-09 0)
(-6.46259e-11 -2.35719e-09 0)
(-1.1338e-10 -4.07415e-09 0)
(-3.42585e-11 -2.58997e-09 0)
(6.94363e-11 -2.05577e-09 0)
(5.45659e-11 -2.20597e-09 0)
(3.8795e-11 -2.27044e-09 0)
(1.10231e-10 -2.32684e-09 0)
(2.3451e-10 -2.21983e-09 0)
(7.00477e-11 -2.17725e-09 0)
(5.94687e-11 -2.2944e-09 0)
(2.30303e-11 -1.00805e-09 0)
(9.68142e-11 -2.51481e-09 0)
(9.78398e-11 -1.92832e-09 0)
(-2.65386e-11 -2.0795e-09 0)
(-1.21641e-10 -2.12453e-09 0)
(-7.29462e-11 -2.1509e-09 0)
(8.08388e-13 -5.21716e-09 0)
(7.12732e-11 -1.973e-09 0)
(-2.87595e-10 -2.27399e-09 0)
(-1.73708e-10 -2.31036e-09 0)
(0 0 0)
(-2.36012e-12 -2.09734e-09 0)
(1.82479e-10 -2.12562e-09 0)
(2.09581e-10 -2.09394e-09 0)
(1.94618e-11 -2.30939e-09 0)
(4.35166e-12 -2.29849e-09 0)
(8.9206e-11 -2.23765e-09 0)
(6.54544e-11 -4.77077e-09 0)
(7.99843e-11 -2.11265e-09 0)
(1.5782e-10 -5.14728e-09 0)
(1.10509e-10 -2.04265e-09 0)
(9.18024e-11 -2.02701e-09 0)
(-3.56568e-11 -2.1518e-09 0)
(0 0 0)
(1.97973e-11 -5.44968e-09 0)
(1.94146e-10 -1.95455e-09 0)
(1.56947e-10 -1.83005e-09 0)
(6.02629e-11 -1.98112e-09 0)
(-5.13786e-11 -2.35485e-09 0)
(-5.47641e-11 -2.81698e-09 0)
(2.82408e-12 -2.57177e-09 0)
(-3.57179e-11 -9.22829e-10 0)
(-2.35343e-11 -5.4006e-10 0)
(1.07954e-10 -2.18231e-09 0)
(3.70261e-11 -2.64024e-09 0)
(1.36151e-10 -4.26138e-09 0)
(1.00166e-10 -2.11447e-09 0)
(8.73668e-11 -2.15211e-09 0)
(8.86316e-11 -2.16328e-09 0)
(1.30538e-10 -2.23824e-09 0)
(0 0 0)
(0 0 0)
(0 0 0)
(1.11835e-10 -2.63721e-09 0)
(-1.59059e-11 -2.3703e-09 0)
(1.22054e-11 -2.16383e-09 0)
(1.01307e-10 -1.99582e-09 0)
(0 0 0)
(0 0 0)
(0 0 0)
(0 0 0)
(0 0 0)
(0 0 0)
(0 0 0)
(0 0 0)
(0 0 0)
(0 0 0)
(0 0 0)
(0 0 0)
(0 0 0)
(0 0 0)
(0 0 0)
(-8.86691e-11 -2.321e-09 0)
(-2.17455e-11 -2.23342e-09 0)
(-1.00008e-10 -2.24311e-09 0)
(-8.48444e-11 -2.28173e-09 0)
(-9.45762e-11 -2.28187e-09 0)
(5.63659e-12 -2.27601e-09 0)
(9.00682e-13 -2.10669e-09 0)
(1.18058e-10 -2.23268e-09 0)
(9.31438e-11 -2.25581e-09 0)
(1.28708e-10 -3.14446e-09 0)
(6.3179e-11 -1.32201e-09 0)
(6.70728e-11 -2.34683e-09 0)
(5.78563e-11 -2.31697e-09 0)
(-3.1444e-11 -2.32621e-09 0)
(0 0 0)
(-2.60389e-11 -4.37972e-09 0)
(5.84117e-11 -2.0555e-09 0)
(-8.18743e-12 -2.99083e-09 0)
(6.19585e-11 -3.34758e-09 0)
(1.08734e-10 -2.06611e-09 0)
(-6.80314e-11 -2.60009e-09 0)
(0 0 0)
(-9.93593e-11 -2.29489e-09 0)
(-9.72276e-11 -3.53671e-09 0)
(9.19939e-11 -2.62847e-09 0)
(5.15343e-11 -2.00983e-09 0)
(5.94749e-11 -2.2259e-09 0)
(6.78543e-11 -2.21511e-09 0)
(4.20556e-11 -2.25146e-09 0)
(-4.50443e-11 -2.6337e-09 0)
(-1.53826e-10 -2.24699e-09 0)
(-8.18018e-11 -2.1771e-09 0)
(-4.10888e-11 -2.21967e-09 0)
(3.59063e-11 -2.32224e-09 0)
(-3.03667e-11 -2.26108e-09 0)
(2.17831e-11 -2.15349e-09 0)
(-9.70696e-11 -2.16344e-09 0)
(-3.19324e-11 -2.17829e-09 0)
(2.44256e-10 -5.02732e-09 0)
(5.92261e-11 -1.85691e-09 0)
(1.90847e-12 -2.0107e-09 0)
(0 0 0)
(-2.37995e-10 -2.37323e-09 0)
(-1.08402e-10 -2.55015e-09 0)
(1.45083e-10 -2.31805e-09 0)
(1.4357e-10 -2.20762e-09 0)
(9.70133e-11 -2.18245e-09 0)
(2.91771e-11 -2.32663e-09 0)
(1.44878e-10 -2.09148e-09 0)
(3.63374e-10 -3.55329e-09 0)
(1.18097e-10 -3.45237e-09 0)
(1.22584e-10 -2.00854e-09 0)
(1.26685e-10 -2.14256e-09 0)
(7.42961e-11 -2.2399e-09 0)
(3.6311e-11 -4.5195e-09 0)
(2.19347e-10 -5.62329e-09 0)
(1.96852e-12 -2.39917e-09 0)
(0 0 0)
(-5.75829e-11 -2.31204e-09 0)
(0 0 0)
(0 0 0)
(0 0 0)
(0 0 0)
(0 0 0)
(0 0 0)
(0 0 0)
(0 0 0)
(0 0 0)
(0 0 0)
(0 0 0)
(0 0 0)
(0 0 0)
(0 0 0)
(0 0 0)
(0 0 0)
(-9.33977e-11 -2.22502e-09 0)
(1.33314e-10 -2.32074e-09 0)
(-1.89749e-10 -2.23865e-09 0)
(-1.0297e-10 -2.26208e-09 0)
(-1.27573e-10 -2.18322e-09 0)
(-9.92386e-12 -2.17874e-09 0)
(-8.37383e-13 -4.34833e-10 0)
(-9.48562e-11 -4.84278e-09 0)
(3.55e-11 -2.14375e-09 0)
(8.45305e-11 -2.13742e-09 0)
(1.52845e-11 -2.20596e-09 0)
(1.39721e-10 -2.30682e-09 0)
(1.21051e-10 -2.32798e-09 0)
(1.63039e-11 -2.24811e-09 0)
(-3.20603e-11 -2.13175e-09 0)
(0 0 0)
(-9.70557e-11 -4.48851e-09 0)
(-4.02844e-11 -2.10673e-09 0)
(3.23576e-11 -1.51503e-09 0)
(3.15872e-11 -2.54878e-09 0)
(-3.4359e-12 -1.33941e-09 0)
(-5.32883e-11 -2.15512e-09 0)
(-6.676e-11 -2.50697e-09 0)
(-3.42699e-11 -1.82542e-09 0)
(1.01087e-10 -4.49843e-09 0)
(-1.39386e-11 -2.04505e-09 0)
(-4.0511e-11 -2.18975e-09 0)
(0 0 0)
(4.36701e-12 -2.20714e-09 0)
(-2.26941e-11 -2.39432e-09 0)
(0 0 0)
(-1.25411e-10 -2.10646e-09 0)
(-1.39567e-10 -2.22408e-09 0)
(-4.54923e-11 -2.31554e-09 0)
(2.52849e-11 -2.27426e-09 0)
(2.3163e-11 -2.14851e-09 0)
(-7.20795e-11 -4.837e-09 0)
(-1.24346e-10 -1.93421e-09 0)
(-8.16732e-11 -4.9226e-09 0)
(1.1236e-10 -1.91405e-09 0)
(5.25154e-11 -2.03026e-09 0)
(-1.17406e-10 -2.58081e-09 0)
(0 0 0)
(1.82949e-10 -1.89751e-09 0)
(1.73249e-10 -2.15253e-09 0)
(1.81796e-10 -2.30735e-09 0)
(7.01093e-11 -2.4231e-09 0)
(-7.39117e-11 -2.15121e-09 0)
(-6.13139e-11 -2.10747e-09 0)
(-2.39576e-11 -5.25371e-09 0)
(-1.66232e-11 -1.82984e-09 0)
(-6.8967e-12 -2.09761e-09 0)
(6.84056e-12 -5.22253e-09 0)
(2.7776e-11 -1.9722e-09 0)
(-1.01493e-10 -1.86109e-09 0)
(-6.55863e-11 -1.98726e-09 0)
(2.32805e-11 -2.21758e-09 0)
(2.5585e-11 -2.18858e-09 0)
(7.79124e-12 -2.30056e-09 0)
(0 0 0)
(0 0 0)
(0 0 0)
(0 0 0)
(0 0 0)
(0 0 0)
(0 0 0)
(0 0 0)
(0 0 0)
(0 0 0)
(0 0 0)
(0 0 0)
(0 0 0)
(0 0 0)
(0 0 0)
(0 0 0)
(-1.95685e-10 -2.17711e-09 0)
(-3.78716e-11 -2.07195e-09 0)
(-6.31947e-12 -5.89208e-10 0)
(6.21776e-12 -2.32309e-09 0)
(6.8288e-11 -3.47889e-09 0)
(3.42923e-11 -2.05443e-09 0)
(1.07633e-12 -2.17773e-09 0)
(2.18153e-11 -2.4792e-09 0)
(6.89145e-11 -2.20822e-09 0)
(-3.17131e-11 -2.08814e-09 0)
(-1.37135e-10 -2.23621e-09 0)
(-1.97556e-11 -2.29458e-09 0)
(6.72472e-11 -3.69424e-09 0)
(-1.52159e-11 -1.08289e-09 0)
(-3.525e-11 -1.87683e-09 0)
(2.51237e-10 -2.19724e-09 0)
(-2.20522e-11 -2.16216e-09 0)
(-5.84138e-11 -2.13299e-09 0)
(-1.14208e-10 -2.19832e-09 0)
(0 0 0)
(-1.49086e-11 -2.53877e-09 0)
(-3.36668e-11 -2.31563e-09 0)
(-1.17183e-10 -2.11362e-09 0)
(6.05205e-11 -5.3584e-09 0)
(4.06351e-11 -2.08262e-09 0)
(-1.114e-11 -2.31224e-09 0)
(-2.32061e-12 -4.12939e-10 0)
(-9.33711e-12 -1.59528e-09 0)
(2.50626e-11 -2.40472e-09 0)
(-3.28647e-11 -2.1464e-09 0)
(0 0 0)
(5.26795e-11 -2.25999e-09 0)
(-1.08942e-10 -2.17156e-09 0)
(-1.44255e-10 -2.21828e-09 0)
(-1.13781e-10 -2.06692e-09 0)
(1.31538e-10 -5.28789e-09 0)
(-3.27537e-11 -1.95907e-09 0)
(-8.86857e-11 -2.06737e-09 0)
(2.60814e-11 -2.11609e-09 0)
(-1.31298e-11 -2.05138e-09 0)
(-8.96383e-11 -2.13036e-09 0)
(-9.1848e-11 -2.3092e-09 0)
(-8.03701e-11 -4.82655e-09 0)
(7.65481e-11 -2.11186e-09 0)
(1.30718e-10 -2.17937e-09 0)
(5.56127e-11 -2.49361e-09 0)
(4.01953e-11 -2.35035e-09 0)
(1.36879e-10 -2.13425e-09 0)
(4.7119e-11 -2.06792e-09 0)
(-1.03376e-10 -2.20834e-09 0)
(-1.26257e-10 -2.25888e-09 0)
(-2.92227e-10 -4.73392e-09 0)
(-5.77162e-11 -1.94108e-09 0)
(1.59702e-10 -5.68643e-09 0)
(-3.8375e-11 -2.02105e-09 0)
(-4.61834e-11 -2.07201e-09 0)
(9.99186e-11 -2.29652e-09 0)
(2.24688e-11 -2.40885e-09 0)
(-1.31235e-10 -2.24455e-09 0)
(0 0 0)
(0 0 0)
(0 0 0)
(0 0 0)
(0 0 0)
(0 0 0)
(0 0 0)
(0 0 0)
(0 0 0)
(0 0 0)
(0 0 0)
(0 0 0)
(0 0 0)
(0 0 0)
(0 0 0)
(0 0 0)
(-2.73918e-10 -2.0983e-09 0)
(-6.53175e-12 -2.28645e-09 0)
(0 0 0)
(-2.43217e-11 -2.29576e-09 0)
(-6.24329e-11 -1.94064e-09 0)
(1.61366e-10 -2.15643e-09 0)
(1.31296e-10 -2.141e-09 0)
(7.91925e-11 -3.07487e-09 0)
(6.25737e-11 -4.38398e-09 0)
(-1.31409e-10 -2.1374e-09 0)
(-6.00186e-11 -2.94432e-09 0)
(-7.75739e-12 -2.91081e-09 0)
(2.05142e-11 -3.32316e-09 0)
(1.4874e-11 -2.19587e-09 0)
(4.74311e-11 -2.02289e-09 0)
(2.58023e-11 -6.74565e-10 0)
(3.05237e-11 -7.68777e-10 0)
(4.06844e-12 -2.11551e-09 0)
(-8.12931e-12 -2.10562e-09 0)
(-4.1246e-11 -2.27842e-09 0)
(-6.74875e-12 -2.42517e-09 0)
(4.5653e-11 -2.34603e-09 0)
(-6.20419e-12 -2.37216e-09 0)
(3.33373e-11 -2.03154e-09 0)
(-3.65093e-11 -2.14424e-09 0)
(-1.68773e-11 -2.32678e-09 0)
(2.14063e-11 -1.27882e-09 0)
(1.37301e-12 -7.64106e-11 0)
(8.60363e-11 -2.36294e-09 0)
(1.10561e-10 -2.33733e-09 0)
(2.20853e-10 -2.32197e-09 0)
(6.51489e-11 -2.35346e-09 0)
(1.0572e-10 -2.19657e-09 0)
(6.92215e-12 -2.11765e-09 0)
(-2.84909e-11 -2.22001e-09 0)
(-4.77183e-11 -2.16127e-09 0)
(1.26223e-12 -2.15343e-09 0)
(-1.5112e-11 -2.18814e-09 0)
(-1.37922e-10 -2.21302e-09 0)
(-1.00479e-10 -2.18701e-09 0)
(-1.89977e-10 -2.32394e-09 0)
(-6.7743e-11 -1.99856e-09 0)
(2.79474e-11 -2.0808e-09 0)
(1.99644e-10 -2.12945e-09 0)
(1.789e-10 -2.22882e-09 0)
(8.94653e-11 -2.26635e-09 0)
(7.94713e-11 -2.31816e-09 0)
(9.66076e-11 -2.23958e-09 0)
(1.13732e-10 -2.19612e-09 0)
(0 0 0)
(-1.76315e-10 -2.24632e-09 0)
(-2.49652e-10 -2.12746e-09 0)
(-1.37158e-10 -2.03286e-09 0)
(-6.66727e-11 -2.26594e-09 0)
(4.67655e-11 -2.22056e-09 0)
(-1.85917e-10 -3.75101e-09 0)
(-9.1426e-12 -3.22915e-09 0)
(-8.75728e-11 -2.42656e-09 0)
(-1.23318e-10 -2.23863e-09 0)
(0 0 0)
(0 0 0)
(0 0 0)
(0 0 0)
(0 0 0)
(0 0 0)
(0 0 0)
(0 0 0)
(0 0 0)
(0 0 0)
(0 0 0)
(0 0 0)
(0 0 0)
(0 0 0)
(0 0 0)
(0 0 0)
(-1.91299e-11 -2.20098e-09 0)
(4.47793e-11 -2.03765e-09 0)
(1.13104e-10 -2.23044e-09 0)
(8.7128e-11 -2.27182e-09 0)
(5.05862e-11 -2.19476e-09 0)
(9.98577e-11 -2.2265e-09 0)
(2.97989e-11 -2.19169e-09 0)
(2.6708e-11 -5.67077e-09 0)
(-1.89914e-10 -2.13081e-09 0)
(-9.34409e-11 -2.08444e-09 0)
(2.47286e-11 -2.93683e-09 0)
(-5.54888e-11 -3.71585e-09 0)
(-2.1907e-11 -2.09154e-09 0)
(1.68995e-11 -2.13917e-09 0)
(3.26013e-11 -2.06669e-09 0)
(1.32803e-11 -2.07217e-09 0)
(-4.4532e-11 -2.14216e-09 0)
(2.47944e-12 -2.1868e-09 0)
(-7.61177e-12 -2.43219e-09 0)
(-4.01345e-11 -1.27008e-09 0)
(-2.62245e-12 -7.48424e-11 0)
(-7.09067e-11 -2.26361e-09 0)
(-4.73881e-11 -2.2076e-09 0)
(-5.04067e-11 -2.15924e-09 0)
(-8.02379e-11 -2.2029e-09 0)
(-7.9468e-11 -2.17073e-09 0)
(-1.34557e-12 -2.23996e-09 0)
(5.14617e-11 -2.22898e-09 0)
(1.11804e-10 -2.28062e-09 0)
(3.8799e-11 -3.7593e-09 0)
(5.37829e-11 -3.4531e-09 0)
(4.43323e-11 -9.08282e-10 0)
(3.62729e-11 -6.75503e-10 0)
(7.09491e-11 -2.21689e-09 0)
(5.65599e-11 -2.28605e-09 0)
(8.67075e-11 -2.3039e-09 0)
(0 0 0)
(3.87096e-11 -2.03938e-09 0)
(-5.60378e-11 -2.22714e-09 0)
(-1.63255e-10 -2.25388e-09 0)
(0 0 0)
(-7.39622e-11 -2.16483e-09 0)
(-6.66688e-11 -2.14099e-09 0)
(-8.24936e-12 -2.01381e-09 0)
(8.45107e-11 -5.35431e-09 0)
(9.43788e-11 -2.2572e-09 0)
(7.44225e-12 -2.04311e-09 0)
(2.44047e-11 -2.00322e-09 0)
(-3.96779e-11 -2.08896e-09 0)
(-4.88468e-11 -8.53343e-09 0)
(-1.21409e-10 -1.95336e-09 0)
(-1.63496e-10 -2.08102e-09 0)
(-1.43591e-10 -2.14346e-09 0)
(-1.58993e-10 -2.74951e-09 0)
(-1.70141e-10 -4.7292e-09 0)
(-1.4917e-10 -2.0737e-09 0)
(-8.8125e-11 -1.99508e-09 0)
(-3.43412e-11 -2.21764e-09 0)
(-1.87605e-11 -2.31432e-09 0)
(0 0 0)
(0 0 0)
(0 0 0)
(0 0 0)
(0 0 0)
(0 0 0)
(0 0 0)
(0 0 0)
(0 0 0)
(0 0 0)
(0 0 0)
(0 0 0)
(0 0 0)
(0 0 0)
(0 0 0)
(0 0 0)
(7.05268e-11 -1.83739e-09 0)
(7.44543e-11 -2.49597e-09 0)
(1.25905e-10 -2.31616e-09 0)
(8.65132e-11 -2.20259e-09 0)
(2.00725e-10 -4.77871e-09 0)
(-6.51663e-12 -2.0646e-09 0)
(-9.00643e-11 -2.19973e-09 0)
(-3.67216e-10 -6.05292e-09 0)
(-2.12557e-10 -2.19951e-09 0)
(-1.72125e-10 -2.01867e-09 0)
(-1.18791e-10 -1.99903e-09 0)
(-9.97375e-11 -2.22118e-09 0)
(-2.03368e-10 -4.67458e-09 0)
(7.43244e-12 -2.05908e-09 0)
(2.38059e-11 -2.05269e-09 0)
(-6.36729e-12 -2.04685e-09 0)
(-6.68963e-11 -2.00239e-09 0)
(-3.91567e-13 -2.32762e-09 0)
(-6.37854e-11 -1.95791e-09 0)
(-1.33041e-12 -8.63526e-10 0)
(-1.4886e-12 -6.35025e-10 0)
(-1.41639e-11 -1.90829e-09 0)
(1.21716e-12 -2.29106e-09 0)
(8.60686e-11 -2.31208e-09 0)
(-5.02216e-11 -2.26204e-09 0)
(1.0374e-10 -2.062e-09 0)
(5.76203e-11 -2.10529e-09 0)
(-4.22295e-11 -2.29103e-09 0)
(2.95498e-11 -2.24213e-09 0)
(1.25905e-10 -4.22046e-09 0)
(6.14296e-12 -3.7841e-10 0)
(6.81518e-11 -2.2897e-09 0)
(1.3223e-10 -2.38682e-09 0)
(1.53525e-11 -2.29154e-09 0)
(1.3709e-11 -2.22744e-09 0)
(0 0 0)
(4.62846e-11 -2.0855e-09 0)
(-6.90578e-11 -2.14735e-09 0)
(-9.24715e-11 -2.2229e-09 0)
(-1.2615e-10 -2.27955e-09 0)
(-5.98214e-11 -2.23386e-09 0)
(-3.88747e-11 -3.2778e-09 0)
(-6.67331e-11 -3.64263e-09 0)
(-3.84654e-11 -1.96297e-09 0)
(-4.13197e-11 -2.29078e-09 0)
(1.14263e-10 -5.23666e-09 0)
(-3.69322e-11 -2.01073e-09 0)
(-1.03099e-10 -1.97222e-09 0)
(-1.88768e-10 -2.45098e-09 0)
(-1.10699e-11 -2.58851e-10 0)
(-7.89759e-11 -1.8986e-09 0)
(-1.08097e-10 -2.24119e-09 0)
(-1.89199e-10 -2.22516e-09 0)
(-1.85412e-10 -2.25502e-09 0)
(-5.2945e-10 -5.59922e-09 0)
(-6.95733e-11 -1.96358e-09 0)
(-3.28651e-11 -1.95749e-09 0)
(3.09926e-12 -3.84846e-09 0)
(-7.5421e-12 -4.6318e-10 0)
(0 0 0)
(0 0 0)
(0 0 0)
(0 0 0)
(0 0 0)
(0 0 0)
(0 0 0)
(0 0 0)
(0 0 0)
(0 0 0)
(0 0 0)
(0 0 0)
(0 0 0)
(0 0 0)
(0 0 0)
(0 0 0)
(6.82914e-11 -3.20317e-09 0)
(-1.52361e-10 -5.4148e-09 0)
(5.28187e-11 -2.18528e-09 0)
(4.53393e-11 -2.14718e-09 0)
(2.48212e-11 -2.19885e-09 0)
(-4.8245e-11 -2.25907e-09 0)
(-2.15336e-10 -3.18388e-09 0)
(-5.23894e-10 -4.80718e-09 0)
(-1.35074e-10 -2.0629e-09 0)
(-1.59217e-10 -1.86048e-09 0)
(-9.62297e-11 -1.92484e-09 0)
(-1.66244e-10 -2.03947e-09 0)
(-1.82197e-10 -3.00137e-09 0)
(-2.4691e-10 -3.63373e-09 0)
(-1.11645e-11 -1.91028e-09 0)
(-3.65409e-11 -2.07572e-09 0)
(-7.14501e-11 -2.10872e-09 0)
(3.02562e-11 -2.29257e-09 0)
(-5.65693e-11 -2.49468e-09 0)
(3.35019e-11 -2.50316e-09 0)
(-1.35342e-10 -2.1994e-09 0)
(-3.73156e-11 -1.96168e-09 0)
(8.38458e-11 -2.04058e-09 0)
(7.29424e-11 -2.53509e-09 0)
(0 0 0)
(-1.01091e-11 -2.35197e-09 0)
(-4.66287e-11 -2.09215e-09 0)
(5.62326e-12 -2.2521e-09 0)
(7.80487e-11 -2.29886e-09 0)
(3.83574e-11 -2.23155e-09 0)
(2.16521e-12 -2.29718e-09 0)
(7.47751e-11 -2.17697e-09 0)
(1.89586e-10 -2.41692e-09 0)
(-3.0298e-11 -2.35746e-09 0)
(2.69313e-11 -2.22694e-09 0)
(0 0 0)
(-5.38542e-12 -2.13499e-09 0)
(5.49271e-11 -2.22562e-09 0)
(1.57371e-10 -2.23689e-09 0)
(5.58056e-11 -2.28066e-09 0)
(3.10167e-11 -2.07012e-09 0)
(-4.81329e-11 -5.32377e-09 0)
(-1.14344e-10 -1.95637e-09 0)
(-6.07941e-11 -2.30869e-09 0)
(-1.55724e-12 -4.69427e-09 0)
(-9.63694e-11 -2.24227e-09 0)
(-6.88641e-11 -2.27449e-09 0)
(-4.17384e-11 -2.15496e-09 0)
(-2.01823e-11 -8.43554e-10 0)
(-1.7693e-11 -7.75882e-10 0)
(-6.0176e-11 -2.33529e-09 0)
(-1.68115e-10 -2.37085e-09 0)
(-1.43192e-10 -2.37716e-09 0)
(-9.80398e-11 -2.58821e-09 0)
(0 0 0)
(0 0 0)
(0 0 0)
(-4.73329e-10 -5.47427e-09 0)
(-7.57766e-11 -2.06738e-09 0)
(-1.59892e-10 -1.93232e-09 0)
(0 0 0)
(0 0 0)
(0 0 0)
(0 0 0)
(0 0 0)
(0 0 0)
(0 0 0)
(0 0 0)
(0 0 0)
(0 0 0)
(0 0 0)
(0 0 0)
(0 0 0)
(0 0 0)
(0 0 0)
(-8.15901e-11 -2.26931e-09 0)
(-5.32884e-11 -2.35464e-09 0)
(1.55719e-11 -2.30694e-09 0)
(-2.88849e-12 -2.29116e-09 0)
(5.8339e-11 -2.31679e-09 0)
(-3.01249e-11 -2.40361e-09 0)
(-1.4115e-10 -2.48556e-09 0)
(-1.30491e-10 -2.37031e-09 0)
(-6.34609e-11 -1.99179e-09 0)
(-1.52975e-10 -1.96123e-09 0)
(-1.34816e-10 -1.93253e-09 0)
(-1.81781e-10 -2.11243e-09 0)
(-1.49616e-10 -2.04663e-09 0)
(-1.98826e-10 -2.12464e-09 0)
(-1.66213e-10 -2.06415e-09 0)
(-1.23581e-10 -2.15053e-09 0)
(-2.31124e-10 -3.37974e-09 0)
(-5.59446e-12 -3.7408e-09 0)
(3.46385e-11 -2.50136e-09 0)
(2.73314e-11 -2.3451e-09 0)
(6.29196e-11 -1.92556e-09 0)
(6.56297e-11 -1.84917e-09 0)
(8.66555e-11 -2.00978e-09 0)
(4.56004e-11 -2.53945e-09 0)
(0 0 0)
(1.91813e-11 -2.25748e-09 0)
(9.29786e-12 -2.21674e-09 0)
(1.21159e-10 -2.31025e-09 0)
(1.26789e-10 -2.20257e-09 0)
(1.57768e-10 -2.59193e-09 0)
(7.437e-11 -2.39113e-09 0)
(1.44925e-10 -2.22449e-09 0)
(1.88858e-10 -2.15927e-09 0)
(1.24579e-10 -2.30105e-09 0)
(4.07585e-11 -2.20731e-09 0)
(3.15739e-11 -2.16006e-09 0)
(-7.06092e-13 -2.12936e-09 0)
(3.72302e-11 -2.15162e-09 0)
(7.84494e-11 -2.13126e-09 0)
(7.59103e-11 -2.15511e-09 0)
(1.8179e-11 -2.17756e-09 0)
(-2.39387e-11 -2.19619e-09 0)
(3.17935e-12 -2.1549e-09 0)
(-1.97606e-10 -3.70198e-09 0)
(-2.88924e-10 -3.57402e-09 0)
(-6.79725e-11 -2.53039e-09 0)
(-1.37644e-11 -1.14999e-09 0)
(-2.81437e-12 -3.34182e-10 0)
(1.67207e-11 -2.07201e-09 0)
(5.89406e-11 -2.22162e-09 0)
(-2.04535e-10 -2.12418e-09 0)
(-5.47253e-11 -2.52804e-09 0)
(-8.00732e-12 -3.81759e-10 0)
(-4.46551e-11 -1.7028e-09 0)
(-8.56305e-12 -2.31567e-09 0)
(7.97571e-11 -3.37303e-09 0)
(2.43615e-12 -3.76383e-09 0)
(-5.50125e-11 -1.94323e-09 0)
(-1.39771e-11 -2.3001e-09 0)
(-6.81757e-11 -2.31316e-09 0)
(-7.67536e-12 -2.20437e-09 0)
(4.9363e-11 -2.16717e-09 0)
(0 0 0)
(0 0 0)
(0 0 0)
(0 0 0)
(0 0 0)
(0 0 0)
(0 0 0)
(0 0 0)
(0 0 0)
(0 0 0)
(0 0 0)
(0 0 0)
(0 0 0)
(7.1472e-11 -2.1321e-09 0)
(-6.06448e-11 -2.21395e-09 0)
(-1.48841e-11 -2.23212e-09 0)
(-3.22293e-11 -2.28163e-09 0)
(-1.85257e-11 -2.28652e-09 0)
(5.91582e-11 -2.40289e-09 0)
(-4.61542e-11 -2.56962e-09 0)
(0 0 0)
(0 0 0)
(0 0 0)
(0 0 0)
(0 0 0)
(0 0 0)
(-2.04859e-10 -2.17883e-09 0)
(-1.2554e-10 -2.31263e-09 0)
(-1.42296e-10 -2.18214e-09 0)
(-1.35734e-10 -2.18044e-09 0)
(-8.88601e-11 -2.12697e-09 0)
(5.03908e-12 -2.25421e-09 0)
(1.19274e-10 -2.38783e-09 0)
(2.31098e-10 -1.88696e-09 0)
(5.79779e-11 -1.79957e-09 0)
(7.91562e-11 -2.0735e-09 0)
(-6.78773e-12 -2.58575e-09 0)
(9.60166e-12 -1.77501e-09 0)
(1.02326e-10 -2.32878e-09 0)
(-1.04213e-11 -2.22099e-09 0)
(8.61077e-11 -2.30767e-09 0)
(7.49147e-11 -2.26257e-09 0)
(-5.7939e-11 -2.28439e-09 0)
(6.47062e-11 -2.26231e-09 0)
(9.92028e-11 -2.15397e-09 0)
(5.43504e-11 -2.08802e-09 0)
(1.26086e-10 -5.64331e-09 0)
(-6.34751e-11 -2.12345e-09 0)
(1.39369e-11 -2.06371e-09 0)
(-2.46562e-11 -2.10778e-09 0)
(1.59458e-11 -2.20153e-09 0)
(1.01192e-10 -2.15146e-09 0)
(4.85538e-11 -2.16496e-09 0)
(3.36388e-11 -2.39829e-09 0)
(-3.36165e-11 -1.01765e-09 0)
(-2.04233e-11 -5.82145e-10 0)
(-7.64284e-11 -2.58357e-09 0)
(-1.03985e-10 -2.03866e-09 0)
(-9.88855e-11 -2.41793e-09 0)
(2.46886e-11 -2.80857e-09 0)
(0 0 0)
(-5.78282e-11 -3.92998e-09 0)
(-1.05632e-10 -3.3921e-09 0)
(0 0 0)
(-4.01736e-11 -2.20601e-09 0)
(1.56701e-11 -2.29766e-09 0)
(1.15131e-11 -2.39804e-09 0)
(-2.12263e-11 -2.28539e-09 0)
(3.92421e-12 -2.21313e-09 0)
(0 0 0)
(4.19149e-11 -2.26373e-09 0)
(4.70201e-11 -2.50985e-09 0)
(-8.45957e-11 -2.35605e-09 0)
(-6.2081e-11 -2.61139e-09 0)
(-4.33828e-11 -1.747e-09 0)
(0 0 0)
(0 0 0)
(0 0 0)
(0 0 0)
(0 0 0)
(0 0 0)
(0 0 0)
(0 0 0)
(0 0 0)
(0 0 0)
(0 0 0)
(0 0 0)
(0 0 0)
(-3.05349e-11 -2.00412e-09 0)
(-6.1656e-11 -2.07315e-09 0)
(-1.68308e-10 -2.24728e-09 0)
(-9.06755e-11 -2.24106e-09 0)
(-1.55811e-10 -3.55462e-09 0)
(-9.06326e-11 -4.03978e-09 0)
(0 0 0)
(-1.04107e-10 -5.22361e-09 0)
(3.40128e-11 -2.12591e-09 0)
(-9.85839e-11 -2.10583e-09 0)
(-1.96244e-10 -2.13428e-09 0)
(-1.04138e-10 -2.15766e-09 0)
(-1.31993e-10 -3.96647e-09 0)
(-2.1642e-11 -3.3604e-10 0)
(-1.56747e-10 -2.07803e-09 0)
(-3.60123e-11 -2.14015e-09 0)
(-2.77389e-11 -3.2521e-09 0)
(-6.03969e-11 -2.4599e-09 0)
(5.40176e-11 -2.77901e-09 0)
(1.98521e-10 -3.53614e-09 0)
(2.0301e-10 -2.14081e-09 0)
(-2.16001e-11 -1.82206e-09 0)
(3.67505e-11 -1.98008e-09 0)
(-1.24993e-11 -2.24707e-09 0)
(1.41163e-10 -2.27128e-09 0)
(1.65004e-10 -2.15676e-09 0)
(2.47945e-11 -2.39783e-09 0)
(3.0818e-11 -2.23786e-09 0)
(2.33195e-11 -3.53206e-09 0)
(1.20319e-10 -3.47317e-09 0)
(1.40219e-10 -1.98184e-09 0)
(-1.3911e-10 -3.86081e-09 0)
(1.22954e-10 -1.87048e-09 0)
(-8.39642e-11 -2.65072e-09 0)
(1.18197e-10 -2.40879e-09 0)
(9.69251e-14 -4.06191e-11 0)
(5.54602e-12 -2.17674e-09 0)
(1.02643e-10 -2.11859e-09 0)
(4.41137e-11 -2.07417e-09 0)
(9.91224e-11 -2.05198e-09 0)
(-5.13816e-12 -2.22539e-09 0)
(0 0 0)
(-1.7605e-11 -2.31341e-09 0)
(-1.79812e-11 -2.69433e-09 0)
(-1.20097e-11 -7.38437e-10 0)
(-2.50889e-11 -1.16566e-09 0)
(-7.72419e-11 -2.26875e-09 0)
(-3.95488e-11 -2.13593e-09 0)
(8.41883e-11 -2.13618e-09 0)
(-2.588e-10 -2.29703e-09 0)
(-1.85034e-11 -2.39511e-09 0)
(-2.40473e-11 -1.25261e-09 0)
(-3.60609e-11 -3.07355e-09 0)
(1.42337e-11 -2.3985e-09 0)
(3.14472e-11 -1.96837e-09 0)
(3.37471e-11 -1.98106e-09 0)
(1.21704e-10 -2.51754e-09 0)
(-3.75064e-11 -1.16519e-09 0)
(-1.74551e-10 -3.24271e-09 0)
(-9.43052e-11 -1.97264e-09 0)
(1.57968e-11 -1.89241e-09 0)
(0 0 0)
(0 0 0)
(0 0 0)
(0 0 0)
(0 0 0)
(0 0 0)
(0 0 0)
(0 0 0)
(0 0 0)
(0 0 0)
(0 0 0)
(0 0 0)
(0 0 0)
(0 0 0)
(-2.55066e-11 -2.07856e-09 0)
(-8.29176e-11 -2.08796e-09 0)
(-9.10838e-11 -2.23067e-09 0)
(-1.46935e-10 -2.32254e-09 0)
(-2.76315e-10 -2.32871e-09 0)
(-6.04911e-10 -5.94813e-09 0)
(-1.85908e-11 -2.54793e-09 0)
(2.38552e-11 -9.48495e-10 0)
(3.88362e-11 -2.61563e-09 0)
(3.76258e-11 -2.13183e-09 0)
(-3.83399e-11 -2.17877e-09 0)
(-5.34209e-12 -2.46967e-09 0)
(4.10784e-11 -2.06066e-09 0)
(9.13686e-13 -2.04305e-09 0)
(3.58369e-11 -9.14423e-10 0)
(1.88631e-11 -4.08483e-10 0)
(1.47249e-11 -2.16509e-09 0)
(-5.92105e-12 -2.21864e-09 0)
(2.62292e-11 -2.28386e-09 0)
(-3.20927e-12 -2.25933e-09 0)
(3.18119e-10 -5.36787e-09 0)
(9.64249e-11 -2.05367e-09 0)
(4.23242e-11 -2.01217e-09 0)
(-7.86796e-11 -1.92292e-09 0)
(8.83713e-11 -2.17476e-09 0)
(2.98556e-10 -5.12101e-09 0)
(5.41159e-12 -1.9287e-09 0)
(1.50995e-10 -1.91637e-09 0)
(2.67072e-12 -3.84571e-09 0)
(-1.11828e-10 -2.7347e-09 0)
(4.55571e-12 -2.0255e-09 0)
(-1.13745e-10 -2.07343e-09 0)
(-1.22537e-10 -2.04218e-09 0)
(-2.64603e-10 -2.20847e-09 0)
(-2.27939e-11 -2.60227e-09 0)
(0 0 0)
(2.05751e-11 -2.372e-09 0)
(-7.14568e-11 -1.98813e-09 0)
(-1.22145e-11 -4.51648e-10 0)
(-1.04789e-11 -4.15259e-09 0)
(7.03516e-11 -2.47426e-09 0)
(1.57792e-11 -2.49244e-09 0)
(0 0 0)
(-6.93105e-11 -2.21809e-09 0)
(2.05199e-11 -2.55256e-09 0)
(0 0 0)
(-2.13637e-11 -2.22529e-09 0)
(-1.61937e-11 -2.14544e-09 0)
(2.9539e-10 -2.06379e-09 0)
(1.41695e-10 -2.3543e-09 0)
(-1.81714e-11 -4.25376e-10 0)
(-1.64832e-10 -3.69058e-09 0)
(-4.64323e-11 -2.67367e-09 0)
(-6.44086e-12 -2.17268e-09 0)
(5.85542e-11 -2.18468e-09 0)
(1.83844e-10 -2.09506e-09 0)
(-1.06201e-10 -2.10817e-09 0)
(1.25602e-10 -5.31143e-09 0)
(-9.85488e-11 -1.91653e-09 0)
(4.6711e-11 -2.11572e-09 0)
(0 0 0)
(0 0 0)
(0 0 0)
(0 0 0)
(0 0 0)
(0 0 0)
(0 0 0)
(0 0 0)
(0 0 0)
(0 0 0)
(0 0 0)
(0 0 0)
(0 0 0)
(0 0 0)
(0 0 0)
(0 0 0)
(0 0 0)
(-8.1379e-11 -2.32863e-09 0)
(-8.79842e-11 -2.36582e-09 0)
(0 0 0)
(0 0 0)
(0 0 0)
(-3.64401e-11 -2.29166e-09 0)
(1.06771e-10 -3.70073e-09 0)
(7.37209e-11 -2.0519e-09 0)
(1.49339e-11 -5.72045e-10 0)
(-4.12471e-11 -4.46866e-09 0)
(1.12429e-10 -1.82742e-09 0)
(-1.83297e-11 -1.15545e-09 0)
(-1.75199e-12 -9.27205e-11 0)
(4.10039e-11 -2.33822e-09 0)
(8.61187e-11 -2.26965e-09 0)
(-1.18912e-11 -2.26222e-09 0)
(3.1604e-11 -2.41537e-09 0)
(-3.3361e-11 -2.31052e-09 0)
(-6.3091e-11 -2.09263e-09 0)
(-1.96573e-11 -2.12245e-09 0)
(1.92318e-10 -5.15881e-09 0)
(-1.11958e-11 -4.39891e-10 0)
(-8.7904e-11 -3.23287e-09 0)
(-1.58697e-10 -2.827e-09 0)
(-7.84773e-11 -1.98357e-09 0)
(1.48506e-10 -4.48221e-09 0)
(-8.44529e-11 -4.99263e-09 0)
(1.56664e-11 -1.93252e-09 0)
(-1.00556e-11 -1.92619e-09 0)
(-9.7081e-11 -1.99667e-09 0)
(-1.11079e-10 -2.45884e-09 0)
(-9.26418e-12 -2.01383e-10 0)
(-1.03204e-10 -1.97047e-09 0)
(6.35065e-11 -2.2147e-09 0)
(1.13763e-10 -5.00949e-09 0)
(1.35109e-10 -2.07692e-09 0)
(-1.08732e-10 -1.85113e-09 0)
(-1.45073e-10 -2.04275e-09 0)
(8.62405e-11 -2.40573e-09 0)
(1.35113e-10 -2.59021e-09 0)
(-5.75926e-12 -7.70116e-10 0)
(-9.85015e-11 -4.00686e-09 0)
(1.08127e-12 -5.78518e-10 0)
(9.91994e-12 -1.33854e-09 0)
(7.25697e-11 -2.19175e-09 0)
(6.47913e-11 -2.16755e-09 0)
(2.56712e-11 -2.14947e-09 0)
(9.11181e-11 -5.71349e-09 0)
(9.30411e-11 -2.14621e-09 0)
(-1.80676e-11 -2.17811e-09 0)
(-1.94479e-11 -2.16672e-09 0)
(5.00405e-11 -2.23403e-09 0)
(3.71536e-11 -2.22695e-09 0)
(-2.64499e-12 -2.21345e-09 0)
(-8.10973e-11 -2.24827e-09 0)
(-1.04574e-10 -2.28688e-09 0)
(3.01904e-11 -2.31827e-09 0)
(1.79015e-10 -2.27521e-09 0)
(0 0 0)
(0 0 0)
(0 0 0)
(0 0 0)
(0 0 0)
(0 0 0)
(0 0 0)
(0 0 0)
(0 0 0)
(0 0 0)
(0 0 0)
(0 0 0)
(0 0 0)
(0 0 0)
(0 0 0)
(2.63523e-11 -2.18147e-09 0)
(-3.43866e-11 -2.27258e-09 0)
(0 0 0)
(2.65095e-11 -2.51374e-09 0)
(-2.56933e-10 -2.36403e-09 0)
(-3.37959e-10 -2.29114e-09 0)
(-2.543e-10 -2.33018e-09 0)
(0 0 0)
(-3.48729e-11 -2.11043e-09 0)
(8.31111e-11 -4.01837e-09 0)
(3.98143e-11 -4.48369e-09 0)
(4.27116e-12 -6.81522e-10 0)
(1.32271e-11 -2.00884e-09 0)
(-3.52213e-11 -2.26744e-09 0)
(-1.43978e-11 -2.04528e-09 0)
(-3.16506e-12 -1.92782e-09 0)
(-1.42607e-11 -4.71779e-09 0)
(5.43332e-11 -2.3122e-09 0)
(9.69444e-11 -2.38339e-09 0)
(1.04006e-10 -2.43051e-09 0)
(2.61844e-11 -2.2114e-09 0)
(-1.32639e-11 -2.17588e-09 0)
(-8.16501e-11 -2.22336e-09 0)
(-3.29111e-11 -3.43244e-09 0)
(-5.75541e-11 -3.3194e-09 0)
(0 0 0)
(0 0 0)
(0 0 0)
(-2.17494e-10 -2.14631e-09 0)
(-1.45489e-11 -5.19783e-09 0)
(-8.14454e-11 -1.96711e-09 0)
(-1.35761e-10 -2.01746e-09 0)
(-2.93754e-10 -2.24911e-09 0)
(-1.8281e-10 -2.31969e-09 0)
(-1.30274e-10 -2.20343e-09 0)
(3.68029e-11 -2.02151e-09 0)
(0 0 0)
(0 0 0)
(1.19386e-10 -2.16548e-09 0)
(5.77105e-11 -2.22624e-09 0)
(1.37171e-10 -2.32566e-09 0)
(1.06187e-10 -2.35194e-09 0)
(6.20565e-11 -2.38048e-09 0)
(3.81038e-12 -2.38649e-09 0)
(7.21385e-11 -2.29428e-09 0)
(1.99962e-10 -2.05418e-09 0)
(1.34225e-10 -2.12679e-09 0)
(-9.50041e-12 -4.32788e-09 0)
(3.82755e-12 -5.28565e-10 0)
(1.37931e-11 -1.89171e-09 0)
(1.81697e-10 -2.23893e-09 0)
(4.80104e-11 -2.34445e-09 0)
(-4.75963e-11 -2.29339e-09 0)
(-8.27578e-12 -2.25056e-09 0)
(1.51738e-12 -2.20624e-09 0)
(5.21135e-11 -2.17487e-09 0)
(1.05347e-10 -2.21534e-09 0)
(3.80434e-11 -2.25097e-09 0)
(7.47177e-11 -1.94744e-09 0)
(9.52461e-12 -2.45338e-09 0)
(0 0 0)
(0 0 0)
(0 0 0)
(0 0 0)
(0 0 0)
(0 0 0)
(0 0 0)
(0 0 0)
(0 0 0)
(0 0 0)
(0 0 0)
(0 0 0)
(0 0 0)
(0 0 0)
(0 0 0)
(-1.92401e-12 -1.96538e-09 0)
(-7.40085e-11 -2.07728e-09 0)
(-6.2374e-11 -2.12664e-09 0)
(-9.48315e-11 -6.16212e-09 0)
(-1.58707e-10 -2.43608e-09 0)
(-1.63417e-10 -2.25652e-09 0)
(-3.13557e-11 -2.18302e-09 0)
(-6.07351e-11 -2.20672e-09 0)
(0 0 0)
(-4.38346e-11 -2.26135e-09 0)
(1.59319e-10 -1.96735e-09 0)
(-1.10805e-11 -2.27721e-09 0)
(-1.08964e-10 -2.2453e-09 0)
(2.54427e-12 -6.4145e-10 0)
(5.40472e-12 -8.83602e-10 0)
(0 0 0)
(0 0 0)
(8.58684e-11 -2.04947e-09 0)
(1.56064e-10 -5.72468e-09 0)
(1.33439e-10 -2.3545e-09 0)
(9.52262e-11 -2.21122e-09 0)
(-4.92642e-11 -2.07115e-09 0)
(-1.61453e-10 -2.1169e-09 0)
(-1.3609e-10 -2.1075e-09 0)
(-6.06625e-11 -2.05256e-09 0)
(5.73109e-12 -1.03392e-09 0)
(-1.52719e-10 -2.91666e-09 0)
(-1.4309e-10 -2.09828e-09 0)
(0 0 0)
(-2.2095e-10 -2.14677e-09 0)
(-2.08585e-10 -2.27466e-09 0)
(-1.96151e-10 -2.17265e-09 0)
(-3.99201e-10 -5.23848e-09 0)
(-9.22337e-11 -2.03763e-09 0)
(-1.87841e-11 -2.02456e-09 0)
(1.19759e-10 -2.15392e-09 0)
(1.62039e-10 -2.05682e-09 0)
(2.16789e-10 -4.44186e-09 0)
(1.28809e-10 -4.1866e-09 0)
(7.52775e-11 -1.71816e-09 0)
(1.24704e-10 -2.11264e-09 0)
(6.10654e-11 -4.82645e-09 0)
(1.24866e-10 -2.19521e-09 0)
(2.76354e-11 -2.34584e-09 0)
(-1.08748e-10 -2.73129e-09 0)
(-2.91757e-11 -2.03652e-09 0)
(6.40323e-11 -2.54769e-09 0)
(4.65762e-11 -2.04063e-09 0)
(5.87191e-11 -1.36013e-09 0)
(9.68472e-12 -2.11691e-09 0)
(1.14165e-10 -2.64217e-09 0)
(0 0 0)
(-5.73148e-11 -2.19921e-09 0)
(9.55135e-12 -2.31443e-09 0)
(3.3307e-11 -2.1843e-09 0)
(7.5513e-11 -2.18706e-09 0)
(1.35303e-10 -2.69357e-09 0)
(1.75753e-10 -5.20701e-09 0)
(-7.84258e-11 -2.20271e-09 0)
(7.46876e-12 -1.20395e-09 0)
(1.20377e-12 -2.33066e-10 0)
(0 0 0)
(0 0 0)
(0 0 0)
(0 0 0)
(0 0 0)
(0 0 0)
(0 0 0)
(0 0 0)
(0 0 0)
(0 0 0)
(0 0 0)
(0 0 0)
(0 0 0)
(0 0 0)
(-1.1923e-11 -2.18045e-09 0)
(-1.41394e-10 -2.31136e-09 0)
(-2.2613e-10 -2.22063e-09 0)
(-3.53681e-10 -3.5114e-09 0)
(-2.6205e-10 -4.68731e-09 0)
(-2.20126e-11 -9.31059e-10 0)
(-1.71273e-11 -5.50227e-10 0)
(-1.35658e-10 -2.05787e-09 0)
(-1.76004e-10 -4.59718e-09 0)
(-1.86945e-11 -2.22384e-09 0)
(1.19678e-12 -2.2645e-09 0)
(2.9131e-11 -2.3245e-09 0)
(0 0 0)
(9.29818e-11 -2.19982e-09 0)
(8.50262e-11 -2.18633e-09 0)
(3.57801e-12 -2.09562e-09 0)
(1.94869e-11 -2.12961e-09 0)
(-2.53624e-11 -5.06483e-09 0)
(4.73304e-11 -2.10613e-09 0)
(1.3483e-10 -2.29317e-09 0)
(1.2521e-10 -2.42983e-09 0)
(8.09375e-11 -2.32915e-09 0)
(-1.0264e-10 -2.49802e-09 0)
(-1.50449e-10 -3.30735e-09 0)
(-1.45908e-11 -4.64599e-10 0)
(-1.58586e-10 -5.43322e-09 0)
(-2.0438e-10 -2.14096e-09 0)
(-9.99663e-11 -2.24706e-09 0)
(-1.49585e-10 -4.35465e-09 0)
(-1.21289e-10 -2.01037e-09 0)
(-8.4159e-11 -2.06464e-09 0)
(-1.88426e-10 -2.14864e-09 0)
(-7.35225e-11 -2.07571e-09 0)
(1.03394e-11 -2.21389e-09 0)
(8.73582e-11 -2.12074e-09 0)
(1.03489e-10 -2.1128e-09 0)
(7.72062e-11 -4.52191e-09 0)
(-5.27408e-11 -2.06505e-09 0)
(0 0 0)
(5.15304e-12 -2.90942e-09 0)
(5.98462e-11 -4.02192e-09 0)
(-7.84479e-11 -2.17082e-09 0)
(-8.87484e-11 -5.45877e-09 0)
(-4.08692e-11 -2.1182e-09 0)
(-3.37172e-11 -2.64219e-09 0)
(5.12788e-11 -3.54065e-09 0)
(1.78397e-12 -1.91197e-10 0)
(-1.56836e-11 -4.68539e-09 0)
(8.16219e-11 -4.72008e-09 0)
(-7.86901e-12 -2.17894e-09 0)
(0 0 0)
(1.7128e-10 -3.31668e-09 0)
(8.41483e-11 -1.72057e-09 0)
(-7.80478e-12 -2.28111e-09 0)
(7.54262e-11 -2.25707e-09 0)
(4.96312e-11 -2.22885e-09 0)
(-3.84611e-11 -2.63611e-09 0)
(0 0 0)
(0 0 0)
(-4.63315e-11 -5.24299e-09 0)
(-4.60967e-11 -2.12475e-09 0)
(0 0 0)
(0 0 0)
(0 0 0)
(0 0 0)
(0 0 0)
(0 0 0)
(0 0 0)
(0 0 0)
(0 0 0)
(0 0 0)
(0 0 0)
(0 0 0)
(0 0 0)
(0 0 0)
(-1.27119e-10 -5.20191e-09 0)
(-6.11818e-11 -8.59076e-10 0)
(-7.64444e-11 -9.3618e-10 0)
(-1.97082e-10 -2.31976e-09 0)
(-2.88046e-10 -2.36769e-09 0)
(-1.40907e-10 -3.25335e-09 0)
(-1.08611e-11 -2.49333e-09 0)
(1.8574e-12 -7.79244e-10 0)
(-7.28915e-11 -2.03981e-09 0)
(-3.75419e-12 -2.27336e-09 0)
(-1.42669e-10 -2.08065e-09 0)
(-1.62736e-11 -2.15516e-09 0)
(6.12185e-11 -2.24299e-09 0)
(5.87442e-11 -2.173e-09 0)
(1.37988e-11 -2.18972e-09 0)
(-7.73984e-11 -2.26742e-09 0)
(2.82597e-11 -2.07673e-09 0)
(5.47188e-11 -2.39066e-09 0)
(1.52306e-10 -2.54105e-09 0)
(1.88658e-10 -4.87838e-09 0)
(6.80727e-11 -2.48819e-09 0)
(-2.01226e-11 -2.36806e-09 0)
(-2.24724e-11 -1.93464e-09 0)
(4.51618e-11 -1.51177e-09 0)
(-1.26501e-10 -1.87742e-09 0)
(-4.13051e-10 -2.18382e-09 0)
(-1.46194e-10 -2.21108e-09 0)
(-8.17402e-11 -2.21869e-09 0)
(0 0 0)
(6.01082e-12 -2.18315e-09 0)
(0 0 0)
(-1.2233e-10 -2.03877e-09 0)
(-7.94644e-11 -2.21031e-09 0)
(2.81073e-11 -2.29765e-09 0)
(2.01272e-11 -8.75856e-10 0)
(1.19701e-10 -5.02805e-09 0)
(5.88074e-11 -1.86237e-09 0)
(0 0 0)
(2.47418e-10 -2.21995e-09 0)
(2.46019e-10 -2.08736e-09 0)
(1.45574e-11 -2.33423e-09 0)
(0 0 0)
(-2.27301e-10 -2.60752e-09 0)
(-1.71974e-10 -2.32968e-09 0)
(-2.70862e-11 -2.19945e-09 0)
(-1.03321e-10 -2.06959e-09 0)
(-8.7327e-11 -2.15444e-09 0)
(0 0 0)
(0 0 0)
(9.24416e-11 -2.23679e-09 0)
(1.61867e-10 -2.34523e-09 0)
(8.65224e-11 -2.73026e-09 0)
(-1.6262e-11 -1.22706e-09 0)
(-5.20493e-12 -3.10293e-10 0)
(1.58075e-10 -2.16065e-09 0)
(2.2898e-11 -2.17851e-09 0)
(-1.8937e-12 -2.51929e-09 0)
(0 0 0)
(1.62799e-10 -4.72348e-09 0)
(5.33846e-11 -2.19979e-09 0)
(2.1691e-10 -4.21721e-09 0)
(7.86857e-12 -2.50341e-10 0)
(0 0 0)
(0 0 0)
(0 0 0)
(0 0 0)
(0 0 0)
(0 0 0)
(0 0 0)
(0 0 0)
(0 0 0)
(0 0 0)
(0 0 0)
(0 0 0)
(0 0 0)
(1.05966e-10 -2.27456e-09 0)
(1.69865e-10 -2.1826e-09 0)
(-9.04579e-11 -2.37687e-09 0)
(-2.40973e-10 -2.42789e-09 0)
(-1.3204e-10 -2.17046e-09 0)
(-6.22163e-11 -1.98017e-09 0)
(-1.76629e-11 -2.13188e-09 0)
(-2.17696e-11 -2.01043e-09 0)
(-9.81039e-12 -2.16616e-09 0)
(-1.1721e-10 -1.99698e-09 0)
(1.16592e-11 -2.09085e-09 0)
(4.40834e-11 -2.21561e-09 0)
(-1.44898e-11 -2.1453e-09 0)
(1.70393e-11 -2.09322e-09 0)
(1.83205e-11 -2.18007e-09 0)
(-3.3505e-11 -2.19367e-09 0)
(1.10089e-10 -2.1564e-09 0)
(1.40208e-10 -2.24372e-09 0)
(3.76069e-11 -2.29569e-09 0)
(-3.45264e-11 -2.34659e-09 0)
(-7.71056e-12 -2.38322e-09 0)
(-1.76758e-11 -2.42963e-09 0)
(3.58189e-11 -2.24947e-09 0)
(0 0 0)
(-5.38086e-11 -4.71953e-09 0)
(-1.48371e-10 -2.16016e-09 0)
(-8.06599e-11 -2.30831e-09 0)
(-6.46611e-11 -2.30475e-09 0)
(-3.53708e-11 -1.11985e-09 0)
(-1.07693e-11 -3.06129e-10 0)
(-3.42171e-11 -2.22872e-09 0)
(-1.78179e-11 -2.285e-09 0)
(1.44253e-11 -2.14786e-09 0)
(5.29551e-12 -2.02106e-09 0)
(-1.18645e-11 -1.93053e-09 0)
(0 0 0)
(1.57562e-10 -2.06271e-09 0)
(1.08675e-10 -2.165e-09 0)
(2.09386e-10 -4.53948e-09 0)
(4.69947e-11 -1.86337e-09 0)
(-1.20728e-10 -4.77818e-09 0)
(-1.44387e-10 -1.85733e-09 0)
(-2.9677e-10 -4.85996e-09 0)
(-1.84662e-10 -2.27337e-09 0)
(-1.13901e-10 -2.29861e-09 0)
(-1.28891e-10 -2.24012e-09 0)
(-6.15335e-11 -2.29225e-09 0)
(-5.53971e-12 -2.27013e-09 0)
(5.60249e-11 -2.33736e-09 0)
(6.89518e-11 -2.23652e-09 0)
(1.27e-10 -2.2799e-09 0)
(8.05793e-11 -2.37814e-09 0)
(1.8394e-10 -2.46518e-09 0)
(9.14485e-11 -2.83478e-09 0)
(8.91913e-11 -1.45359e-09 0)
(4.78922e-11 -2.19352e-09 0)
(-4.49488e-11 -2.31059e-09 0)
(3.15901e-11 -7.66101e-10 0)
(3.44848e-11 -7.86055e-10 0)
(5.62978e-11 -2.2795e-09 0)
(2.0461e-10 -2.22665e-09 0)
(0 0 0)
(0 0 0)
(0 0 0)
(0 0 0)
(0 0 0)
(0 0 0)
(0 0 0)
(0 0 0)
(0 0 0)
(0 0 0)
(0 0 0)
(0 0 0)
(0 0 0)
(0 0 0)
(0 0 0)
(1.52524e-10 -5.60043e-09 0)
(1.5919e-11 -2.45319e-09 0)
(1.03116e-10 -2.31295e-09 0)
(-2.57929e-11 -2.05973e-09 0)
(-1.0654e-10 -2.12565e-09 0)
(-2.34882e-10 -2.33709e-09 0)
(-4.6031e-11 -2.30289e-09 0)
(-8.33016e-11 -4.34106e-09 0)
(6.01182e-11 -3.11611e-09 0)
(6.05167e-11 -4.16218e-09 0)
(-7.86758e-11 -2.49297e-09 0)
(1.62194e-12 -2.082e-09 0)
(1.11468e-10 -2.0528e-09 0)
(6.59691e-11 -2.01796e-09 0)
(7.64078e-11 -2.02146e-09 0)
(2.06784e-10 -4.55069e-09 0)
(3.5737e-12 -2.1048e-09 0)
(-9.43604e-12 -2.2857e-09 0)
(-1.14288e-11 -2.33353e-09 0)
(3.97554e-11 -2.2959e-09 0)
(-1.66083e-12 -2.36445e-09 0)
(-9.24325e-12 -8.81259e-10 0)
(9.73121e-11 -3.09813e-09 0)
(-7.16315e-11 -2.28032e-09 0)
(6.2238e-11 -2.47349e-09 0)
(-5.53943e-11 -2.5e-09 0)
(-1.13788e-10 -2.5226e-09 0)
(-4.69961e-11 -2.21753e-09 0)
(-5.2327e-11 -2.28012e-09 0)
(-8.04888e-12 -2.26573e-09 0)
(1.95858e-11 -2.22255e-09 0)
(-1.28542e-11 -2.08685e-09 0)
(2.77315e-11 -2.04461e-09 0)
(0 0 0)
(1.55995e-10 -5.10799e-09 0)
(-1.02978e-10 -2.21509e-09 0)
(1.58335e-10 -4.68153e-09 0)
(-2.20326e-11 -1.84534e-09 0)
(-9.56439e-11 -2.06826e-09 0)
(-1.11076e-10 -2.35195e-09 0)
(1.99706e-13 -2.20158e-09 0)
(2.31412e-11 -2.00791e-09 0)
(-1.34683e-10 -3.56819e-09 0)
(-4.56078e-11 -1.14777e-09 0)
(-1.14842e-10 -2.35335e-09 0)
(-1.25118e-10 -2.24259e-09 0)
(-1.84194e-11 -2.18471e-09 0)
(3.33923e-11 -2.25409e-09 0)
(1.24085e-10 -2.24495e-09 0)
(1.41995e-10 -2.30227e-09 0)
(1.01174e-10 -3.68378e-09 0)
(9.17322e-11 -3.30795e-09 0)
(2.08636e-10 -2.07913e-09 0)
(1.00122e-11 -3.8182e-10 0)
(4.74128e-11 -1.53856e-09 0)
(1.15943e-11 -5.95254e-10 0)
(1.92654e-11 -8.66249e-10 0)
(7.63737e-11 -2.37396e-09 0)
(1.9215e-10 -2.30113e-09 0)
(6.851e-11 -1.74558e-09 0)
(0 0 0)
(0 0 0)
(0 0 0)
(0 0 0)
(0 0 0)
(0 0 0)
(0 0 0)
(0 0 0)
(0 0 0)
(0 0 0)
(0 0 0)
(0 0 0)
(0 0 0)
(0 0 0)
(-1.02213e-11 -7.03848e-10 0)
(-1.43238e-10 -3.19638e-09 0)
(-1.31136e-11 -2.27153e-10 0)
(2.38154e-10 -5.79987e-09 0)
(-8.15273e-14 -8.97885e-10 0)
(-2.42257e-11 -1.29492e-09 0)
(-3.77027e-11 -1.31381e-09 0)
(-3.7049e-11 -2.28406e-09 0)
(6.78749e-12 -2.43161e-09 0)
(-5.75403e-12 -2.22259e-09 0)
(-3.16238e-10 -4.87673e-09 0)
(-1.51817e-10 -2.10274e-09 0)
(-1.01068e-10 -2.08452e-09 0)
(3.75286e-11 -5.68021e-09 0)
(1.31445e-10 -2.23282e-09 0)
(-4.18428e-11 -2.04481e-09 0)
(-2.35902e-11 -2.93943e-09 0)
(7.90876e-11 -3.71777e-09 0)
(1.00917e-11 -4.10068e-10 0)
(4.3412e-11 -1.58181e-09 0)
(1.38302e-10 -2.16944e-09 0)
(-3.10102e-11 -2.25346e-09 0)
(0 0 0)
(3.40625e-11 -1.98313e-09 0)
(8.85793e-12 -2.29036e-09 0)
(6.59369e-11 -1.94024e-09 0)
(3.14028e-11 -2.53208e-09 0)
(0 0 0)
(-3.78872e-11 -2.2311e-09 0)
(1.00896e-11 -2.33301e-09 0)
(1.15526e-10 -2.27753e-09 0)
(-4.40346e-12 -2.05858e-09 0)
(2.34617e-11 -1.86593e-09 0)
(1.80202e-11 -4.34136e-09 0)
(-6.19968e-11 -4.59508e-09 0)
(-1.85868e-10 -5.07524e-09 0)
(-7.59561e-11 -2.03415e-09 0)
(-4.96098e-11 -2.03993e-09 0)
(3.62017e-11 -2.0022e-09 0)
(-7.2958e-11 -2.29419e-09 0)
(0 0 0)
(-7.5231e-11 -2.37168e-09 0)
(-9.03847e-11 -2.23791e-09 0)
(-1.63413e-10 -2.30124e-09 0)
(-1.83509e-10 -2.34334e-09 0)
(-1.40609e-10 -2.30629e-09 0)
(-4.07392e-11 -2.2803e-09 0)
(-4.40858e-11 -2.00861e-09 0)
(1.0247e-10 -2.18926e-09 0)
(2.49295e-10 -2.24471e-09 0)
(2.02915e-10 -2.26255e-09 0)
(1.97388e-10 -2.35255e-09 0)
(3.81195e-11 -3.24101e-09 0)
(3.27255e-11 -2.54836e-09 0)
(1.60727e-11 -8.52028e-10 0)
(7.82894e-11 -4.79906e-09 0)
(2.35846e-10 -4.71023e-09 0)
(2.90841e-12 -2.00766e-09 0)
(3.15481e-11 -8.0576e-10 0)
(3.13586e-11 -6.7843e-10 0)
(-1.77307e-11 -2.43603e-09 0)
(0 0 0)
(0 0 0)
(0 0 0)
(0 0 0)
(0 0 0)
(0 0 0)
(0 0 0)
(0 0 0)
(0 0 0)
(0 0 0)
(0 0 0)
(0 0 0)
(0 0 0)
(0 0 0)
(5.19752e-11 -2.44099e-09 0)
(1.41907e-11 -2.34271e-09 0)
(0 0 0)
(-5.51111e-11 -2.21123e-09 0)
(2.56965e-10 -4.97682e-09 0)
(8.55919e-11 -2.09706e-09 0)
(3.38063e-11 -2.43415e-09 0)
(9.41865e-11 -1.94746e-09 0)
(1.04793e-10 -1.85692e-09 0)
(1.56232e-11 -1.62243e-09 0)
(0 0 0)
(0 0 0)
(-3.52595e-10 -4.31309e-09 0)
(-8.82561e-11 -2.77267e-09 0)
(3.19077e-11 -2.31967e-09 0)
(-3.03729e-11 -1.86037e-09 0)
(4.89594e-11 -1.80618e-09 0)
(-4.08707e-11 -2.02263e-09 0)
(8.6202e-11 -2.27116e-09 0)
(9.34466e-12 -3.18376e-10 0)
(8.3958e-11 -5.1352e-09 0)
(0 0 0)
(-1.78673e-11 -2.14659e-09 0)
(-1.82482e-11 -2.4747e-09 0)
(-9.86679e-12 -2.23733e-09 0)
(-6.49682e-11 -2.71734e-09 0)
(0 0 0)
(4.58092e-11 -2.36886e-09 0)
(1.23395e-10 -2.31091e-09 0)
(1.93333e-10 -2.16256e-09 0)
(1.7306e-10 -2.18004e-09 0)
(1.63943e-10 -3.67349e-09 0)
(2.77797e-11 -2.71665e-09 0)
(3.34772e-11 -2.0031e-09 0)
(0 0 0)
(0 0 0)
(-4.75636e-11 -2.26974e-09 0)
(-1.07913e-10 -2.014e-09 0)
(5.21356e-11 -2.1242e-09 0)
(-9.39934e-11 -1.96532e-09 0)
(1.40445e-11 -2.26236e-09 0)
(-1.39606e-10 -2.34574e-09 0)
(-2.44438e-11 -3.05184e-10 0)
(-1.62724e-10 -1.79665e-09 0)
(-1.58022e-10 -2.25698e-09 0)
(-2.08196e-10 -2.24439e-09 0)
(2.97319e-11 -2.1687e-09 0)
(4.17364e-11 -2.18627e-09 0)
(5.42097e-11 -2.17211e-09 0)
(3.61893e-11 -2.20165e-09 0)
(1.83465e-10 -2.35746e-09 0)
(1.21363e-10 -2.3846e-09 0)
(3.76642e-11 -2.35309e-09 0)
(1.52369e-12 -2.07398e-09 0)
(2.56816e-11 -4.74777e-09 0)
(1.64554e-11 -2.01892e-09 0)
(1.71919e-10 -2.07626e-09 0)
(2.08917e-10 -4.70766e-09 0)
(-1.39995e-11 -2.0908e-09 0)
(1.26322e-11 -2.26656e-09 0)
(0 0 0)
(0 0 0)
(0 0 0)
(0 0 0)
(0 0 0)
(0 0 0)
(0 0 0)
(0 0 0)
(0 0 0)
(0 0 0)
(0 0 0)
(0 0 0)
(0 0 0)
(0 0 0)
(0 0 0)
(-8.53734e-11 -3.573e-09 0)
(-1.12399e-10 -2.33314e-09 0)
(4.81311e-12 -5.11171e-10 0)
(1.08082e-11 -1.3409e-09 0)
(1.2171e-10 -2.37118e-09 0)
(6.18344e-11 -2.16531e-09 0)
(-1.67745e-11 -4.50431e-09 0)
(0 0 0)
(0 0 0)
(1.34997e-11 -2.15477e-09 0)
(-9.76645e-12 -4.96498e-09 0)
(-9.46044e-11 -2.30794e-09 0)
(-1.84605e-10 -2.15273e-09 0)
(-2.00931e-10 -2.10076e-09 0)
(1.28802e-10 -4.31506e-09 0)
(4.29022e-11 -1.91465e-09 0)
(3.3194e-12 -1.96559e-10 0)
(8.97739e-11 -2.22953e-09 0)
(5.12752e-11 -2.30579e-09 0)
(5.60848e-11 -2.19746e-09 0)
(4.01578e-11 -2.28872e-09 0)
(5.38822e-12 -2.41126e-09 0)
(5.98163e-11 -2.33067e-09 0)
(-6.46962e-11 -2.24792e-09 0)
(-1.52061e-10 -2.20231e-09 0)
(-1.20792e-10 -2.30843e-09 0)
(2.24691e-11 -2.38142e-09 0)
(8.41588e-11 -2.24436e-09 0)
(1.69476e-10 -2.88691e-09 0)
(1.42965e-10 -3.82956e-09 0)
(1.03934e-10 -2.17246e-09 0)
(4.9788e-11 -2.25987e-09 0)
(0 0 0)
(0 0 0)
(2.16729e-10 -5.31977e-09 0)
(-1.66684e-10 -2.1719e-09 0)
(2.03791e-11 -2.27591e-09 0)
(-1.87159e-10 -2.14415e-09 0)
(-3.76549e-10 -2.05423e-09 0)
(2.86962e-11 -2.18442e-09 0)
(-3.94633e-11 -1.96868e-09 0)
(-4.57908e-11 -1.19174e-09 0)
(-1.17983e-11 -3.16792e-10 0)
(-1.08735e-10 -2.29383e-09 0)
(-1.55007e-10 -2.28091e-09 0)
(-4.29527e-11 -2.21943e-09 0)
(3.11879e-11 -2.25128e-09 0)
(4.43219e-11 -2.09205e-09 0)
(2.21699e-11 -2.10713e-09 0)
(6.51196e-11 -2.05574e-09 0)
(-4.77298e-11 -5.53937e-09 0)
(1.2013e-10 -2.58021e-09 0)
(0 0 0)
(1.63186e-11 -4.84848e-09 0)
(3.31396e-12 -1.9357e-09 0)
(9.08321e-11 -2.01395e-09 0)
(5.99788e-11 -2.23745e-09 0)
(0 0 0)
(2.07133e-10 -2.12911e-09 0)
(-1.60388e-10 -2.39929e-09 0)
(0 0 0)
(0 0 0)
(0 0 0)
(0 0 0)
(0 0 0)
(0 0 0)
(0 0 0)
(0 0 0)
(0 0 0)
(0 0 0)
(0 0 0)
(0 0 0)
(0 0 0)
(0 0 0)
(0 0 0)
(-2.096e-11 -2.25021e-09 0)
(-9.53675e-13 -2.27572e-09 0)
(5.90423e-11 -3.23298e-09 0)
(6.47135e-11 -1.24944e-09 0)
(1.04109e-10 -2.41712e-09 0)
(2.97332e-11 -2.33952e-09 0)
(1.3856e-12 -3.86714e-10 0)
(2.03229e-10 -3.60963e-09 0)
(9.83852e-11 -2.1439e-09 0)
(0 0 0)
(-5.27661e-11 -2.47837e-09 0)
(9.51528e-12 -2.33904e-09 0)
(0 0 0)
(4.11598e-12 -2.08296e-09 0)
(-3.03096e-11 -2.18435e-09 0)
(-4.06137e-11 -2.151e-09 0)
(4.10674e-11 -2.36809e-09 0)
(5.73269e-11 -2.21643e-09 0)
(5.34898e-11 -3.60522e-09 0)
(3.31171e-11 -2.40331e-09 0)
(2.52716e-11 -3.79188e-09 0)
(5.52613e-11 -2.29546e-09 0)
(2.71596e-11 -2.74022e-09 0)
(0 0 0)
(-1.4294e-10 -2.21073e-09 0)
(-1.20518e-10 -2.18604e-09 0)
(1.80982e-11 -2.21346e-09 0)
(2.8419e-10 -5.08836e-09 0)
(-1.16572e-11 -1.94826e-09 0)
(-3.60871e-11 -3.72354e-09 0)
(6.07839e-11 -3.13623e-09 0)
(2.92948e-11 -9.12409e-10 0)
(4.11526e-11 -2.58842e-09 0)
(-3.62965e-11 -1.79346e-09 0)
(-4.44058e-11 -1.40048e-09 0)
(-1.18681e-10 -2.80465e-09 0)
(-3.04802e-10 -4.92835e-09 0)
(0 0 0)
(-1.08782e-10 -1.51803e-09 0)
(-2.42826e-10 -1.89824e-09 0)
(-2.27884e-10 -2.23281e-09 0)
(-1.97349e-10 -2.45708e-09 0)
(-1.25802e-10 -2.70579e-09 0)
(-3.33092e-11 -7.97889e-10 0)
(-3.98882e-11 -9.33403e-10 0)
(-3.57062e-11 -2.17443e-09 0)
(-6.40622e-11 -2.1069e-09 0)
(-7.56356e-12 -4.89502e-09 0)
(-1.51914e-11 -1.9489e-09 0)
(2.61177e-11 -2.20153e-09 0)
(1.6713e-11 -3.13976e-09 0)
(1.71987e-11 -1.26406e-09 0)
(2.68142e-10 -5.71226e-09 0)
(1.5363e-10 -2.06116e-09 0)
(2.27779e-10 -2.06125e-09 0)
(3.43899e-10 -2.15391e-09 0)
(-3.09427e-11 -2.10638e-09 0)
(-4.77107e-12 -5.27898e-10 0)
(-1.4584e-10 -6.98697e-09 0)
(-3.65215e-11 -4.6127e-09 0)
(-4.70384e-12 -1.34254e-10 0)
(0 0 0)
(0 0 0)
(0 0 0)
(0 0 0)
(0 0 0)
(0 0 0)
(0 0 0)
(0 0 0)
(0 0 0)
(0 0 0)
(0 0 0)
(0 0 0)
(0 0 0)
(0 0 0)
(8.44582e-11 -2.13911e-09 0)
(1.00248e-10 -3.01975e-09 0)
(3.30382e-10 -4.59698e-09 0)
(9.9277e-11 -2.27876e-09 0)
(4.34877e-11 -2.44344e-09 0)
(8.3311e-12 -2.18755e-09 0)
(-3.95119e-11 -1.96039e-09 0)
(2.34609e-11 -1.11066e-09 0)
(4.89837e-12 -1.89145e-10 0)
(1.98728e-11 -2.10265e-09 0)
(-9.61398e-11 -2.77334e-09 0)
(-3.36526e-11 -4.91815e-09 0)
(3.41675e-10 -4.40371e-09 0)
(1.06379e-10 -2.04679e-09 0)
(-6.36714e-11 -2.14167e-09 0)
(-7.18407e-12 -3.16641e-10 0)
(-1.76398e-10 -4.07228e-09 0)
(-1.72122e-11 -2.03103e-09 0)
(-2.61554e-11 -2.37404e-09 0)
(2.57815e-11 -2.11925e-09 0)
(-1.02566e-10 -2.26945e-09 0)
(6.02161e-11 -2.36961e-09 0)
(6.28303e-11 -2.55985e-09 0)
(2.47538e-10 -2.21324e-09 0)
(1.66089e-10 -2.08836e-09 0)
(1.57163e-10 -2.15356e-09 0)
(7.77431e-11 -2.03e-09 0)
(3.64811e-11 -2.09172e-09 0)
(-6.3932e-11 -2.10492e-09 0)
(-1.19896e-10 -4.05968e-09 0)
(-4.46974e-11 -1.35027e-09 0)
(4.1523e-11 -2.88269e-09 0)
(9.17523e-12 -5.44919e-10 0)
(-6.22275e-12 -1.85744e-09 0)
(-1.73578e-10 -2.23075e-09 0)
(-1.34885e-10 -2.42905e-09 0)
(-1.26405e-10 -2.23849e-09 0)
(-2.5034e-10 -4.44518e-09 0)
(-3.3407e-11 -1.88604e-09 0)
(-2.37012e-10 -2.12896e-09 0)
(-7.99704e-11 -2.40677e-09 0)
(-1.78406e-10 -2.36465e-09 0)
(-8.40974e-11 -2.42852e-09 0)
(1.43383e-10 -2.04124e-09 0)
(2.01998e-10 -1.86525e-09 0)
(2.40235e-10 -2.06871e-09 0)
(-7.84776e-11 -2.74981e-09 0)
(-3.12168e-11 -4.07844e-09 0)
(-6.76671e-11 -2.02877e-09 0)
(-1.01902e-10 -2.16621e-09 0)
(-7.84961e-11 -2.21828e-09 0)
(2.27854e-11 -2.3904e-09 0)
(-7.30911e-11 -2.1319e-09 0)
(2.05841e-10 -2.07856e-09 0)
(3.53548e-10 -2.09797e-09 0)
(2.2208e-10 -2.29527e-09 0)
(1.44666e-10 -2.27693e-09 0)
(-6.32619e-11 -3.13584e-09 0)
(-1.10253e-10 -4.19476e-09 0)
(5.10512e-12 -9.17356e-10 0)
(4.39008e-12 -7.34244e-10 0)
(0 0 0)
(0 0 0)
(0 0 0)
(0 0 0)
(0 0 0)
(0 0 0)
(0 0 0)
(0 0 0)
(0 0 0)
(0 0 0)
(0 0 0)
(0 0 0)
(0 0 0)
(0 0 0)
(7.4627e-11 -2.20235e-09 0)
(5.98163e-11 -2.39449e-09 0)
(1.23959e-10 -2.34281e-09 0)
(9.69755e-11 -2.26591e-09 0)
(-1.78735e-11 -2.20945e-09 0)
(-9.18115e-11 -2.43067e-09 0)
(-3.25938e-11 -1.99246e-09 0)
(-3.38129e-11 -2.20871e-09 0)
(-1.88116e-11 -2.91019e-09 0)
(7.0248e-11 -4.03807e-09 0)
(2.72002e-11 -2.01735e-09 0)
(-4.98009e-11 -2.16508e-09 0)
(-6.52388e-11 -1.97152e-09 0)
(5.2616e-11 -2.31234e-09 0)
(0 0 0)
(-6.23268e-12 -2.29178e-09 0)
(-1.15021e-10 -2.14281e-09 0)
(-2.28571e-10 -5.38277e-09 0)
(-7.42452e-11 -2.02092e-09 0)
(2.16655e-11 -2.10661e-09 0)
(-2.18957e-11 -2.09209e-09 0)
(-8.20873e-11 -2.35555e-09 0)
(-8.8749e-11 -2.4447e-09 0)
(3.69039e-11 -8.79515e-10 0)
(1.02581e-10 -2.35332e-09 0)
(2.33583e-10 -3.352e-09 0)
(5.72509e-11 -2.0721e-09 0)
(-1.49305e-11 -2.05898e-09 0)
(-3.85598e-11 -2.16023e-09 0)
(-1.09161e-10 -2.16535e-09 0)
(-1.89787e-10 -2.24459e-09 0)
(-8.86054e-11 -2.20567e-09 0)
(8.93524e-11 -1.91107e-09 0)
(-3.94019e-12 -4.36499e-09 0)
(1.85768e-11 -5.15741e-09 0)
(2.36756e-11 -2.1429e-09 0)
(5.87945e-11 -2.12969e-09 0)
(1.86198e-11 -2.21455e-09 0)
(-1.44796e-10 -2.08657e-09 0)
(-2.85206e-10 -2.19427e-09 0)
(-1.93534e-10 -2.16473e-09 0)
(-1.50239e-10 -2.4068e-09 0)
(-7.8834e-11 -2.44063e-09 0)
(-1.10589e-11 -2.02621e-09 0)
(1.54945e-11 -2.11764e-09 0)
(1.9509e-10 -4.27428e-09 0)
(2.13855e-10 -2.49182e-09 0)
(-7.25815e-11 -2.0449e-09 0)
(-7.86723e-11 -2.05994e-09 0)
(-1.82494e-10 -2.09234e-09 0)
(-1.56575e-10 -3.11438e-09 0)
(-7.24829e-11 -3.33845e-09 0)
(0 0 0)
(1.92177e-10 -2.15339e-09 0)
(1.07939e-10 -2.52903e-09 0)
(-1.87675e-12 -2.61463e-09 0)
(-1.14312e-10 -2.26083e-09 0)
(-1.00293e-10 -1.95401e-09 0)
(-1.2085e-10 -2.10922e-09 0)
(2.94171e-10 -2.2288e-09 0)
(0 0 0)
(0 0 0)
(0 0 0)
(0 0 0)
(0 0 0)
(0 0 0)
(0 0 0)
(0 0 0)
(0 0 0)
(0 0 0)
(0 0 0)
(0 0 0)
(0 0 0)
(0 0 0)
(0 0 0)
(-1.09452e-10 -2.15524e-09 0)
(9.28261e-12 -2.02434e-09 0)
(-1.31691e-10 -5.3697e-09 0)
(-1.23459e-10 -2.33142e-09 0)
(6.63125e-11 -2.40118e-09 0)
(0 0 0)
(7.0516e-11 -1.98473e-09 0)
(-1.8396e-10 -2.49176e-09 0)
(-1.72188e-11 -9.24949e-10 0)
(-1.043e-11 -4.83641e-10 0)
(-8.76773e-11 -4.4906e-09 0)
(-6.33997e-12 -9.66517e-10 0)
(-7.4391e-11 -3.43849e-09 0)
(-1.89296e-11 -1.02789e-09 0)
(1.65509e-10 -4.94231e-09 0)
(5.14478e-11 -2.11237e-09 0)
(0 0 0)
(-1.99719e-10 -2.26168e-09 0)
(-1.10261e-10 -2.27192e-09 0)
(-7.55129e-11 -2.29472e-09 0)
(-3.96955e-11 -2.15971e-09 0)
(-5.23995e-11 -2.2186e-09 0)
(-2.66602e-11 -2.28231e-09 0)
(2.33491e-10 -3.04945e-09 0)
(2.49793e-10 -3.77359e-09 0)
(1.03267e-10 -2.11101e-09 0)
(7.80684e-11 -2.17379e-09 0)
(-6.27416e-12 -2.22327e-09 0)
(-1.37624e-10 -2.34542e-09 0)
(-1.42253e-10 -2.39536e-09 0)
(-1.13114e-10 -2.09504e-09 0)
(-1.38104e-10 -1.952e-09 0)
(-5.43701e-11 -3.70198e-09 0)
(-2.37398e-11 -4.73349e-10 0)
(-6.85036e-11 -2.11477e-09 0)
(8.8403e-11 -2.32956e-09 0)
(2.55318e-11 -2.48831e-09 0)
(-3.15235e-11 -2.38642e-09 0)
(0 0 0)
(-1.81517e-11 -2.22816e-09 0)
(-3.00756e-11 -2.11746e-09 0)
(-1.37419e-10 -2.19731e-09 0)
(-3.21348e-10 -5.20398e-09 0)
(-1.22768e-10 -2.11952e-09 0)
(-6.93835e-11 -2.0901e-09 0)
(-9.91806e-11 -5.17227e-09 0)
(8.9478e-12 -2.09385e-09 0)
(-3.40022e-11 -1.97713e-09 0)
(-5.83036e-11 -2.04908e-09 0)
(-1.71628e-10 -2.01631e-09 0)
(-2.01336e-10 -2.12246e-09 0)
(-2.10309e-10 -2.00304e-09 0)
(2.05238e-10 -2.84701e-09 0)
(1.18081e-11 -4.29679e-09 0)
(1.37313e-10 -2.17042e-09 0)
(3.67034e-11 -2.47927e-09 0)
(4.36118e-11 -9.84078e-10 0)
(9.19656e-11 -2.64979e-09 0)
(4.23026e-11 -1.97322e-09 0)
(8.74452e-12 -2.03695e-09 0)
(0 0 0)
(0 0 0)
(0 0 0)
(0 0 0)
(0 0 0)
(0 0 0)
(0 0 0)
(0 0 0)
(0 0 0)
(0 0 0)
(0 0 0)
(0 0 0)
(0 0 0)
(0 0 0)
(0 0 0)
(-6.17447e-11 -2.16634e-09 0)
(-7.05085e-11 -2.09284e-09 0)
(-1.65511e-10 -2.16122e-09 0)
(-4.78313e-11 -2.17065e-09 0)
(4.7201e-12 -2.38181e-09 0)
(1.04139e-10 -2.29913e-09 0)
(1.77512e-11 -2.16702e-09 0)
(-9.12199e-12 -8.48084e-10 0)
(-8.71003e-12 -7.35401e-10 0)
(-2.83299e-11 -2.31159e-09 0)
(9.78309e-11 -2.0595e-09 0)
(1.82085e-12 -2.019e-09 0)
(-5.53521e-11 -2.19382e-09 0)
(0 0 0)
(0 0 0)
(9.4849e-11 -2.13174e-09 0)
(-1.92064e-10 -4.42363e-09 0)
(-7.04279e-12 -1.14495e-10 0)
(-1.74393e-10 -2.33259e-09 0)
(-1.26622e-10 -4.51497e-09 0)
(-1.94039e-10 -2.50863e-09 0)
(1.51323e-11 -2.20817e-09 0)
(1.28278e-11 -2.17297e-09 0)
(8.99357e-11 -4.1066e-09 0)
(1.55434e-10 -2.57527e-09 0)
(-3.19115e-12 -2.07228e-09 0)
(-4.87498e-11 -2.20981e-09 0)
(-3.50769e-11 -2.3799e-09 0)
(-7.84949e-11 -2.52814e-09 0)
(0 0 0)
(7.2389e-11 -1.96793e-09 0)
(-4.23266e-11 -2.0352e-09 0)
(-1.06746e-10 -2.49947e-09 0)
(-2.90002e-10 -2.61863e-09 0)
(-3.25258e-11 -2.14781e-09 0)
(8.01627e-11 -2.53672e-09 0)
(0 0 0)
(4.92437e-11 -2.51265e-09 0)
(1.23912e-10 -2.25249e-09 0)
(5.55912e-11 -2.22269e-09 0)
(-6.75238e-12 -2.29236e-09 0)
(-3.6393e-11 -2.23069e-09 0)
(-6.84012e-11 -2.21219e-09 0)
(-1.40526e-10 -3.07882e-09 0)
(-1.84694e-10 -3.8275e-09 0)
(-1.66862e-10 -2.09122e-09 0)
(-7.76167e-11 -2.1629e-09 0)
(-3.23145e-10 -2.10021e-09 0)
(-1.06439e-10 -4.05419e-09 0)
(-1.59305e-10 -2.67316e-09 0)
(0 0 0)
(0 0 0)
(-6.85921e-11 -2.06346e-09 0)
(-7.62732e-11 -2.19725e-09 0)
(6.70557e-11 -2.38571e-09 0)
(1.07829e-10 -2.32231e-09 0)
(3.40752e-10 -2.32785e-09 0)
(7.49945e-11 -2.23146e-09 0)
(4.6004e-12 -2.23003e-09 0)
(1.42329e-10 -4.51664e-09 0)
(-3.30142e-12 -1.86234e-09 0)
(0 0 0)
(0 0 0)
(0 0 0)
(0 0 0)
(0 0 0)
(0 0 0)
(0 0 0)
(0 0 0)
(0 0 0)
(0 0 0)
(0 0 0)
(0 0 0)
(0 0 0)
(0 0 0)
(-8.67101e-11 -2.23315e-09 0)
(-2.11287e-10 -3.36757e-09 0)
(-1.72895e-10 -3.33515e-09 0)
(-5.97639e-11 -1.94641e-09 0)
(3.97472e-11 -2.12451e-09 0)
(-5.0876e-12 -2.84977e-09 0)
(6.91827e-11 -1.43251e-09 0)
(1.21277e-10 -2.14032e-09 0)
(6.92317e-11 -2.3743e-09 0)
(1.24225e-10 -2.2621e-09 0)
(-1.10713e-10 -3.97036e-09 0)
(-3.43252e-11 -1.59273e-09 0)
(-2.72337e-11 -9.51641e-10 0)
(-1.27302e-11 -2.49001e-10 0)
(-1.29472e-10 -3.87444e-09 0)
(-9.32542e-11 -4.48205e-09 0)
(-2.22908e-11 -2.20496e-09 0)
(-6.62615e-11 -2.28894e-09 0)
(0 0 0)
(-8.06791e-11 -2.28182e-09 0)
(-1.45686e-10 -2.24047e-09 0)
(-1.1813e-10 -2.13927e-09 0)
(-2.40174e-11 -2.16617e-09 0)
(-5.23859e-11 -4.86927e-09 0)
(6.54224e-11 -1.95999e-09 0)
(-1.29708e-10 -5.31211e-09 0)
(-9.34161e-11 -2.29371e-09 0)
(-1.39147e-10 -2.42793e-09 0)
(0 0 0)
(1.84891e-11 -2.60688e-09 0)
(-3.7099e-11 -1.80299e-09 0)
(0 0 0)
(-8.47933e-11 -2.35817e-09 0)
(-7.70887e-11 -2.17269e-09 0)
(-4.28355e-11 -2.09692e-09 0)
(1.17486e-11 -2.23621e-09 0)
(2.34882e-10 -5.7154e-09 0)
(3.06903e-10 -2.23402e-09 0)
(9.46742e-11 -1.9783e-09 0)
(5.53153e-11 -2.15688e-09 0)
(-3.03945e-11 -2.19435e-09 0)
(-7.26382e-12 -2.22987e-09 0)
(-7.76382e-11 -2.33787e-09 0)
(-1.10138e-10 -2.20998e-09 0)
(-1.44548e-10 -2.16536e-09 0)
(-7.26069e-11 -2.28793e-09 0)
(0 0 0)
(-1.86753e-10 -2.09451e-09 0)
(-1.0802e-10 -2.17426e-09 0)
(-9.56883e-11 -2.09745e-09 0)
(-1.15051e-10 -2.10933e-09 0)
(-1.62325e-10 -5.00241e-09 0)
(-8.31659e-11 -2.08299e-09 0)
(-8.40923e-12 -2.14234e-09 0)
(1.4832e-10 -2.34202e-09 0)
(2.58964e-10 -2.27986e-09 0)
(3.8121e-10 -2.31348e-09 0)
(4.65741e-11 -2.21223e-09 0)
(6.43715e-12 -4.26034e-10 0)
(8.78598e-11 -3.03863e-09 0)
(1.85686e-11 -4.74759e-10 0)
(0 0 0)
(0 0 0)
(0 0 0)
(0 0 0)
(0 0 0)
(0 0 0)
(0 0 0)
(0 0 0)
(0 0 0)
(0 0 0)
(0 0 0)
(0 0 0)
(0 0 0)
(0 0 0)
(-4.86753e-11 -2.30987e-09 0)
(-5.31799e-11 -2.31577e-09 0)
(-2.1081e-10 -2.1011e-09 0)
(-2.03444e-10 -2.12395e-09 0)
(-3.06429e-11 -2.17965e-09 0)
(0 0 0)
(1.79439e-10 -2.14724e-09 0)
(1.66659e-11 -5.94353e-09 0)
(2.11286e-10 -2.09176e-09 0)
(1.74955e-10 -2.24722e-09 0)
(1.44744e-10 -2.17833e-09 0)
(-8.1565e-12 -2.28687e-09 0)
(1.21857e-10 -2.50158e-09 0)
(-4.88676e-11 -2.10576e-09 0)
(5.49595e-12 -3.03921e-10 0)
(3.10332e-11 -1.4058e-09 0)
(1.35608e-10 -4.62228e-09 0)
(1.63152e-10 -5.47094e-09 0)
(1.34028e-10 -3.79336e-09 0)
(8.96778e-12 -5.31589e-10 0)
(-1.1455e-12 -1.75288e-09 0)
(-1.63711e-11 -2.06308e-09 0)
(0 0 0)
(-1.41124e-10 -2.28096e-09 0)
(-3.12187e-11 -2.2642e-09 0)
(-3.11855e-11 -2.24432e-09 0)
(-2.42744e-10 -3.04976e-09 0)
(-1.76382e-10 -1.94238e-09 0)
(-1.28283e-10 -2.42041e-09 0)
(-5.70748e-11 -2.40195e-09 0)
(-5.17379e-12 -2.21201e-09 0)
(-3.04326e-12 -4.16641e-10 0)
(-8.45024e-12 -1.49812e-09 0)
(-3.96963e-11 -2.15984e-09 0)
(-3.02815e-11 -2.01922e-09 0)
(-7.15667e-11 -3.82149e-09 0)
(-7.85433e-12 -2.86159e-09 0)
(9.6076e-12 -4.04437e-09 0)
(-2.99392e-11 -2.494e-09 0)
(1.06899e-10 -5.128e-09 0)
(-5.0178e-11 -2.05525e-09 0)
(-6.37208e-11 -2.21652e-09 0)
(0 0 0)
(-2.77578e-12 -2.32197e-09 0)
(-1.13788e-10 -2.2833e-09 0)
(0 0 0)
(-1.63711e-10 -5.22393e-09 0)
(-8.51364e-11 -2.00701e-09 0)
(-1.37943e-11 -1.70597e-09 0)
(-9.8693e-11 -2.15332e-09 0)
(-1.50605e-10 -2.15253e-09 0)
(-1.50166e-10 -2.20986e-09 0)
(-5.66577e-11 -2.25884e-09 0)
(4.01582e-11 -2.19836e-09 0)
(2.22984e-10 -2.2991e-09 0)
(1.94564e-10 -2.36181e-09 0)
(3.73368e-10 -2.34825e-09 0)
(1.62043e-10 -2.4793e-09 0)
(2.26084e-11 -9.16544e-10 0)
(2.72315e-11 -3.09947e-09 0)
(5.17031e-11 -1.26781e-09 0)
(6.09473e-14 -1.42986e-12 0)
(0 0 0)
(0 0 0)
(0 0 0)
(0 0 0)
(0 0 0)
(0 0 0)
(0 0 0)
(0 0 0)
(0 0 0)
(0 0 0)
(0 0 0)
(0 0 0)
(0 0 0)
(2.4974e-13 -2.21283e-09 0)
(0 0 0)
(-1.30698e-10 -2.41374e-09 0)
(-2.27501e-10 -2.18919e-09 0)
(-1.69566e-10 -2.20301e-09 0)
(-1.73028e-10 -2.19551e-09 0)
(-5.5692e-11 -5.09229e-09 0)
(-1.71081e-10 -2.08314e-09 0)
(8.19928e-11 -2.07433e-09 0)
(3.7682e-10 -5.59739e-09 0)
(1.96262e-11 -2.54866e-09 0)
(-1.68074e-12 -3.47373e-10 0)
(-1.38076e-11 -1.72925e-09 0)
(-6.0903e-11 -2.11319e-09 0)
(-6.27926e-11 -2.07569e-09 0)
(6.51618e-11 -1.81043e-09 0)
(1.11972e-10 -2.55425e-09 0)
(3.41914e-11 -8.10659e-10 0)
(4.0564e-11 -7.70649e-10 0)
(1.46242e-10 -2.14633e-09 0)
(2.55096e-11 -2.32101e-09 0)
(-2.90428e-11 -2.22768e-09 0)
(-4.88297e-12 -5.91502e-09 0)
(0 0 0)
(0 0 0)
(3.66025e-11 -2.36027e-09 0)
(2.59368e-11 -2.36171e-09 0)
(-2.96504e-10 -2.3831e-09 0)
(-2.58071e-10 -2.2571e-09 0)
(-1.5433e-10 -2.18916e-09 0)
(-1.56898e-10 -2.14621e-09 0)
(-1.11464e-10 -2.10362e-09 0)
(-3.44413e-11 -2.34311e-09 0)
(9.11512e-11 -2.16634e-09 0)
(0 0 0)
(0 0 0)
(0 0 0)
(-1.75872e-11 -3.84583e-09 0)
(3.24033e-12 -7.54853e-10 0)
(-6.4106e-11 -4.9162e-09 0)
(1.68329e-11 -2.30007e-09 0)
(-6.66597e-11 -2.14612e-09 0)
(-1.36539e-10 -2.31195e-09 0)
(-1.07113e-10 -2.26748e-09 0)
(-3.56679e-12 -1.52569e-10 0)
(-5.01679e-11 -1.90771e-09 0)
(-3.5782e-11 -2.23742e-09 0)
(7.21587e-11 -2.11294e-09 0)
(0 0 0)
(-2.37873e-11 -2.36911e-09 0)
(-7.55027e-11 -2.27465e-09 0)
(0 0 0)
(-8.93253e-11 -2.15201e-09 0)
(6.34274e-11 -2.18522e-09 0)
(1.88646e-10 -2.21553e-09 0)
(2.50482e-10 -2.30109e-09 0)
(2.53634e-10 -2.29442e-09 0)
(2.92041e-10 -2.28125e-09 0)
(3.21549e-10 -2.27881e-09 0)
(-1.63931e-11 -2.2125e-09 0)
(1.12438e-10 -2.0941e-09 0)
(0 0 0)
(0 0 0)
(0 0 0)
(0 0 0)
(0 0 0)
(0 0 0)
(0 0 0)
(0 0 0)
(0 0 0)
(0 0 0)
(0 0 0)
(0 0 0)
(0 0 0)
(0 0 0)
(2.11938e-11 -2.1125e-09 0)
(-2.87576e-11 -5.43593e-09 0)
(-1.01641e-10 -2.02431e-09 0)
(-6.82776e-11 -2.03612e-09 0)
(-9.84303e-11 -1.99993e-09 0)
(-1.09669e-10 -4.87115e-09 0)
(-1.02141e-10 -2.08097e-09 0)
(4.6021e-11 -2.22856e-09 0)
(-1.04523e-10 -2.08176e-09 0)
(-7.41753e-11 -5.54784e-09 0)
(0 0 0)
(1.30166e-10 -2.18121e-09 0)
(1.44934e-10 -2.14039e-09 0)
(6.11088e-11 -2.07198e-09 0)
(-1.75348e-11 -1.85891e-09 0)
(7.25171e-12 -2.09447e-09 0)
(1.30162e-10 -2.39339e-09 0)
(1.44264e-10 -2.25657e-09 0)
(6.64554e-12 -2.27825e-09 0)
(4.40931e-11 -2.39057e-09 0)
(2.93557e-12 -8.9391e-11 0)
(7.98728e-11 -2.08476e-09 0)
(4.65939e-11 -2.24175e-09 0)
(1.38378e-10 -2.28079e-09 0)
(9.95482e-11 -2.41978e-09 0)
(-1.82046e-11 -8.38641e-10 0)
(-2.38232e-10 -4.16162e-09 0)
(-1.50527e-10 -2.12839e-09 0)
(-1.80278e-10 -2.06225e-09 0)
(-2.04326e-10 -2.04885e-09 0)
(-1.02158e-10 -1.99525e-09 0)
(-9.00948e-11 -2.09991e-09 0)
(-2.63875e-11 -2.19041e-09 0)
(5.72503e-11 -2.15368e-09 0)
(9.05673e-11 -3.28044e-09 0)
(1.31178e-10 -2.87002e-09 0)
(-3.21172e-11 -2.11712e-09 0)
(0 0 0)
(3.05504e-11 -2.25902e-09 0)
(0 0 0)
(-5.88707e-11 -2.19274e-09 0)
(-2.4936e-10 -5.54643e-09 0)
(-2.5399e-10 -2.19694e-09 0)
(0 0 0)
(3.28578e-11 -1.86637e-09 0)
(6.07506e-12 -2.01069e-09 0)
(-1.73588e-10 -1.91599e-09 0)
(5.79113e-11 -2.17845e-09 0)
(1.63675e-11 -2.17524e-09 0)
(-1.29289e-11 -3.13226e-10 0)
(-1.43674e-10 -4.09481e-09 0)
(-2.51555e-10 -4.71495e-09 0)
(1.29312e-11 -2.05458e-09 0)
(3.27246e-11 -2.14033e-09 0)
(1.09387e-10 -2.2048e-09 0)
(-3.13049e-12 -2.22376e-09 0)
(8.56668e-12 -2.15499e-09 0)
(4.83658e-11 -5.65688e-09 0)
(0 0 0)
(9.99974e-11 -2.81999e-09 0)
(7.99221e-11 -1.26052e-09 0)
(0 0 0)
(0 0 0)
(0 0 0)
(0 0 0)
(0 0 0)
(0 0 0)
(0 0 0)
(0 0 0)
(0 0 0)
(0 0 0)
(0 0 0)
(0 0 0)
(0 0 0)
(0 0 0)
(2.10876e-11 -2.17224e-09 0)
(-8.88293e-11 -2.23424e-09 0)
(-4.45274e-12 -2.23479e-09 0)
(-3.39642e-11 -1.98418e-09 0)
(-5.30975e-11 -2.11777e-09 0)
(-6.89785e-11 -2.11909e-09 0)
(4.65976e-11 -2.10931e-09 0)
(-2.5028e-10 -2.00199e-09 0)
(-2.29655e-10 -2.26262e-09 0)
(0 0 0)
(-1.55596e-11 -2.33721e-09 0)
(1.06736e-10 -3.60196e-09 0)
(1.46463e-10 -3.62986e-09 0)
(9.37251e-11 -1.97657e-09 0)
(1.1861e-10 -1.93044e-09 0)
(5.29578e-12 -2.04128e-09 0)
(2.41434e-11 -2.18527e-09 0)
(5.63763e-12 -1.21826e-09 0)
(3.56963e-13 -1.92835e-10 0)
(-2.39121e-11 -2.26444e-09 0)
(7.6285e-11 -2.2789e-09 0)
(1.05593e-10 -2.2552e-09 0)
(2.35476e-11 -5.06798e-09 0)
(-1.45758e-10 -5.15698e-09 0)
(-6.54041e-11 -3.17911e-09 0)
(-3.82764e-11 -4.22457e-09 0)
(-6.81011e-11 -2.40904e-09 0)
(-4.7898e-11 -2.11741e-09 0)
(-5.89305e-13 -2.4174e-09 0)
(-7.34176e-11 -2.12946e-09 0)
(-7.25052e-11 -1.94882e-09 0)
(-8.4471e-11 -1.93248e-09 0)
(7.38759e-12 -2.23096e-09 0)
(4.84567e-11 -1.98591e-09 0)
(1.83357e-11 -2.20145e-09 0)
(4.17889e-12 -3.80087e-09 0)
(0 0 0)
(3.32288e-11 -2.27239e-09 0)
(-3.5619e-10 -2.33569e-09 0)
(-3.86581e-10 -2.56808e-09 0)
(-7.97942e-11 -2.41549e-09 0)
(-2.32093e-10 -2.22126e-09 0)
(0 0 0)
(-7.13425e-11 -2.3373e-09 0)
(2.3391e-10 -5.22453e-09 0)
(1.57195e-11 -1.95087e-09 0)
(-1.36686e-10 -2.1923e-09 0)
(-7.15462e-11 -2.04081e-09 0)
(-2.95395e-11 -2.19208e-09 0)
(-9.00511e-11 -2.39608e-09 0)
(-7.82395e-12 -2.02601e-09 0)
(2.1698e-10 -2.13494e-09 0)
(3.63245e-10 -2.1837e-09 0)
(2.21554e-10 -2.13289e-09 0)
(3.50111e-10 -2.20359e-09 0)
(1.73013e-10 -2.29661e-09 0)
(0 0 0)
(0 0 0)
(1.99588e-10 -2.32792e-09 0)
(0 0 0)
(0 0 0)
(0 0 0)
(0 0 0)
(0 0 0)
(0 0 0)
(0 0 0)
(0 0 0)
(0 0 0)
(0 0 0)
(0 0 0)
(0 0 0)
(0 0 0)
(0 0 0)
(0 0 0)
(0 0 0)
(-6.78089e-11 -2.10633e-09 0)
(-1.90171e-11 -2.0812e-09 0)
(-5.20299e-11 -2.30055e-09 0)
(1.32839e-11 -2.33232e-09 0)
(7.7759e-11 -2.33187e-09 0)
(0 0 0)
(-6.92525e-11 -2.11961e-09 0)
(-1.1262e-10 -2.23038e-09 0)
(-2.03176e-10 -2.24416e-09 0)
(-1.11567e-10 -2.34499e-09 0)
(-8.54556e-12 -2.1427e-09 0)
(1.96879e-11 -2.26458e-09 0)
(2.23707e-11 -2.27596e-09 0)
(1.61859e-10 -2.32966e-09 0)
(1.30242e-10 -2.08893e-09 0)
(5.02351e-11 -2.02134e-09 0)
(8.07521e-11 -2.05976e-09 0)
(-1.13874e-11 -5.23375e-09 0)
(9.28209e-11 -2.19082e-09 0)
(-7.36141e-11 -1.9849e-09 0)
(0 0 0)
(5.9702e-11 -5.68788e-09 0)
(-1.23169e-10 -2.37528e-09 0)
(0 0 0)
(-1.39704e-10 -2.24889e-09 0)
(-1.38969e-10 -2.43635e-09 0)
(4.19325e-11 -2.27449e-09 0)
(1.22796e-12 -2.2886e-09 0)
(-1.10889e-10 -2.34381e-09 0)
(5.68251e-11 -2.2113e-09 0)
(-7.68006e-11 -2.10214e-09 0)
(-1.82767e-10 -1.97957e-09 0)
(-9.11046e-11 -1.93039e-09 0)
(-2.87495e-12 -1.98308e-09 0)
(8.33589e-11 -2.04408e-09 0)
(5.08342e-11 -3.01576e-09 0)
(1.99799e-10 -2.0765e-09 0)
(-3.58149e-12 -2.58587e-09 0)
(-9.90736e-12 -1.32609e-10 0)
(-1.7934e-10 -2.03128e-09 0)
(-2.1045e-10 -2.28594e-09 0)
(-4.08654e-10 -2.23476e-09 0)
(-4.55216e-10 -2.2787e-09 0)
(-9.55348e-11 -2.20807e-09 0)
(1.94934e-11 -2.53381e-09 0)
(-1.69713e-10 -3.92196e-09 0)
(-2.4331e-11 -4.85791e-10 0)
(-1.48465e-10 -2.46665e-09 0)
(-4.78384e-11 -2.27266e-09 0)
(6.31575e-11 -2.25257e-09 0)
(0 0 0)
(-1.83988e-10 -2.1073e-09 0)
(3.19356e-11 -2.16398e-09 0)
(8.07846e-11 -5.04084e-09 0)
(0 0 0)
(0 0 0)
(5.46356e-11 -2.36011e-09 0)
(-7.66292e-11 -2.2183e-09 0)
(-2.59822e-11 -2.40687e-09 0)
(4.82185e-10 -3.59788e-09 0)
(0 0 0)
(0 0 0)
(0 0 0)
(0 0 0)
(0 0 0)
(0 0 0)
(0 0 0)
(0 0 0)
(0 0 0)
(0 0 0)
(0 0 0)
(0 0 0)
(0 0 0)
(0 0 0)
(0 0 0)
(1.79502e-11 -2.21124e-09 0)
(-6.19832e-11 -2.30928e-09 0)
(-5.84552e-12 -2.19331e-09 0)
(1.56568e-11 -2.15476e-09 0)
(5.77827e-11 -2.09521e-09 0)
(-2.58736e-11 -2.35598e-09 0)
(-1.4284e-10 -2.26826e-09 0)
(-6.944e-11 -2.31784e-09 0)
(2.29972e-11 -2.47944e-09 0)
(-6.53422e-11 -2.14698e-09 0)
(7.72893e-11 -1.88198e-09 0)
(-2.53864e-11 -1.9894e-09 0)
(8.53461e-11 -2.02877e-09 0)
(2.09445e-10 -2.30832e-09 0)
(6.93244e-11 -2.10379e-09 0)
(2.58358e-11 -2.03894e-09 0)
(-9.14111e-11 -5.11009e-09 0)
(-5.7706e-11 -2.0312e-09 0)
(4.92672e-12 -2.14842e-09 0)
(-1.04071e-10 -2.10998e-09 0)
(1.05672e-10 -2.29742e-09 0)
(0 0 0)
(-3.31168e-13 -2.38754e-09 0)
(-2.53401e-12 -2.30892e-09 0)
(-4.80903e-12 -2.39845e-09 0)
(-1.45138e-10 -2.34326e-09 0)
(-2.75282e-11 -2.52469e-09 0)
(4.69682e-12 -2.38553e-09 0)
(-1.05313e-11 -4.06609e-10 0)
(-6.30446e-11 -2.33764e-09 0)
(-6.56254e-11 -4.04606e-09 0)
(-2.23653e-11 -2.03681e-09 0)
(-7.12438e-11 -2.02455e-09 0)
(5.03512e-12 -1.97901e-09 0)
(5.45118e-11 -2.03867e-09 0)
(3.00957e-11 -2.03999e-09 0)
(-2.72535e-11 -4.64187e-09 0)
(-1.0956e-10 -5.04524e-09 0)
(3.08564e-12 -2.11624e-09 0)
(-2.17091e-10 -2.04778e-09 0)
(0 0 0)
(-1.15122e-10 -2.14434e-09 0)
(-1.66393e-10 -2.13516e-09 0)
(-2.54833e-11 -2.1352e-09 0)
(-1.16856e-11 -2.0856e-09 0)
(-2.10861e-10 -1.93571e-09 0)
(-2.44001e-10 -2.09475e-09 0)
(-1.8719e-10 -2.1946e-09 0)
(-1.03139e-10 -2.04318e-09 0)
(-1.77821e-10 -2.14946e-09 0)
(-2.40895e-10 -3.88424e-09 0)
(-9.49441e-12 -1.84568e-10 0)
(0 0 0)
(0 0 0)
(1.67919e-10 -2.11443e-09 0)
(1.74662e-10 -2.14308e-09 0)
(-7.9131e-11 -5.33795e-09 0)
(-2.53552e-12 -1.08549e-09 0)
(-7.54691e-12 -2.5253e-09 0)
(1.74138e-10 -2.00247e-09 0)
(1.11387e-10 -1.75062e-09 0)
(0 0 0)
(0 0 0)
(0 0 0)
(0 0 0)
(0 0 0)
(0 0 0)
(0 0 0)
(0 0 0)
(0 0 0)
(0 0 0)
(0 0 0)
(0 0 0)
(0 0 0)
(0 0 0)
(2.41716e-11 -2.2525e-09 0)
(3.40834e-11 -2.22063e-09 0)
(-2.55015e-11 -2.24007e-09 0)
(-8.80776e-11 -2.23341e-09 0)
(-7.93446e-11 -2.31764e-09 0)
(-1.18034e-11 -2.32932e-09 0)
(-2.10429e-10 -2.21092e-09 0)
(-7.21413e-11 -2.17023e-09 0)
(-1.50085e-10 -2.37045e-09 0)
(7.64975e-11 -2.20643e-09 0)
(1.64509e-10 -1.93446e-09 0)
(1.64692e-11 -1.68583e-09 0)
(5.37218e-11 -1.82683e-09 0)
(4.45267e-11 -2.2579e-09 0)
(-7.81895e-12 -2.09263e-09 0)
(4.54751e-11 -2.12376e-09 0)
(-5.8528e-11 -2.15018e-09 0)
(1.04278e-10 -4.05309e-09 0)
(7.69392e-11 -2.78828e-09 0)
(1.331e-10 -2.04746e-09 0)
(0 0 0)
(1.71108e-11 -2.08009e-09 0)
(9.20883e-11 -2.27687e-09 0)
(4.50389e-11 -2.36146e-09 0)
(-1.28468e-11 -6.17044e-09 0)
(-7.66919e-11 -7.80899e-10 0)
(-9.13746e-11 -1.16296e-09 0)
(-3.7036e-11 -2.01314e-09 0)
(4.432e-11 -2.32968e-09 0)
(4.19264e-11 -2.21604e-09 0)
(-8.48956e-11 -2.17887e-09 0)
(-2.02757e-11 -2.27493e-09 0)
(4.28005e-11 -2.09595e-09 0)
(7.42191e-11 -2.11502e-09 0)
(1.03778e-10 -2.18298e-09 0)
(5.41905e-11 -2.33871e-09 0)
(-1.34331e-11 -6.55104e-10 0)
(-2.74365e-11 -1.06948e-09 0)
(-1.01895e-10 -3.67641e-09 0)
(-9.56933e-11 -3.0069e-09 0)
(-4.91423e-11 -3.45221e-09 0)
(-4.27758e-11 -4.40538e-09 0)
(0 0 0)
(-5.79187e-13 -4.35843e-09 0)
(1.38641e-11 -2.14425e-09 0)
(-1.59088e-10 -2.06707e-09 0)
(1.0386e-10 -2.0968e-09 0)
(-1.25037e-11 -2.16581e-09 0)
(-4.33469e-11 -2.30439e-09 0)
(0 0 0)
(8.23067e-11 -2.04069e-09 0)
(2.5573e-10 -2.1838e-09 0)
(1.83489e-10 -3.15212e-09 0)
(3.08865e-10 -4.20764e-09 0)
(1.31279e-10 -2.18887e-09 0)
(-1.40707e-11 -3.15475e-09 0)
(-1.73015e-10 -3.78401e-09 0)
(2.06166e-11 -2.09441e-09 0)
(-1.38952e-11 -2.08049e-09 0)
(-1.18843e-10 -2.03994e-09 0)
(-1.67981e-11 -4.83211e-09 0)
(0 0 0)
(0 0 0)
(0 0 0)
(0 0 0)
(0 0 0)
(0 0 0)
(0 0 0)
(0 0 0)
(0 0 0)
(0 0 0)
(0 0 0)
(0 0 0)
(0 0 0)
(0 0 0)
(7.32601e-11 -2.17437e-09 0)
(0 0 0)
(-1.0184e-11 -2.18789e-09 0)
(-1.16406e-11 -2.1714e-09 0)
(-5.19819e-11 -5.50997e-09 0)
(2.20588e-10 -2.0471e-09 0)
(-1.17853e-10 -2.15965e-09 0)
(-1.27067e-10 -2.31359e-09 0)
(-7.88084e-11 -2.2546e-09 0)
(-1.44125e-10 -2.22241e-09 0)
(-8.07723e-11 -2.43661e-09 0)
(-2.16529e-12 -2.01874e-09 0)
(-1.24608e-11 -2.11863e-09 0)
(-5.99865e-11 -2.5466e-09 0)
(0 0 0)
(1.01273e-10 -2.13491e-09 0)
(2.74817e-11 -2.20664e-09 0)
(7.0052e-12 -2.25699e-09 0)
(-5.5315e-11 -2.21577e-09 0)
(-9.44801e-12 -4.61887e-09 0)
(1.12007e-10 -2.81256e-09 0)
(6.50586e-11 -1.76099e-09 0)
(9.57446e-11 -2.32118e-09 0)
(-1.23776e-11 -2.63271e-09 0)
(0 0 0)
(-7.36195e-11 -5.31743e-09 0)
(-2.58018e-10 -4.93939e-09 0)
(5.15414e-11 -2.02655e-09 0)
(-3.79833e-12 -2.245e-09 0)
(0 0 0)
(-1.96473e-10 -2.20495e-09 0)
(0 0 0)
(4.49987e-11 -2.05334e-09 0)
(-1.74116e-11 -2.00571e-09 0)
(6.25372e-11 -2.17012e-09 0)
(2.99683e-11 -2.2575e-09 0)
(1.65897e-10 -2.265e-09 0)
(5.98863e-11 -2.25351e-09 0)
(-9.81096e-11 -2.2603e-09 0)
(-1.63118e-10 -2.5589e-09 0)
(-7.93218e-12 -4.7255e-10 0)
(-4.51703e-11 -2.09636e-09 0)
(-2.98536e-12 -2.27978e-09 0)
(3.82503e-11 -2.13797e-09 0)
(7.36096e-12 -2.09426e-09 0)
(-3.10307e-11 -2.51097e-09 0)
(-2.04501e-11 -2.17091e-09 0)
(-1.87237e-11 -2.07166e-09 0)
(5.50447e-12 -3.71966e-10 0)
(-3.21715e-11 -4.11721e-09 0)
(1.32358e-10 -2.09455e-09 0)
(2.19018e-11 -2.85348e-09 0)
(4.03665e-11 -4.82266e-09 0)
(-9.9235e-11 -2.5113e-09 0)
(1.13047e-10 -2.41139e-09 0)
(5.70506e-11 -3.23863e-09 0)
(-1.54523e-10 -3.2922e-09 0)
(-8.34604e-11 -2.00763e-09 0)
(-9.3499e-11 -2.09155e-09 0)
(0 0 0)
(-1.11781e-10 -1.68482e-09 0)
(-4.24533e-11 -2.00087e-09 0)
(9.30328e-11 -1.6884e-09 0)
(-8.33298e-11 -2.01098e-09 0)
(0 0 0)
(0 0 0)
(0 0 0)
(0 0 0)
(0 0 0)
(0 0 0)
(0 0 0)
(0 0 0)
(0 0 0)
(0 0 0)
(0 0 0)
(0 0 0)
(1.14307e-10 -2.42763e-09 0)
(2.05323e-11 -2.2788e-09 0)
(-3.64564e-11 -2.14605e-09 0)
(-6.5959e-11 -2.23267e-09 0)
(2.74493e-11 -2.31011e-09 0)
(-2.09146e-11 -2.65359e-09 0)
(0 0 0)
(-7.30364e-11 -2.27782e-09 0)
(-8.31414e-12 -2.26241e-09 0)
(-8.96669e-11 -3.70377e-09 0)
(-6.28299e-11 -2.38304e-09 0)
(-2.79273e-11 -1.53257e-09 0)
(-3.68302e-11 -3.21005e-09 0)
(5.28617e-13 -2.00615e-09 0)
(-6.69526e-11 -2.13757e-09 0)
(-2.50088e-11 -2.32028e-09 0)
(-4.5589e-12 -2.37306e-09 0)
(2.55682e-11 -2.25525e-09 0)
(3.90891e-11 -2.28847e-09 0)
(-1.54821e-11 -2.41315e-09 0)
(0 0 0)
(6.71918e-11 -2.38443e-09 0)
(3.38649e-11 -2.27671e-09 0)
(8.16102e-11 -4.25447e-09 0)
(-8.82635e-11 -3.71787e-09 0)
(-3.54858e-10 -2.18617e-09 0)
(0 0 0)
(-4.76392e-11 -2.28419e-09 0)
(-1.44873e-11 -2.22976e-09 0)
(-1.23731e-10 -2.17065e-09 0)
(4.56913e-11 -5.02398e-09 0)
(3.20122e-11 -2.10114e-09 0)
(5.82286e-11 -2.06647e-09 0)
(1.8985e-11 -2.51797e-09 0)
(-1.46672e-11 -1.44645e-09 0)
(-8.28269e-13 -8.6552e-11 0)
(-4.98164e-11 -2.37165e-09 0)
(-2.52017e-11 -2.74334e-09 0)
(-6.43005e-11 -2.29056e-09 0)
(-5.51513e-11 -2.20962e-09 0)
(-7.68756e-11 -2.15634e-09 0)
(-5.44796e-11 -2.30494e-09 0)
(-3.67363e-11 -2.1764e-09 0)
(3.25809e-11 -2.73645e-09 0)
(-2.89771e-11 -2.83114e-09 0)
(-2.69106e-11 -2.36046e-09 0)
(-5.80047e-12 -2.27193e-09 0)
(7.35485e-11 -2.2436e-09 0)
(-4.53918e-11 -2.15851e-09 0)
(9.65576e-12 -2.21908e-09 0)
(-1.05591e-11 -2.23401e-09 0)
(-2.62125e-11 -2.3184e-09 0)
(-4.78811e-11 -2.29222e-09 0)
(-1.4677e-11 -2.74694e-09 0)
(7.08859e-11 -2.59523e-09 0)
(0 0 0)
(-2.29341e-11 -2.14941e-09 0)
(2.00726e-12 -2.1956e-09 0)
(1.60356e-11 -2.4495e-09 0)
(1.02617e-11 -2.8738e-09 0)
(-1.09852e-11 -5.16661e-09 0)
(1.30949e-10 -1.96182e-09 0)
(2.59401e-10 -1.96035e-09 0)
(-1.11137e-11 -2.2482e-09 0)
(-1.31723e-11 -2.22973e-09 0)
(0 0 0)
(0 0 0)
(0 0 0)
(0 0 0)
(0 0 0)
(0 0 0)
(0 0 0)
(0 0 0)
(0 0 0)
)
;


// ************************************************************************* //
