/*--------------------------------*- C++ -*----------------------------------*\
  =========                 |
  \\      /  F ield         | OpenFOAM: The Open Source CFD Toolbox
   \\    /   O peration     | Website:  https://openfoam.org
    \\  /    A nd           | Version:  12
     \\/     M anipulation  |
\*---------------------------------------------------------------------------*/
FoamFile
{
    format      ascii;
    class       vectorField;
    location    "0.35/lagrangian/cloud";
    object      U;
}
// * * * * * * * * * * * * * * * * * * * * * * * * * * * * * * * * * * * * * //


2912
(
(-0.0001471 -0.0314762 0)
(-4.84716e-05 -0.0324105 0)
(0.00105036 -0.030341 0)
(0.00050082 -0.030941 0)
(-0.000387449 -0.0312899 0)
(-0.00181604 -0.0338525 0)
(-0.000651091 -0.0351948 0)
(0.000401715 -0.0337425 0)
(0.000409485 -0.0339889 0)
(0.000302722 -0.033557 0)
(-0.000403142 -0.0297984 0)
(-0.000124813 -0.0291246 0)
(0.000519706 -0.0289112 0)
(-0.000191544 -0.0311329 0)
(0.000819793 -0.0294858 0)
(0.00135215 -0.0286394 0)
(0.00039484 -0.0304793 0)
(-4.36156e-06 -0.0305813 0)
(-0.000440691 -0.0313787 0)
(0.000974897 -0.0318677 0)
(-3.98949e-05 -0.0319144 0)
(0.000667213 -0.0301327 0)
(-2.32034e-05 -0.0302997 0)
(0.000222961 -0.0328107 0)
(0.000429332 -0.0333039 0)
(-0.000401899 -0.0329899 0)
(-4.85575e-05 -0.0359329 0)
(0.000698745 -0.0362506 0)
(-0.000224399 -0.0363896 0)
(0.000197832 -0.0361107 0)
(0.000494757 -0.0354161 0)
(0.000712805 -0.036738 0)
(-0.000736358 -0.0372165 0)
(-0.00122333 -0.0367347 0)
(-0.000334264 -0.0345147 0)
(0.00055158 -0.0354539 0)
(0.00103119 -0.0342452 0)
(0.000289892 -0.0360621 0)
(-4.33329e-05 -0.0335177 0)
(0.000936261 -0.0361494 0)
(0.000555745 -0.0371038 0)
(-0.000690429 -0.037626 0)
(0.0010799 -0.0364005 0)
(-0.000148431 -0.0367585 0)
(-0.000147231 -0.033309 0)
(-1.79097e-05 -0.0340856 0)
(-0.000116419 -0.0336201 0)
(0.000363687 -0.0364944 0)
(0.00101665 -0.0353763 0)
(0.00028991 -0.0370008 0)
(-0.00275096 -0.0346606 0)
(0.000526211 -0.0356541 0)
(0.000578161 -0.0367538 0)
(-0.000146685 -0.0363696 0)
(0.00277847 -0.0359659 0)
(-0.000201601 -0.0358511 0)
(-5.82276e-05 -0.0356664 0)
(-0.000176037 -0.0367011 0)
(-0.000264603 -0.0372946 0)
(-0.00163218 -0.0373783 0)
(1.38206e-05 -0.0348683 0)
(-4.56347e-05 -0.0363154 0)
(0.000680454 -0.0364866 0)
(-0.00025024 -0.0410035 0)
(-0.000411018 -0.0405758 0)
(0.000909154 -0.0363791 0)
(0.000644571 -0.034587 0)
(-0.000255225 -0.0326736 0)
(-0.000651047 -0.035916 0)
(0.00321119 -0.0392456 0)
(-0.000369936 -0.0432643 0)
(0.00152439 -0.0457776 0)
(-0.000700341 -0.0453525 0)
(-0.000919355 -0.0452116 0)
(0.00120923 -0.0428359 0)
(-0.000412949 -0.0427911 0)
(0.0020778 -0.0399708 0)
(-0.000449339 -0.0416385 0)
(-0.0016847 -0.041288 0)
(-0.00054243 -0.0388982 0)
(-0.000117502 -0.0374233 0)
(-0.000974214 -0.0397393 0)
(-0.000352468 -0.0343495 0)
(0.000316983 -0.0349308 0)
(-0.00069951 -0.0327903 0)
(-0.000616233 -0.035939 0)
(0.000167481 -0.0340338 0)
(0.000502157 -0.0335608 0)
(0.000981434 -0.0398701 0)
(0.000802677 -0.0404507 0)
(0.000659463 -0.0432912 0)
(3.78032e-06 -0.0435125 0)
(0.000265933 -0.0429412 0)
(0.000104169 -0.0428484 0)
(-0.000743316 -0.044062 0)
(-0.000728203 -0.0393759 0)
(3.04257e-05 -0.0382167 0)
(0.000598904 -0.0381125 0)
(0.00108958 -0.0372314 0)
(0.000199531 -0.0374487 0)
(0.000217563 -0.0381597 0)
(8.39021e-05 -0.0412656 0)
(0.00111786 -0.0423346 0)
(0.000544301 -0.0458964 0)
(0.000282679 -0.0392459 0)
(-0.000592021 -0.0364936 0)
(-0.00100473 -0.0352694 0)
(0.000320777 -0.0412135 0)
(0.000459441 -0.0402389 0)
(-0.000446951 -0.0393839 0)
(0.00138173 -0.0424414 0)
(-0.000800139 -0.044716 0)
(3.58453e-05 -0.0468515 0)
(-0.000976186 -0.0465243 0)
(0.000673425 -0.0472712 0)
(-0.000169411 -0.0432984 0)
(-0.000218358 -0.0400042 0)
(0.000628101 -0.0398975 0)
(-3.94699e-05 -0.0410783 0)
(0.000547061 -0.0402516 0)
(-0.000253239 -0.0418364 0)
(-0.00271029 -0.0430294 0)
(-0.000348026 -0.0370623 0)
(0.000404864 -0.0359342 0)
(0.00251692 -0.0443567 0)
(0.000389929 -0.0462575 0)
(0.000630321 -0.0425705 0)
(0.000632215 -0.0432676 0)
(-0.000383974 -0.0471856 0)
(-6.75494e-05 -0.0491366 0)
(0.00107973 -0.0468301 0)
(6.92425e-06 -0.0458991 0)
(0.000469354 -0.0492132 0)
(0.000532934 -0.0488497 0)
(-0.000216789 -0.0487239 0)
(0.000339693 -0.0490521 0)
(-0.000601866 -0.0508895 0)
(-0.00063862 -0.0525993 0)
(-0.0011051 -0.0496293 0)
(-0.00162711 -0.0502403 0)
(-0.000343294 -0.0498151 0)
(0.000527645 -0.0422872 0)
(2.48233e-05 -0.042569 0)
(0.00128849 -0.0439693 0)
(0.00176261 -0.0453995 0)
(0.00133987 -0.0466116 0)
(-0.000276497 -0.0485084 0)
(0.000429529 -0.0502683 0)
(-0.000755747 -0.0504278 0)
(0.0010863 -0.0493299 0)
(0.00063271 -0.0490942 0)
(0.000528968 -0.0490664 0)
(-3.91889e-05 -0.0475585 0)
(0.00023805 -0.046802 0)
(0.000117815 -0.0451736 0)
(8.93619e-05 -0.0457561 0)
(3.247e-05 -0.0462008 0)
(-0.000174617 -0.0474658 0)
(-0.000196678 -0.0460185 0)
(0.000295338 -0.0440243 0)
(0.000355652 -0.0463123 0)
(0.000644509 -0.0492863 0)
(0.00119324 -0.0467553 0)
(-1.65128e-05 -0.0478857 0)
(-0.00017588 -0.0497003 0)
(0.000435737 -0.0498971 0)
(-2.0501e-05 -0.0500136 0)
(-0.0003546 -0.048716 0)
(0.000411459 -0.0504156 0)
(-0.00114738 -0.0504623 0)
(-0.000100617 -0.0502972 0)
(-0.000255214 -0.0504353 0)
(0.000222762 -0.0522595 0)
(0.00230643 -0.0519947 0)
(-0.000286617 -0.0522091 0)
(0.000147254 -0.0530856 0)
(0.000890319 -0.0492451 0)
(0.000212395 -0.0480331 0)
(-0.000102954 -0.047392 0)
(-0.00169218 -0.047255 0)
(-0.00237171 -0.0485193 0)
(-0.00151387 -0.0489342 0)
(0.000513971 -0.0495168 0)
(5.29426e-05 -0.0494052 0)
(-0.00105778 -0.0503524 0)
(0.000510399 -0.0469527 0)
(0.000135472 -0.0492016 0)
(-0.000135382 -0.0492419 0)
(0.000990804 -0.0476155 0)
(0.00183209 -0.0506632 0)
(0.00197443 -0.0490038 0)
(0.00105497 -0.0497455 0)
(-0.000261484 -0.0523976 0)
(0.00094858 -0.0499826 0)
(-0.000676866 -0.0537935 0)
(0.000294298 -0.0549976 0)
(0.000287157 -0.057155 0)
(-0.00107692 -0.0571185 0)
(-0.000315787 -0.0559974 0)
(-0.000974923 -0.0555821 0)
(-0.000962796 -0.0520447 0)
(0.000385969 -0.0522693 0)
(-0.000914464 -0.0512671 0)
(0.00138444 -0.0521181 0)
(0.000829743 -0.0542958 0)
(-0.00165822 -0.0515214 0)
(-0.000287848 -0.0506888 0)
(0.00059868 -0.0518425 0)
(0.000305826 -0.0498578 0)
(0.00206995 -0.0505697 0)
(0.00168415 -0.0488932 0)
(-0.000556164 -0.0483262 0)
(0.000345177 -0.0477392 0)
(0.000355225 -0.047425 0)
(4.03301e-05 -0.0476847 0)
(-0.000170344 -0.0480528 0)
(-0.000515194 -0.0461472 0)
(0.00239457 -0.0468535 0)
(-0.00205355 -0.0477317 0)
(-0.000484641 -0.0500424 0)
(-0.000456619 -0.049425 0)
(-0.000137742 -0.0508275 0)
(0.000372288 -0.0508425 0)
(4.96042e-05 -0.0504976 0)
(0.000245646 -0.0507395 0)
(0.00084857 -0.050767 0)
(0.00109486 -0.0500692 0)
(0.000867906 -0.0514175 0)
(0.00251427 -0.0513785 0)
(0.00108805 -0.0501913 0)
(-1.09864e-05 -0.0522361 0)
(-0.000280463 -0.0523459 0)
(0.000257744 -0.0511473 0)
(-2.91302e-05 -0.0520316 0)
(0.000582088 -0.0522534 0)
(0.000362445 -0.0509026 0)
(7.29228e-05 -0.0505954 0)
(-0.000524043 -0.0513696 0)
(-0.000834255 -0.0508302 0)
(-0.00180943 -0.049991 0)
(-0.000956974 -0.048669 0)
(-0.000422977 -0.0509636 0)
(-0.00203392 -0.0499508 0)
(0.00106755 -0.0525304 0)
(-0.00049598 -0.0535394 0)
(0.00142598 -0.0530424 0)
(0.00138446 -0.0524764 0)
(0.000732021 -0.0507572 0)
(0.000598472 -0.0517973 0)
(-0.000235864 -0.0552764 0)
(-0.00043541 -0.0554324 0)
(-0.00039018 -0.0552533 0)
(0.00164437 -0.0565956 0)
(0.00126274 -0.0566112 0)
(-0.000256525 -0.0579283 0)
(0.000645499 -0.0555864 0)
(-0.00234337 -0.0542311 0)
(-0.00115553 -0.0557203 0)
(0.00397665 -0.0540814 0)
(-0.000272388 -0.0531061 0)
(0.000273735 -0.0515455 0)
(0.00100165 -0.053986 0)
(0.000397876 -0.0521676 0)
(0.000818423 -0.0509185 0)
(0.000710578 -0.0511675 0)
(0.000742798 -0.0511748 0)
(0.000218476 -0.0501533 0)
(0.000218332 -0.0493954 0)
(4.811e-05 -0.0494894 0)
(7.53881e-05 -0.0488773 0)
(-6.68074e-05 -0.0489409 0)
(-0.000280051 -0.0479704 0)
(0.00098943 -0.0473072 0)
(2.20993e-06 -0.048737 0)
(-0.000429818 -0.0500927 0)
(-0.000765986 -0.0511021 0)
(4.51865e-05 -0.050588 0)
(-0.00192607 -0.0499296 0)
(0.00065524 -0.0512287 0)
(0.000732826 -0.0515408 0)
(0.000571245 -0.0507916 0)
(0.000398359 -0.0512106 0)
(0.000232042 -0.0516686 0)
(0.00100755 -0.050764 0)
(-0.000200036 -0.050466 0)
(0.000912291 -0.0501877 0)
(0.000338077 -0.0494755 0)
(-4.20778e-05 -0.0482229 0)
(-4.39561e-05 -0.0488367 0)
(0.00219836 -0.0501389 0)
(0.000164129 -0.0504129 0)
(0.000561707 -0.0502504 0)
(0.000386842 -0.0497206 0)
(-0.00107382 -0.0487442 0)
(0.000974218 -0.0495461 0)
(0.000283576 -0.0493875 0)
(-0.00158444 -0.0498634 0)
(-0.000437091 -0.0487472 0)
(-9.54115e-06 -0.0472965 0)
(-0.00108106 -0.0488623 0)
(0.00180119 -0.0514851 0)
(-1.68034e-05 -0.0540698 0)
(0.000141017 -0.0539252 0)
(0.000370379 -0.0542024 0)
(-0.000717861 -0.053981 0)
(0.000620291 -0.0556622 0)
(0.00075892 -0.0543745 0)
(-0.00198064 -0.0525059 0)
(0.000546374 -0.0559199 0)
(0.000824802 -0.0570289 0)
(0.000270375 -0.0563217 0)
(-0.00132491 -0.0556476 0)
(-0.0014818 -0.0545076 0)
(-0.0013079 -0.0547199 0)
(-0.00136925 -0.0547232 0)
(-0.00152273 -0.0531943 0)
(0.00213749 -0.0529925 0)
(-0.000677723 -0.0498689 0)
(-0.000357144 -0.0494952 0)
(-0.000380492 -0.0489912 0)
(7.16252e-05 -0.0493344 0)
(-0.000147462 -0.0491403 0)
(4.1335e-05 -0.0492521 0)
(-0.000203658 -0.0490108 0)
(-5.92799e-05 -0.049984 0)
(0.000129936 -0.0506016 0)
(0.000248933 -0.0490897 0)
(0.000257463 -0.0491023 0)
(-0.000845349 -0.0494784 0)
(-0.000741355 -0.0504491 0)
(-0.000339855 -0.0508507 0)
(0.000323112 -0.0513647 0)
(0.00109198 -0.0513236 0)
(-0.0011771 -0.0527254 0)
(-0.00126992 -0.051476 0)
(-0.00147805 -0.0509303 0)
(-0.000866334 -0.0529304 0)
(0.000485347 -0.0537645 0)
(0.000444395 -0.0509821 0)
(5.18262e-05 -0.0517702 0)
(8.5065e-06 -0.0517814 0)
(-0.00038396 -0.0517039 0)
(-0.000118842 -0.051829 0)
(0.000226982 -0.0521171 0)
(0.000671495 -0.0509412 0)
(-0.000340983 -0.0507659 0)
(-0.000420879 -0.0504992 0)
(-0.000519027 -0.0507738 0)
(-0.000172134 -0.0520612 0)
(-0.000196371 -0.0516496 0)
(-1.1675e-05 -0.0495111 0)
(0.000259721 -0.0526182 0)
(0.000279769 -0.0524221 0)
(0.000811797 -0.0521316 0)
(0.000397784 -0.05269 0)
(-0.00035366 -0.0505865 0)
(-0.000358889 -0.0498243 0)
(-0.000134018 -0.053512 0)
(0.000168986 -0.0542508 0)
(0.000553927 -0.0556228 0)
(-0.000411786 -0.0552557 0)
(-0.000558297 -0.0556907 0)
(0.00305215 -0.0520549 0)
(0.000146361 -0.053797 0)
(0.000517602 -0.0530465 0)
(0.000576579 -0.0519995 0)
(0.000358079 -0.0523451 0)
(-3.97419e-06 -0.0518263 0)
(-5.01948e-05 -0.0525363 0)
(-0.00114827 -0.0528311 0)
(-0.00200029 -0.0501321 0)
(-5.23568e-05 -0.0511272 0)
(-4.26926e-05 -0.0507762 0)
(-5.13731e-05 -0.0506111 0)
(0.000143173 -0.0493437 0)
(-0.000605658 -0.0488353 0)
(-0.000922124 -0.0476961 0)
(0.000192134 -0.0466523 0)
(0.00092226 -0.0483981 0)
(0.000760163 -0.0492419 0)
(0.0003338 -0.0514732 0)
(0.000686941 -0.0479671 0)
(0.000420355 -0.0522062 0)
(0.000159465 -0.0544775 0)
(0.000107 -0.0549473 0)
(-0.00024198 -0.0550075 0)
(0.000119098 -0.0559411 0)
(0.000224528 -0.0537528 0)
(0.000776971 -0.0525573 0)
(0.00180916 -0.0530152 0)
(0.0013269 -0.0502806 0)
(-7.16458e-05 -0.0514311 0)
(0.000448667 -0.0521096 0)
(0.00144252 -0.0526251 0)
(0.000253025 -0.0539101 0)
(-0.000353816 -0.0515176 0)
(0.000577393 -0.0510449 0)
(-0.000393948 -0.0521361 0)
(-0.000499107 -0.0529399 0)
(3.089e-05 -0.0535273 0)
(1.54131e-05 -0.0538765 0)
(0.000591304 -0.0534698 0)
(-3.11514e-05 -0.052146 0)
(-0.00030956 -0.0523371 0)
(0.000177775 -0.0528048 0)
(0.00285231 -0.0495833 0)
(-3.72113e-05 -0.0510355 0)
(-0.000343959 -0.0515082 0)
(-0.000541541 -0.0517477 0)
(0.00112489 -0.0515137 0)
(0.00116106 -0.0521963 0)
(-0.000436963 -0.0524934 0)
(-2.89496e-05 -0.0523636 0)
(-0.00108101 -0.0507018 0)
(-0.000528804 -0.0535093 0)
(-0.00046012 -0.0528972 0)
(0.00119935 -0.0553056 0)
(-0.00118671 -0.0532037 0)
(0.000972212 -0.0510614 0)
(-0.000106573 -0.0517194 0)
(-1.33293e-05 -0.0500171 0)
(-0.000280431 -0.049897 0)
(-3.11458e-05 -0.0508113 0)
(0.000327516 -0.0495437 0)
(0.00022298 -0.0499465 0)
(-0.000403362 -0.0510714 0)
(-0.00128439 -0.0512969 0)
(-0.00165899 -0.0510239 0)
(2.06951e-05 -0.0532615 0)
(-0.000475814 -0.0528073 0)
(-0.00041029 -0.0535108 0)
(-0.00042204 -0.0518099 0)
(-0.000491783 -0.0513178 0)
(-0.000891276 -0.050928 0)
(-0.000297962 -0.049293 0)
(-0.000442949 -0.0488947 0)
(0.000138615 -0.0516272 0)
(-0.000739958 -0.0566 0)
(0.000263492 -0.0489766 0)
(0.00137447 -0.0551272 0)
(0.000789888 -0.0561342 0)
(0.000899228 -0.0569496 0)
(0.000244828 -0.0580747 0)
(-0.000781087 -0.0582553 0)
(-0.000128409 -0.0592532 0)
(-5.63639e-05 -0.0579697 0)
(-0.000403855 -0.0572256 0)
(0.000473782 -0.0559224 0)
(-0.00103525 -0.0530349 0)
(0.000403146 -0.0520509 0)
(0.000385744 -0.0524675 0)
(0.000229477 -0.0527348 0)
(-9.59764e-05 -0.0520458 0)
(0.0010477 -0.0537282 0)
(0.00134435 -0.0522361 0)
(-0.000107409 -0.0542759 0)
(-0.000759647 -0.0559296 0)
(-4.60966e-05 -0.0567017 0)
(-0.000174147 -0.0552779 0)
(-9.46246e-05 -0.0552531 0)
(0.000198803 -0.054766 0)
(0.000519184 -0.0534208 0)
(0.000247092 -0.0532152 0)
(-0.000102977 -0.0529259 0)
(-0.000186667 -0.0515334 0)
(-0.000316986 -0.0498465 0)
(0.000189703 -0.051402 0)
(0.000401538 -0.0490832 0)
(0.000831335 -0.0516921 0)
(-0.00271327 -0.0551673 0)
(-0.00161308 -0.0549268 0)
(0.0002485 -0.0498581 0)
(0.000230754 -0.0533074 0)
(0.00156319 -0.0480763 0)
(0.000717435 -0.0551748 0)
(0.000381812 -0.0502721 0)
(0.000183549 -0.0480601 0)
(0.0025257 -0.0490681 0)
(0.00201419 -0.0492145 0)
(5.81403e-05 -0.050448 0)
(-0.000252565 -0.0501566 0)
(-0.000230844 -0.05075 0)
(-0.00111926 -0.0524653 0)
(-0.000798495 -0.0529311 0)
(0.00136769 -0.0515595 0)
(-0.000771283 -0.0529308 0)
(-4.64312e-05 -0.0545954 0)
(0.000408318 -0.0543085 0)
(0.00128409 -0.0542554 0)
(-0.000240999 -0.0552732 0)
(-0.000320418 -0.0554574 0)
(-0.0006669 -0.0544012 0)
(0.00109222 -0.0520607 0)
(-0.000584698 -0.0526763 0)
(-0.00026039 -0.0545818 0)
(0.0012964 -0.055955 0)
(-1.19665e-06 -0.054593 0)
(0.00145734 -0.0551038 0)
(0.00178033 -0.0592938 0)
(-0.000409799 -0.0590519 0)
(-0.000256802 -0.0593788 0)
(0.00111686 -0.0608815 0)
(0.000195109 -0.0606786 0)
(0.000116784 -0.0582672 0)
(-3.40452e-05 -0.0568953 0)
(-0.00169769 -0.0549619 0)
(-0.000891105 -0.0546434 0)
(-0.00145464 -0.0538193 0)
(-0.000406004 -0.0523584 0)
(-0.000290376 -0.0519503 0)
(-3.56658e-05 -0.052686 0)
(-0.000151888 -0.0539446 0)
(-0.000134778 -0.0555386 0)
(-0.000742116 -0.0561142 0)
(-0.00245013 -0.0542893 0)
(0.00168752 -0.0576141 0)
(0.000518055 -0.0565954 0)
(-0.000181896 -0.0565686 0)
(0.000584802 -0.0557218 0)
(2.55552e-05 -0.0540925 0)
(-0.00102242 -0.0526721 0)
(-0.000827148 -0.0519919 0)
(-0.00121617 -0.0509331 0)
(-0.000808376 -0.0505458 0)
(-0.000542744 -0.0508931 0)
(0.00185018 -0.0515669 0)
(-0.000136018 -0.0536838 0)
(-0.000526167 -0.0551021 0)
(-0.00060537 -0.0524118 0)
(-0.0026914 -0.0505816 0)
(-0.00131619 -0.0513671 0)
(0.00306961 -0.0506491 0)
(0.00138009 -0.051189 0)
(0.000989066 -0.0514184 0)
(-0.000374928 -0.0494377 0)
(-0.00055555 -0.0462694 0)
(-0.000936531 -0.049078 0)
(2.48892e-05 -0.0510181 0)
(-0.000142606 -0.0488212 0)
(-0.000829073 -0.0487967 0)
(-0.00155438 -0.0503948 0)
(-0.000970747 -0.0521367 0)
(-0.000340017 -0.0537825 0)
(0.000357818 -0.0532418 0)
(0.00026392 -0.0525694 0)
(-0.000948273 -0.0529895 0)
(-0.000133331 -0.0549242 0)
(-0.000131346 -0.0550525 0)
(0.000711149 -0.0556834 0)
(-0.000479134 -0.0579923 0)
(-0.000540832 -0.0591751 0)
(-0.000573315 -0.0595559 0)
(-0.000447156 -0.0607801 0)
(0.00305753 -0.0620472 0)
(0.000225544 -0.0572254 0)
(0.00170028 -0.0579463 0)
(0.00131796 -0.0559673 0)
(0.000398235 -0.0569605 0)
(-0.000273034 -0.0594112 0)
(1.35736e-05 -0.0601633 0)
(0.0001756 -0.0574684 0)
(0.000400039 -0.0569873 0)
(-0.00035888 -0.0559547 0)
(-5.61898e-05 -0.0569989 0)
(0.00049132 -0.0518565 0)
(-0.00127796 -0.0527503 0)
(0.00038052 -0.0526083 0)
(-0.000346374 -0.0547347 0)
(-0.00193305 -0.0517552 0)
(-0.00023034 -0.0520561 0)
(0.00051779 -0.0541632 0)
(0.000243492 -0.0547828 0)
(-0.000112779 -0.0570982 0)
(0.00166164 -0.0550935 0)
(0.00277582 -0.0541136 0)
(-0.000283506 -0.0551659 0)
(0.000197577 -0.0535643 0)
(-0.00172275 -0.0535919 0)
(0.000163723 -0.0520107 0)
(-0.00235798 -0.0513522 0)
(-6.55371e-06 -0.0504193 0)
(0.000888072 -0.0500244 0)
(0.00197401 -0.0524287 0)
(0.00104232 -0.0512017 0)
(3.08545e-05 -0.0519405 0)
(-0.000355508 -0.051365 0)
(-0.000338167 -0.051436 0)
(-0.000166357 -0.0525853 0)
(0.00157768 -0.0522565 0)
(0.00106617 -0.0550633 0)
(0.000775353 -0.0502003 0)
(0.00120879 -0.0502363 0)
(3.62717e-05 -0.0518078 0)
(2.37205e-05 -0.0510092 0)
(-0.000579996 -0.050309 0)
(0.000218844 -0.0499751 0)
(0.000244559 -0.0515677 0)
(-7.51271e-05 -0.0500874 0)
(0.000291087 -0.0496684 0)
(-0.000778485 -0.050722 0)
(-0.000587106 -0.0509105 0)
(0.000918821 -0.0497976 0)
(-0.000903551 -0.048475 0)
(0.000997125 -0.0493203 0)
(0.000254607 -0.0501085 0)
(-0.000973994 -0.0517619 0)
(-0.000836162 -0.0549747 0)
(-0.00137066 -0.0570567 0)
(-0.00113394 -0.0580123 0)
(-0.000732811 -0.0587636 0)
(-0.00133217 -0.0615714 0)
(0.00178829 -0.0591733 0)
(0.000589591 -0.0580281 0)
(0.000600372 -0.056757 0)
(0.000617819 -0.0573836 0)
(-0.000325951 -0.0573926 0)
(0.0016934 -0.0532519 0)
(0.00222021 -0.0543531 0)
(0.00145364 -0.0559939 0)
(0.00143625 -0.0545182 0)
(-0.00140948 -0.0545721 0)
(-0.000631721 -0.0558338 0)
(0.00115671 -0.053304 0)
(0.000685715 -0.0535941 0)
(0.00163099 -0.052997 0)
(0.000326212 -0.0528193 0)
(9.17232e-05 -0.0527384 0)
(0.000123166 -0.0517903 0)
(-0.000188359 -0.0508976 0)
(7.06837e-05 -0.052024 0)
(0.000204223 -0.0528799 0)
(-6.20699e-05 -0.0527725 0)
(-0.000240464 -0.0486315 0)
(-0.00115812 -0.0527226 0)
(-0.00162466 -0.0534197 0)
(-0.00129845 -0.0524723 0)
(-0.00144379 -0.0506458 0)
(-0.0014878 -0.0519099 0)
(0.000220607 -0.0483234 0)
(0.000256207 -0.0488037 0)
(0.00218804 -0.0487339 0)
(0.0013696 -0.0481276 0)
(0.000705908 -0.0484803 0)
(3.68686e-05 -0.0477809 0)
(-7.70362e-05 -0.0531269 0)
(-0.00119237 -0.05303 0)
(0.000768872 -0.0520917 0)
(-0.000254362 -0.0507177 0)
(0.00300109 -0.0498418 0)
(0.00247726 -0.0539948 0)
(0.000524742 -0.0538381 0)
(-0.000252469 -0.0533946 0)
(-0.00129979 -0.0534923 0)
(-0.000277886 -0.0513417 0)
(1.62676e-05 -0.049716 0)
(0.00121369 -0.0515857 0)
(0.000872657 -0.0482718 0)
(0.000802679 -0.0456954 0)
(0.000518453 -0.0452899 0)
(-0.000787371 -0.0462299 0)
(0.00074653 -0.0445429 0)
(0.000735885 -0.0462274 0)
(0.000464329 -0.0472013 0)
(-0.00217699 -0.0510815 0)
(-0.00102429 -0.0522261 0)
(-2.70964e-05 -0.0538357 0)
(0.00099543 -0.0581598 0)
(-0.000485059 -0.057435 0)
(-4.57382e-05 -0.0572346 0)
(-0.00104689 -0.0535677 0)
(-0.000310815 -0.0548143 0)
(-0.00118878 -0.054932 0)
(-0.00112708 -0.0505781 0)
(-0.000345807 -0.0512592 0)
(0.000287621 -0.0535984 0)
(4.90414e-05 -0.0528653 0)
(-0.000871576 -0.0540196 0)
(-0.00262808 -0.0541496 0)
(-0.000493149 -0.0537369 0)
(0.000715044 -0.0544595 0)
(0.000342491 -0.0538463 0)
(0.000467409 -0.0533798 0)
(-0.000236237 -0.0509724 0)
(-2.55398e-05 -0.0522468 0)
(0.000150268 -0.0511846 0)
(-0.000237966 -0.0504341 0)
(-0.000291956 -0.051194 0)
(0.000145851 -0.0514479 0)
(5.66486e-05 -0.0507759 0)
(0.000126152 -0.0492925 0)
(-0.00216272 -0.0518686 0)
(-0.00307755 -0.0516696 0)
(-0.00125164 -0.0501419 0)
(-0.000776381 -0.051546 0)
(-0.000700378 -0.0518689 0)
(0.00165064 -0.0491879 0)
(0.000290587 -0.050384 0)
(0.00122224 -0.050401 0)
(-0.000253098 -0.0535908 0)
(0.000349832 -0.0505306 0)
(0.00022942 -0.0487248 0)
(1.52327e-05 -0.0539921 0)
(0.000166807 -0.0546279 0)
(7.74904e-05 -0.0547277 0)
(0.00227319 -0.0536055 0)
(0.00112025 -0.0504105 0)
(0.00093678 -0.0526566 0)
(-0.000775384 -0.0523401 0)
(0.000602503 -0.0526227 0)
(-0.00111657 -0.0536944 0)
(-0.00104926 -0.0535726 0)
(-0.000450136 -0.051927 0)
(0.00093339 -0.0535755 0)
(0.000287427 -0.0525673 0)
(2.40136e-05 -0.0506298 0)
(0.000336955 -0.0506338 0)
(-0.000847582 -0.05011 0)
(0.00221677 -0.0491534 0)
(0.00389985 -0.0449181 0)
(0.00112268 -0.0472347 0)
(0.00260835 -0.0502266 0)
(0.00106559 -0.0527322 0)
(0.0019985 -0.0492873 0)
(0.000641835 -0.0530124 0)
(-0.000204423 -0.053069 0)
(-0.000127673 -0.0520765 0)
(0.000206288 -0.0509797 0)
(-4.24727e-05 -0.0495042 0)
(0.000201813 -0.0479192 0)
(0.00168162 -0.0463987 0)
(-0.000567562 -0.0488477 0)
(0.000370159 -0.048992 0)
(0.000447123 -0.0498735 0)
(0.000306276 -0.051021 0)
(-0.0014206 -0.0539061 0)
(0.000992211 -0.0530551 0)
(0.00114135 -0.0533974 0)
(0.000628983 -0.0526741 0)
(0.000289553 -0.0524543 0)
(-0.000456496 -0.0530586 0)
(-0.000833974 -0.0508806 0)
(-0.000307255 -0.0507167 0)
(-0.00025699 -0.0502885 0)
(-0.00025315 -0.0509167 0)
(0.000563359 -0.0514006 0)
(0.000704669 -0.0495087 0)
(0.000892639 -0.050032 0)
(-0.000112566 -0.0519181 0)
(-0.0012702 -0.0523986 0)
(-0.00143838 -0.0500835 0)
(-0.000931215 -0.0519033 0)
(-0.000308422 -0.0488817 0)
(-0.000397531 -0.051269 0)
(-1.10543e-05 -0.0499307 0)
(-0.000202867 -0.0511906 0)
(0.000555754 -0.0510592 0)
(4.49218e-05 -0.0505667 0)
(0.00016776 -0.0533978 0)
(-0.000212538 -0.0534423 0)
(2.86965e-06 -0.0538686 0)
(0.000115935 -0.054004 0)
(0.000461045 -0.0544243 0)
(0.00142566 -0.0530906 0)
(0.000788737 -0.0516404 0)
(0.00112918 -0.0525403 0)
(0.000961044 -0.0545341 0)
(-0.000585845 -0.0538579 0)
(-0.00107675 -0.0537761 0)
(-0.00112902 -0.0548306 0)
(-0.000406174 -0.0536711 0)
(0.00023658 -0.0518251 0)
(0.000626817 -0.0525639 0)
(-0.000878699 -0.0530452 0)
(0.000583381 -0.053419 0)
(0.00124092 -0.050743 0)
(0.00372179 -0.0503941 0)
(0.00169823 -0.0495016 0)
(0.00287493 -0.0506393 0)
(0.00197392 -0.0482175 0)
(0.000951431 -0.0486438 0)
(0.000444535 -0.048663 0)
(0.000108598 -0.0489499 0)
(-0.00102437 -0.04822 0)
(-0.000938204 -0.0461952 0)
(-0.00131681 -0.0456606 0)
(-0.000206747 -0.047012 0)
(-0.000675196 -0.0464413 0)
(0.00179319 -0.0463892 0)
(0.000957278 -0.0479343 0)
(0.000133601 -0.0487892 0)
(-0.000865061 -0.0494698 0)
(0.000872038 -0.0508118 0)
(8.29062e-05 -0.0509609 0)
(0.000876101 -0.0516541 0)
(0.000675525 -0.0521167 0)
(6.10946e-06 -0.052314 0)
(-0.000294264 -0.0529251 0)
(-0.000766126 -0.0516869 0)
(-0.000326412 -0.0513954 0)
(-0.000140578 -0.0515958 0)
(0.000856342 -0.052703 0)
(0.00168327 -0.0521886 0)
(7.86735e-05 -0.0509179 0)
(0.00168808 -0.0510863 0)
(0.000602433 -0.0503751 0)
(-0.000700927 -0.0488216 0)
(-0.00114365 -0.0484704 0)
(-0.000438427 -0.0489114 0)
(-0.0002514 -0.0495088 0)
(0.000271681 -0.0496486 0)
(-0.00124458 -0.0491648 0)
(0.000408325 -0.052243 0)
(0.000394449 -0.0500431 0)
(0.000796885 -0.0496327 0)
(-3.56659e-05 -0.0511408 0)
(-0.000307303 -0.0551064 0)
(-0.000335854 -0.0551022 0)
(-0.000109404 -0.054254 0)
(0.0006651 -0.0544073 0)
(0.000662358 -0.0511488 0)
(0.000959739 -0.0511973 0)
(0.000940021 -0.0527122 0)
(0.00114811 -0.0532219 0)
(0.000557073 -0.0527251 0)
(-0.00114887 -0.0532275 0)
(-0.000678585 -0.0540105 0)
(0.000532346 -0.050721 0)
(-0.000123169 -0.0500466 0)
(0.0010705 -0.0504739 0)
(0.00290223 -0.0526267 0)
(0.00209827 -0.0545019 0)
(0.000709777 -0.0535756 0)
(0.000807934 -0.0530703 0)
(0.000635361 -0.052078 0)
(0.00346895 -0.0505461 0)
(0.000268291 -0.0489115 0)
(0.000325831 -0.0480064 0)
(0.000221095 -0.046595 0)
(-0.000158798 -0.046089 0)
(0.00112793 -0.0470631 0)
(-0.00215611 -0.0490951 0)
(0.000493792 -0.0494945 0)
(-0.000121641 -0.0463439 0)
(-0.000380093 -0.0463228 0)
(0.000288337 -0.0470323 0)
(0.000198238 -0.0473656 0)
(-0.000617281 -0.047419 0)
(0.000109639 -0.0494604 0)
(0.0017128 -0.0487361 0)
(0.000744419 -0.0475329 0)
(0.000531704 -0.0482899 0)
(0.000972533 -0.0494928 0)
(-0.000550758 -0.0498277 0)
(-0.00102949 -0.0523961 0)
(-0.00059001 -0.051286 0)
(9.36711e-05 -0.053877 0)
(0.000903229 -0.052004 0)
(0.0013184 -0.0508086 0)
(0.000151452 -0.0510481 0)
(-0.000153691 -0.0509638 0)
(2.14311e-05 -0.0503523 0)
(-0.000469857 -0.0487888 0)
(-0.000381384 -0.0500586 0)
(-0.000127693 -0.0496928 0)
(-0.000702531 -0.0488626 0)
(0.000655897 -0.04974 0)
(0.00145167 -0.05147 0)
(0.000256295 -0.0539889 0)
(0.000468315 -0.0499984 0)
(-0.000276325 -0.0543936 0)
(0.000170563 -0.0530807 0)
(0.000901709 -0.0555508 0)
(-0.000739662 -0.0554474 0)
(0.000370559 -0.0561849 0)
(0.00076155 -0.0539599 0)
(0.000457122 -0.0531015 0)
(1.22175e-05 -0.0522578 0)
(0.000691157 -0.0515664 0)
(0.000770321 -0.0516307 0)
(-0.000964781 -0.0510256 0)
(-0.000953162 -0.0519446 0)
(0.00011545 -0.0509415 0)
(0.00018284 -0.0524813 0)
(-9.76595e-05 -0.0530625 0)
(0.000710533 -0.0496798 0)
(3.20919e-05 -0.0499067 0)
(0.00376673 -0.0516486 0)
(0.0015886 -0.0551275 0)
(0.000382221 -0.053911 0)
(-5.06464e-05 -0.0523534 0)
(0.000238921 -0.0513795 0)
(-0.00188334 -0.0481175 0)
(0.00353893 -0.0479133 0)
(-8.56928e-05 -0.0469494 0)
(-0.000681287 -0.0478299 0)
(0.000326687 -0.0511404 0)
(-0.000192045 -0.0494921 0)
(-0.00160911 -0.0526146 0)
(-0.00326533 -0.0491357 0)
(-0.000473309 -0.0501852 0)
(-1.77536e-07 -0.0476654 0)
(0.00049962 -0.0498599 0)
(0.000913007 -0.0468743 0)
(0.000466552 -0.045935 0)
(-0.000754613 -0.0458359 0)
(-0.000350425 -0.0452893 0)
(0.00139792 -0.0457068 0)
(0.000665581 -0.0464444 0)
(0.000685907 -0.0487707 0)
(7.22671e-05 -0.0496265 0)
(-0.00075424 -0.0505481 0)
(0.00074073 -0.0530407 0)
(0.000404708 -0.0509156 0)
(0.000635079 -0.0530953 0)
(0.0018226 -0.0513342 0)
(0.000509739 -0.0504451 0)
(-0.000630013 -0.0481096 0)
(0.000166091 -0.0471334 0)
(-0.000923977 -0.0486757 0)
(0.000894023 -0.046767 0)
(-0.00110511 -0.0483097 0)
(0.000682078 -0.0506795 0)
(0.000460514 -0.0525116 0)
(-0.000702163 -0.0529356 0)
(-0.000945058 -0.0511705 0)
(0.00152777 -0.0531211 0)
(-0.000135417 -0.0542173 0)
(-0.00103417 -0.0554683 0)
(0.000190988 -0.0559163 0)
(0.00377353 -0.055157 0)
(0.00045095 -0.0551729 0)
(0.000566302 -0.053999 0)
(-0.000255219 -0.0533514 0)
(-0.000262791 -0.0539042 0)
(-0.000141763 -0.0525264 0)
(0.000882598 -0.0520105 0)
(-4.8322e-05 -0.0514721 0)
(-0.000796016 -0.0502491 0)
(0.000672071 -0.050382 0)
(-0.00040766 -0.0513417 0)
(0.000634861 -0.0538533 0)
(-0.000837669 -0.0529296 0)
(0.000820954 -0.0546721 0)
(-0.000208357 -0.0533529 0)
(-8.56817e-05 -0.0541348 0)
(7.48362e-05 -0.0541538 0)
(0.000211904 -0.0545236 0)
(-0.000109626 -0.0541067 0)
(-0.000266073 -0.0501819 0)
(-0.0012374 -0.0488443 0)
(-0.00220977 -0.0518846 0)
(0.00020423 -0.0500547 0)
(-0.00148056 -0.0487094 0)
(-5.92295e-05 -0.0491341 0)
(-0.000597214 -0.051075 0)
(-0.00236726 -0.0510763 0)
(-0.000265538 -0.0511861 0)
(-0.000881937 -0.0505964 0)
(-0.000592803 -0.0497045 0)
(0.00266625 -0.0490517 0)
(0.000578424 -0.0466331 0)
(-0.000248584 -0.0470428 0)
(-0.00066733 -0.0470296 0)
(-0.000348762 -0.0452934 0)
(0.000456419 -0.0462101 0)
(0.00133421 -0.049507 0)
(-0.00020091 -0.0472154 0)
(-0.000240746 -0.0509256 0)
(-0.00059935 -0.0513388 0)
(0.00139415 -0.0522921 0)
(0.000778322 -0.0513564 0)
(0.000767518 -0.0500889 0)
(0.0012926 -0.0493813 0)
(-0.000232831 -0.0474091 0)
(7.33114e-05 -0.047525 0)
(-0.000797849 -0.0458945 0)
(-0.000568895 -0.0461739 0)
(0.000156008 -0.0468905 0)
(-0.000250751 -0.0501846 0)
(0.000934392 -0.0498409 0)
(-5.11125e-05 -0.0507424 0)
(0.00130403 -0.0532341 0)
(0.00035032 -0.0536259 0)
(0.000290362 -0.0531667 0)
(-4.81216e-05 -0.0524467 0)
(0.000134757 -0.0563079 0)
(-0.000452679 -0.0540948 0)
(0.000982935 -0.0527789 0)
(-0.00240999 -0.0509282 0)
(-0.00109798 -0.0500539 0)
(-0.000223578 -0.0495601 0)
(-0.000722581 -0.04911 0)
(-0.000120269 -0.0502481 0)
(-0.000547391 -0.050509 0)
(-0.000485306 -0.0495 0)
(0.000517128 -0.0499963 0)
(0.000333265 -0.0514917 0)
(-0.000928549 -0.053432 0)
(-0.00133624 -0.0540115 0)
(-0.00127857 -0.0520045 0)
(-0.000424108 -0.0527391 0)
(0.00112888 -0.0551417 0)
(0.000364917 -0.0568143 0)
(0.000492674 -0.0567108 0)
(0.000778683 -0.0571255 0)
(0.000362588 -0.057137 0)
(0.000352251 -0.0559105 0)
(-0.000549442 -0.0561204 0)
(-0.000696376 -0.0521303 0)
(-0.0002854 -0.0509694 0)
(-0.000239171 -0.051094 0)
(0.000361304 -0.0507799 0)
(0.000115836 -0.0512051 0)
(-5.58545e-05 -0.0512242 0)
(-0.000443825 -0.0538404 0)
(-0.000731169 -0.0523354 0)
(-0.000135625 -0.0533503 0)
(0.000101644 -0.0522963 0)
(-0.000163946 -0.0519335 0)
(-0.000344572 -0.0514688 0)
(2.26002e-05 -0.0492213 0)
(-0.000288537 -0.0499462 0)
(-0.000873608 -0.0476373 0)
(-0.000264184 -0.0474468 0)
(-0.000635689 -0.0466402 0)
(0.000198434 -0.0500418 0)
(0.00284983 -0.0490374 0)
(0.000932681 -0.0503758 0)
(0.00131329 -0.0501904 0)
(0.000927368 -0.0494587 0)
(0.000669385 -0.0482788 0)
(-0.000656476 -0.0480018 0)
(-0.00145565 -0.0491854 0)
(-0.0017801 -0.0489128 0)
(0.000440804 -0.0476497 0)
(-0.000811765 -0.0490861 0)
(-0.000316472 -0.0511985 0)
(-4.98086e-05 -0.052392 0)
(0.00107681 -0.0507507 0)
(-4.04527e-05 -0.0494712 0)
(9.57569e-05 -0.0510836 0)
(-0.000123219 -0.0511234 0)
(8.38353e-05 -0.0520543 0)
(0.00040177 -0.0528391 0)
(-0.00120166 -0.0527302 0)
(0.000170672 -0.0492911 0)
(-0.000483432 -0.0479161 0)
(-0.000146633 -0.0494209 0)
(-1.27685e-05 -0.0491438 0)
(2.50381e-05 -0.047872 0)
(-0.000339544 -0.0486699 0)
(0.00100371 -0.0492981 0)
(0.000663867 -0.0488356 0)
(0.000828828 -0.0480238 0)
(-0.000572755 -0.0515258 0)
(-0.00115374 -0.0556545 0)
(-0.000955329 -0.0525858 0)
(-0.000570326 -0.0526573 0)
(-0.000308199 -0.0535549 0)
(-3.38668e-06 -0.055435 0)
(0.000559103 -0.0542008 0)
(0.00093505 -0.0562087 0)
(0.000913984 -0.0571163 0)
(0.00123632 -0.0592485 0)
(0.00133569 -0.0578825 0)
(-0.00116459 -0.056014 0)
(0.000125841 -0.0557095 0)
(-0.000773041 -0.0536896 0)
(-0.000591932 -0.05495 0)
(-9.97559e-05 -0.0534214 0)
(0.000245326 -0.0521149 0)
(0.000793326 -0.0504618 0)
(0.000486134 -0.0505229 0)
(0.00157846 -0.0507718 0)
(0.000360998 -0.0524659 0)
(0.00021535 -0.0537774 0)
(0.000113877 -0.0543263 0)
(-0.000331934 -0.0540595 0)
(5.53507e-05 -0.0518575 0)
(-0.00107264 -0.0502187 0)
(-0.00230211 -0.0507004 0)
(-0.00142279 -0.0501019 0)
(-0.000717426 -0.047107 0)
(0.000199263 -0.0489147 0)
(0.00252394 -0.0500424 0)
(0.000426317 -0.0481464 0)
(-0.000446348 -0.0491764 0)
(0.000903284 -0.0495949 0)
(0.000709647 -0.0502547 0)
(0.000523367 -0.0499762 0)
(-5.6878e-06 -0.0499645 0)
(-0.00115088 -0.0509614 0)
(-0.000434964 -0.0507101 0)
(0.000267744 -0.0497159 0)
(-0.0011935 -0.0536608 0)
(-0.00076574 -0.0556384 0)
(-0.00054588 -0.055677 0)
(0.00026022 -0.0551839 0)
(5.95778e-05 -0.0536801 0)
(-0.00012359 -0.0529543 0)
(0.000177771 -0.0515196 0)
(-6.44557e-05 -0.0521685 0)
(-2.12157e-05 -0.0530367 0)
(0.00091907 -0.0445055 0)
(0.000890134 -0.0458306 0)
(-0.000282518 -0.0445021 0)
(0.000100069 -0.0460134 0)
(5.28681e-05 -0.0468528 0)
(-3.93438e-05 -0.0465315 0)
(-8.25157e-05 -0.0461797 0)
(-0.00160634 -0.0469666 0)
(-0.000342849 -0.0485524 0)
(0.00137004 -0.0468175 0)
(0.00135897 -0.0487223 0)
(-0.00106796 -0.0507764 0)
(0.000285341 -0.0530393 0)
(-8.76949e-05 -0.0528516 0)
(-0.000156545 -0.0521547 0)
(0.00021174 -0.0540721 0)
(0.000497614 -0.0554923 0)
(0.000185381 -0.0561698 0)
(-4.7495e-05 -0.0568632 0)
(0.000727721 -0.057027 0)
(0.00210256 -0.0582052 0)
(0.00223346 -0.0592902 0)
(-0.00147001 -0.0567867 0)
(-0.000437293 -0.0567959 0)
(-0.00111657 -0.0566385 0)
(0.00075191 -0.0548748 0)
(-0.0019196 -0.0538944 0)
(-0.00046853 -0.0540245 0)
(0.000467266 -0.0534709 0)
(0.000180606 -0.0526546 0)
(-0.000143239 -0.0519343 0)
(-0.000636876 -0.054879 0)
(0.000851239 -0.0532352 0)
(0.00266865 -0.0532315 0)
(-0.00144802 -0.053169 0)
(-0.000458691 -0.0528677 0)
(-0.000597582 -0.0528553 0)
(-0.000630023 -0.0517924 0)
(-0.000366458 -0.0517075 0)
(0.000212882 -0.0525414 0)
(-0.000972958 -0.0496622 0)
(-0.000274077 -0.0518327 0)
(0.000314429 -0.0517161 0)
(0.00128057 -0.0495366 0)
(0.000966824 -0.0487603 0)
(0.000509178 -0.0497931 0)
(2.96109e-05 -0.0516565 0)
(5.27522e-05 -0.0515099 0)
(0.000382474 -0.052294 0)
(-0.000588581 -0.0540585 0)
(-0.00038571 -0.0546897 0)
(-0.000169267 -0.0554339 0)
(-0.000461949 -0.0552892 0)
(0.000568608 -0.0555505 0)
(0.000656035 -0.0539056 0)
(-0.00134767 -0.0551107 0)
(-0.000460396 -0.0527676 0)
(-0.000429253 -0.0513195 0)
(-0.000479551 -0.0530955 0)
(-0.000929768 -0.0528023 0)
(0.000146767 -0.0448725 0)
(0.000752922 -0.0457095 0)
(0.00114557 -0.0451701 0)
(0.00138657 -0.0458683 0)
(4.74482e-05 -0.0471599 0)
(-0.000577813 -0.0481584 0)
(-0.00142343 -0.0489879 0)
(-0.000740845 -0.0493783 0)
(9.34087e-05 -0.0500104 0)
(0.000790527 -0.0503387 0)
(-0.000119586 -0.0502475 0)
(-0.00058961 -0.0512657 0)
(-0.00152938 -0.0546935 0)
(-0.00116649 -0.0532604 0)
(-0.000232944 -0.0522575 0)
(-0.00020976 -0.0534022 0)
(6.61163e-05 -0.054764 0)
(8.68508e-05 -0.0561151 0)
(0.000378856 -0.0572631 0)
(0.00117121 -0.0570201 0)
(0.000180886 -0.0578106 0)
(0.000306388 -0.0587446 0)
(-0.000645171 -0.0558135 0)
(-0.000562998 -0.0561327 0)
(0.00366367 -0.0541243 0)
(-0.00162364 -0.0551238 0)
(-0.000395428 -0.0544538 0)
(-0.000268251 -0.0545123 0)
(-0.000257773 -0.0534814 0)
(-0.000367867 -0.0522231 0)
(-0.00115781 -0.0523587 0)
(0.0021346 -0.0529229 0)
(-3.98202e-05 -0.05308 0)
(-0.000327397 -0.0519556 0)
(-0.000115727 -0.0533771 0)
(0.000109166 -0.0546684 0)
(0.000417123 -0.0562778 0)
(-5.82375e-05 -0.0556351 0)
(0.000559055 -0.053837 0)
(-0.000168182 -0.0512366 0)
(-0.000611786 -0.0527805 0)
(0.000575183 -0.0507563 0)
(0.00117197 -0.0499707 0)
(-0.000239296 -0.0499061 0)
(-0.000443363 -0.0512336 0)
(0.000160356 -0.0511178 0)
(0.000147633 -0.0521705 0)
(-6.36642e-06 -0.0538172 0)
(-0.000171983 -0.0543822 0)
(-0.00054536 -0.0549625 0)
(0.000413932 -0.0548905 0)
(0.000344892 -0.0563903 0)
(0.000876694 -0.0534136 0)
(-0.000313839 -0.0524582 0)
(-0.00057925 -0.0478206 0)
(-0.00092448 -0.0498777 0)
(0.000335727 -0.0483929 0)
(-0.000985279 -0.0480597 0)
(-0.00107002 -0.0478852 0)
(-0.000231655 -0.0493983 0)
(0.000446571 -0.049311 0)
(-0.000195948 -0.0496772 0)
(0.000133558 -0.050534 0)
(-0.000468018 -0.0511469 0)
(-0.000148541 -0.0507301 0)
(-0.000211225 -0.049743 0)
(0.000145352 -0.0483268 0)
(-0.000274186 -0.0482544 0)
(0.00107088 -0.0498194 0)
(0.00067434 -0.048595 0)
(0.000381441 -0.0508617 0)
(6.32144e-05 -0.0516369 0)
(-2.33417e-05 -0.0527887 0)
(-0.000801321 -0.0538575 0)
(-0.00182283 -0.0543957 0)
(0.000542448 -0.0546643 0)
(0.000318256 -0.0556272 0)
(0.000735291 -0.0559613 0)
(0.000676496 -0.0563231 0)
(0.000137998 -0.0554185 0)
(-0.000352827 -0.0557929 0)
(-0.000547943 -0.0545929 0)
(-0.00081853 -0.0557348 0)
(-0.000992666 -0.0556065 0)
(-0.0012696 -0.0553082 0)
(0.00131687 -0.052612 0)
(-0.00103745 -0.0536096 0)
(-0.000321598 -0.0529759 0)
(0.000232487 -0.0530094 0)
(-4.79448e-05 -0.053424 0)
(-0.00075465 -0.055243 0)
(0.000746619 -0.0521009 0)
(0.000198507 -0.0531609 0)
(0.000188058 -0.0554272 0)
(0.000255578 -0.0558337 0)
(0.000551882 -0.0565901 0)
(0.000414487 -0.0560229 0)
(0.000176413 -0.0555263 0)
(-1.25339e-05 -0.0553344 0)
(-0.000187666 -0.0551723 0)
(0.000115193 -0.0540373 0)
(-0.000109025 -0.0532905 0)
(-0.000193537 -0.0524693 0)
(-0.000203333 -0.0523118 0)
(0.000198556 -0.0523003 0)
(0.000270145 -0.0527163 0)
(0.000304882 -0.0537876 0)
(0.000882687 -0.0554106 0)
(8.09437e-05 -0.0532901 0)
(0.000168667 -0.0521474 0)
(5.77945e-05 -0.0520324 0)
(-0.000449441 -0.047837 0)
(-2.46001e-05 -0.0478037 0)
(0.00219649 -0.0514659 0)
(-8.99939e-05 -0.0525378 0)
(-5.50344e-05 -0.0518426 0)
(0.000625891 -0.0523106 0)
(4.01372e-05 -0.0502756 0)
(0.000412356 -0.0512524 0)
(-5.19652e-05 -0.0519644 0)
(-3.75092e-05 -0.0522709 0)
(0.000296171 -0.0519809 0)
(-0.000316309 -0.050691 0)
(-0.00104075 -0.0515865 0)
(-0.000987209 -0.0517758 0)
(-0.000345563 -0.0512159 0)
(0.00053426 -0.0500383 0)
(0.00291437 -0.0485255 0)
(0.000540006 -0.048051 0)
(-0.000182039 -0.0510477 0)
(9.74357e-05 -0.0526771 0)
(0.000174536 -0.0536918 0)
(0.000520459 -0.0541276 0)
(0.000779851 -0.0549304 0)
(0.00021432 -0.0542161 0)
(0.000579714 -0.050516 0)
(6.37371e-05 -0.0529106 0)
(8.28778e-05 -0.0542902 0)
(-0.000271066 -0.0549924 0)
(3.51961e-05 -0.0554006 0)
(-0.00191813 -0.0541051 0)
(0.000168883 -0.0534346 0)
(0.000689557 -0.0535795 0)
(-0.00129267 -0.054351 0)
(-0.000490417 -0.0543076 0)
(1.19986e-05 -0.0541871 0)
(3.79721e-06 -0.0539908 0)
(-0.00050513 -0.0570515 0)
(-0.000813399 -0.054182 0)
(0.00416789 -0.0523846 0)
(0.000206535 -0.0567456 0)
(0.000147261 -0.0583179 0)
(0.000396895 -0.0588956 0)
(0.000965838 -0.0592917 0)
(-0.00016791 -0.058088 0)
(-0.000286731 -0.0587215 0)
(-0.000723492 -0.055769 0)
(-0.000874891 -0.0551036 0)
(-0.000768571 -0.053775 0)
(0.00118085 -0.0529453 0)
(-0.000118322 -0.05333 0)
(0.00111331 -0.0525646 0)
(-0.0016751 -0.0552417 0)
(7.40626e-05 -0.0538236 0)
(0.000629297 -0.0524906 0)
(0.000463699 -0.0516933 0)
(0.000257551 -0.0500831 0)
(0.00070479 -0.0494702 0)
(0.000589841 -0.0489774 0)
(-0.000146088 -0.0477175 0)
(0.000452621 -0.050181 0)
(-3.62206e-05 -0.0501657 0)
(0.000409833 -0.0498151 0)
(-0.000274039 -0.0490197 0)
(-0.000411222 -0.0514003 0)
(-0.000728944 -0.0513348 0)
(-0.000460292 -0.0524817 0)
(-0.000151 -0.0527812 0)
(-0.000246581 -0.0548535 0)
(-0.000778591 -0.0532075 0)
(-0.000617918 -0.0548238 0)
(-0.00100923 -0.0562012 0)
(-0.00121563 -0.0570998 0)
(0.00256548 -0.0525575 0)
(0.00362532 -0.051669 0)
(0.00384662 -0.0542861 0)
(0.00254247 -0.0530213 0)
(-0.000507604 -0.05279 0)
(0.000249012 -0.0529477 0)
(0.000148557 -0.0529883 0)
(5.12288e-05 -0.0529832 0)
(-0.000187747 -0.0538165 0)
(0.000620904 -0.0522532 0)
(-0.00056368 -0.0515412 0)
(0.000114456 -0.0533445 0)
(3.75372e-05 -0.0532067 0)
(4.04078e-05 -0.0516982 0)
(0.000649702 -0.0516459 0)
(-0.000153778 -0.0537605 0)
(-0.00158452 -0.0540568 0)
(0.000438832 -0.0536453 0)
(0.000572949 -0.0544704 0)
(9.00019e-05 -0.0537597 0)
(0.000139027 -0.0517551 0)
(-0.000362497 -0.0536147 0)
(0.00359374 -0.054108 0)
(0.00343922 -0.0566261 0)
(0.00253137 -0.0601209 0)
(0.000720446 -0.0627697 0)
(0.000871344 -0.0603988 0)
(0.000571432 -0.0627339 0)
(-0.00168751 -0.0587291 0)
(-0.00330439 -0.0587608 0)
(-0.000342067 -0.0563853 0)
(-0.000775102 -0.0537232 0)
(0.00048347 -0.0524207 0)
(1.8508e-05 -0.0533698 0)
(-0.000357822 -0.0527302 0)
(-0.000619418 -0.0530354 0)
(-0.0013806 -0.0513536 0)
(5.36923e-05 -0.0514132 0)
(0.000903877 -0.0493014 0)
(-1.19437e-06 -0.0483433 0)
(0.000445089 -0.0484331 0)
(0.000419351 -0.0476373 0)
(-0.000807685 -0.047996 0)
(-0.000555168 -0.0486499 0)
(-4.92915e-05 -0.0483941 0)
(0.00013081 -0.0481895 0)
(-0.000124526 -0.0484084 0)
(0.000924948 -0.0484162 0)
(0.000140127 -0.0481796 0)
(0.000314304 -0.0488171 0)
(-0.000881401 -0.0490226 0)
(-0.000309812 -0.0503803 0)
(-0.000681345 -0.0508729 0)
(0.000523811 -0.0506575 0)
(0.000359823 -0.0507371 0)
(-0.000506218 -0.0523918 0)
(-0.000106704 -0.0558779 0)
(0.00281001 -0.0561852 0)
(0.00249816 -0.0537667 0)
(0.00198772 -0.0554408 0)
(0.00218373 -0.0540102 0)
(0.00017316 -0.0524878 0)
(7.1779e-05 -0.0523333 0)
(0.000431559 -0.0512426 0)
(0.000860014 -0.0510724 0)
(-0.00271757 -0.0516881 0)
(-0.000648045 -0.0511792 0)
(2.77088e-05 -0.0516175 0)
(-0.000766867 -0.049856 0)
(0.000505966 -0.0496912 0)
(0.00076449 -0.0503601 0)
(-0.000959182 -0.0510791 0)
(0.000228557 -0.0519935 0)
(-0.000809341 -0.052637 0)
(0.000225962 -0.0562403 0)
(0.000525783 -0.0567973 0)
(-0.000129125 -0.0552107 0)
(-6.69181e-05 -0.0545044 0)
(0.000109056 -0.0560993 0)
(-0.000305974 -0.0581578 0)
(-0.000653033 -0.0579524 0)
(-0.000903917 -0.060086 0)
(0.000796075 -0.0630974 0)
(-0.00158951 -0.0553648 0)
(-0.000663751 -0.0574638 0)
(-0.000315909 -0.0576651 0)
(-0.000648826 -0.0583523 0)
(-0.00122127 -0.054703 0)
(-0.00166932 -0.0540501 0)
(2.42831e-05 -0.0523113 0)
(0.000161121 -0.0521147 0)
(-0.000295752 -0.0522785 0)
(-0.000888946 -0.0530921 0)
(0.000161128 -0.050872 0)
(-0.0007943 -0.0500882 0)
(0.000165224 -0.048617 0)
(-0.000411588 -0.050415 0)
(-9.44057e-05 -0.0505949 0)
(0.000152067 -0.0509104 0)
(0.000776569 -0.0503661 0)
(-0.00119829 -0.0475564 0)
(1.19071e-05 -0.0474036 0)
(-0.000990246 -0.0479878 0)
(-0.000285879 -0.0486989 0)
(0.000445384 -0.0477294 0)
(-0.00132164 -0.0445493 0)
(-0.00128803 -0.0459668 0)
(-0.00158953 -0.0448437 0)
(0.000220753 -0.0486299 0)
(0.00152044 -0.0473714 0)
(0.000293617 -0.0484736 0)
(-0.000271136 -0.0458964 0)
(0.000178804 -0.048823 0)
(0.00197114 -0.0502366 0)
(0.00292291 -0.0495634 0)
(0.0053007 -0.0550944 0)
(0.00526093 -0.0549072 0)
(0.00284209 -0.0536631 0)
(-0.00192814 -0.0524313 0)
(-6.6071e-05 -0.0528818 0)
(0.000168055 -0.052998 0)
(0.00204752 -0.0505502 0)
(0.000901663 -0.0496677 0)
(2.42842e-05 -0.0462651 0)
(0.000469421 -0.0464704 0)
(-0.000300545 -0.0490141 0)
(-0.00030798 -0.0492242 0)
(0.000395072 -0.0479379 0)
(-0.000608839 -0.0488407 0)
(0.000855006 -0.0461462 0)
(0.000470911 -0.0462977 0)
(0.00105422 -0.045434 0)
(-0.000612073 -0.0516312 0)
(-0.00128173 -0.0543447 0)
(-0.00068686 -0.0544733 0)
(-0.000907361 -0.0542357 0)
(-0.000202884 -0.0555296 0)
(-0.000697767 -0.057091 0)
(0.000335503 -0.0595252 0)
(0.00120335 -0.0595684 0)
(0.00275156 -0.0604372 0)
(-0.00204221 -0.0540884 0)
(-0.00243299 -0.0544596 0)
(-0.00123439 -0.0581426 0)
(-0.0012566 -0.0552293 0)
(-0.000989882 -0.0544575 0)
(0.000191007 -0.0544481 0)
(-0.000734681 -0.0522185 0)
(-0.000172652 -0.051983 0)
(-8.33028e-05 -0.0516733 0)
(0.000289279 -0.0516088 0)
(-0.000347593 -0.05165 0)
(-0.000731011 -0.0517501 0)
(-0.000337361 -0.0516001 0)
(0.000390191 -0.0495753 0)
(-0.000146017 -0.0514343 0)
(0.000194675 -0.0527671 0)
(6.57803e-05 -0.0534075 0)
(-0.000138712 -0.0530579 0)
(-0.00045811 -0.0531687 0)
(-0.00011138 -0.0526898 0)
(9.74959e-05 -0.053157 0)
(0.000256489 -0.0515643 0)
(-0.000209546 -0.0479053 0)
(-0.00201016 -0.0479176 0)
(-0.00300077 -0.0488311 0)
(-8.8544e-05 -0.0496471 0)
(-0.000328757 -0.0513516 0)
(0.00214584 -0.0499713 0)
(0.0033119 -0.0476366 0)
(0.00221742 -0.0479495 0)
(0.00236111 -0.0485597 0)
(0.00334983 -0.0527919 0)
(0.00222764 -0.0545219 0)
(0.00183668 -0.0534418 0)
(0.000698523 -0.0484043 0)
(0.000247471 -0.0494508 0)
(-0.000265774 -0.0501409 0)
(0.00158426 -0.0479685 0)
(0.0012181 -0.0473084 0)
(0.000430565 -0.0468476 0)
(-0.00035941 -0.0454233 0)
(-0.000464423 -0.0442195 0)
(-9.1479e-05 -0.0447636 0)
(-0.000667377 -0.0438563 0)
(0.000248389 -0.0468769 0)
(0.000394299 -0.0467384 0)
(0.000452627 -0.0458901 0)
(0.000911908 -0.0430513 0)
(0.000301767 -0.0429331 0)
(0.00110239 -0.0445387 0)
(-0.00320629 -0.0517471 0)
(-0.000292998 -0.0448235 0)
(-0.000179887 -0.049357 0)
(-0.000495455 -0.053148 0)
(-0.000886784 -0.0543249 0)
(0.00103884 -0.055183 0)
(0.00124389 -0.0571296 0)
(0.0017001 -0.0567619 0)
(-0.00114555 -0.0494789 0)
(-0.00242411 -0.0503842 0)
(-0.00102629 -0.0546981 0)
(-0.000628919 -0.0524613 0)
(-0.000713054 -0.052507 0)
(-0.000400542 -0.0532856 0)
(-0.000336288 -0.0513595 0)
(0.000480296 -0.0513134 0)
(0.00211745 -0.0519788 0)
(0.00192169 -0.0540902 0)
(-0.00011457 -0.0545874 0)
(0.000139194 -0.0547482 0)
(-0.000392974 -0.0550761 0)
(-0.000754944 -0.0544231 0)
(-7.9803e-05 -0.0539871 0)
(-8.89806e-05 -0.0538439 0)
(-0.000172206 -0.0544777 0)
(-0.000322417 -0.0537512 0)
(-0.000140819 -0.0532535 0)
(8.46915e-05 -0.0537773 0)
(-0.000226727 -0.0525689 0)
(0.000388307 -0.0525277 0)
(-0.00156467 -0.0512148 0)
(-0.00301342 -0.0502791 0)
(-0.00110145 -0.0499393 0)
(-0.00268083 -0.0498698 0)
(-1.96702e-06 -0.05031 0)
(0.00303214 -0.050729 0)
(0.00447226 -0.0477427 0)
(0.00507624 -0.0478902 0)
(0.00298858 -0.0527698 0)
(0.00200813 -0.0529981 0)
(0.000857949 -0.0517372 0)
(1.66484e-05 -0.0502627 0)
(-0.000187992 -0.0456647 0)
(-0.000494397 -0.0470587 0)
(-0.000124462 -0.0424814 0)
(0.000762734 -0.0454117 0)
(8.03228e-05 -0.0460653 0)
(0.000177208 -0.046508 0)
(-0.000392857 -0.0470743 0)
(-0.000338332 -0.0476677 0)
(-0.000170126 -0.047597 0)
(-3.7117e-05 -0.0470504 0)
(0.000921161 -0.0497371 0)
(0.000999284 -0.0505116 0)
(0.000542623 -0.0481781 0)
(-0.000282068 -0.0496749 0)
(-0.000560125 -0.0506934 0)
(0.0007552 -0.0507243 0)
(0.00221208 -0.0516644 0)
(-5.04826e-05 -0.0486497 0)
(0.000209444 -0.0501498 0)
(7.62926e-05 -0.0508269 0)
(0.000674295 -0.0505137 0)
(-0.000570008 -0.0485487 0)
(-0.00316328 -0.0492504 0)
(-0.00350437 -0.0487928 0)
(-0.00279384 -0.0470929 0)
(-0.00184069 -0.0462022 0)
(-0.000840374 -0.0477383 0)
(0.000219712 -0.0489992 0)
(-0.00027469 -0.0480118 0)
(-0.000827254 -0.047824 0)
(0.000987127 -0.0505436 0)
(-0.00145092 -0.0523764 0)
(0.000902793 -0.0526733 0)
(-9.23484e-05 -0.0545285 0)
(-0.000414913 -0.056087 0)
(0.00282933 -0.0546942 0)
(-0.000600209 -0.0567801 0)
(-0.000554761 -0.0546495 0)
(0.000180378 -0.0531924 0)
(0.000185963 -0.0529376 0)
(-0.000362977 -0.0522009 0)
(-0.000708913 -0.0513924 0)
(0.00104433 -0.0501675 0)
(0.00125865 -0.0514931 0)
(0.000488632 -0.0523935 0)
(-0.00129789 -0.0517055 0)
(-0.00145 -0.0539795 0)
(-0.00218162 -0.0529892 0)
(-0.00241858 -0.0524508 0)
(-0.00127849 -0.0522233 0)
(-0.00251804 -0.0500645 0)
(0.00332465 -0.0479658 0)
(0.00611771 -0.0484256 0)
(0.00363009 -0.0502288 0)
(0.00244039 -0.0509001 0)
(0.000854747 -0.0511159 0)
(-0.000180329 -0.050865 0)
(-0.000611834 -0.0482455 0)
(-0.000606595 -0.0470981 0)
(-6.2557e-06 -0.0459905 0)
(0.00113454 -0.0484481 0)
(0.000703389 -0.0489566 0)
(0.000644546 -0.0475122 0)
(-0.000158882 -0.0464206 0)
(-0.000213321 -0.0475109 0)
(-0.000684549 -0.0487188 0)
(-0.000672768 -0.0501397 0)
(-0.000189123 -0.0512125 0)
(-0.000708581 -0.0520352 0)
(0.00218723 -0.0490816 0)
(0.00118429 -0.0490769 0)
(0.000815087 -0.049124 0)
(-0.000249834 -0.0511018 0)
(-7.04846e-05 -0.0520613 0)
(-0.000621239 -0.0488377 0)
(-5.87225e-05 -0.048554 0)
(-0.000556344 -0.0471479 0)
(-0.000284515 -0.0461819 0)
(0.000245175 -0.0435102 0)
(-0.000164006 -0.0467205 0)
(-0.00172411 -0.0471664 0)
(-0.00245847 -0.0489158 0)
(-0.000784167 -0.0455002 0)
(-0.00269271 -0.0451735 0)
(-0.0015057 -0.0457729 0)
(-0.000438769 -0.0433238 0)
(-0.000529388 -0.0464993 0)
(-0.000740895 -0.0467059 0)
(-0.00120495 -0.04769 0)
(0.000418289 -0.0505865 0)
(1.92379e-05 -0.0524842 0)
(0.000781134 -0.0537653 0)
(0.000363472 -0.052013 0)
(-0.00146602 -0.0530083 0)
(-0.00171865 -0.0556203 0)
(-0.00109798 -0.0553879 0)
(-0.000718161 -0.051858 0)
(-0.000214363 -0.051064 0)
(-0.000347512 -0.0502543 0)
(-5.33589e-05 -0.0496407 0)
(-0.00104274 -0.0476158 0)
(-0.000936044 -0.0485184 0)
(-0.00110388 -0.0483793 0)
(-0.00143504 -0.0477035 0)
(-0.00116661 -0.0551872 0)
(-0.00157052 -0.0540494 0)
(-0.00153172 -0.0540293 0)
(-0.0018043 -0.0555678 0)
(0.00349753 -0.0527505 0)
(0.00483791 -0.0470027 0)
(0.0061016 -0.0482025 0)
(0.00250089 -0.0503352 0)
(0.00220308 -0.0505734 0)
(0.000853634 -0.051286 0)
(0.000623504 -0.0508675 0)
(6.63039e-05 -0.0507767 0)
(-0.00109116 -0.0498325 0)
(0.000733474 -0.0503655 0)
(-1.30804e-05 -0.0492696 0)
(0.00016094 -0.0501019 0)
(2.89501e-05 -0.0498122 0)
(0.000100353 -0.0495855 0)
(-0.000482003 -0.0496635 0)
(-0.000808601 -0.0504824 0)
(-0.000427516 -0.0513572 0)
(0.000288884 -0.05212 0)
(0.000113754 -0.0510681 0)
(-0.00123336 -0.0522083 0)
(0.000799998 -0.0500088 0)
(0.000382678 -0.051624 0)
(0.00130387 -0.0500301 0)
(-0.00139618 -0.0517885 0)
(6.65122e-06 -0.0511947 0)
(1.73318e-05 -0.0481301 0)
(-0.000650417 -0.0427246 0)
(-0.000139375 -0.0408436 0)
(-0.000192657 -0.042063 0)
(-0.00057422 -0.0451472 0)
(-0.000477578 -0.0489343 0)
(-0.00183231 -0.0467563 0)
(-0.00212157 -0.0446358 0)
(1.93082e-05 -0.0469885 0)
(-0.0017091 -0.0490215 0)
(-0.000350445 -0.0469553 0)
(4.48912e-05 -0.0490089 0)
(0.000380845 -0.0471696 0)
(0.00124455 -0.0490061 0)
(0.00126212 -0.0476422 0)
(0.000464152 -0.0488278 0)
(-0.000132528 -0.0505955 0)
(-3.83016e-05 -0.0532036 0)
(0.000588574 -0.0535003 0)
(-0.000199609 -0.0524991 0)
(-0.00098387 -0.0532864 0)
(-0.0021894 -0.0513264 0)
(0.00130555 -0.0537129 0)
(-0.000501515 -0.0532149 0)
(-0.000529837 -0.0522169 0)
(0.000695688 -0.0489169 0)
(0.000154115 -0.0501074 0)
(0.00296719 -0.0501824 0)
(-0.000336733 -0.050256 0)
(-0.000423748 -0.0516457 0)
(-1.72025e-05 -0.0543522 0)
(4.34619e-06 -0.05457 0)
(-0.00263574 -0.054475 0)
(0.00053364 -0.0503479 0)
(0.00314371 -0.0480119 0)
(0.00479203 -0.0461524 0)
(0.00186105 -0.0496905 0)
(0.00365436 -0.047641 0)
(0.00258006 -0.045905 0)
(0.00165398 -0.0469302 0)
(0.000847375 -0.0497542 0)
(0.000788956 -0.0504011 0)
(-0.000305332 -0.0509701 0)
(-0.000974147 -0.0490352 0)
(-0.000419566 -0.0493003 0)
(2.66779e-05 -0.0492384 0)
(0.000219567 -0.048892 0)
(-3.7243e-05 -0.050576 0)
(-0.000492487 -0.0519401 0)
(-0.000567143 -0.0522 0)
(0.000100531 -0.0499245 0)
(-0.00174933 -0.0502116 0)
(-0.000209937 -0.052114 0)
(0.0010809 -0.0523363 0)
(0.0002789 -0.0512598 0)
(0.000630666 -0.0509867 0)
(0.0004147 -0.0502496 0)
(0.000453785 -0.0496759 0)
(0.000345193 -0.0493301 0)
(6.8972e-06 -0.0501223 0)
(-0.000358439 -0.0493842 0)
(-0.000532739 -0.0438405 0)
(-6.44143e-05 -0.0445815 0)
(0.000784375 -0.0467364 0)
(-0.000806336 -0.0470045 0)
(-0.000342253 -0.0470149 0)
(-0.00215119 -0.0491311 0)
(-0.00093476 -0.0480443 0)
(-0.00104881 -0.0481689 0)
(-0.000633749 -0.0525392 0)
(0.000157289 -0.0497619 0)
(0.00106578 -0.0514675 0)
(8.13705e-05 -0.051339 0)
(-0.000116341 -0.0518859 0)
(0.000589118 -0.0520445 0)
(0.000241267 -0.0531568 0)
(0.000791353 -0.053439 0)
(0.000497495 -0.0530893 0)
(0.000273277 -0.0526532 0)
(0.000973432 -0.0525789 0)
(-0.000463408 -0.0544326 0)
(-0.00177616 -0.0516633 0)
(0.000959624 -0.0560478 0)
(-0.00405842 -0.0536622 0)
(-0.00112604 -0.0545455 0)
(-0.000429436 -0.0537541 0)
(0.000142198 -0.0548111 0)
(0.000883118 -0.0514148 0)
(0.000308408 -0.0507805 0)
(0.000491669 -0.0523936 0)
(0.000402779 -0.0540871 0)
(-0.000996099 -0.0546662 0)
(-0.00159598 -0.0539596 0)
(0.00270208 -0.0483687 0)
(0.00290313 -0.0465556 0)
(0.000356994 -0.0468838 0)
(0.0016813 -0.0460856 0)
(-9.87712e-05 -0.0467971 0)
(0.000647588 -0.0478515 0)
(0.000650359 -0.0492585 0)
(0.000362729 -0.0488267 0)
(0.000354676 -0.0479343 0)
(0.000122653 -0.048092 0)
(-0.000442926 -0.0504243 0)
(-0.000667085 -0.0483509 0)
(-0.000157988 -0.0496712 0)
(-0.000398054 -0.0509444 0)
(-0.000188113 -0.0522436 0)
(-0.000122409 -0.054197 0)
(0.000337328 -0.052364 0)
(0.000380968 -0.0511265 0)
(0.000562486 -0.0536947 0)
(-0.000601375 -0.0496242 0)
(6.8562e-05 -0.0495848 0)
(-0.00250598 -0.0494999 0)
(0.000766499 -0.0503098 0)
(0.000272427 -0.0520639 0)
(0.000611606 -0.0494293 0)
(-0.000486347 -0.0508119 0)
(-3.34602e-05 -0.0473546 0)
(-0.000468255 -0.0480262 0)
(-0.00100521 -0.0455147 0)
(-0.000638438 -0.0467363 0)
(-0.000432383 -0.0474478 0)
(-0.000135368 -0.0477556 0)
(-0.000706286 -0.0514996 0)
(0.000478878 -0.0503765 0)
(9.39737e-05 -0.0507573 0)
(-0.00033025 -0.0539335 0)
(0.0018333 -0.0532677 0)
(-0.000848411 -0.0533327 0)
(-0.00109038 -0.0547605 0)
(-0.000985118 -0.0558453 0)
(-9.18103e-05 -0.0557557 0)
(0.000611161 -0.0560906 0)
(0.000731186 -0.0550576 0)
(0.000916253 -0.0546943 0)
(0.000903147 -0.0545127 0)
(0.00123558 -0.054222 0)
(0.000281388 -0.0539895 0)
(-0.000536733 -0.0531198 0)
(-0.000693298 -0.0543918 0)
(-0.000951948 -0.0518912 0)
(-0.00271261 -0.0555233 0)
(-4.29332e-05 -0.0541771 0)
(0.000302768 -0.0575236 0)
(0.00116327 -0.0539527 0)
(0.000492172 -0.0527985 0)
(0.000869554 -0.0530587 0)
(0.000129829 -0.05172 0)
(-0.000208557 -0.0537639 0)
(-0.000114981 -0.0499132 0)
(0.00155049 -0.0454505 0)
(0.00308685 -0.0470657 0)
(0.00320823 -0.0478326 0)
(0.00398229 -0.04653 0)
(0.00270999 -0.0447119 0)
(0.00208941 -0.0454804 0)
(0.000497572 -0.0487029 0)
(0.00216653 -0.0472781 0)
(-0.000183037 -0.0483913 0)
(-0.000833574 -0.049558 0)
(-0.000226358 -0.0518304 0)
(-0.00105182 -0.0512075 0)
(-0.000928508 -0.0519802 0)
(0.000315366 -0.0527291 0)
(0.000541555 -0.0527126 0)
(0.00035642 -0.0542539 0)
(-0.00154566 -0.0517841 0)
(0.00112654 -0.0516708 0)
(-0.000418939 -0.0516383 0)
(0.000902425 -0.0498146 0)
(0.000779284 -0.0496226 0)
(0.000468419 -0.0482337 0)
(2.5115e-05 -0.0483551 0)
(0.000100519 -0.0458928 0)
(-0.00339745 -0.045425 0)
(0.00169389 -0.0443633 0)
(-0.000754906 -0.0441493 0)
(-2.43966e-05 -0.0444993 0)
(0.000361631 -0.0443935 0)
(-0.000851639 -0.0436702 0)
(-0.000690102 -0.0469258 0)
(0.000324698 -0.0474406 0)
(0.000954047 -0.0485248 0)
(-0.00112838 -0.0529778 0)
(-0.000642669 -0.055162 0)
(0.000497074 -0.054576 0)
(-0.000644925 -0.0545513 0)
(-0.00181585 -0.0566677 0)
(0.00012554 -0.0575708 0)
(0.00123668 -0.0567149 0)
(0.000300341 -0.0545152 0)
(0.000901222 -0.0549234 0)
(0.000972084 -0.0541717 0)
(0.000414395 -0.0534784 0)
(0.000919163 -0.0540266 0)
(0.0003629 -0.0537609 0)
(0.000434797 -0.0535626 0)
(-3.90908e-05 -0.0526103 0)
(-0.000451555 -0.0513979 0)
(-0.000613477 -0.0520104 0)
(-0.00057161 -0.053674 0)
(0.000527329 -0.0566894 0)
(-0.000673458 -0.0578687 0)
(0.000498803 -0.0519818 0)
(0.000349262 -0.0482714 0)
(-0.000267431 -0.0494849 0)
(0.000263372 -0.050046 0)
(0.000147769 -0.0514215 0)
(0.00154212 -0.0517447 0)
(0.00230495 -0.0494365 0)
(0.00036722 -0.0481765 0)
(0.00179459 -0.0469661 0)
(0.00279666 -0.0462337 0)
(0.00474157 -0.0470063 0)
(0.0030538 -0.0478268 0)
(0.00159784 -0.0484212 0)
(0.000530168 -0.0509795 0)
(-0.00135683 -0.0518569 0)
(-0.0011767 -0.0506246 0)
(-0.000828816 -0.048806 0)
(0.000471324 -0.0524148 0)
(-0.000665971 -0.0537849 0)
(1.58452e-05 -0.0525017 0)
(-0.000512605 -0.0520724 0)
(-0.000565014 -0.0521711 0)
(-1.94267e-05 -0.0498797 0)
(-3.15047e-05 -0.0499165 0)
(0.000413772 -0.048057 0)
(-0.000151064 -0.048143 0)
(0.000504645 -0.0469337 0)
(0.000269307 -0.0472521 0)
(-0.000122651 -0.048567 0)
(-0.000550681 -0.0482354 0)
(-0.00124338 -0.0475496 0)
(-0.00090793 -0.0483601 0)
(-0.000991793 -0.0440131 0)
(-0.00146038 -0.0478395 0)
(0.00117956 -0.0443186 0)
(0.00522074 -0.0443208 0)
(0.00387425 -0.0464608 0)
(0.00280446 -0.0498254 0)
(0.00224398 -0.0464342 0)
(0.0013214 -0.0519213 0)
(-0.00141787 -0.0567072 0)
(-0.000714748 -0.056376 0)
(0.000138925 -0.0565683 0)
(-0.00129176 -0.057263 0)
(0.00101628 -0.0556869 0)
(0.000921817 -0.0564638 0)
(0.000310302 -0.054529 0)
(-0.000863337 -0.0534203 0)
(-0.000229277 -0.0537503 0)
(0.000420053 -0.0536546 0)
(0.000329692 -0.0538932 0)
(0.000181293 -0.0539806 0)
(-0.000299133 -0.0524901 0)
(0.000231883 -0.0557833 0)
(-0.000159391 -0.0545391 0)
(-0.000956389 -0.0539707 0)
(0.000155575 -0.0553801 0)
(-0.00196755 -0.053 0)
(-0.000249161 -0.049222 0)
(-0.000377273 -0.0499622 0)
(0.00084433 -0.0464121 0)
(-0.000371658 -0.0472387 0)
(-6.63564e-05 -0.0488567 0)
(-0.000834981 -0.0508854 0)
(-0.00105316 -0.0499309 0)
(0.000529545 -0.0484054 0)
(0.00196021 -0.0474774 0)
(0.0026459 -0.0473152 0)
(0.00231659 -0.0436015 0)
(0.00247708 -0.0460787 0)
(0.00107194 -0.0467516 0)
(0.000917007 -0.0487006 0)
(0.000306716 -0.0500777 0)
(-0.000260291 -0.0523099 0)
(0.000354146 -0.0527876 0)
(0.000859945 -0.0519973 0)
(-0.000326679 -0.0509996 0)
(0.000126795 -0.0509619 0)
(-0.000506919 -0.0508465 0)
(-0.000287073 -0.0504348 0)
(-0.000458287 -0.0502831 0)
(-0.000378479 -0.0503929 0)
(0.000233437 -0.0507188 0)
(0.000566931 -0.0491078 0)
(-0.000281695 -0.0495073 0)
(0.000719903 -0.0502023 0)
(0.000362828 -0.0489257 0)
(0.000500519 -0.0488403 0)
(0.000287376 -0.0511929 0)
(7.30867e-05 -0.051564 0)
(-0.0008305 -0.0517669 0)
(-0.000914552 -0.0530076 0)
(-0.00156253 -0.0537462 0)
(-0.000361254 -0.0528918 0)
(0.00358066 -0.0524922 0)
(0.00446431 -0.0491871 0)
(0.00320897 -0.0493226 0)
(0.00204543 -0.0534802 0)
(-1.7798e-05 -0.0549432 0)
(0.00121951 -0.0562189 0)
(0.000678031 -0.0562904 0)
(0.000290448 -0.0565357 0)
(0.000563064 -0.0562225 0)
(0.000298418 -0.0544233 0)
(0.000281596 -0.0531846 0)
(-0.000630764 -0.0522486 0)
(-0.00150335 -0.0523898 0)
(-0.000496724 -0.052939 0)
(-0.000597373 -0.0521965 0)
(7.26808e-05 -0.052924 0)
(-0.000151228 -0.0530173 0)
(-0.000216115 -0.0528219 0)
(-0.000200118 -0.0546241 0)
(-0.000114923 -0.0571715 0)
(-0.00109772 -0.0532591 0)
(-0.00199557 -0.0543817 0)
(-0.000163881 -0.0491574 0)
(0.000288931 -0.0526871 0)
(0.000411374 -0.0492303 0)
(0.00010674 -0.0488154 0)
(-6.65297e-05 -0.0494224 0)
(-0.00014792 -0.0525274 0)
(-0.000298344 -0.0528736 0)
(-0.0010354 -0.0521652 0)
(-0.00125278 -0.0499783 0)
(0.00200667 -0.0455819 0)
(0.00460034 -0.0433746 0)
(0.00389456 -0.0454427 0)
(0.00212575 -0.0448837 0)
(0.00140143 -0.0446297 0)
(0.000779765 -0.0456016 0)
(0.0015326 -0.0494283 0)
(0.00143898 -0.0499768 0)
(0.00093105 -0.0516701 0)
(-0.000381125 -0.0531471 0)
(-0.00110817 -0.0531632 0)
(-0.00321707 -0.0534522 0)
(-0.000730503 -0.0517856 0)
(-0.000672284 -0.0515758 0)
(-0.000506633 -0.0520714 0)
(-0.00130362 -0.0507186 0)
(-0.00099516 -0.0518922 0)
(-0.000224897 -0.0505175 0)
(0.000584733 -0.0490609 0)
(-0.000531853 -0.0504532 0)
(-0.000350751 -0.0514861 0)
(-9.55014e-05 -0.0529534 0)
(-0.000519408 -0.0533526 0)
(-0.000928786 -0.0548541 0)
(-0.000280239 -0.0573396 0)
(0.000338713 -0.0565175 0)
(0.00181525 -0.0565629 0)
(0.0040485 -0.0538207 0)
(0.00371433 -0.0514134 0)
(0.00267708 -0.0530326 0)
(0.00112638 -0.0541802 0)
(0.000827749 -0.055715 0)
(0.000166917 -0.0543212 0)
(0.000290745 -0.0544134 0)
(0.000314417 -0.053589 0)
(-0.00125959 -0.0488418 0)
(-0.00093569 -0.0490444 0)
(-0.000502613 -0.0481148 0)
(-0.0034042 -0.0484837 0)
(-0.00033544 -0.0503294 0)
(1.36012e-05 -0.0519565 0)
(0.000438669 -0.0534786 0)
(0.000829684 -0.053914 0)
(0.000138661 -0.0545133 0)
(0.000594439 -0.0583726 0)
(0.00108899 -0.056165 0)
(-0.00137776 -0.0546491 0)
(-0.00183702 -0.0536125 0)
(-0.00318418 -0.0498064 0)
(-0.000661666 -0.0489092 0)
(0.000408598 -0.0501156 0)
(-0.000245593 -0.0496272 0)
(-0.000508564 -0.0515125 0)
(0.000303793 -0.0515932 0)
(0.0013831 -0.0522587 0)
(-0.000798644 -0.0516681 0)
(0.000578302 -0.0536721 0)
(-0.000302699 -0.0545984 0)
(0.0024266 -0.0477536 0)
(0.00267931 -0.0444729 0)
(0.00401607 -0.0460709 0)
(0.00209414 -0.0486886 0)
(0.00392248 -0.0463648 0)
(0.00186038 -0.0469958 0)
(0.00253459 -0.0450771 0)
(0.000634997 -0.0471306 0)
(0.00108107 -0.0501532 0)
(0.000306635 -0.0520097 0)
(-0.000569988 -0.0540699 0)
(-0.00201217 -0.052556 0)
(0.000869249 -0.0538159 0)
(0.000666333 -0.0545837 0)
(0.000399827 -0.055866 0)
(1.85148e-05 -0.054003 0)
(-0.00101409 -0.0506662 0)
(-0.000332952 -0.0508906 0)
(-0.000639388 -0.0514013 0)
(-0.000253132 -0.0518369 0)
(1.02459e-05 -0.0525773 0)
(-0.00062436 -0.0552798 0)
(-0.000215525 -0.0554907 0)
(0.000850401 -0.0560759 0)
(0.000418681 -0.0553928 0)
(0.000393459 -0.0561189 0)
(0.00169928 -0.0526297 0)
(0.00348255 -0.0556445 0)
(0.00118626 -0.0527428 0)
(-0.00141754 -0.0516255 0)
(0.00128487 -0.0506717 0)
(0.000421584 -0.0495713 0)
(0.000555217 -0.0491419 0)
(0.000730814 -0.0482137 0)
(-0.000818878 -0.0477487 0)
(-0.00211325 -0.0490701 0)
(-0.00201151 -0.0485852 0)
(0.00010853 -0.048742 0)
(-0.000122048 -0.0509874 0)
(0.000582613 -0.0513984 0)
(0.000416585 -0.0510085 0)
(0.000361079 -0.054919 0)
(0.000956717 -0.0544312 0)
(0.000223983 -0.0546539 0)
(0.000993452 -0.054116 0)
(0.00132228 -0.0573102 0)
(-0.00111656 -0.0527441 0)
(-0.00164927 -0.051549 0)
(-0.00307584 -0.0480395 0)
(-0.000140324 -0.0506214 0)
(-8.9924e-05 -0.050861 0)
(0.000248627 -0.049021 0)
(0.000383928 -0.0506013 0)
(5.06139e-05 -0.0528026 0)
(0.000271383 -0.053943 0)
(0.000319922 -0.0514646 0)
(0.000481148 -0.0512076 0)
(7.0534e-05 -0.0537127 0)
(0.000530701 -0.0527718 0)
(-0.000232338 -0.0539613 0)
(-0.000692914 -0.0523503 0)
(-0.00037624 -0.0481881 0)
(0.00292732 -0.0467702 0)
(0.00383728 -0.0464348 0)
(0.000790804 -0.046812 0)
(-0.0015086 -0.048567 0)
(0.00116393 -0.0462115 0)
(5.46991e-05 -0.0472705 0)
(0.000427719 -0.0505954 0)
(-0.000524694 -0.0546139 0)
(0.000318432 -0.0532482 0)
(0.000757272 -0.0530656 0)
(0.000455087 -0.052925 0)
(-6.80336e-05 -0.052719 0)
(0.00013563 -0.0514246 0)
(-0.000122477 -0.0493129 0)
(-0.000137686 -0.0502359 0)
(-0.000432819 -0.0514545 0)
(-0.000940181 -0.0521857 0)
(0.000812647 -0.0506897 0)
(0.000927273 -0.0524707 0)
(-0.000261054 -0.054693 0)
(0.000188679 -0.054505 0)
(0.00103213 -0.0518851 0)
(0.00167422 -0.0553938 0)
(0.0013508 -0.0563555 0)
(0.000790801 -0.0530692 0)
(-0.000687824 -0.0507561 0)
(0.000172522 -0.049766 0)
(0.000656103 -0.0468382 0)
(0.000763384 -0.0463887 0)
(0.00108059 -0.047063 0)
(0.000795573 -0.0476267 0)
(0.0016777 -0.04977 0)
(-0.00134861 -0.0497356 0)
(-0.000197623 -0.0491822 0)
(0.000124196 -0.0508619 0)
(0.000566653 -0.0521129 0)
(0.00206053 -0.0510509 0)
(0.000565142 -0.0537794 0)
(0.000721587 -0.0541497 0)
(0.0013632 -0.0556074 0)
(0.0010107 -0.0533808 0)
(-0.00137935 -0.0511992 0)
(-0.00137924 -0.0503074 0)
(-0.000859212 -0.0489493 0)
(-0.00406416 -0.0480579 0)
(0.000483615 -0.0526016 0)
(0.000407018 -0.0540429 0)
(0.000754401 -0.0543102 0)
(-0.00308022 -0.0530513 0)
(-0.00232144 -0.053707 0)
(-0.000714166 -0.0537834 0)
(0.000540188 -0.0504525 0)
(0.000587982 -0.0506183 0)
(6.04461e-05 -0.0513489 0)
(-0.001025 -0.0516438 0)
(-0.000174039 -0.0495816 0)
(-0.000279877 -0.0484339 0)
(0.000147617 -0.0469994 0)
(0.000252705 -0.0455516 0)
(0.000479717 -0.0463994 0)
(0.00112809 -0.0434472 0)
(0.000551834 -0.0437052 0)
(0.000363621 -0.0470536 0)
(0.000841609 -0.049782 0)
(0.00180443 -0.0515746 0)
(-0.000115446 -0.0505148 0)
(0.000954814 -0.0505661 0)
(0.000596033 -0.0507989 0)
(-2.05608e-05 -0.0498892 0)
(0.000121781 -0.0497269 0)
(-0.00126641 -0.0503279 0)
(-0.000871004 -0.0525965 0)
(-0.0018324 -0.0524406 0)
(7.63826e-05 -0.0513728 0)
(0.00193688 -0.0517642 0)
(0.00255802 -0.0507559 0)
(0.000924847 -0.0505385 0)
(0.000336641 -0.0542931 0)
(-0.000893394 -0.0515586 0)
(-0.000469975 -0.0477287 0)
(0.000805712 -0.0475203 0)
(0.000202408 -0.0487573 0)
(0.00155309 -0.0450681 0)
(0.00101594 -0.046154 0)
(-0.000213087 -0.046982 0)
(0.000649734 -0.0458608 0)
(0.00226889 -0.0453768 0)
(9.91164e-05 -0.0448388 0)
(0.000366319 -0.0482611 0)
(0.000628183 -0.0459803 0)
(4.9202e-05 -0.0469993 0)
(0.000463765 -0.0498964 0)
(0.00201134 -0.050768 0)
(0.00034086 -0.053018 0)
(0.0016349 -0.0504066 0)
(0.000622756 -0.0542581 0)
(-3.3922e-06 -0.0545251 0)
(-3.59864e-05 -0.0548363 0)
(-0.00124503 -0.0543886 0)
(-0.00237094 -0.0529169 0)
(-0.00211659 -0.0527523 0)
(-0.00494582 -0.0528206 0)
(1.31422e-06 -0.0530946 0)
(0.000127602 -0.0543453 0)
(0.000440046 -0.0545327 0)
(0.000208746 -0.054408 0)
(-0.000339802 -0.0534888 0)
(-0.00116944 -0.0501777 0)
(0.000248898 -0.0519907 0)
(2.67985e-05 -0.0514527 0)
(-0.000373253 -0.0504396 0)
(-0.00102419 -0.0487496 0)
(0.000199752 -0.0482797 0)
(0.000196622 -0.0487131 0)
(-0.000682847 -0.0514376 0)
(-0.000545852 -0.0481882 0)
(0.00179693 -0.0428375 0)
(-0.000428656 -0.042409 0)
(-5.51916e-05 -0.0446194 0)
(0.000275786 -0.0470316 0)
(0.00195818 -0.0478969 0)
(0.00208447 -0.0476425 0)
(0.000125085 -0.0478441 0)
(0.000653197 -0.049378 0)
(-0.000363093 -0.0492575 0)
(-0.000466271 -0.0494089 0)
(-0.000985928 -0.0492639 0)
(-9.82556e-05 -0.0512832 0)
(-0.000334149 -0.0517231 0)
(0.00106382 -0.0518097 0)
(0.00278668 -0.0495808 0)
(0.00281297 -0.0503225 0)
(0.0016875 -0.0525483 0)
(0.00133317 -0.0516171 0)
(2.82596e-05 -0.0502405 0)
(0.000202575 -0.0488582 0)
(-0.000851113 -0.0479351 0)
(-0.000701392 -0.0498663 0)
(-0.000495179 -0.0465159 0)
(0.000409845 -0.0444918 0)
(0.000584925 -0.0459671 0)
(-4.29258e-06 -0.045238 0)
(0.000245697 -0.0446457 0)
(-0.000398172 -0.0454362 0)
(-0.000122263 -0.0462025 0)
(-0.00050764 -0.0463997 0)
(-0.00135051 -0.0457035 0)
(0.000161356 -0.0488639 0)
(-0.000815412 -0.0505553 0)
(0.000844942 -0.0523238 0)
(0.000735716 -0.05232 0)
(0.00143715 -0.049498 0)
(0.00103961 -0.0513438 0)
(0.000929692 -0.0527229 0)
(0.000706734 -0.0547029 0)
(-0.00157711 -0.0545288 0)
(-0.00260087 -0.0547805 0)
(-0.00218581 -0.0549263 0)
(-0.00306697 -0.0534762 0)
(-0.00101625 -0.0511149 0)
(-0.000818415 -0.0502583 0)
(0.000193524 -0.0527212 0)
(0.000420197 -0.0496981 0)
(9.99818e-05 -0.0519831 0)
(0.000599636 -0.0532162 0)
(6.81267e-06 -0.0501166 0)
(-0.00184978 -0.0513116 0)
(0.000135308 -0.0510718 0)
(0.00137368 -0.0516653 0)
(-0.00139174 -0.052556 0)
(-9.18107e-05 -0.0495195 0)
(0.000630842 -0.052794 0)
(0.000137852 -0.0492732 0)
(-7.88717e-05 -0.0489947 0)
(-0.000250688 -0.0502034 0)
(-0.000486916 -0.0487655 0)
(0.000634361 -0.0472925 0)
(0.00117244 -0.0465927 0)
(0.00129424 -0.0448167 0)
(-5.50284e-05 -0.0422057 0)
(0.00129837 -0.0432877 0)
(0.00244106 -0.0438734 0)
(-0.0007716 -0.0445349 0)
(-0.00106074 -0.0461722 0)
(-0.00233946 -0.049202 0)
(-0.000677079 -0.0481463 0)
(-0.000161931 -0.0511845 0)
(0.00153274 -0.0495999 0)
(0.00125692 -0.0511168 0)
(0.000885182 -0.051698 0)
(-0.000257896 -0.0484854 0)
(3.46694e-05 -0.049041 0)
(-0.00065463 -0.0474679 0)
(4.59135e-05 -0.0474894 0)
(-0.000711276 -0.0466533 0)
(-0.00147641 -0.0453922 0)
(-0.000765863 -0.047574 0)
(-0.000235596 -0.0486785 0)
(0.000101864 -0.0499482 0)
(0.00045334 -0.0502935 0)
(0.000822155 -0.0469793 0)
(-0.000839502 -0.0486396 0)
(0.000167687 -0.0477084 0)
(-0.00104844 -0.0475845 0)
(-6.41839e-05 -0.0474123 0)
(0.000258198 -0.04794 0)
(0.000354662 -0.0477639 0)
(0.000483268 -0.0492076 0)
(0.000104727 -0.0503182 0)
(0.000532325 -0.0499144 0)
(0.00121721 -0.050783 0)
(0.0006102 -0.0509464 0)
(1.54307e-05 -0.0506986 0)
(-0.0027443 -0.0568837 0)
(-0.00188392 -0.0550411 0)
(-0.00102783 -0.0543061 0)
(-0.00296983 -0.0536804 0)
(-0.000489496 -0.0504887 0)
(-0.000394566 -0.049463 0)
(-0.00020629 -0.0495134 0)
(0.000701523 -0.0474838 0)
(0.000518862 -0.0488462 0)
(0.000649302 -0.0493865 0)
(0.00140108 -0.0487953 0)
(0.00038141 -0.0484477 0)
(-0.000129927 -0.0481575 0)
(-0.00058188 -0.0486177 0)
(-0.000594017 -0.051232 0)
(0.00307813 -0.0527188 0)
(-1.53518e-06 -0.0557983 0)
(0.000363486 -0.0547622 0)
(0.00050025 -0.0517526 0)
(0.000105172 -0.0494471 0)
(0.000616626 -0.0492258 0)
(-0.000722369 -0.0513348 0)
(0.00026464 -0.0506918 0)
(0.000356241 -0.0463388 0)
(-5.61236e-05 -0.0451301 0)
(-0.000734954 -0.0451644 0)
(-0.000199147 -0.0439706 0)
(0.00154025 -0.0450805 0)
(0.00105067 -0.0429582 0)
(-0.00062874 -0.0440225 0)
(-0.000595784 -0.047183 0)
(-0.000398188 -0.0499075 0)
(0.000205101 -0.0521663 0)
(0.000236463 -0.051745 0)
(0.00144764 -0.0502879 0)
(0.000720596 -0.0500406 0)
(0.00102506 -0.0488255 0)
(0.000418111 -0.0473549 0)
(0.000144207 -0.0472421 0)
(0.000392526 -0.0459559 0)
(-0.00108018 -0.0458498 0)
(8.08303e-05 -0.0454201 0)
(-0.000569977 -0.0454243 0)
(-0.000611635 -0.0471973 0)
(-0.000795679 -0.0493515 0)
(-0.000972865 -0.0497035 0)
(-0.00105193 -0.0520262 0)
(0.000913841 -0.0538927 0)
(-0.000133425 -0.0538237 0)
(0.00203958 -0.0516062 0)
(-0.00046718 -0.0494732 0)
(0.000481285 -0.0497293 0)
(0.000319267 -0.0483362 0)
(-0.00119795 -0.048705 0)
(0.000186105 -0.04916 0)
(0.000797468 -0.0492944 0)
(0.000705827 -0.049201 0)
(0.000416544 -0.0510027 0)
(-0.000427856 -0.0509855 0)
(-0.00276233 -0.0532553 0)
(-0.000736459 -0.0509793 0)
(0.000308943 -0.0507847 0)
(-0.00186648 -0.0511996 0)
(-0.000255515 -0.0507189 0)
(-7.41942e-05 -0.0483972 0)
(0.00043153 -0.0455312 0)
(-4.24148e-05 -0.0469681 0)
(0.000775436 -0.0496327 0)
(0.000449174 -0.0493812 0)
(0.000555437 -0.0493995 0)
(0.00221092 -0.0487786 0)
(0.000574219 -0.0476035 0)
(0.000721501 -0.0490149 0)
(-0.00095161 -0.0507701 0)
(-0.00098069 -0.0527796 0)
(-0.000261629 -0.0558496 0)
(-0.00128104 -0.055145 0)
(-0.000245985 -0.0542003 0)
(9.26341e-05 -0.0529245 0)
(0.000150137 -0.0518442 0)
(6.98852e-05 -0.0523234 0)
(-1.14813e-05 -0.0522699 0)
(-3.11826e-05 -0.0519211 0)
(-4.99332e-05 -0.0510208 0)
(-0.000439737 -0.0491381 0)
(-0.000376355 -0.049016 0)
(0.00100761 -0.0476723 0)
(0.00232225 -0.0458202 0)
(0.000970586 -0.044735 0)
(0.000786705 -0.0481352 0)
(0.000192696 -0.0489757 0)
(0.000772235 -0.0500302 0)
(0.000564583 -0.0475968 0)
(0.00108844 -0.0488338 0)
(0.000961346 -0.0482948 0)
(-0.000405921 -0.0453605 0)
(-6.19717e-05 -0.0467758 0)
(-5.89177e-06 -0.0464044 0)
(-0.00135026 -0.0452422 0)
(-0.00101046 -0.0442519 0)
(-0.00102958 -0.0461594 0)
(-0.0016004 -0.045758 0)
(0.000297833 -0.0452319 0)
(-0.000670188 -0.0453359 0)
(0.000510553 -0.0456456 0)
(0.00183424 -0.0495018 0)
(-0.000795374 -0.0497313 0)
(0.00212396 -0.0540735 0)
(0.00104598 -0.0549234 0)
(0.00138904 -0.0514408 0)
(-0.00143561 -0.0526931 0)
(0.000501541 -0.0505723 0)
(0.00036896 -0.0483176 0)
(0.000845061 -0.0486184 0)
(0.000869761 -0.0494586 0)
(0.000808021 -0.0497113 0)
(0.000533123 -0.0500426 0)
(-0.000498636 -0.0493986 0)
(0.000164892 -0.0506045 0)
(-0.000283137 -0.051298 0)
(-0.0032961 -0.0524133 0)
(-0.00444827 -0.0504808 0)
(-0.000181685 -0.0522771 0)
(-0.000525349 -0.0505193 0)
(-4.69469e-05 -0.0493357 0)
(-5.84234e-05 -0.049928 0)
(0.000998989 -0.049035 0)
(0.000393188 -0.0517468 0)
(0.00102309 -0.050593 0)
(0.00107214 -0.0488716 0)
(-0.00042428 -0.0502645 0)
(0.000211323 -0.054381 0)
(0.000512687 -0.0509207 0)
(-0.0001224 -0.0546345 0)
(0.000169484 -0.0539991 0)
(-0.000235519 -0.0552376 0)
(4.7281e-05 -0.0536239 0)
(0.000386925 -0.051799 0)
(0.00013059 -0.0515162 0)
(-0.000289431 -0.0518969 0)
(-0.000355592 -0.052091 0)
(-0.000376995 -0.0477219 0)
(-0.000532215 -0.0481611 0)
(-0.000416082 -0.0490976 0)
(-0.00109929 -0.0504762 0)
(-0.00162384 -0.0476495 0)
(0.000704283 -0.0486794 0)
(0.000590336 -0.0492823 0)
(0.000970818 -0.0497293 0)
(-0.000244171 -0.0490091 0)
(-0.000125316 -0.0486268 0)
(0.00108863 -0.0472886 0)
(0.000434836 -0.0471726 0)
(0.000616164 -0.0465034 0)
(-0.00114633 -0.0457581 0)
(-0.00114372 -0.0488746 0)
(-0.0019692 -0.0496827 0)
(-0.00236481 -0.0497919 0)
(0.000827572 -0.0485099 0)
(0.00246001 -0.0466801 0)
(-0.000992945 -0.0485391 0)
(0.00455898 -0.0516782 0)
(0.00401347 -0.0419833 0)
(0.00518614 -0.0466581 0)
(0.00352397 -0.0483736 0)
(0.0014725 -0.0500904 0)
(0.00047654 -0.0538495 0)
(-0.000455724 -0.05286 0)
(-0.000760643 -0.0522726 0)
(0.000637311 -0.0534113 0)
(0.00122973 -0.0506956 0)
(-0.000188754 -0.0526907 0)
(0.00123692 -0.0535457 0)
(0.000658354 -0.0514898 0)
(-0.000378674 -0.0509126 0)
(1.70128e-05 -0.0505562 0)
(-0.000161903 -0.0487839 0)
(-0.00168179 -0.0472968 0)
(-0.00059394 -0.0467435 0)
(-0.00310026 -0.0477494 0)
(-0.00028488 -0.0531233 0)
(-0.000423093 -0.0525553 0)
(-0.000948629 -0.0511908 0)
(0.0041406 -0.0521911 0)
(0.000900527 -0.0510879 0)
(0.000177383 -0.0512362 0)
(0.00201906 -0.0529021 0)
(0.00191792 -0.0521094 0)
(0.00332975 -0.0510517 0)
(0.000355785 -0.0528379 0)
(0.000394201 -0.0526737 0)
(-0.000319557 -0.0519545 0)
(-6.44814e-05 -0.0525656 0)
(-0.000141499 -0.0516421 0)
(-0.00129155 -0.0506232 0)
(0.000916497 -0.0524172 0)
(0.000370178 -0.0518063 0)
(0.000105758 -0.0526654 0)
(-0.000395707 -0.0479645 0)
(-0.000288501 -0.0475801 0)
(-0.000145926 -0.047736 0)
(0.000140623 -0.0510578 0)
(-0.00475873 -0.0509221 0)
(0.00170509 -0.0530164 0)
(-0.00177426 -0.050364 0)
(-0.000778787 -0.0495097 0)
(5.12617e-05 -0.0489961 0)
(0.00014688 -0.0477607 0)
(0.000404312 -0.0469741 0)
(0.000744631 -0.0480036 0)
(0.00113185 -0.04913 0)
(-0.000502451 -0.0484342 0)
(-0.000608549 -0.0480856 0)
(-0.000931774 -0.0498628 0)
(-0.00130349 -0.0501976 0)
(0.000414184 -0.0497031 0)
(0.0020523 -0.0501381 0)
(0.00114794 -0.0483173 0)
(0.00258479 -0.0491908 0)
(0.00410078 -0.0476537 0)
(0.0041791 -0.0449198 0)
(-0.001261 -0.042481 0)
(0.00171126 -0.0447852 0)
(0.00124499 -0.0440109 0)
(0.000929135 -0.046624 0)
(0.00055007 -0.0531729 0)
(0.00230601 -0.0530158 0)
(0.00183532 -0.0544416 0)
(0.00117045 -0.0539256 0)
(0.00124892 -0.056779 0)
(-0.000350559 -0.0541418 0)
(-0.00210845 -0.0489708 0)
(-0.00156934 -0.0486871 0)
(-0.00182797 -0.0487561 0)
(-0.00222179 -0.0484546 0)
(-0.00289475 -0.0477201 0)
(-0.00259163 -0.0481852 0)
(-0.000873875 -0.0552688 0)
(-0.000844331 -0.0512969 0)
(0.00170274 -0.0512211 0)
(0.00019972 -0.0496558 0)
(0.00024539 -0.051405 0)
(0.000316542 -0.0530412 0)
(0.000108727 -0.0506994 0)
(0.000747456 -0.0487635 0)
(0.000798322 -0.0496595 0)
(0.000994832 -0.0513737 0)
(0.000145795 -0.0528866 0)
(-0.000476907 -0.0507968 0)
(0.000190996 -0.0499976 0)
(0.000449847 -0.0493499 0)
(-0.00045448 -0.0524001 0)
(0.000823204 -0.0508141 0)
(0.000539961 -0.0521869 0)
(-0.000968335 -0.0511259 0)
(-0.000909314 -0.0510797 0)
(-0.00100974 -0.0507809 0)
(-0.000264614 -0.0514245 0)
(0.000762976 -0.0509547 0)
(-3.41336e-05 -0.0506403 0)
(0.000400562 -0.0514161 0)
(3.48134e-05 -0.0500005 0)
(-0.000379517 -0.0485441 0)
(-0.00147678 -0.0477535 0)
(-0.00080121 -0.0476764 0)
(-2.86943e-05 -0.0468632 0)
(0.00205663 -0.0464203 0)
(0.000965864 -0.0467192 0)
(0.000823582 -0.0489364 0)
(-0.00117436 -0.0505802 0)
(-0.000549337 -0.047602 0)
(-0.000527777 -0.0504437 0)
(-0.00232926 -0.0510082 0)
(0.00109555 -0.0478865 0)
(0.000936232 -0.0503284 0)
(0.0010084 -0.0500077 0)
(0.00450311 -0.0474574 0)
(0.00165661 -0.0441929 0)
(-0.000663429 -0.0440995 0)
(0.000696776 -0.0470537 0)
(0.000212123 -0.0491182 0)
(0.00187337 -0.0466726 0)
(0.00321792 -0.0486666 0)
(0.00150552 -0.0498419 0)
(0.00110717 -0.0510567 0)
(0.00208164 -0.0530245 0)
(0.00117569 -0.0507516 0)
(-0.00123461 -0.0485699 0)
(-0.00172779 -0.0491204 0)
(-0.00431698 -0.050133 0)
(-0.00259625 -0.042296 0)
(-0.00269556 -0.0440269 0)
(-0.00226598 -0.0435295 0)
(-0.000842928 -0.0435412 0)
(-0.00113145 -0.0499019 0)
(-0.00120304 -0.0497212 0)
(-0.000184416 -0.0486882 0)
(-0.000657702 -0.0452254 0)
(0.00178577 -0.0516417 0)
(0.000368668 -0.0495625 0)
(0.000366543 -0.0477993 0)
(-9.94025e-05 -0.0477142 0)
(0.000505335 -0.0461919 0)
(0.00017422 -0.0485579 0)
(0.000398388 -0.048656 0)
(0.0012889 -0.0478037 0)
(0.000278553 -0.0475012 0)
(0.000750333 -0.0466177 0)
(-0.000234172 -0.0485796 0)
(-0.000544052 -0.0491606 0)
(0.000959658 -0.0490429 0)
(-6.19844e-05 -0.0510356 0)
(-0.000369357 -0.0510538 0)
(-0.00164229 -0.051352 0)
(-0.00196799 -0.0490807 0)
(-0.00100086 -0.0507207 0)
(-0.00125404 -0.0524529 0)
(0.00108964 -0.0491097 0)
(0.000130834 -0.0500601 0)
(0.00073376 -0.0497919 0)
(0.000135234 -0.0479603 0)
(-0.000591621 -0.0477474 0)
(-0.000587837 -0.0473046 0)
(-8.46812e-06 -0.0475345 0)
(0.000292088 -0.0474594 0)
(-8.40402e-06 -0.0468936 0)
(0.00072014 -0.0470271 0)
(0.000874134 -0.0476974 0)
(-0.000579855 -0.0472706 0)
(-0.00149508 -0.0460639 0)
(-0.00164139 -0.0453765 0)
(-0.000991529 -0.0454867 0)
(-0.000677079 -0.0492625 0)
(0.00140232 -0.0481041 0)
(0.00119393 -0.0474577 0)
(0.00168035 -0.0469335 0)
(0.000857566 -0.0478148 0)
(0.000114684 -0.0469293 0)
(0.00129235 -0.0451161 0)
(0.00104238 -0.0417138 0)
(0.000859334 -0.0428948 0)
(0.00102581 -0.0430329 0)
(0.00159593 -0.042215 0)
(0.000417189 -0.0446209 0)
(-0.00317512 -0.0396352 0)
(-0.00481041 -0.0408936 0)
(-0.00659733 -0.0411116 0)
(-0.00495136 -0.0420689 0)
(-0.00322903 -0.0403558 0)
(-0.00166669 -0.0420348 0)
(0.00051387 -0.0428418 0)
(0.000548288 -0.0448123 0)
(0.000450196 -0.0452635 0)
(-0.000858111 -0.0451969 0)
(-6.07276e-05 -0.0444789 0)
(-0.00055479 -0.0444981 0)
(0.00062496 -0.0467406 0)
(0.00121415 -0.0451503 0)
(-7.3199e-05 -0.0478925 0)
(0.000399939 -0.0451218 0)
(0.000456031 -0.0439652 0)
(0.00387644 -0.042749 0)
(0.00120204 -0.0467707 0)
(0.00154507 -0.0440497 0)
(0.000280709 -0.0436525 0)
(0.000647657 -0.0439814 0)
(0.0001825 -0.0426702 0)
(3.83199e-05 -0.0414404 0)
(0.00178822 -0.0420118 0)
(0.000296714 -0.047869 0)
(-0.000884972 -0.0464521 0)
(-0.00113903 -0.0458789 0)
(-0.000994456 -0.0491229 0)
(-0.000812567 -0.0471588 0)
(0.000152575 -0.0463161 0)
(0.000358344 -0.0450499 0)
(0.000420958 -0.0484377 0)
(0.000803486 -0.0473477 0)
(-0.00130954 -0.0473562 0)
(0.000153941 -0.0446285 0)
(0.000155405 -0.045343 0)
(-0.000109569 -0.0444618 0)
(4.59846e-05 -0.0439623 0)
(2.86272e-05 -0.0425974 0)
(0.000120467 -0.0427016 0)
(0.000438066 -0.0434488 0)
(-0.000258731 -0.0450592 0)
(-0.00222553 -0.0425775 0)
(-0.00108941 -0.0404223 0)
(0.00115585 -0.0418763 0)
(0.0018981 -0.0415113 0)
(0.0019097 -0.0375251 0)
(0.000734661 -0.0418236 0)
(0.00378344 -0.0412876 0)
(0.000300686 -0.0439957 0)
(-0.00154516 -0.0445717 0)
(-0.000589474 -0.0415705 0)
(0.00022668 -0.0393114 0)
(0.000344166 -0.0385457 0)
(0.000715889 -0.0342607 0)
(0.000431196 -0.0349222 0)
(0.000908448 -0.035167 0)
(-0.00318569 -0.0398138 0)
(-0.00180021 -0.0392943 0)
(-0.000906061 -0.0380842 0)
(-0.00333318 -0.0401613 0)
(-0.0023184 -0.0401474 0)
(-0.00195673 -0.0430087 0)
(-0.000416599 -0.0421337 0)
(-0.00131528 -0.0420782 0)
(0.000416367 -0.040955 0)
(-0.00262237 -0.0416888 0)
(-0.000510543 -0.038935 0)
(-0.00110635 -0.0388866 0)
(0.000390953 -0.0387198 0)
(0.000648889 -0.0358896 0)
(0.00173978 -0.0353182 0)
(-0.00136497 -0.0401049 0)
(0.000593092 -0.0445217 0)
(0.00026488 -0.0441791 0)
(-0.00102314 -0.0432977 0)
(0.000111853 -0.0443644 0)
(-0.000885807 -0.0425807 0)
(0.000189379 -0.04215 0)
(0.000581116 -0.0411019 0)
(2.95772e-05 -0.0351822 0)
(0.000566722 -0.0338956 0)
(0.000251334 -0.0355687 0)
(1.68296e-05 -0.0344064 0)
(0.000467891 -0.0334077 0)
(-0.000687988 -0.0378718 0)
(0.00033361 -0.0403154 0)
(0.000658689 -0.0400593 0)
(-0.000522219 -0.0397028 0)
(0.000932148 -0.0401229 0)
(0.00069585 -0.0377753 0)
(-0.0010879 -0.0393508 0)
(0.000130266 -0.0392197 0)
(0.00010245 -0.0388797 0)
(0.000769112 -0.0404449 0)
(0.000276643 -0.0434921 0)
(-0.000904523 -0.043305 0)
(7.37936e-05 -0.0372008 0)
(-1.40808e-05 -0.0345593 0)
(0.000146219 -0.0344607 0)
(4.00144e-05 -0.0344213 0)
(-0.000721154 -0.0356052 0)
(-0.0010788 -0.0361845 0)
(-0.00153107 -0.0407462 0)
(-0.00326623 -0.0410602 0)
(-6.06826e-05 -0.0325698 0)
(0.00107393 -0.0308726 0)
(0.00148247 -0.033209 0)
(0.00135753 -0.0350548 0)
(0.00111873 -0.0323573 0)
(-0.000529227 -0.0369642 0)
(-0.00161137 -0.0369071 0)
(0.000180664 -0.0316746 0)
(-0.00147028 -0.0310006 0)
(-0.00291391 -0.030491 0)
(0.00011056 -0.0318082 0)
(-0.000289067 -0.0318466 0)
(0.000461076 -0.03226 0)
(0.000661088 -0.0332829 0)
(0.00120548 -0.0320173 0)
(-0.00409287 -0.0372262 0)
(-0.00238399 -0.0354483 0)
(-0.0023084 -0.0375982 0)
(-0.00132962 -0.0391885 0)
(-0.00151334 -0.0408113 0)
(-0.00146479 -0.0317489 0)
(-0.00122765 -0.0362589 0)
(9.63962e-05 -0.0356627 0)
(-0.00134 -0.0400758 0)
(-0.000668559 -0.0355368 0)
(0.000134288 -0.0346755 0)
(-0.000918455 -0.0345529 0)
(0.000304654 -0.0352553 0)
(0.000371755 -0.0348057 0)
(0.000586041 -0.0355637 0)
(-0.000906348 -0.0346127 0)
(-0.000238046 -0.0322651 0)
(-0.0012216 -0.0337824 0)
(-0.000501883 -0.0346366 0)
(-0.000147389 -0.0349961 0)
(-0.00026025 -0.0329691 0)
(0.000405911 -0.0314752 0)
(0.000570116 -0.0297631 0)
(0.000747326 -0.0331737 0)
(0.000377082 -0.0329565 0)
(0.000174235 -0.0337343 0)
(0.000604141 -0.0339324 0)
(0.000674259 -0.0357062 0)
(0.000625636 -0.0349961 0)
(0.00138718 -0.0347918 0)
(-0.000659837 -0.0362352 0)
(0.00157899 -0.0372905 0)
(-0.00232191 -0.0335671 0)
(-0.000573876 -0.0333403 0)
(-2.05142e-05 -0.0345824 0)
(-0.000617092 -0.035263 0)
(-0.00134399 -0.0348193 0)
(-0.00242547 -0.0337703 0)
(-0.000535055 -0.0346793 0)
(0.000517788 -0.0327024 0)
(-5.81533e-05 -0.0310922 0)
(0.000605063 -0.036168 0)
(0.000421518 -0.0328618 0)
(-0.00139989 -0.0319742 0)
(-0.00238819 -0.0342791 0)
(-0.0020757 -0.0357714 0)
(-0.000294768 -0.034958 0)
(0.000419403 -0.0327677 0)
(0.000853632 -0.0310959 0)
(-0.000705349 -0.0311335 0)
(0.00148149 -0.0339302 0)
(0.000323786 -0.0299458 0)
(0.00147489 -0.0299832 0)
(-0.000221879 -0.0287404 0)
(-0.000461886 -0.0312428 0)
(-0.000852151 -0.0299418 0)
(-5.57088e-05 -0.032032 0)
(0.000168182 -0.0330629 0)
(0.000432948 -0.0324331 0)
(0.000451129 -0.0323734 0)
(-0.00171267 -0.0308612 0)
(-4.70912e-05 -0.0312414 0)
(-0.000443174 -0.0342703 0)
(-0.000841131 -0.034369 0)
(-0.000838315 -0.0338817 0)
(0.000326151 -0.0336627 0)
(9.64647e-05 -0.0362446 0)
(0.000442967 -0.0348717 0)
(-0.000170676 -0.0316067 0)
(0.000651384 -0.031436 0)
(-0.00174497 -0.034646 0)
(-0.000165517 -0.0384267 0)
)


// ************************************************************************* //
