/*--------------------------------*- C++ -*----------------------------------*\
  =========                 |
  \\      /  F ield         | OpenFOAM: The Open Source CFD Toolbox
   \\    /   O peration     | Website:  https://openfoam.org
    \\  /    A nd           | Version:  12
     \\/     M anipulation  |
\*---------------------------------------------------------------------------*/
FoamFile
{
    format      ascii;
    class       vectorField;
    location    "0.5/lagrangian/cloud";
    object      U;
}
// * * * * * * * * * * * * * * * * * * * * * * * * * * * * * * * * * * * * * //


2553
(
(-0.00129512 -0.0276772 0)
(0.000548734 -0.0304649 0)
(0.000183819 -0.0316075 0)
(-0.000134748 -0.0301084 0)
(-2.22623e-05 -0.0298335 0)
(0.00071555 -0.0291801 0)
(0.000950792 -0.0273374 0)
(0.000868899 -0.0276634 0)
(-0.000699167 -0.0289816 0)
(-0.000798878 -0.0291928 0)
(-0.000157217 -0.0285907 0)
(-0.00010777 -0.0285275 0)
(0.000344802 -0.0281071 0)
(-0.000251411 -0.0269451 0)
(0.00230163 -0.0250609 0)
(0.000228412 -0.0277372 0)
(-0.000325612 -0.0288429 0)
(0.000161833 -0.0289399 0)
(0.000605982 -0.0302206 0)
(0.00032693 -0.0326489 0)
(0.000294554 -0.0314083 0)
(0.000376425 -0.0317763 0)
(0.000355514 -0.0332831 0)
(0.000306554 -0.0330203 0)
(0.00050337 -0.0321703 0)
(-0.000917074 -0.0324356 0)
(-0.00161725 -0.0316468 0)
(0.000321535 -0.0300994 0)
(0.000646944 -0.0319003 0)
(0.000524466 -0.0325124 0)
(0.00072042 -0.0337299 0)
(0.00093023 -0.0339702 0)
(-0.000397995 -0.0283655 0)
(0.00151583 -0.0312907 0)
(0.00146815 -0.0291135 0)
(-0.00046218 -0.0307941 0)
(0.00074299 -0.0315621 0)
(0.000698437 -0.0299965 0)
(0.000982368 -0.0313691 0)
(-0.000159207 -0.0338514 0)
(0.000320121 -0.033125 0)
(0.000217077 -0.0344864 0)
(0.000178478 -0.0342147 0)
(0.00108386 -0.0322209 0)
(0.000179479 -0.0327463 0)
(-0.000330791 -0.0319496 0)
(0.000254394 -0.0302569 0)
(0.00130509 -0.0343602 0)
(-0.000421143 -0.0310595 0)
(-9.64739e-05 -0.0337116 0)
(5.27766e-05 -0.0352328 0)
(-7.77777e-05 -0.0356407 0)
(-0.000119818 -0.035538 0)
(-7.64375e-05 -0.0355431 0)
(5.81247e-05 -0.0366266 0)
(0.000114376 -0.0360411 0)
(3.68618e-05 -0.0358387 0)
(0.00108587 -0.0379926 0)
(-0.00102499 -0.040214 0)
(9.52728e-05 -0.035746 0)
(-0.000428577 -0.035739 0)
(-0.000653138 -0.0371098 0)
(-2.21443e-05 -0.0401482 0)
(0.000309947 -0.0389649 0)
(0.000538668 -0.0374491 0)
(-0.000849153 -0.0377301 0)
(0.000330546 -0.0376024 0)
(-2.09778e-05 -0.0384843 0)
(-0.000452829 -0.0365258 0)
(-0.00184564 -0.0357952 0)
(-0.00118607 -0.0279683 0)
(0.00194644 -0.0252558 0)
(0.000697198 -0.0272778 0)
(-0.000522863 -0.027964 0)
(-0.000362493 -0.0265391 0)
(0.00225153 -0.033609 0)
(0.00247671 -0.0352498 0)
(0.00113387 -0.0336466 0)
(0.000965861 -0.0336589 0)
(0.00144368 -0.03369 0)
(0.00154949 -0.0349613 0)
(0.000429836 -0.0386079 0)
(0.000103311 -0.0401699 0)
(-0.000471004 -0.033979 0)
(0.00183357 -0.0321944 0)
(0.000601956 -0.032654 0)
(0.000439787 -0.0326048 0)
(-0.000170606 -0.0334558 0)
(0.000773992 -0.0286552 0)
(-0.000495523 -0.038207 0)
(0.00152427 -0.0370223 0)
(-4.78439e-07 -0.0368016 0)
(-0.00213576 -0.0343634 0)
(0.000548285 -0.0322271 0)
(-0.000262432 -0.0283219 0)
(0.000521956 -0.0353031 0)
(2.51878e-05 -0.0346983 0)
(-0.00108706 -0.0352404 0)
(0.000489944 -0.0342404 0)
(0.000821471 -0.0346625 0)
(-0.00132358 -0.0394225 0)
(0.00113111 -0.0402368 0)
(-0.000395419 -0.0425914 0)
(-0.00124712 -0.0406332 0)
(0.000582522 -0.0321585 0)
(0.000913829 -0.0315079 0)
(0.000664138 -0.0354075 0)
(8.99321e-05 -0.0360506 0)
(0.00033124 -0.0370899 0)
(0.000500081 -0.0368878 0)
(-7.964e-05 -0.0367175 0)
(6.80018e-06 -0.0365 0)
(0.00072262 -0.0458256 0)
(0.000522426 -0.0449872 0)
(0.000376766 -0.0434314 0)
(0.000451608 -0.0430388 0)
(-0.000152173 -0.0449462 0)
(-0.000112743 -0.0456964 0)
(0.000302893 -0.0484724 0)
(0.000106259 -0.0455009 0)
(-0.000374545 -0.0419197 0)
(0.000492503 -0.0404444 0)
(-6.45236e-05 -0.0380392 0)
(-0.00137559 -0.0371603 0)
(-0.00100288 -0.0444947 0)
(0.00124437 -0.041649 0)
(0.000995562 -0.0414478 0)
(-0.000219481 -0.0434319 0)
(-0.000684921 -0.0448627 0)
(-0.000734031 -0.042755 0)
(0.00251913 -0.0391654 0)
(0.00120659 -0.0411867 0)
(0.000424466 -0.0420946 0)
(0.000154923 -0.0412196 0)
(-0.000129221 -0.0403992 0)
(2.99857e-05 -0.0399831 0)
(2.51822e-05 -0.0399469 0)
(-0.000256735 -0.0393856 0)
(7.2528e-05 -0.0388515 0)
(0.00061271 -0.0359568 0)
(0.00131749 -0.0430114 0)
(-0.000470719 -0.0397675 0)
(0.00192285 -0.0419885 0)
(0.000740282 -0.042259 0)
(-0.000448108 -0.0441499 0)
(-0.000109283 -0.0437389 0)
(0.00163094 -0.0440514 0)
(-0.000218019 -0.0454276 0)
(-0.000406233 -0.0458297 0)
(-0.000300724 -0.0479538 0)
(0.00178967 -0.0434413 0)
(0.00112973 -0.0430372 0)
(0.000285012 -0.0443826 0)
(0.000888493 -0.0448271 0)
(0.000385761 -0.0459174 0)
(0.000481274 -0.0457056 0)
(-0.000952992 -0.044927 0)
(-0.00043169 -0.0446895 0)
(0.000385882 -0.0430096 0)
(-0.0009537 -0.0399105 0)
(0.000979171 -0.0448749 0)
(0.00014747 -0.0445639 0)
(0.000631761 -0.0453916 0)
(0.000256101 -0.0451349 0)
(-9.04917e-05 -0.0452973 0)
(0.00109493 -0.0449759 0)
(0.000940216 -0.0457383 0)
(0.000532937 -0.0447358 0)
(-0.0002912 -0.0481105 0)
(7.44156e-05 -0.049205 0)
(-0.000197275 -0.0500336 0)
(-0.000165957 -0.049988 0)
(0.000868141 -0.0464664 0)
(0.000929777 -0.0471171 0)
(8.24314e-05 -0.04595 0)
(-0.000775568 -0.0466014 0)
(-0.000902744 -0.047746 0)
(-0.000916894 -0.0449523 0)
(-0.00145378 -0.0446923 0)
(-0.00111151 -0.0440613 0)
(0.000219824 -0.0446411 0)
(-0.000335142 -0.0431919 0)
(-0.000235869 -0.0439866 0)
(0.000434662 -0.0424259 0)
(0.000368307 -0.0437417 0)
(0.000112691 -0.0438036 0)
(-7.53515e-05 -0.0438494 0)
(0.00013107 -0.0440976 0)
(-0.000978456 -0.0450496 0)
(4.17698e-05 -0.0440308 0)
(-0.000197177 -0.0429279 0)
(-0.000862627 -0.0451993 0)
(0.000981094 -0.0454629 0)
(0.00137292 -0.0446666 0)
(0.00149103 -0.0441891 0)
(0.000404487 -0.0441123 0)
(-0.000190743 -0.0457689 0)
(-0.000116628 -0.0459368 0)
(0.000302902 -0.0460818 0)
(0.000130658 -0.0487796 0)
(0.0010734 -0.0462678 0)
(0.00111646 -0.0448028 0)
(0.000529504 -0.0455723 0)
(0.000140755 -0.0470742 0)
(0.000395305 -0.0469894 0)
(-0.000665097 -0.0470702 0)
(-0.0004242 -0.0469375 0)
(-0.000329374 -0.0473961 0)
(0.000344423 -0.0472041 0)
(0.000349213 -0.0468829 0)
(0.000418547 -0.0437301 0)
(0.000289926 -0.0451715 0)
(0.000775745 -0.0469505 0)
(0.000360845 -0.0487483 0)
(3.57901e-06 -0.0482753 0)
(-0.00028846 -0.0513409 0)
(-0.000507843 -0.0504223 0)
(0.000172521 -0.0485824 0)
(0.000292472 -0.0487055 0)
(-0.000227143 -0.0491255 0)
(-0.00242517 -0.0477078 0)
(-0.00077692 -0.046664 0)
(-0.00090169 -0.0472081 0)
(-0.00190494 -0.0474413 0)
(-0.00094388 -0.0481002 0)
(-0.00101293 -0.0480233 0)
(-0.000146568 -0.0471298 0)
(0.00031721 -0.0460379 0)
(-1.56923e-05 -0.0456238 0)
(-0.00115302 -0.0447696 0)
(-0.000303916 -0.0445471 0)
(3.44382e-05 -0.0451783 0)
(0.000145723 -0.0462118 0)
(0.000917585 -0.0453326 0)
(0.000435266 -0.0439384 0)
(0.000217214 -0.0448362 0)
(-0.000272765 -0.0459612 0)
(0.000158487 -0.0470421 0)
(0.000811509 -0.0455899 0)
(0.000819563 -0.0451948 0)
(-0.000628312 -0.0447637 0)
(0.000928143 -0.0459275 0)
(-3.15274e-05 -0.0459494 0)
(0.000497613 -0.0460603 0)
(0.000315244 -0.0458823 0)
(0.000537971 -0.0442421 0)
(-0.000392511 -0.0461078 0)
(-0.000249065 -0.0472978 0)
(2.10347e-05 -0.0464116 0)
(-0.000525699 -0.0453877 0)
(0.00028803 -0.0466332 0)
(0.000405427 -0.0475247 0)
(-0.000515566 -0.0487533 0)
(-0.00150188 -0.0463662 0)
(0.000146691 -0.0476504 0)
(-1.24715e-05 -0.0463397 0)
(-0.000282672 -0.0446017 0)
(-0.000524291 -0.0460488 0)
(0.000236219 -0.0448994 0)
(-0.000623621 -0.0452364 0)
(-3.64597e-05 -0.0449391 0)
(9.30066e-05 -0.0425962 0)
(0.000720345 -0.0430987 0)
(-0.00074394 -0.0509993 0)
(-0.000372524 -0.0503558 0)
(-0.000169643 -0.0491502 0)
(0.000333921 -0.0481758 0)
(0.000997119 -0.0479872 0)
(3.10467e-05 -0.0467412 0)
(7.03034e-06 -0.0455219 0)
(-0.000599373 -0.0470404 0)
(-0.000268643 -0.0474747 0)
(-0.00061018 -0.0474124 0)
(-0.000806014 -0.0471114 0)
(-0.000264428 -0.04635 0)
(-6.04281e-05 -0.04623 0)
(0.000237054 -0.0471757 0)
(-0.000419839 -0.0437629 0)
(0.000132221 -0.0444514 0)
(-0.000371507 -0.0441697 0)
(-0.000797093 -0.046373 0)
(0.000288097 -0.0473969 0)
(-5.10307e-05 -0.0480988 0)
(0.000406036 -0.0476283 0)
(0.00135753 -0.0470731 0)
(0.000779486 -0.0459925 0)
(0.000562636 -0.0466012 0)
(0.00136236 -0.0476164 0)
(0.000399585 -0.0449398 0)
(-0.000354382 -0.0448717 0)
(-0.000213732 -0.0459011 0)
(-0.000344336 -0.0475963 0)
(-0.00015024 -0.0460665 0)
(0.000496478 -0.0452487 0)
(0.000184549 -0.0466471 0)
(0.00058512 -0.0469446 0)
(0.000496697 -0.0475202 0)
(0.000148119 -0.0467585 0)
(0.000216794 -0.0473772 0)
(-0.000229678 -0.0491691 0)
(0.000240196 -0.0486104 0)
(0.000239069 -0.0482528 0)
(0.000358699 -0.0457195 0)
(5.24859e-06 -0.0474324 0)
(-0.00045002 -0.0454499 0)
(4.73015e-05 -0.0466519 0)
(-0.000142172 -0.0478574 0)
(0.000312288 -0.0489033 0)
(9.21916e-06 -0.0487258 0)
(1.02771e-05 -0.0471289 0)
(6.00974e-06 -0.0449025 0)
(0.00038779 -0.0501067 0)
(-0.000501229 -0.0500376 0)
(-0.000336168 -0.049205 0)
(-0.000422471 -0.0482759 0)
(0.000345828 -0.0475557 0)
(1.29524e-05 -0.0469679 0)
(-0.000934878 -0.0419246 0)
(-0.000721947 -0.0454443 0)
(-0.000367666 -0.0457885 0)
(-0.000290231 -0.0458309 0)
(-0.000510823 -0.0475557 0)
(-0.000264137 -0.0459534 0)
(5.12052e-05 -0.0443697 0)
(7.27556e-06 -0.0444481 0)
(0.000152404 -0.0457338 0)
(0.000538472 -0.0468917 0)
(0.000924288 -0.0473917 0)
(0.00077481 -0.0475854 0)
(0.000744299 -0.0496041 0)
(0.000701778 -0.0487415 0)
(0.000351093 -0.0476819 0)
(0.000647318 -0.048942 0)
(0.000522198 -0.0503338 0)
(5.50003e-05 -0.0496159 0)
(0.000202674 -0.0496478 0)
(1.44784e-05 -0.0495217 0)
(0.000347466 -0.0491951 0)
(0.000107892 -0.0475386 0)
(0.000163151 -0.0476282 0)
(-0.00112251 -0.0469727 0)
(-0.000447186 -0.0479959 0)
(-0.00034199 -0.0472286 0)
(-0.000170822 -0.0479856 0)
(-0.000123494 -0.0478942 0)
(-1.37309e-05 -0.0477783 0)
(0.000787619 -0.0481907 0)
(0.000703932 -0.0486456 0)
(0.000376343 -0.048184 0)
(0.000513548 -0.049169 0)
(0.0003211 -0.0470122 0)
(0.000618892 -0.0472843 0)
(-0.00133899 -0.0486982 0)
(-0.000245398 -0.0490704 0)
(0.000296677 -0.0482874 0)
(0.000383845 -0.048245 0)
(-0.00112916 -0.0482798 0)
(-4.24488e-05 -0.049389 0)
(-0.000774034 -0.0486625 0)
(-0.000361153 -0.0496531 0)
(0.00018763 -0.0464511 0)
(-0.000145498 -0.0479926 0)
(-5.04968e-05 -0.0481759 0)
(0.000232702 -0.0480223 0)
(0.000264844 -0.0476627 0)
(0.000406592 -0.0475014 0)
(0.000102928 -0.0471872 0)
(-0.000229229 -0.047511 0)
(-0.00190218 -0.0429826 0)
(-0.00146192 -0.0494532 0)
(-0.000281481 -0.0473124 0)
(0.000928403 -0.048389 0)
(0.000564248 -0.0505354 0)
(-0.000342515 -0.0479945 0)
(-3.22146e-05 -0.04583 0)
(0.000498836 -0.0467005 0)
(9.11234e-05 -0.0476715 0)
(-0.000830856 -0.0478443 0)
(-0.000271556 -0.0467796 0)
(-0.000881409 -0.0471434 0)
(0.000236117 -0.0505092 0)
(-0.000320298 -0.0520249 0)
(-0.000172684 -0.0526444 0)
(0.000437328 -0.0525048 0)
(-0.00048552 -0.0516452 0)
(0.000105845 -0.0514778 0)
(0.000360762 -0.0508892 0)
(0.000170971 -0.0508624 0)
(-8.18353e-05 -0.051797 0)
(-0.000101129 -0.04985 0)
(-0.000329011 -0.0495404 0)
(-0.000263262 -0.0492789 0)
(-0.000313545 -0.0496262 0)
(-0.000734985 -0.0485577 0)
(0.00035096 -0.049586 0)
(-0.000642667 -0.0491721 0)
(-3.66492e-05 -0.048949 0)
(0.000812252 -0.0489353 0)
(0.000746423 -0.049296 0)
(0.00012195 -0.0488491 0)
(0.000293937 -0.0488537 0)
(0.000222475 -0.0489819 0)
(0.000290077 -0.0495324 0)
(1.99251e-05 -0.0488174 0)
(-5.69206e-05 -0.0490159 0)
(-0.00018632 -0.0493129 0)
(8.86134e-05 -0.0494229 0)
(0.000147732 -0.0491635 0)
(-0.000178378 -0.0474069 0)
(-1.52722e-05 -0.0479779 0)
(-0.000114426 -0.0482258 0)
(-0.000297512 -0.0483817 0)
(0.00196848 -0.0467325 0)
(0.000558191 -0.0484782 0)
(-0.00039539 -0.0475046 0)
(-0.000449844 -0.0462444 0)
(-0.000149053 -0.0455562 0)
(0.000718104 -0.0474349 0)
(0.00035507 -0.0476749 0)
(0.00104157 -0.048139 0)
(-0.000163845 -0.0472173 0)
(-0.000635432 -0.0481428 0)
(-0.000819498 -0.0490915 0)
(0.001195 -0.0501385 0)
(-0.000522794 -0.0504889 0)
(0.00019283 -0.0521179 0)
(0.000591263 -0.0518581 0)
(0.000659251 -0.0504053 0)
(-5.60916e-05 -0.0506402 0)
(5.16224e-05 -0.0509865 0)
(-0.000599127 -0.0499311 0)
(-0.00211316 -0.0511226 0)
(4.69943e-05 -0.0509452 0)
(-0.000911211 -0.0530553 0)
(-1.14791e-05 -0.0546233 0)
(0.0002373 -0.054544 0)
(0.000261583 -0.0526937 0)
(0.000161361 -0.0521563 0)
(0.000250412 -0.0512573 0)
(0.000127002 -0.0519457 0)
(-0.000383462 -0.051724 0)
(-0.000302424 -0.0522598 0)
(-0.00035394 -0.051353 0)
(-1.6631e-05 -0.0516133 0)
(-7.92783e-05 -0.0516262 0)
(-0.00226121 -0.0496642 0)
(-0.000393189 -0.0498002 0)
(-0.000621694 -0.0501229 0)
(0.0002553 -0.0490743 0)
(4.00021e-05 -0.0501636 0)
(0.000610316 -0.0496715 0)
(0.000200159 -0.0496819 0)
(-0.000116566 -0.0493159 0)
(0.00030346 -0.0494226 0)
(0.000271451 -0.0486757 0)
(-4.56384e-05 -0.0488273 0)
(-0.000471159 -0.0480524 0)
(0.000185013 -0.0478281 0)
(-0.000173505 -0.0470909 0)
(0.000284103 -0.0463716 0)
(0.000415635 -0.0469475 0)
(-0.000150428 -0.0475964 0)
(-0.000733244 -0.0476055 0)
(0.00143617 -0.0485536 0)
(5.025e-05 -0.0476579 0)
(0.000100852 -0.047213 0)
(-1.27908e-05 -0.0452242 0)
(0.00056744 -0.0464028 0)
(0.000759528 -0.0477342 0)
(0.000862327 -0.0489073 0)
(-0.000422208 -0.0469413 0)
(-0.000292657 -0.0468761 0)
(-0.000364898 -0.0474937 0)
(0.000300906 -0.0476525 0)
(3.17176e-05 -0.0500602 0)
(0.00121399 -0.0501306 0)
(6.34963e-05 -0.0511007 0)
(-0.000414778 -0.0536526 0)
(0.00068538 -0.0551345 0)
(0.000389425 -0.055257 0)
(0.000864242 -0.0547291 0)
(-5.27294e-06 -0.0543053 0)
(0.000370386 -0.0537719 0)
(-0.000539379 -0.0533147 0)
(-0.00107034 -0.0534045 0)
(-0.000633436 -0.0540711 0)
(-7.59361e-05 -0.0545049 0)
(0.000528801 -0.0518018 0)
(3.66617e-05 -0.0542593 0)
(0.00027654 -0.05051 0)
(-0.000274967 -0.0508154 0)
(0.000371862 -0.0512057 0)
(2.22674e-05 -0.048377 0)
(-0.000187008 -0.0484866 0)
(-4.94214e-05 -0.050313 0)
(0.000721268 -0.0512224 0)
(-0.000971322 -0.0497374 0)
(-0.000300678 -0.0478741 0)
(-0.00049097 -0.0466469 0)
(0.000660564 -0.0490052 0)
(0.000308438 -0.0504835 0)
(0.000970836 -0.0506714 0)
(0.000161948 -0.0492724 0)
(0.000280235 -0.0491284 0)
(7.8423e-05 -0.0497823 0)
(0.00075008 -0.0470408 0)
(-2.83006e-05 -0.0485074 0)
(0.000825429 -0.0467539 0)
(0.000108189 -0.0476157 0)
(-0.000432707 -0.0466725 0)
(0.000524354 -0.0464966 0)
(0.000282881 -0.0456873 0)
(-0.00016455 -0.0449767 0)
(-0.000481797 -0.0466075 0)
(0.000543565 -0.050179 0)
(0.000657201 -0.0477462 0)
(0.0010929 -0.0466811 0)
(0.000244462 -0.0453245 0)
(7.02869e-05 -0.0459628 0)
(-0.00124524 -0.0481266 0)
(-0.0008332 -0.0481016 0)
(0.000485783 -0.0454051 0)
(-0.000611515 -0.0450797 0)
(-0.000207366 -0.0463946 0)
(-8.34861e-05 -0.0465378 0)
(0.000142084 -0.0463621 0)
(0.000633441 -0.0480087 0)
(0.000632452 -0.0485502 0)
(-0.000514718 -0.052241 0)
(-0.000210922 -0.0528634 0)
(9.86376e-05 -0.0529921 0)
(7.64828e-05 -0.0518339 0)
(-0.000124251 -0.0557286 0)
(0.000921859 -0.0546336 0)
(-0.000312927 -0.0504802 0)
(0.000307653 -0.0505509 0)
(0.000518385 -0.0525109 0)
(0.000433395 -0.0504278 0)
(0.00107709 -0.0510675 0)
(0.00113917 -0.0498878 0)
(0.000802592 -0.0491255 0)
(-2.40178e-05 -0.0496762 0)
(0.00034607 -0.0483091 0)
(-1.09097e-05 -0.0473319 0)
(-0.000283798 -0.0474031 0)
(0.000514397 -0.0454336 0)
(-0.00125921 -0.0468668 0)
(4.73439e-05 -0.0464375 0)
(-0.000190258 -0.0485261 0)
(-0.000112878 -0.0494318 0)
(0.000131911 -0.0487762 0)
(-7.2935e-05 -0.0483162 0)
(0.000378514 -0.0497525 0)
(0.000125907 -0.04839 0)
(8.95237e-05 -0.0474025 0)
(-0.000695394 -0.0465568 0)
(0.000497419 -0.0470534 0)
(0.000612033 -0.0478432 0)
(0.000305488 -0.0467046 0)
(4.4721e-05 -0.0479304 0)
(-0.000896883 -0.0430881 0)
(3.8885e-05 -0.0452535 0)
(-0.00010562 -0.0454008 0)
(0.000279595 -0.0480821 0)
(0.000165665 -0.0488307 0)
(0.000537979 -0.0484893 0)
(0.000515837 -0.0484657 0)
(0.000742458 -0.046371 0)
(0.000641243 -0.0464695 0)
(0.000101591 -0.0468398 0)
(3.32615e-05 -0.0465208 0)
(0.000234852 -0.0440478 0)
(-3.44291e-05 -0.0420268 0)
(-0.000290583 -0.0418189 0)
(-0.000586758 -0.0426358 0)
(-0.000808024 -0.0428521 0)
(0.000224048 -0.0414957 0)
(0.00071876 -0.0419596 0)
(-0.000494235 -0.0430325 0)
(-0.000673854 -0.043275 0)
(0.000719059 -0.0439881 0)
(-0.000168823 -0.0474658 0)
(-0.000849418 -0.0504197 0)
(0.000461601 -0.0506787 0)
(-4.07816e-05 -0.0509286 0)
(-0.000117336 -0.0514164 0)
(-0.00110622 -0.0508036 0)
(-0.00152199 -0.0489483 0)
(0.000730243 -0.0489347 0)
(0.000465036 -0.049225 0)
(-6.35035e-05 -0.0488108 0)
(0.00042724 -0.049045 0)
(0.000351449 -0.0478489 0)
(0.000351537 -0.0473118 0)
(0.000267276 -0.0474064 0)
(-0.000210184 -0.0478571 0)
(0.00012636 -0.0463214 0)
(-0.00104596 -0.0468286 0)
(-0.000278907 -0.0481798 0)
(0.000265385 -0.0483993 0)
(0.000279222 -0.049137 0)
(0.000405257 -0.0493925 0)
(0.000800396 -0.0494312 0)
(-0.000949365 -0.0480152 0)
(-0.00111215 -0.0477541 0)
(-0.000842162 -0.0473474 0)
(0.00066102 -0.0444977 0)
(1.75294e-05 -0.0462924 0)
(0.000476191 -0.046547 0)
(0.000280831 -0.0450453 0)
(0.000426368 -0.0437524 0)
(-8.25151e-05 -0.0441317 0)
(0.00028402 -0.0480933 0)
(5.16873e-05 -0.0496111 0)
(-0.000139209 -0.0510708 0)
(0.000672118 -0.0485236 0)
(0.000638943 -0.047896 0)
(0.000548188 -0.0477732 0)
(0.000477695 -0.0466711 0)
(0.000503511 -0.0470977 0)
(0.000272225 -0.0469118 0)
(0.000444617 -0.0458276 0)
(-0.000265437 -0.045299 0)
(0.000169348 -0.0453936 0)
(-0.00188417 -0.040359 0)
(-0.000229135 -0.0427221 0)
(0.0011132 -0.0410921 0)
(-0.000124143 -0.0389687 0)
(0.000800611 -0.0385249 0)
(0.000815846 -0.0384325 0)
(-0.000107342 -0.0392587 0)
(0.000750839 -0.0438022 0)
(0.000109034 -0.0459992 0)
(-0.00013146 -0.0472698 0)
(-0.000281974 -0.0460929 0)
(-0.00197919 -0.0473618 0)
(0.000968791 -0.0459588 0)
(0.00112924 -0.0458259 0)
(0.00118357 -0.0461021 0)
(0.000851266 -0.0478072 0)
(0.000600709 -0.0491997 0)
(-0.000153096 -0.0487009 0)
(0.00019321 -0.0480706 0)
(0.000122917 -0.0469301 0)
(0.000250194 -0.0462209 0)
(1.75282e-05 -0.0463738 0)
(0.00186523 -0.0472683 0)
(-0.000454542 -0.0475238 0)
(-0.00043693 -0.0480091 0)
(2.026e-05 -0.0479398 0)
(9.01073e-05 -0.0479156 0)
(0.000430584 -0.0483436 0)
(-0.000623646 -0.0475861 0)
(-0.000850627 -0.0471477 0)
(-0.000175094 -0.0471395 0)
(-0.000108337 -0.0470269 0)
(0.000938692 -0.0434686 0)
(0.00135009 -0.0449674 0)
(0.000250554 -0.0447582 0)
(-0.000811112 -0.045391 0)
(-0.000174747 -0.0437499 0)
(0.000437716 -0.0432823 0)
(-0.000502852 -0.0446394 0)
(-9.01161e-05 -0.0481636 0)
(0.000195331 -0.0484393 0)
(-0.000249593 -0.0497059 0)
(-8.24357e-05 -0.0495985 0)
(-4.25787e-05 -0.0489238 0)
(0.000247578 -0.0480168 0)
(-0.000501305 -0.0446584 0)
(0.000551581 -0.0468488 0)
(0.000436739 -0.0478395 0)
(0.000289666 -0.0456162 0)
(-0.000688432 -0.0456684 0)
(-0.000664139 -0.0458876 0)
(-0.00179188 -0.0484694 0)
(0.000414836 -0.042462 0)
(0.000677346 -0.0432287 0)
(0.000699072 -0.0486336 0)
(0.000687876 -0.0451375 0)
(0.00108128 -0.0443704 0)
(0.00121823 -0.0431564 0)
(0.000953594 -0.0439541 0)
(0.000538396 -0.0434174 0)
(-0.000287654 -0.0445385 0)
(-0.00017314 -0.0442969 0)
(0.00122951 -0.0467614 0)
(0.000253577 -0.0483179 0)
(-0.00040523 -0.047863 0)
(-0.00133955 -0.0478805 0)
(-0.000637164 -0.0459229 0)
(-0.000564117 -0.0453317 0)
(-0.000263331 -0.0436916 0)
(0.000260412 -0.0444897 0)
(-0.000814767 -0.0451265 0)
(-0.000574125 -0.0472956 0)
(-0.0005155 -0.0481712 0)
(0.00047344 -0.0480703 0)
(0.000772339 -0.0490651 0)
(-0.000434072 -0.0459045 0)
(-0.00133546 -0.0477156 0)
(-0.00110316 -0.0476627 0)
(-0.00109551 -0.0454634 0)
(-8.66318e-05 -0.0467869 0)
(-0.000183619 -0.0470291 0)
(0.000110822 -0.0475322 0)
(0.000256479 -0.0466528 0)
(0.000178818 -0.0438322 0)
(1.65641e-05 -0.0424132 0)
(0.000689875 -0.0410038 0)
(8.20273e-05 -0.0461878 0)
(0.000469296 -0.0458768 0)
(-0.000374443 -0.0451475 0)
(0.000387586 -0.0449224 0)
(-0.000740029 -0.0488352 0)
(0.0002486 -0.0483103 0)
(8.3433e-05 -0.0468189 0)
(1.76951e-05 -0.0439099 0)
(-0.000315173 -0.044933 0)
(6.95495e-05 -0.0450947 0)
(-0.000790814 -0.0480801 0)
(0.000265392 -0.0469443 0)
(-0.000456744 -0.0484021 0)
(0.000481003 -0.0494633 0)
(-0.000735252 -0.0494089 0)
(0.000158578 -0.0483706 0)
(1.12814e-06 -0.0482875 0)
(3.89566e-05 -0.050084 0)
(0.000439093 -0.0465352 0)
(0.00132383 -0.0460216 0)
(0.000801515 -0.0442804 0)
(0.00105742 -0.0457842 0)
(0.000960118 -0.04383 0)
(0.000214569 -0.0435687 0)
(-3.01428e-05 -0.0449864 0)
(-0.000101216 -0.0457277 0)
(0.000198914 -0.0467372 0)
(-6.07676e-05 -0.0457283 0)
(-0.000102761 -0.0431083 0)
(-0.000139685 -0.0457549 0)
(-0.00157577 -0.046099 0)
(-0.00108695 -0.0463461 0)
(7.47169e-05 -0.0452203 0)
(0.000293072 -0.0444633 0)
(-5.96826e-05 -0.0479449 0)
(0.000447016 -0.0468439 0)
(-5.61898e-05 -0.0450806 0)
(-1.88675e-05 -0.0445073 0)
(-0.000420475 -0.0442665 0)
(-0.00151772 -0.0478052 0)
(-0.000291197 -0.0466075 0)
(-8.83808e-05 -0.0482072 0)
(-1.58205e-05 -0.0485055 0)
(-0.000697509 -0.0464988 0)
(-0.00132861 -0.045075 0)
(-0.000717439 -0.0456157 0)
(0.00090285 -0.047499 0)
(-0.000178018 -0.0472351 0)
(-0.000568318 -0.046032 0)
(0.00186141 -0.0451911 0)
(0.00141141 -0.045455 0)
(-0.000473818 -0.0498796 0)
(-1.4552e-05 -0.0489391 0)
(-0.000697708 -0.0493248 0)
(-8.59634e-05 -0.0479882 0)
(-0.00017789 -0.0477723 0)
(-0.00029553 -0.0469455 0)
(0.000182581 -0.0471409 0)
(4.5208e-05 -0.0448521 0)
(0.000953791 -0.0455536 0)
(-0.000778169 -0.0462599 0)
(-0.00077503 -0.0503401 0)
(-0.00035694 -0.0503329 0)
(9.99654e-05 -0.0513382 0)
(0.0004731 -0.0512715 0)
(0.000341952 -0.0500104 0)
(-0.00178388 -0.0490631 0)
(-0.000862999 -0.0470308 0)
(-0.000813091 -0.0467675 0)
(-3.30549e-06 -0.0461184 0)
(0.00132002 -0.0459435 0)
(0.00067372 -0.0445302 0)
(-2.8171e-05 -0.0431597 0)
(0.000146265 -0.0431598 0)
(-0.000673562 -0.0427567 0)
(-0.000524418 -0.0442831 0)
(-0.000759861 -0.0450223 0)
(-0.000297897 -0.0441038 0)
(-0.000582914 -0.0451662 0)
(-4.26412e-05 -0.044177 0)
(-0.000403073 -0.0445075 0)
(-0.00108012 -0.0460734 0)
(-0.000236723 -0.0471359 0)
(0.000270808 -0.0463033 0)
(0.000173161 -0.0477104 0)
(0.000773749 -0.0441053 0)
(-1.12791e-05 -0.0442177 0)
(0.000285698 -0.0443767 0)
(2.43489e-05 -0.0449421 0)
(-0.00135315 -0.0457566 0)
(-0.000380292 -0.0457723 0)
(0.000467098 -0.0474083 0)
(0.000979595 -0.047699 0)
(0.000754072 -0.0480025 0)
(0.000358667 -0.0472856 0)
(0.000764934 -0.0472945 0)
(-0.000796053 -0.0470364 0)
(0.000415502 -0.0471869 0)
(-0.000129107 -0.0494831 0)
(-0.000332688 -0.0488577 0)
(0.000549584 -0.0478595 0)
(-4.92853e-05 -0.0492427 0)
(-0.000193656 -0.0498711 0)
(-9.50498e-05 -0.0481917 0)
(-0.000487822 -0.0494816 0)
(-0.000389717 -0.0464765 0)
(-0.000868315 -0.046439 0)
(-0.00204559 -0.0469562 0)
(0.000370245 -0.0490318 0)
(-8.27608e-06 -0.0495247 0)
(0.000111133 -0.0493834 0)
(2.86929e-05 -0.0491736 0)
(0.000217816 -0.0524037 0)
(0.000374842 -0.0497417 0)
(-3.39519e-05 -0.0492039 0)
(-0.00067812 -0.0461923 0)
(0.00131621 -0.0465444 0)
(-0.000208781 -0.0486436 0)
(-0.000841044 -0.0480474 0)
(0.000449375 -0.0472665 0)
(0.000691368 -0.0463676 0)
(7.98134e-05 -0.0442585 0)
(0.000278897 -0.0465248 0)
(5.17892e-05 -0.0438683 0)
(-0.000520005 -0.0432589 0)
(0.00137078 -0.0427555 0)
(0.000411275 -0.044734 0)
(-0.000444167 -0.0461198 0)
(-0.00052379 -0.0469831 0)
(0.000467747 -0.0454821 0)
(0.000734906 -0.0450954 0)
(0.00044816 -0.0464028 0)
(-0.000121312 -0.0459521 0)
(5.57278e-05 -0.046482 0)
(-0.000228096 -0.0460698 0)
(-0.000204956 -0.0454218 0)
(-0.000481038 -0.0442312 0)
(-0.000385799 -0.0469849 0)
(-0.000347471 -0.0460682 0)
(8.4475e-05 -0.0473618 0)
(0.000332366 -0.047201 0)
(0.000506126 -0.0469215 0)
(0.000213957 -0.0467769 0)
(0.000940813 -0.041116 0)
(-0.000183555 -0.0432297 0)
(-0.000149326 -0.0419309 0)
(0.000561214 -0.0449481 0)
(-0.000465669 -0.0466706 0)
(0.000382209 -0.0468311 0)
(-0.00106342 -0.0479328 0)
(-0.000140679 -0.049418 0)
(-0.000479597 -0.0494393 0)
(-0.000838705 -0.05031 0)
(-0.000235859 -0.0487528 0)
(-0.000701669 -0.0478041 0)
(-0.000204963 -0.0466401 0)
(-0.000132404 -0.0482445 0)
(7.62569e-05 -0.0483334 0)
(0.000464716 -0.0487792 0)
(-0.000816968 -0.0503405 0)
(-0.000361796 -0.0502148 0)
(-4.8901e-05 -0.0512665 0)
(-3.15954e-05 -0.0511073 0)
(2.89027e-05 -0.0510367 0)
(-0.000117551 -0.0509133 0)
(-0.000127799 -0.0493489 0)
(0.000410663 -0.0494795 0)
(-0.00075642 -0.0493969 0)
(8.86534e-05 -0.048291 0)
(-0.000537329 -0.0485228 0)
(-0.000259255 -0.0470931 0)
(-0.000298668 -0.0457384 0)
(-0.000170487 -0.0473012 0)
(0.000205308 -0.0475053 0)
(0.000268644 -0.0475843 0)
(3.23157e-05 -0.0476724 0)
(0.000125772 -0.0474801 0)
(0.000278907 -0.0476039 0)
(2.76111e-06 -0.0481342 0)
(0.000506339 -0.0463317 0)
(-0.000147162 -0.045493 0)
(2.62467e-05 -0.0456013 0)
(-0.000627622 -0.0427845 0)
(0.000404024 -0.041912 0)
(-0.000869594 -0.0432341 0)
(-0.000314711 -0.0435942 0)
(-2.47932e-05 -0.0433651 0)
(-0.000231323 -0.0448999 0)
(-0.000834779 -0.046446 0)
(-0.000479432 -0.0473548 0)
(-0.000372771 -0.0477873 0)
(0.000329862 -0.0451697 0)
(0.00172313 -0.0454463 0)
(-0.000135496 -0.0474072 0)
(0.000770777 -0.0443997 0)
(-9.83552e-05 -0.045108 0)
(-0.000762372 -0.0464779 0)
(1.54523e-05 -0.0467408 0)
(-0.000967707 -0.0470012 0)
(-0.000264544 -0.0468371 0)
(-0.000518785 -0.0452687 0)
(0.000136435 -0.0472213 0)
(-0.000484899 -0.0477149 0)
(-0.00149604 -0.0470147 0)
(-0.000367672 -0.0469236 0)
(-0.000482821 -0.046906 0)
(0.000608443 -0.0490836 0)
(-0.000276771 -0.0485856 0)
(-0.000968939 -0.0479087 0)
(-0.000137857 -0.0486756 0)
(0.000128938 -0.0507884 0)
(0.000116596 -0.0517719 0)
(-0.00022155 -0.0519492 0)
(-5.77113e-05 -0.0526226 0)
(-0.000491223 -0.0531121 0)
(-2.10346e-06 -0.0507986 0)
(-4.99506e-05 -0.0507027 0)
(2.26421e-05 -0.0508486 0)
(-8.5557e-05 -0.050116 0)
(-0.000365452 -0.0498711 0)
(-0.000388335 -0.0493476 0)
(-0.000480972 -0.0496571 0)
(-0.000596954 -0.0463988 0)
(-0.000506247 -0.047362 0)
(-0.000113141 -0.0490902 0)
(-0.000818755 -0.0492654 0)
(-0.000159692 -0.0492257 0)
(0.00019492 -0.048366 0)
(-8.06275e-05 -0.0471472 0)
(-0.000222458 -0.0473839 0)
(0.000187463 -0.0460753 0)
(6.65262e-05 -0.0458168 0)
(-0.000208729 -0.0430614 0)
(-0.000855289 -0.0408139 0)
(0.00146346 -0.0424848 0)
(-0.00107109 -0.0445198 0)
(-0.000652969 -0.0461554 0)
(-0.000403132 -0.0472065 0)
(0.000446024 -0.0457866 0)
(0.00022369 -0.0459324 0)
(0.000135164 -0.0480125 0)
(-8.19596e-05 -0.0478796 0)
(2.45935e-05 -0.0472989 0)
(0.000321414 -0.0474363 0)
(0.000468447 -0.0472988 0)
(0.000798177 -0.0478451 0)
(-0.000346504 -0.0508196 0)
(-7.017e-05 -0.0508601 0)
(-0.000599734 -0.0498038 0)
(-0.000178123 -0.0496653 0)
(-0.000370239 -0.0487997 0)
(-2.65839e-05 -0.0489766 0)
(-0.000489347 -0.0483898 0)
(0.000769064 -0.0453796 0)
(-0.000489078 -0.0478701 0)
(1.49759e-05 -0.0464243 0)
(-0.000313186 -0.0480867 0)
(-0.000164442 -0.0485803 0)
(-0.00187705 -0.0477707 0)
(-0.000223748 -0.0490967 0)
(-0.000179158 -0.0510092 0)
(-0.000955879 -0.052503 0)
(-0.000119894 -0.0523868 0)
(-0.000572739 -0.0525677 0)
(-0.000302125 -0.0536297 0)
(-0.000369874 -0.0513819 0)
(0.00047346 -0.0508534 0)
(0.000672738 -0.0494545 0)
(0.00208565 -0.0503875 0)
(0.00188515 -0.0521163 0)
(-0.000113692 -0.0519515 0)
(-0.000116809 -0.0519558 0)
(-0.000407686 -0.0513619 0)
(-0.000434407 -0.0506757 0)
(-0.000299451 -0.0485935 0)
(-0.000563049 -0.0483669 0)
(-0.000552931 -0.0484904 0)
(0.000211712 -0.048031 0)
(-0.000149277 -0.0469833 0)
(-0.000104431 -0.0466666 0)
(0.000217848 -0.0466597 0)
(1.17293e-05 -0.0465757 0)
(-6.03977e-05 -0.0466394 0)
(-0.000851376 -0.0450608 0)
(0.000751166 -0.0463955 0)
(-0.0010284 -0.0476769 0)
(-0.00124444 -0.0492363 0)
(-0.00062372 -0.0498416 0)
(0.000649627 -0.0474594 0)
(0.00123952 -0.0472682 0)
(-0.000364534 -0.0484825 0)
(-0.000271352 -0.0493797 0)
(-5.75407e-05 -0.0492683 0)
(-0.000103753 -0.0488157 0)
(-0.00012145 -0.0493352 0)
(-0.000213172 -0.0487262 0)
(-0.000142948 -0.0491119 0)
(-0.00055597 -0.0486814 0)
(0.000252601 -0.0506197 0)
(-0.000714835 -0.0509365 0)
(0.000358053 -0.0492424 0)
(-0.00105897 -0.0480006 0)
(-4.7897e-05 -0.0484079 0)
(0.000349859 -0.043656 0)
(0.000597307 -0.0442845 0)
(-0.000723604 -0.045422 0)
(9.3839e-05 -0.0454298 0)
(-0.000347748 -0.0466723 0)
(0.000217525 -0.0485803 0)
(-0.000558466 -0.0485367 0)
(-0.00121581 -0.0479974 0)
(-0.000501722 -0.0493253 0)
(-2.35706e-05 -0.0517772 0)
(-0.000215895 -0.0526267 0)
(-0.0012899 -0.0528797 0)
(-0.000673737 -0.0521508 0)
(-0.000227305 -0.0518222 0)
(0.000330686 -0.0520802 0)
(0.000427317 -0.0516721 0)
(0.00220199 -0.0522543 0)
(5.90381e-05 -0.0521969 0)
(-0.000706002 -0.0520117 0)
(-0.000693371 -0.0508423 0)
(-0.000466684 -0.0510946 0)
(-0.000234063 -0.0502695 0)
(-0.000327817 -0.0488466 0)
(-0.000733684 -0.0498409 0)
(-0.000231395 -0.0483527 0)
(0.000479847 -0.047375 0)
(-0.00012484 -0.0484747 0)
(-0.000244205 -0.0489015 0)
(-0.000127786 -0.0495529 0)
(2.98428e-05 -0.0472516 0)
(-0.00253247 -0.0462645 0)
(0.00239936 -0.0464139 0)
(-0.00055065 -0.0473004 0)
(-0.000404067 -0.0500511 0)
(0.000471657 -0.0506463 0)
(0.000978875 -0.0490644 0)
(0.000213956 -0.0480618 0)
(-0.000622902 -0.0495409 0)
(-0.000435144 -0.0496833 0)
(-0.000270162 -0.0491626 0)
(7.35453e-05 -0.0488661 0)
(0.00033444 -0.0485345 0)
(0.00024757 -0.049446 0)
(-0.000118178 -0.0465453 0)
(-0.000136665 -0.0467904 0)
(-0.000151604 -0.0468954 0)
(-6.49363e-05 -0.0434809 0)
(-0.000325626 -0.0440369 0)
(-0.00018928 -0.0435985 0)
(-0.00109672 -0.0435536 0)
(-0.000775916 -0.0428209 0)
(-0.000490178 -0.0430202 0)
(0.000287142 -0.0433637 0)
(0.000296747 -0.0424918 0)
(0.00097806 -0.039368 0)
(-0.000615703 -0.0448593 0)
(-0.00192575 -0.0457098 0)
(-0.000594755 -0.0455948 0)
(-0.000500117 -0.0472141 0)
(-8.1455e-05 -0.0497706 0)
(-3.09445e-06 -0.051217 0)
(-0.000242788 -0.0499864 0)
(-0.000211427 -0.0507675 0)
(-7.11176e-05 -0.051548 0)
(9.25755e-07 -0.0513428 0)
(9.39909e-05 -0.0502851 0)
(0.000190977 -0.0507176 0)
(0.000312463 -0.0521239 0)
(-0.000276538 -0.050939 0)
(-0.00121892 -0.0498891 0)
(-0.00200575 -0.0493987 0)
(-0.00208465 -0.049178 0)
(-0.000515487 -0.0496287 0)
(-0.000130889 -0.0494755 0)
(0.000176732 -0.0502301 0)
(-0.00020697 -0.0483893 0)
(-0.000498052 -0.0485393 0)
(-0.000966346 -0.0493982 0)
(0.000232278 -0.0486351 0)
(-0.00034175 -0.0501795 0)
(-0.000648856 -0.0508917 0)
(-0.000278202 -0.0511743 0)
(-2.16548e-05 -0.0512317 0)
(3.22677e-05 -0.0512342 0)
(0.000167152 -0.0511372 0)
(-5.25085e-05 -0.0510106 0)
(-0.000410778 -0.0508976 0)
(-0.0001138 -0.0498525 0)
(-2.00453e-05 -0.0496522 0)
(0.000316488 -0.048269 0)
(2.31176e-05 -0.0478932 0)
(0.000564679 -0.0455565 0)
(-0.000368688 -0.0453381 0)
(-0.000184025 -0.0464777 0)
(5.0212e-05 -0.0466793 0)
(-0.000606526 -0.0484697 0)
(-1.95969e-05 -0.0467122 0)
(0.000401553 -0.0449921 0)
(0.000878955 -0.0464561 0)
(0.000727708 -0.0481194 0)
(-0.000122132 -0.0481623 0)
(-0.000498853 -0.0488641 0)
(-3.14847e-06 -0.045116 0)
(0.000375462 -0.0449687 0)
(0.000414429 -0.0450617 0)
(0.000507491 -0.0407132 0)
(0.000902221 -0.0394749 0)
(-0.000330761 -0.0397018 0)
(0.000234698 -0.04227 0)
(-0.000942977 -0.0444499 0)
(-0.00013262 -0.0453449 0)
(-0.000344505 -0.0439642 0)
(0.00302668 -0.0469756 0)
(0.00108957 -0.0464576 0)
(-0.00104402 -0.0473569 0)
(0.000382552 -0.0481695 0)
(0.000533985 -0.049804 0)
(0.000634467 -0.0504674 0)
(-0.000285313 -0.0504788 0)
(1.01793e-05 -0.0498073 0)
(-0.00163919 -0.0483575 0)
(-0.000196736 -0.0504128 0)
(0.000128803 -0.0494254 0)
(-0.00105025 -0.0506977 0)
(-0.000862964 -0.0498359 0)
(0.0014793 -0.0484019 0)
(-0.00275568 -0.0476415 0)
(0.00143042 -0.0510111 0)
(-0.000359684 -0.0524559 0)
(-0.000693199 -0.0539355 0)
(-0.000150499 -0.0529538 0)
(-0.00133381 -0.0533556 0)
(-0.000898623 -0.0522145 0)
(-0.000556907 -0.0524146 0)
(0.000555155 -0.0531004 0)
(0.000654379 -0.051097 0)
(0.000220829 -0.0501096 0)
(-0.000254688 -0.0486843 0)
(-6.39567e-05 -0.0491253 0)
(-0.000651515 -0.0445961 0)
(0.000137351 -0.0437225 0)
(-0.000211181 -0.0442502 0)
(0.000215676 -0.0460731 0)
(0.00017334 -0.0460131 0)
(-0.000235032 -0.0459437 0)
(0.00010293 -0.0459498 0)
(-0.000446646 -0.0451411 0)
(0.00153024 -0.0458687 0)
(-0.000602881 -0.0478955 0)
(0.000181204 -0.0478759 0)
(0.000171429 -0.0488003 0)
(-0.000373772 -0.0489427 0)
(-9.18698e-05 -0.0492688 0)
(-0.000710749 -0.0468821 0)
(0.000366222 -0.0478274 0)
(-2.55654e-06 -0.0474171 0)
(-0.000982356 -0.046513 0)
(0.000674435 -0.0430898 0)
(0.000941632 -0.0434606 0)
(0.00188431 -0.0424565 0)
(0.000729682 -0.0440119 0)
(0.00100929 -0.0485608 0)
(0.00057086 -0.0481238 0)
(-4.30958e-05 -0.0484185 0)
(0.000492993 -0.0486623 0)
(2.66067e-05 -0.0491089 0)
(-0.000330396 -0.0483187 0)
(-0.000547446 -0.0472489 0)
(-0.000817269 -0.048691 0)
(-0.000712557 -0.0498137 0)
(0.00033918 -0.049664 0)
(-0.000116721 -0.0501779 0)
(-0.000736441 -0.0484232 0)
(-0.00134385 -0.0486777 0)
(-0.0014819 -0.0476731 0)
(0.000172176 -0.0505435 0)
(0.000264747 -0.0540888 0)
(-0.000320053 -0.0549458 0)
(-0.000224531 -0.0548657 0)
(-0.000136792 -0.0529865 0)
(-0.000404046 -0.0545732 0)
(-0.000719163 -0.0525456 0)
(-0.000947654 -0.0523968 0)
(0.00196938 -0.0519326 0)
(0.000876122 -0.050219 0)
(-0.000920265 -0.0478037 0)
(-0.00082851 -0.0487379 0)
(-0.000241335 -0.0469585 0)
(0.000189654 -0.0453883 0)
(-0.000235285 -0.0452875 0)
(6.03904e-05 -0.0463622 0)
(-0.000488296 -0.0457094 0)
(6.38797e-05 -0.0456088 0)
(-0.000130601 -0.0458573 0)
(3.58307e-06 -0.0455411 0)
(2.44119e-05 -0.0456744 0)
(-0.000890892 -0.0473369 0)
(0.000215998 -0.0463249 0)
(0.000250927 -0.0463202 0)
(0.000264538 -0.0462274 0)
(0.000262134 -0.0461739 0)
(-0.000516371 -0.0420085 0)
(9.4538e-05 -0.0433007 0)
(0.000109771 -0.045408 0)
(0.000187352 -0.0446306 0)
(-2.1658e-05 -0.0485537 0)
(-0.000597677 -0.0509521 0)
(0.000545588 -0.0486554 0)
(0.000128489 -0.0496374 0)
(0.00201544 -0.0493194 0)
(0.00160884 -0.0482778 0)
(0.00103182 -0.0471242 0)
(0.000934404 -0.0458485 0)
(0.00032515 -0.0472332 0)
(0.000987526 -0.0475463 0)
(0.000320284 -0.0484549 0)
(0.000675615 -0.0472918 0)
(-0.000310825 -0.0458138 0)
(-0.00105357 -0.0469505 0)
(-7.06345e-05 -0.0469748 0)
(-0.000918106 -0.0481664 0)
(-0.00103789 -0.0499516 0)
(-0.00138207 -0.0497489 0)
(-9.58973e-05 -0.0506182 0)
(0.000300139 -0.05267 0)
(-0.000967265 -0.0530386 0)
(0.00120046 -0.0538498 0)
(-0.000891059 -0.0546515 0)
(-0.000215945 -0.0533524 0)
(0.00104756 -0.0524025 0)
(0.000127625 -0.0520237 0)
(-0.000748632 -0.0499952 0)
(7.1896e-05 -0.0509104 0)
(0.000403432 -0.051781 0)
(-0.000506029 -0.0501694 0)
(-0.00165711 -0.0461399 0)
(-0.000333433 -0.0465132 0)
(5.51901e-05 -0.046067 0)
(-0.0006912 -0.0459059 0)
(6.6383e-05 -0.0462804 0)
(0.000189346 -0.0460903 0)
(-0.000358711 -0.0452582 0)
(0.00125851 -0.0458654 0)
(-5.47072e-05 -0.046746 0)
(3.92428e-06 -0.0478258 0)
(0.000279853 -0.049384 0)
(0.000223295 -0.0461775 0)
(0.000259258 -0.046553 0)
(-0.000797324 -0.046648 0)
(-0.000206117 -0.0462852 0)
(0.000453683 -0.0459061 0)
(0.000159691 -0.0380169 0)
(0.000203112 -0.0383354 0)
(0.000468116 -0.0392654 0)
(-0.00021397 -0.0423506 0)
(0.00140384 -0.0420599 0)
(0.00125531 -0.0485278 0)
(0.000713588 -0.0477904 0)
(-0.000546458 -0.0513901 0)
(0.00162875 -0.0496092 0)
(0.0011392 -0.0492819 0)
(0.00243285 -0.0457747 0)
(0.000806708 -0.0455567 0)
(0.000605274 -0.0454476 0)
(9.63113e-05 -0.0469229 0)
(0.000415011 -0.0471754 0)
(0.000510245 -0.0466562 0)
(-0.000479373 -0.0465816 0)
(-0.00024137 -0.0457762 0)
(0.000847767 -0.0391827 0)
(0.000207991 -0.043373 0)
(-0.000963861 -0.0452491 0)
(-0.00075716 -0.0453406 0)
(-0.00126375 -0.0462073 0)
(-0.000660576 -0.0482928 0)
(-5.82035e-05 -0.050752 0)
(0.000302809 -0.0543606 0)
(-0.000754594 -0.0533834 0)
(-0.000398046 -0.0524284 0)
(-0.000973766 -0.0500933 0)
(7.34897e-05 -0.0527246 0)
(0.000577238 -0.0498415 0)
(0.000205478 -0.0511755 0)
(-0.000724076 -0.0515683 0)
(-0.00107424 -0.0523024 0)
(-0.00225386 -0.0504489 0)
(-0.00128043 -0.0449321 0)
(-5.44588e-05 -0.0477611 0)
(-0.00082788 -0.0474305 0)
(-0.00107543 -0.0461186 0)
(-0.000611048 -0.0466329 0)
(0.000106511 -0.0480944 0)
(6.25436e-05 -0.048561 0)
(0.000116059 -0.049511 0)
(0.000408094 -0.0498533 0)
(0.000756352 -0.0481776 0)
(0.000258404 -0.0475219 0)
(-5.24384e-05 -0.0483623 0)
(-0.000194701 -0.0493093 0)
(-4.01446e-05 -0.0500083 0)
(0.000886899 -0.0467897 0)
(7.50231e-05 -0.0472543 0)
(-0.00141213 -0.0417942 0)
(-0.000161735 -0.0414633 0)
(0.00226819 -0.0415711 0)
(0.00479695 -0.0431526 0)
(0.000434531 -0.0463764 0)
(-0.000267258 -0.0507864 0)
(0.000950533 -0.0511138 0)
(0.00111262 -0.0495539 0)
(-1.46791e-05 -0.0467676 0)
(0.000500032 -0.0447439 0)
(0.000813762 -0.0443138 0)
(0.000483774 -0.0444954 0)
(0.00057949 -0.0443577 0)
(0.000562497 -0.0441273 0)
(0.000125077 -0.0438543 0)
(-0.000206234 -0.0437602 0)
(-0.000521986 -0.0421872 0)
(0.00010069 -0.0404051 0)
(4.74673e-05 -0.0390626 0)
(-0.00065816 -0.0406779 0)
(0.0003628 -0.0383083 0)
(-9.55851e-05 -0.0429784 0)
(-9.51924e-05 -0.043219 0)
(-7.09437e-05 -0.04347 0)
(5.94671e-05 -0.0464879 0)
(-0.000499866 -0.0456281 0)
(-0.000394865 -0.0453241 0)
(-0.000292412 -0.0469132 0)
(-0.00169943 -0.0477938 0)
(0.000547154 -0.0468495 0)
(0.000412288 -0.0500759 0)
(0.000763422 -0.0505987 0)
(0.00247892 -0.0512566 0)
(-0.00107679 -0.0501722 0)
(-0.00210015 -0.0459823 0)
(-0.00348579 -0.044869 0)
(-0.00041779 -0.0457893 0)
(-0.0010805 -0.0456785 0)
(-0.000637484 -0.0446851 0)
(-0.000931331 -0.0452145 0)
(-0.000983871 -0.0474257 0)
(-0.000455678 -0.0494511 0)
(0.000130803 -0.0501558 0)
(0.000171624 -0.0498011 0)
(0.000210978 -0.0497441 0)
(0.000236969 -0.0497157 0)
(-0.000118739 -0.0498642 0)
(-0.000181232 -0.0507827 0)
(-0.000698253 -0.0481322 0)
(-0.000204348 -0.0478082 0)
(-0.00022035 -0.0466609 0)
(0.00110417 -0.0432475 0)
(0.00192295 -0.0418168 0)
(0.00494445 -0.0443174 0)
(0.00303884 -0.0466019 0)
(0.00293485 -0.0467593 0)
(0.00297203 -0.0472886 0)
(0.00109283 -0.0458952 0)
(0.00112246 -0.0447125 0)
(0.000680598 -0.0430748 0)
(0.00012894 -0.0409321 0)
(4.78396e-05 -0.0422223 0)
(-0.000170644 -0.0430496 0)
(2.15199e-05 -0.0437505 0)
(0.000508696 -0.0438688 0)
(0.000297347 -0.0442264 0)
(0.000123057 -0.0448456 0)
(-0.000645336 -0.0438632 0)
(-0.000178781 -0.0426054 0)
(-3.37585e-06 -0.0416695 0)
(-0.000721777 -0.0429022 0)
(-0.000491338 -0.0427861 0)
(-0.000508941 -0.0450131 0)
(0.00163088 -0.0450945 0)
(-0.00024033 -0.0443938 0)
(-0.000413894 -0.0447887 0)
(-0.000214434 -0.0441834 0)
(-0.000526315 -0.0457363 0)
(-0.000497071 -0.0456782 0)
(0.00114576 -0.0460685 0)
(0.00108535 -0.0464437 0)
(0.000533885 -0.0418801 0)
(-0.00411556 -0.0442433 0)
(-0.00363704 -0.0433271 0)
(-0.00232505 -0.039121 0)
(-0.00080834 -0.0391391 0)
(0.000701131 -0.0434624 0)
(-0.000150545 -0.0451824 0)
(-0.000456363 -0.0468204 0)
(-0.00137129 -0.0458089 0)
(-0.00133675 -0.0472355 0)
(-0.000126323 -0.0499188 0)
(0.000333277 -0.0500979 0)
(0.000482922 -0.0502961 0)
(0.000613407 -0.0496781 0)
(0.000201834 -0.0502312 0)
(2.35091e-05 -0.0481514 0)
(-4.78046e-05 -0.0478972 0)
(5.05162e-05 -0.0462186 0)
(-0.000388805 -0.0448856 0)
(-0.000335537 -0.0460326 0)
(-6.86212e-05 -0.0482147 0)
(0.00173359 -0.0443993 0)
(0.00376389 -0.0426388 0)
(0.00344252 -0.0463555 0)
(0.00054792 -0.0466964 0)
(0.000101438 -0.0472051 0)
(0.000869883 -0.0468927 0)
(0.00125733 -0.0423712 0)
(0.00160801 -0.0430967 0)
(0.00052208 -0.0455276 0)
(0.000961097 -0.044656 0)
(0.00164228 -0.0440204 0)
(0.000342643 -0.0445532 0)
(-0.000297397 -0.0455155 0)
(-6.51557e-05 -0.0463484 0)
(7.44362e-05 -0.0465482 0)
(-0.000439212 -0.0456212 0)
(0.000221003 -0.0452138 0)
(-9.95903e-05 -0.043575 0)
(-0.00144553 -0.0442012 0)
(-0.000382958 -0.0462504 0)
(0.000770495 -0.0464252 0)
(0.000670218 -0.0454317 0)
(-1.22223e-05 -0.0462966 0)
(-0.000180303 -0.045582 0)
(0.000198598 -0.0460952 0)
(-3.67759e-05 -0.0429417 0)
(0.00034449 -0.0442386 0)
(0.000590929 -0.0431967 0)
(0.000379415 -0.0437123 0)
(0.00126414 -0.0402189 0)
(-0.000331221 -0.0397094 0)
(0.000346013 -0.0410871 0)
(-0.000453794 -0.0457655 0)
(-0.00187613 -0.0440321 0)
(-0.0016149 -0.0457195 0)
(-0.000641286 -0.0456857 0)
(-0.000395216 -0.0456792 0)
(0.000246727 -0.0457263 0)
(-0.0013772 -0.0466433 0)
(-0.000158828 -0.0451288 0)
(0.000362445 -0.0472665 0)
(0.000122722 -0.0504435 0)
(-0.00171505 -0.0496734 0)
(0.0024609 -0.0466584 0)
(0.000123902 -0.0475557 0)
(0.000264361 -0.0480433 0)
(-0.000313291 -0.0454957 0)
(-0.000280364 -0.0430373 0)
(-0.000281411 -0.0441738 0)
(0.000248943 -0.0445214 0)
(-0.0001302 -0.0441699 0)
(0.00106839 -0.0470662 0)
(0.00045037 -0.047114 0)
(0.0006445 -0.0477022 0)
(0.000828358 -0.0476288 0)
(-0.000609449 -0.0475169 0)
(-0.000234027 -0.0463215 0)
(-0.000241075 -0.0463633 0)
(0.000340054 -0.0454713 0)
(0.000286934 -0.0460513 0)
(-8.36517e-05 -0.0467672 0)
(-1.98641e-05 -0.0465187 0)
(4.67458e-05 -0.046401 0)
(0.000477493 -0.0457564 0)
(0.00050407 -0.045631 0)
(0.00111976 -0.0446969 0)
(-0.000581438 -0.0448824 0)
(-0.000102342 -0.0454022 0)
(-0.000473088 -0.0454819 0)
(-0.000139497 -0.0446791 0)
(-0.00158667 -0.0472005 0)
(0.00114622 -0.0450336 0)
(-0.000136561 -0.0456353 0)
(0.000703422 -0.0447158 0)
(4.98889e-05 -0.0408268 0)
(-0.000989272 -0.041847 0)
(-0.000651138 -0.0425252 0)
(0.000105258 -0.0424255 0)
(-0.00103688 -0.0428924 0)
(-0.000441361 -0.0448761 0)
(-0.000520988 -0.0402506 0)
(0.00050186 -0.0459469 0)
(0.000459194 -0.0455911 0)
(-0.00103072 -0.0439693 0)
(0.000821438 -0.0449425 0)
(0.000209605 -0.0447512 0)
(0.00069704 -0.0450328 0)
(-0.000267969 -0.0429881 0)
(-0.000209232 -0.0426918 0)
(-0.000672333 -0.0444023 0)
(-0.000153328 -0.0436676 0)
(0.000346781 -0.0449657 0)
(7.93367e-05 -0.0457451 0)
(8.42154e-05 -0.0468546 0)
(-0.000135926 -0.045013 0)
(0.000236865 -0.0469336 0)
(0.000188436 -0.0466999 0)
(-0.000688633 -0.0469749 0)
(-9.67999e-05 -0.0459468 0)
(0.00045333 -0.0431395 0)
(-0.000188145 -0.0469942 0)
(0.000415341 -0.0472706 0)
(0.000287368 -0.0475747 0)
(0.00161613 -0.0478913 0)
(0.00113913 -0.0452101 0)
(-0.000790946 -0.04618 0)
(-0.0012321 -0.0467356 0)
(3.42519e-05 -0.0470471 0)
(-0.000530194 -0.0471255 0)
(0.000461726 -0.0450968 0)
(-0.000118454 -0.044116 0)
(-0.000408844 -0.0448969 0)
(-0.000148418 -0.046233 0)
(0.000146819 -0.0468988 0)
(0.000315415 -0.0464546 0)
(-0.000333549 -0.0459565 0)
(0.000854214 -0.0448186 0)
(-0.000437854 -0.0448553 0)
(0.000656119 -0.0455085 0)
(0.000491861 -0.0447587 0)
(0.000973024 -0.0443055 0)
(-0.000409243 -0.0478326 0)
(-0.000667789 -0.0475899 0)
(-0.000723156 -0.046765 0)
(0.000259299 -0.0458334 0)
(0.000412791 -0.0468611 0)
(0.000207463 -0.0446443 0)
(-0.000261721 -0.0405854 0)
(-0.000104271 -0.0427199 0)
(-0.000986878 -0.040184 0)
(6.13856e-05 -0.041818 0)
(-0.00127632 -0.0413158 0)
(-0.00110492 -0.0427706 0)
(0.000112186 -0.0451093 0)
(0.000672531 -0.0447923 0)
(0.000848854 -0.0477345 0)
(0.00104499 -0.0477044 0)
(0.000358372 -0.0461123 0)
(0.000565374 -0.0460964 0)
(0.000393949 -0.0471529 0)
(-0.000275156 -0.0470114 0)
(-0.000441257 -0.0473355 0)
(-0.000431785 -0.0472097 0)
(-0.000371555 -0.0468933 0)
(-3.82549e-05 -0.0467474 0)
(-0.000203326 -0.0462156 0)
(-0.000140265 -0.0452603 0)
(0.000551153 -0.0472342 0)
(0.00192762 -0.0455265 0)
(-0.000440513 -0.0497179 0)
(-0.0014306 -0.0509759 0)
(-0.000140859 -0.0485875 0)
(0.000606446 -0.0491211 0)
(0.000305014 -0.0486553 0)
(0.00181519 -0.0479817 0)
(-0.00160573 -0.0464219 0)
(0.000171257 -0.0464908 0)
(-0.00141672 -0.0467225 0)
(-0.00156187 -0.0468072 0)
(0.000819189 -0.0448784 0)
(0.000559285 -0.0419717 0)
(0.00139257 -0.0432578 0)
(0.000845615 -0.0397088 0)
(-0.000275201 -0.0415889 0)
(-0.00119701 -0.0442521 0)
(-0.000450261 -0.0464798 0)
(0.000304203 -0.0471965 0)
(0.000892984 -0.0478431 0)
(-1.384e-05 -0.0472741 0)
(-0.00136595 -0.0460642 0)
(-0.000161964 -0.0468415 0)
(8.4554e-05 -0.0480747 0)
(0.000224304 -0.0485266 0)
(-0.0011626 -0.0465024 0)
(-0.000154766 -0.0466908 0)
(-5.54081e-05 -0.0461755 0)
(0.000448841 -0.0468768 0)
(0.00102061 -0.0473122 0)
(-0.000261317 -0.0440375 0)
(-0.000267761 -0.0441587 0)
(-0.000834404 -0.0434764 0)
(0.000451908 -0.0464508 0)
(-7.78765e-06 -0.0455867 0)
(0.000791039 -0.0443528 0)
(-5.05732e-05 -0.0447773 0)
(0.000646964 -0.0450438 0)
(-0.0010556 -0.046421 0)
(0.000135713 -0.0477925 0)
(0.000146056 -0.0472736 0)
(0.000305992 -0.049553 0)
(0.00084329 -0.0502019 0)
(-7.45177e-05 -0.0505117 0)
(-0.000661719 -0.0509525 0)
(-0.000720478 -0.0518338 0)
(-0.000736662 -0.0510472 0)
(-0.000625327 -0.0506093 0)
(-0.000484746 -0.050617 0)
(-0.000124048 -0.0505154 0)
(0.000234577 -0.050646 0)
(0.000348807 -0.0502863 0)
(-0.000277974 -0.0493583 0)
(0.00127214 -0.0493177 0)
(-0.000187397 -0.0493773 0)
(-0.000580362 -0.0507112 0)
(-2.86779e-05 -0.0506983 0)
(0.00152613 -0.0505334 0)
(0.00188388 -0.0493882 0)
(0.00043751 -0.0485629 0)
(-0.000253598 -0.0473158 0)
(-0.000869424 -0.0461946 0)
(-0.00159481 -0.0448114 0)
(0.000381351 -0.041174 0)
(0.000956859 -0.0410289 0)
(0.00087984 -0.0403235 0)
(0.00276878 -0.0378093 0)
(0.00171737 -0.0418068 0)
(0.00138002 -0.0436523 0)
(0.00187525 -0.0449219 0)
(0.00140332 -0.045042 0)
(0.000635335 -0.0471328 0)
(-0.00102056 -0.0471584 0)
(0.000288044 -0.0466737 0)
(0.00156784 -0.0455534 0)
(-0.000279671 -0.0477691 0)
(-2.54094e-05 -0.0455795 0)
(-0.000173924 -0.0445296 0)
(-0.000716574 -0.0439238 0)
(-0.000444702 -0.0441913 0)
(-0.000157244 -0.0451103 0)
(0.000391433 -0.0446933 0)
(0.000615629 -0.0423654 0)
(8.583e-05 -0.042612 0)
(3.33285e-05 -0.0427641 0)
(2.30345e-05 -0.043616 0)
(0.000238131 -0.0425313 0)
(0.000166951 -0.0423988 0)
(-0.000864794 -0.0441502 0)
(0.00162906 -0.0430542 0)
(0.000927159 -0.0425802 0)
(-0.000317526 -0.046231 0)
(0.000459059 -0.0494469 0)
(0.00059984 -0.0486907 0)
(0.000108858 -0.0496291 0)
(-0.00026093 -0.050934 0)
(-0.00134527 -0.0508949 0)
(-0.0016402 -0.050438 0)
(-0.000693252 -0.0509383 0)
(-0.00040731 -0.0516154 0)
(-0.000272808 -0.0519278 0)
(1.71477e-05 -0.051888 0)
(9.24465e-05 -0.0518257 0)
(0.000631876 -0.0511585 0)
(0.000742239 -0.0502582 0)
(-0.00101457 -0.0493191 0)
(-0.000327319 -0.0483497 0)
(-0.000329758 -0.0476357 0)
(0.000850875 -0.0507796 0)
(0.000606204 -0.0528824 0)
(0.000100148 -0.0452231 0)
(-0.00030518 -0.0449695 0)
(-0.000171291 -0.0452873 0)
(-0.000244739 -0.0469999 0)
(0.000122488 -0.0465431 0)
(0.00348286 -0.0416022 0)
(0.00459777 -0.0422203 0)
(0.00528173 -0.0413865 0)
(0.00546663 -0.0408938 0)
(0.00606845 -0.0419908 0)
(0.00185525 -0.0470081 0)
(0.000294203 -0.0447415 0)
(-4.06883e-05 -0.0469093 0)
(-0.000493339 -0.046661 0)
(5.9215e-05 -0.045272 0)
(0.000243716 -0.046826 0)
(-0.000610763 -0.0446949 0)
(-0.000261557 -0.0438633 0)
(-0.00105193 -0.0442829 0)
(-0.000199918 -0.0424195 0)
(8.66764e-05 -0.0429727 0)
(0.000264611 -0.0444471 0)
(-0.000274854 -0.0446578 0)
(0.000388515 -0.0443028 0)
(-0.000495969 -0.0416344 0)
(2.62347e-05 -0.040631 0)
(0.000905929 -0.0401708 0)
(0.000944099 -0.0421329 0)
(-0.0006794 -0.0394978 0)
(-0.000746068 -0.0374458 0)
(-0.00129196 -0.0400084 0)
(-6.39101e-05 -0.0409466 0)
(0.000117313 -0.0386154 0)
(-1.26972e-05 -0.0398024 0)
(0.000422246 -0.0439635 0)
(0.000428725 -0.0455863 0)
(-6.97924e-05 -0.0480183 0)
(-0.000223137 -0.0493267 0)
(-0.000533947 -0.0504993 0)
(-0.000509019 -0.0514811 0)
(-0.000452309 -0.0513936 0)
(-0.000189125 -0.0516407 0)
(0.000349879 -0.0516842 0)
(0.00039381 -0.051025 0)
(0.000301839 -0.0505898 0)
(-0.00134582 -0.0489287 0)
(-0.000166561 -0.0486591 0)
(-0.000143794 -0.04804 0)
(-0.000411599 -0.0493255 0)
(0.000220556 -0.0506601 0)
(-0.000935472 -0.051052 0)
(0.000132331 -0.0451594 0)
(0.000425911 -0.0447129 0)
(0.000103639 -0.0449543 0)
(-0.000153717 -0.0455006 0)
(-0.000776865 -0.0464791 0)
(9.95444e-05 -0.043464 0)
(0.00102383 -0.0413933 0)
(0.00295407 -0.0411938 0)
(0.00270424 -0.0467747 0)
(0.000635755 -0.0451064 0)
(0.000898676 -0.0443523 0)
(0.000373995 -0.0435703 0)
(0.000775403 -0.0465918 0)
(4.51539e-05 -0.0463443 0)
(-0.000388089 -0.0470349 0)
(-0.000537448 -0.0474277 0)
(-0.000147589 -0.0474419 0)
(0.000374363 -0.0462616 0)
(-0.000455904 -0.0452154 0)
(-0.0011533 -0.0472544 0)
(-0.000496155 -0.0481027 0)
(-0.000522371 -0.0457401 0)
(-0.000303927 -0.0449585 0)
(-0.000692488 -0.0475564 0)
(0.000695883 -0.0491805 0)
(-0.000381515 -0.0482483 0)
(9.13827e-05 -0.0487427 0)
(0.000648095 -0.0490528 0)
(8.68296e-05 -0.0455665 0)
(-0.000213054 -0.0468293 0)
(4.27369e-05 -0.045024 0)
(-0.000351485 -0.0415417 0)
(0.000491726 -0.0450872 0)
(0.0017093 -0.0476825 0)
(0.00049382 -0.0429463 0)
(0.000547522 -0.043167 0)
(0.00060871 -0.0455474 0)
(0.000251126 -0.0482593 0)
(-6.73442e-05 -0.048947 0)
(-0.000268205 -0.0506665 0)
(-0.000543974 -0.049949 0)
(-0.000476115 -0.0515352 0)
(-2.64051e-05 -0.0498302 0)
(0.000605811 -0.0493631 0)
(0.000423759 -0.0491465 0)
(0.000493725 -0.0467587 0)
(-0.000351517 -0.050177 0)
(-0.000160172 -0.0467353 0)
(-2.03443e-05 -0.0485081 0)
(-0.000922436 -0.0487844 0)
(0.000790474 -0.0482715 0)
(-0.000766334 -0.052291 0)
(-0.0002367 -0.0475251 0)
(-0.000315881 -0.0460667 0)
(-0.00106346 -0.0458251 0)
(0.000933554 -0.0428706 0)
(0.00198104 -0.0432309 0)
(-0.00286815 -0.0450489 0)
(0.00226414 -0.0485645 0)
(0.00290469 -0.0438986 0)
(0.00120094 -0.0441323 0)
(0.00140758 -0.042159 0)
(0.00108827 -0.0418385 0)
(0.00226216 -0.0416361 0)
(-0.00151419 -0.0395522 0)
(-0.000250288 -0.0431164 0)
(0.000166803 -0.0486802 0)
(-0.000146493 -0.0482811 0)
(-0.000340163 -0.0481904 0)
(-0.000546956 -0.0452814 0)
(0.00211714 -0.0466449 0)
(-0.000178305 -0.0474233 0)
(0.00106411 -0.04882 0)
(0.000522949 -0.0479762 0)
(0.000197468 -0.0482802 0)
(0.000579805 -0.0499355 0)
(0.000392305 -0.0502589 0)
(0.000198571 -0.0499971 0)
(0.000159211 -0.0492504 0)
(0.000243247 -0.0504476 0)
(-9.26943e-05 -0.0464246 0)
(6.50217e-05 -0.0483099 0)
(0.000134429 -0.0477077 0)
(-0.000242601 -0.0493171 0)
(0.00100023 -0.0499352 0)
(-2.32067e-05 -0.0504751 0)
(-0.00119116 -0.0485644 0)
(-0.000284442 -0.0489206 0)
(-8.77288e-05 -0.0484982 0)
(-0.00167582 -0.0489371 0)
(-7.10067e-05 -0.0466328 0)
(0.000214916 -0.045156 0)
(0.0014788 -0.0484373 0)
(-0.000467464 -0.0482561 0)
(0.000285643 -0.0477239 0)
(-0.000342317 -0.0468042 0)
(-5.76387e-05 -0.0473194 0)
(4.68783e-05 -0.0476557 0)
(0.000242131 -0.0478859 0)
(-2.30331e-05 -0.0514798 0)
(0.000158428 -0.0505875 0)
(0.00038792 -0.0508083 0)
(-0.000124415 -0.050606 0)
(0.000826606 -0.0486979 0)
(-0.00073285 -0.048896 0)
(0.000387455 -0.0459634 0)
(0.00185605 -0.045977 0)
(0.000153938 -0.0468551 0)
(0.000814808 -0.0471335 0)
(-0.000111878 -0.0485407 0)
(-0.000919078 -0.0472253 0)
(-0.000220843 -0.0451584 0)
(0.00114379 -0.0420539 0)
(0.00150487 -0.041709 0)
(0.00227077 -0.0393456 0)
(0.00110271 -0.0411853 0)
(0.000803457 -0.0431769 0)
(0.00054018 -0.0450417 0)
(0.000352082 -0.046431 0)
(-0.000129501 -0.0472399 0)
(-4.27506e-05 -0.0478597 0)
(0.000132817 -0.0484188 0)
(0.00104703 -0.0470605 0)
(0.000645609 -0.0471637 0)
(0.000555935 -0.0483292 0)
(-8.01407e-05 -0.0499881 0)
(0.000385224 -0.0480279 0)
(-0.000178072 -0.0512624 0)
(-0.000563993 -0.0469472 0)
(-0.000668148 -0.0475936 0)
(-0.00123016 -0.0479586 0)
(0.00118341 -0.047719 0)
(0.00263133 -0.0523077 0)
(-0.000321837 -0.050885 0)
(-0.00180829 -0.0514739 0)
(0.000202651 -0.0510213 0)
(-0.000457382 -0.0501303 0)
(-5.45109e-05 -0.0472896 0)
(7.60238e-05 -0.0465408 0)
(9.72921e-06 -0.0483647 0)
(-0.000885288 -0.0488301 0)
(0.000810855 -0.0454212 0)
(0.000836667 -0.0465429 0)
(0.000540032 -0.046851 0)
(0.000789888 -0.0477765 0)
(0.000560062 -0.0490833 0)
(-0.00027416 -0.0475113 0)
(-0.000227477 -0.0487931 0)
(6.78909e-05 -0.0487025 0)
(-2.80588e-05 -0.0489105 0)
(0.000231026 -0.0508195 0)
(0.000390233 -0.0506813 0)
(0.000473421 -0.0503429 0)
(0.000460587 -0.0506152 0)
(-0.000277527 -0.0486263 0)
(-0.000226021 -0.0489203 0)
(-6.66905e-06 -0.0495489 0)
(0.00153544 -0.0478069 0)
(0.0005284 -0.048744 0)
(0.000142131 -0.0503313 0)
(-0.000103514 -0.0503419 0)
(-0.000143583 -0.0504101 0)
(1.93043e-05 -0.0455056 0)
(0.000535816 -0.0437299 0)
(0.00030094 -0.0411507 0)
(0.00141255 -0.041826 0)
(0.000608733 -0.0396731 0)
(0.000899781 -0.043093 0)
(0.00124552 -0.0462455 0)
(0.000849416 -0.0465634 0)
(0.000224307 -0.046519 0)
(7.07118e-05 -0.0465937 0)
(-0.00027616 -0.0474524 0)
(9.80208e-05 -0.0479616 0)
(0.000201309 -0.0485728 0)
(0.00125039 -0.0490608 0)
(0.00062486 -0.0490972 0)
(0.000377297 -0.0491132 0)
(-0.0007879 -0.0460884 0)
(-0.000939316 -0.0477306 0)
(-0.000700753 -0.0472089 0)
(9.39654e-05 -0.0484903 0)
(-0.0012193 -0.0503948 0)
(0.00168674 -0.0513908 0)
(0.00120345 -0.0524263 0)
(-4.33308e-05 -0.0517115 0)
(0.000280199 -0.0516387 0)
(-0.000252435 -0.0478793 0)
(-4.76184e-05 -0.0456175 0)
(-0.00011507 -0.0470173 0)
(6.69931e-05 -0.0471973 0)
(0.000456859 -0.0464788 0)
(0.000537084 -0.0453242 0)
(0.000815537 -0.045878 0)
(0.000475095 -0.0457816 0)
(-0.000792788 -0.0454071 0)
(-0.00100385 -0.0477523 0)
(-0.000151486 -0.0459684 0)
(-6.80974e-06 -0.0455415 0)
(2.29566e-05 -0.0472975 0)
(-0.000545094 -0.0491019 0)
(0.000394373 -0.0510666 0)
(0.000375292 -0.0495205 0)
(0.000515661 -0.0493045 0)
(0.000231887 -0.0500575 0)
(-9.83134e-05 -0.0456844 0)
(-0.000216822 -0.0473843 0)
(0.000762669 -0.0476913 0)
(0.00113956 -0.0493221 0)
(0.000336532 -0.0490204 0)
(0.000370156 -0.0485015 0)
(0.000130344 -0.0472993 0)
(-0.000437035 -0.0441926 0)
(0.000671869 -0.0458794 0)
(0.000281755 -0.0481108 0)
(0.000584676 -0.0451484 0)
(0.00176906 -0.0427941 0)
(0.000877258 -0.0440646 0)
(0.000570818 -0.0458822 0)
(-0.00023685 -0.0453113 0)
(-2.73357e-05 -0.0454081 0)
(0.00112021 -0.0445737 0)
(0.00034591 -0.0438753 0)
(0.000252541 -0.0453613 0)
(-0.00040512 -0.046838 0)
(-0.000165206 -0.0477118 0)
(0.000325202 -0.0475763 0)
(0.000269037 -0.0476321 0)
(-0.00246964 -0.0456529 0)
(-0.00133478 -0.0477688 0)
(-0.000847317 -0.0486692 0)
(-0.00197823 -0.049586 0)
(-0.0022653 -0.0501303 0)
(-2.55548e-05 -0.0475819 0)
(0.000165803 -0.0459354 0)
(0.000481153 -0.0460967 0)
(-0.0010373 -0.0449022 0)
(0.000129478 -0.0458482 0)
(-0.000961705 -0.0458706 0)
(-0.000888608 -0.0460336 0)
(-0.000333278 -0.0432826 0)
(0.000530015 -0.0417618 0)
(0.00156171 -0.0438465 0)
(-0.000980915 -0.0449706 0)
(-0.00165402 -0.0438008 0)
(0.00083521 -0.0444033 0)
(0.000171861 -0.0459673 0)
(-0.000510669 -0.0440223 0)
(-0.000700139 -0.0453953 0)
(-0.000444193 -0.0471269 0)
(-0.000649236 -0.0478445 0)
(-0.000342232 -0.0484709 0)
(-0.000180818 -0.049327 0)
(0.000488068 -0.0492867 0)
(0.000875142 -0.0493577 0)
(0.000462221 -0.0488245 0)
(-0.00063858 -0.0466494 0)
(-0.000137105 -0.0471061 0)
(-0.000311228 -0.0475329 0)
(0.000268307 -0.0438666 0)
(0.000419789 -0.0435881 0)
(-0.000578 -0.0432335 0)
(0.00036256 -0.0442641 0)
(-0.000221272 -0.0460789 0)
(0.000475189 -0.0455754 0)
(0.0013448 -0.0456681 0)
(0.00155032 -0.0423162 0)
(4.16885e-05 -0.0433682 0)
(-0.000692886 -0.0443569 0)
(0.00166832 -0.0432674 0)
(-0.00119599 -0.0450646 0)
(-0.000199283 -0.0453513 0)
(-0.000236592 -0.0457876 0)
(0.00026585 -0.0450586 0)
(5.22856e-05 -0.0445899 0)
(0.00121509 -0.0488292 0)
(0.000954007 -0.0461216 0)
(-0.000190206 -0.0455333 0)
(0.00118244 -0.0460406 0)
(0.00206084 -0.0456871 0)
(-0.00173478 -0.0478179 0)
(-0.00139154 -0.0487081 0)
(0.000606089 -0.0485323 0)
(0.000765092 -0.0472148 0)
(0.000366186 -0.0460558 0)
(0.000261732 -0.045308 0)
(9.57416e-05 -0.0464259 0)
(5.61491e-05 -0.0480703 0)
(0.000310137 -0.0461706 0)
(0.000202162 -0.0449281 0)
(0.000713658 -0.042262 0)
(0.000258938 -0.0414109 0)
(-0.00037137 -0.0411892 0)
(-0.000653716 -0.0440366 0)
(0.000314605 -0.0437585 0)
(-0.00109712 -0.0425648 0)
(0.000200341 -0.0450476 0)
(0.000433433 -0.0449966 0)
(0.000507286 -0.0425368 0)
(-0.00167828 -0.0455407 0)
(-8.53461e-05 -0.0451267 0)
(-0.000372939 -0.0459487 0)
(-0.000196465 -0.0474566 0)
(-0.000212938 -0.0483013 0)
(0.00058097 -0.0489993 0)
(0.00077215 -0.0487018 0)
(0.000700873 -0.0482713 0)
(-0.000334258 -0.0460396 0)
(0.000107854 -0.0463559 0)
(0.000477601 -0.046095 0)
(0.000633767 -0.046097 0)
(0.000472589 -0.0438575 0)
(0.00064227 -0.0438519 0)
(0.000239042 -0.0458014 0)
(0.000407776 -0.0462286 0)
(-0.00100032 -0.0479834 0)
(0.000219852 -0.0488533 0)
(0.000604758 -0.0470995 0)
(0.00133384 -0.0434108 0)
(0.000510379 -0.0427596 0)
(0.000615845 -0.0419336 0)
(0.000624932 -0.0412469 0)
(-0.000719525 -0.0414859 0)
(0.00117298 -0.0408618 0)
(0.00124087 -0.0418897 0)
(-0.00124158 -0.0454072 0)
(0.000734337 -0.0465554 0)
(-0.000452756 -0.0454983 0)
(-0.00012467 -0.0447623 0)
(-0.000427642 -0.0449032 0)
(-0.000355882 -0.0449501 0)
(-0.000868723 -0.0463528 0)
(-0.000165925 -0.0470743 0)
(0.000378701 -0.0469312 0)
(0.00104327 -0.0472767 0)
(0.000404057 -0.0454863 0)
(0.000101109 -0.043248 0)
(3.28134e-05 -0.0442177 0)
(1.62541e-05 -0.0454677 0)
(-9.93736e-05 -0.0461934 0)
(1.67569e-05 -0.0457684 0)
(0.000131911 -0.0436519 0)
(-0.000695274 -0.0433912 0)
(-0.000309037 -0.0424405 0)
(-0.00106725 -0.0418882 0)
(0.000564521 -0.0425948 0)
(-0.000341041 -0.0427326 0)
(-0.000471649 -0.0421625 0)
(0.000119062 -0.0408197 0)
(-0.000725447 -0.0436986 0)
(-0.000689104 -0.0442255 0)
(-0.000669409 -0.0451926 0)
(-0.000351479 -0.0459334 0)
(0.000192006 -0.0459423 0)
(0.00215467 -0.0468508 0)
(0.00189004 -0.0480495 0)
(-0.000310933 -0.0464111 0)
(-0.00115806 -0.0479763 0)
(0.000116094 -0.0463929 0)
(0.00138337 -0.0473885 0)
(0.000448956 -0.0463624 0)
(-0.000298119 -0.0469955 0)
(0.000652172 -0.0473162 0)
(0.000760749 -0.0436417 0)
(-0.000552998 -0.045734 0)
(-0.000324322 -0.0467139 0)
(0.000323154 -0.0484058 0)
(0.000165489 -0.0489554 0)
(8.00307e-05 -0.047356 0)
(-0.000506706 -0.0460875 0)
(-9.19117e-05 -0.0438732 0)
(0.000421035 -0.0426572 0)
(0.000569583 -0.0411759 0)
(0.000454105 -0.0401224 0)
(0.00115306 -0.0437749 0)
(0.000430686 -0.0398755 0)
(0.000491646 -0.0403464 0)
(0.000302364 -0.0429478 0)
(-0.000526775 -0.0440268 0)
(-0.000505631 -0.0437919 0)
(-0.000605644 -0.0436943 0)
(-0.000292825 -0.0434823 0)
(0.000249621 -0.0425586 0)
(0.00209533 -0.0464471 0)
(0.00142365 -0.0454832 0)
(0.00083615 -0.0443065 0)
(0.000569089 -0.0431251 0)
(0.000311386 -0.041042 0)
(-0.000913034 -0.0408303 0)
(0.000442402 -0.0430461 0)
(-0.000113534 -0.0436286 0)
(-0.000122221 -0.0438988 0)
(-0.000458975 -0.0448853 0)
(-0.00045344 -0.0434313 0)
(-0.000198616 -0.0417745 0)
(4.22737e-05 -0.0436523 0)
(-0.000540504 -0.0422059 0)
(-0.000162457 -0.0427331 0)
(-0.00173168 -0.0426262 0)
(-0.000612916 -0.0446636 0)
(-0.000524001 -0.0438665 0)
(-9.23805e-05 -0.0429365 0)
(-0.0003025 -0.0436328 0)
(-0.000315493 -0.0435372 0)
(0.00131352 -0.0458087 0)
(-5.29582e-05 -0.0482536 0)
(0.00179079 -0.0472735 0)
(0.000711393 -0.0471882 0)
(0.00022769 -0.0477313 0)
(0.00135786 -0.0462793 0)
(0.000656943 -0.0455766 0)
(-0.00039943 -0.047803 0)
(9.09452e-05 -0.047134 0)
(0.00111903 -0.0470751 0)
(-0.000343222 -0.0479006 0)
(0.000830263 -0.0474548 0)
(0.000376399 -0.0471657 0)
(-1.66422e-05 -0.0468401 0)
(8.87516e-05 -0.0473297 0)
(0.000121386 -0.0470671 0)
(-0.000215008 -0.0460177 0)
(-0.000431596 -0.0463684 0)
(1.51641e-05 -0.0440163 0)
(-6.72295e-05 -0.0431919 0)
(-0.000209838 -0.0405096 0)
(0.00103556 -0.0404906 0)
(0.000627227 -0.0405229 0)
(-7.65596e-05 -0.0412505 0)
(-0.00231002 -0.0452483 0)
(-0.000175564 -0.0450674 0)
(-0.000436069 -0.0439154 0)
(0.000515588 -0.0431701 0)
(-0.000608183 -0.0387111 0)
(-1.53477e-05 -0.0411126 0)
(0.000845768 -0.0409471 0)
(0.000421435 -0.0412542 0)
(8.9795e-05 -0.0420444 0)
(0.000522153 -0.0417041 0)
(0.000292111 -0.0413368 0)
(0.00025441 -0.0409792 0)
(-0.000564084 -0.0423542 0)
(-0.00155591 -0.0422961 0)
(-0.00034684 -0.0446094 0)
(-0.0014528 -0.0433735 0)
(-0.000278248 -0.0430977 0)
(0.000295249 -0.0422443 0)
(0.000334104 -0.044838 0)
(0.000849125 -0.0457766 0)
(0.000346377 -0.0430242 0)
(0.000504738 -0.0452668 0)
(0.000806743 -0.0448706 0)
(0.000196614 -0.0428272 0)
(-0.000223482 -0.0439352 0)
(0.000337484 -0.0441292 0)
(0.000229469 -0.0453978 0)
(5.66331e-05 -0.0479619 0)
(0.0013313 -0.0467391 0)
(0.000658029 -0.0473288 0)
(0.000311911 -0.0483044 0)
(-0.000768516 -0.0477756 0)
(0.000109908 -0.0470065 0)
(-5.68731e-05 -0.0450935 0)
(-2.73785e-05 -0.0461664 0)
(-3.21058e-05 -0.0476992 0)
(0.000479653 -0.0483816 0)
(0.00112982 -0.0478613 0)
(0.000202383 -0.0465355 0)
(-0.000244933 -0.0471139 0)
(-0.000659382 -0.0470888 0)
(1.24561e-05 -0.0445385 0)
(0.000447377 -0.0451279 0)
(0.00128979 -0.0461962 0)
(0.000221596 -0.0467814 0)
(-0.000991689 -0.0434826 0)
(-0.000596968 -0.0419968 0)
(0.000307501 -0.0422009 0)
(-0.000148986 -0.0425538 0)
(0.000138787 -0.0443006 0)
(-0.00035942 -0.0463276 0)
(0.000575602 -0.0461191 0)
(0.000694441 -0.045743 0)
(0.000491347 -0.0403163 0)
(0.000272344 -0.0425919 0)
(0.000219436 -0.0408903 0)
(0.000499135 -0.0434139 0)
(0.000363464 -0.0444383 0)
(0.00278401 -0.0438842 0)
(0.000956561 -0.0445547 0)
(-0.00116558 -0.0425229 0)
(5.75461e-05 -0.0427494 0)
(-0.000563357 -0.0413615 0)
(0.00142472 -0.0413198 0)
(-0.0014863 -0.0397157 0)
(-0.000786831 -0.0434117 0)
(-0.000740583 -0.043026 0)
(-0.00188031 -0.0433993 0)
(-0.000912143 -0.0425822 0)
(0.000464053 -0.0464168 0)
(0.000534963 -0.0440916 0)
(-0.00023443 -0.0457731 0)
(-0.000417227 -0.0462966 0)
(-0.000511462 -0.0459948 0)
(0.000910937 -0.0458435 0)
(-0.00025565 -0.0462667 0)
(-0.000530251 -0.0461434 0)
(0.000630343 -0.0447931 0)
(0.00163265 -0.0459914 0)
(0.00243908 -0.0457431 0)
(-0.00030813 -0.047409 0)
(0.000521079 -0.0479912 0)
(-0.000327186 -0.0449239 0)
(0.000131185 -0.0463204 0)
(0.000324696 -0.0479161 0)
(-0.000119376 -0.0490295 0)
(0.000359738 -0.0489424 0)
(-7.28787e-06 -0.0483504 0)
(-0.00039773 -0.0465264 0)
(-6.29669e-05 -0.046445 0)
(-0.000632561 -0.0465887 0)
(-0.000521221 -0.0444473 0)
(6.71121e-05 -0.0449455 0)
(-0.000227245 -0.0464257 0)
(0.00107149 -0.0478431 0)
(-5.48796e-05 -0.0476428 0)
(-0.0011065 -0.0458364 0)
(-0.000284106 -0.0470482 0)
(-0.000202361 -0.0497248 0)
(0.000253896 -0.0476332 0)
(0.000864823 -0.0476961 0)
(0.000883113 -0.0468097 0)
(0.00076663 -0.0447328 0)
(-8.88204e-05 -0.0465402 0)
(-2.7886e-05 -0.0455027 0)
(-0.00041982 -0.0413366 0)
(0.000331794 -0.0436955 0)
(0.00044428 -0.0444384 0)
(-0.000834728 -0.0418554 0)
(-0.000360892 -0.0442269 0)
(-0.0004923 -0.0447002 0)
(-0.000833725 -0.0465084 0)
(-0.00179455 -0.0444909 0)
(0.00135717 -0.0423254 0)
(0.000429096 -0.0414247 0)
(-0.000124672 -0.0414446 0)
(5.47986e-05 -0.0444703 0)
(0.00138868 -0.0437517 0)
(0.00195219 -0.0417705 0)
(0.000912414 -0.0445975 0)
(-0.000333149 -0.0444376 0)
(-0.000500929 -0.0456133 0)
(0.000453817 -0.0453768 0)
(4.25567e-05 -0.0460815 0)
(0.000311216 -0.0480473 0)
(0.000358196 -0.0491259 0)
(0.000689662 -0.0487735 0)
(0.0013391 -0.0479694 0)
(0.00136725 -0.0469038 0)
(0.000496398 -0.0452293 0)
(4.14757e-05 -0.0455738 0)
(-0.000879034 -0.0467062 0)
(-0.000466251 -0.0466309 0)
(9.02866e-06 -0.0471454 0)
(-5.04356e-05 -0.047777 0)
(-0.000241873 -0.0481765 0)
(-0.000253926 -0.0479332 0)
(0.000529016 -0.0467913 0)
(-0.000703252 -0.0445493 0)
(-0.00058912 -0.0440359 0)
(-0.000857366 -0.04568 0)
(-0.00035739 -0.0465154 0)
(6.4294e-05 -0.0456333 0)
(0.000480583 -0.0454683 0)
(1.86707e-05 -0.0464534 0)
(0.000930598 -0.0461422 0)
(0.000171265 -0.0459935 0)
(-0.000475447 -0.0461775 0)
(-0.000414859 -0.0462841 0)
(-0.000888009 -0.0455039 0)
(-0.000182673 -0.0461167 0)
(0.000462519 -0.0467152 0)
(0.000840253 -0.0462391 0)
(0.00111276 -0.044419 0)
(0.000547426 -0.043696 0)
(-5.10167e-05 -0.0450835 0)
(0.000322928 -0.0418761 0)
(0.000781679 -0.0436399 0)
(0.0011252 -0.0421952 0)
(-0.000256826 -0.0419054 0)
(-0.000608072 -0.0431034 0)
(0.000483421 -0.0471773 0)
(-0.00200036 -0.0467484 0)
(-0.000165499 -0.0446288 0)
(0.00100537 -0.0433001 0)
(0.000263551 -0.0432655 0)
(0.000878203 -0.0437717 0)
(-8.60131e-05 -0.0437062 0)
(0.000514621 -0.0409472 0)
(5.14007e-05 -0.039472 0)
(0.00175663 -0.0419879 0)
(0.000531163 -0.0436783 0)
(-0.000889814 -0.0431133 0)
(-0.000255239 -0.0440485 0)
(-0.000717783 -0.0460463 0)
(0.000320669 -0.0474438 0)
(0.00183819 -0.0482149 0)
(-0.00018172 -0.0430809 0)
(-0.00144307 -0.0412382 0)
(-0.0035017 -0.0403479 0)
(-0.0063664 -0.042558 0)
(-0.000309517 -0.0435045 0)
(0.000288302 -0.0425196 0)
(0.000111209 -0.0444406 0)
(-0.000431777 -0.0449724 0)
(-0.000340654 -0.0429826 0)
(0.000278372 -0.0440661 0)
(-0.000461008 -0.0425086 0)
(0.000368952 -0.0415263 0)
(-0.000608453 -0.0423363 0)
(-0.000927912 -0.0427288 0)
(0.000228896 -0.0452153 0)
(0.000579573 -0.0444405 0)
(-0.00021856 -0.0445125 0)
(-0.000711951 -0.0454874 0)
(0.00014888 -0.044372 0)
(0.00182746 -0.0450317 0)
(0.000951467 -0.0433427 0)
(-0.000136097 -0.0449033 0)
(7.30562e-05 -0.0447603 0)
(-0.000467263 -0.0433938 0)
(-0.000161313 -0.0430899 0)
(-3.75294e-05 -0.0431321 0)
(8.55094e-05 -0.0435337 0)
(-0.000421717 -0.0434258 0)
(0.000256658 -0.0441832 0)
(0.000396924 -0.0438811 0)
(-3.44336e-05 -0.0437725 0)
(9.67901e-05 -0.0424443 0)
(0.000532661 -0.039412 0)
(0.000427557 -0.0405271 0)
(0.000494035 -0.0406298 0)
(0.000989854 -0.0429528 0)
(-0.00189061 -0.0423493 0)
(-0.00143559 -0.0423051 0)
(-0.000184435 -0.0457519 0)
(-0.000799081 -0.0409385 0)
(-0.000589761 -0.0402113 0)
(0.000292886 -0.0422836 0)
(0.000588037 -0.0412172 0)
(0.000913343 -0.0407202 0)
(0.00111422 -0.0426638 0)
(0.000569205 -0.0415057 0)
(0.000478117 -0.0405635 0)
(-0.000340304 -0.0403964 0)
(0.000731427 -0.0414393 0)
(0.00158973 -0.0401604 0)
(-0.00017346 -0.0382762 0)
(-0.000460719 -0.0385103 0)
(-0.00566726 -0.0298018 0)
(-0.00469057 -0.0333782 0)
(-0.004861 -0.0374022 0)
(-0.00564379 -0.0371298 0)
(-0.00136764 -0.0394703 0)
(-9.38311e-05 -0.040953 0)
(0.000870981 -0.0363976 0)
(-0.00158611 -0.0395633 0)
(7.6351e-05 -0.0409778 0)
(-0.000636995 -0.0386753 0)
(0.00149684 -0.0401198 0)
(0.00053836 -0.0372215 0)
(-0.000212597 -0.0356165 0)
(0.000423025 -0.0328538 0)
(-0.00118837 -0.0397951 0)
(-4.88841e-05 -0.0392028 0)
(-0.00263774 -0.0449411 0)
(-0.000854201 -0.0379808 0)
(-0.000283759 -0.0390101 0)
(0.00296105 -0.0373229 0)
(-0.000287127 -0.0407301 0)
(0.000589589 -0.0422219 0)
(0.000319144 -0.0433636 0)
(-0.00133205 -0.041904 0)
(0.000102422 -0.0400943 0)
(0.000193867 -0.039612 0)
(0.000857481 -0.0389083 0)
(0.000699357 -0.038459 0)
(0.000340014 -0.0388466 0)
(0.000314778 -0.0384029 0)
(-0.000119489 -0.0378313 0)
(0.000501041 -0.0373099 0)
(0.00144735 -0.0382874 0)
(0.000141555 -0.0370027 0)
(0.000401457 -0.0357241 0)
(0.000379838 -0.0373055 0)
(-0.00102383 -0.0334649 0)
(-0.00302375 -0.0373944 0)
(-0.00151562 -0.0401068 0)
(-0.00100327 -0.0389451 0)
(0.000806608 -0.0378926 0)
(0.00167624 -0.0398271 0)
(0.00350952 -0.0397465 0)
(0.00133064 -0.0374611 0)
(0.000124183 -0.032219 0)
(-3.96313e-05 -0.0318401 0)
(-2.71512e-07 -0.0304902 0)
(0.000977142 -0.0358061 0)
(0.000696679 -0.0350919 0)
(0.000871093 -0.0343391 0)
(-0.00188214 -0.031255 0)
(-0.00115859 -0.0309545 0)
(-0.00213324 -0.0325252 0)
(-0.000545273 -0.0325745 0)
(-0.0014701 -0.0337748 0)
(0.00141018 -0.0362995 0)
(-0.00266579 -0.040286 0)
(-0.000236649 -0.040025 0)
(0.000156326 -0.0391982 0)
(0.000423333 -0.0380026 0)
(-0.000420234 -0.0383872 0)
(0.000313885 -0.038976 0)
(0.000658786 -0.0377174 0)
(-0.000439367 -0.0314296 0)
(0.000213887 -0.0300668 0)
(6.11447e-05 -0.0294212 0)
(-0.000218347 -0.0309923 0)
(0.000374546 -0.0261806 0)
(-0.00122305 -0.0325997 0)
(0.000799628 -0.0320968 0)
(-0.000619583 -0.0337932 0)
(0.00110429 -0.035085 0)
(0.000776677 -0.0331296 0)
(0.00073426 -0.0357433 0)
(-0.00284554 -0.0375358 0)
(-0.000140491 -0.0347547 0)
(-0.000211788 -0.0357166 0)
(-0.000723977 -0.0351278 0)
(4.95333e-05 -0.0379434 0)
(0.00136538 -0.0389877 0)
(0.000284856 -0.0324202 0)
(-0.000320557 -0.031334 0)
(-0.000368438 -0.0316356 0)
(-0.000678055 -0.0321283 0)
(0.000105191 -0.0315842 0)
(0.00231493 -0.0289215 0)
(-0.000128636 -0.0325147 0)
(0.000775714 -0.0342438 0)
(-0.00080768 -0.0287312 0)
(-0.00212853 -0.03342 0)
(-0.00194914 -0.0344012 0)
(1.1301e-05 -0.032857 0)
(-0.0020939 -0.0368174 0)
(0.00020129 -0.0321281 0)
(-8.66623e-05 -0.0391846 0)
(-2.23909e-05 -0.0259782 0)
(0.000126874 -0.02982 0)
(0.000687052 -0.0312741 0)
(-0.000639979 -0.0273444 0)
(-0.000679447 -0.0254916 0)
(-9.19579e-05 -0.0259955 0)
(-0.000137068 -0.0283548 0)
(-0.0015289 -0.0288104 0)
(-0.000550092 -0.0308863 0)
(-0.000655906 -0.0289225 0)
(-0.00013812 -0.0281095 0)
(0.000810034 -0.0296109 0)
(0.000980247 -0.0312836 0)
(-0.00265278 -0.0355193 0)
(0.000211139 -0.0364098 0)
(-0.00139037 -0.0353461 0)
(-0.00218756 -0.0415612 0)
(-0.000428986 -0.0344772 0)
(-0.000493833 -0.03375 0)
(0.000204756 -0.0312403 0)
(-0.000339307 -0.0299203 0)
(0.000112076 -0.0310916 0)
(-7.8277e-05 -0.0304033 0)
(0.000262751 -0.0310444 0)
(0.000358059 -0.0308495 0)
(0.000669015 -0.028302 0)
(0.00186122 -0.0294039 0)
(4.0854e-06 -0.0301028 0)
(-0.000136898 -0.0327161 0)
(0.00041194 -0.0334191 0)
(-0.000476363 -0.0353561 0)
(7.08802e-05 -0.0328218 0)
(0.000603005 -0.0315531 0)
(0.000515916 -0.0325175 0)
(-0.000237891 -0.0314857 0)
(3.36644e-05 -0.0322774 0)
(-0.000129422 -0.031681 0)
(-0.000544391 -0.0326543 0)
(-0.000839126 -0.0329198 0)
(-0.00043706 -0.0319547 0)
(-0.00122253 -0.0317282 0)
(-0.000298027 -0.0305332 0)
(-0.0003355 -0.0317366 0)
(-0.0012165 -0.0296262 0)
(-0.000349008 -0.0341352 0)
(0.000271913 -0.0319896 0)
(0.00120798 -0.0301668 0)
(-0.000432456 -0.0302476 0)
(5.86716e-05 -0.0297611 0)
(-0.000134758 -0.0304412 0)
(5.58303e-05 -0.0302186 0)
(0.00052511 -0.0330686 0)
(-0.000458481 -0.0323425 0)
(0.000463425 -0.0301034 0)
(-0.00102311 -0.0340717 0)
(0.000342391 -0.030851 0)
(-0.00193533 -0.0248051 0)
(0.0005318 -0.0271083 0)
(6.54829e-05 -0.0301397 0)
(-0.000480788 -0.0303434 0)
(-0.000482519 -0.0272498 0)
(-0.000528656 -0.0293411 0)
(-0.00070287 -0.030242 0)
(-0.00042777 -0.0270446 0)
(0.000288893 -0.0298345 0)
(0.000647229 -0.0319412 0)
(-0.000349001 -0.0315841 0)
(-0.000726017 -0.0315216 0)
(-0.000353223 -0.0339684 0)
(-0.000330886 -0.0359039 0)
(-0.000657757 -0.0348438 0)
(0.000103242 -0.0328814 0)
(-4.29386e-05 -0.0354466 0)
(-8.30776e-05 -0.03759 0)
(-0.00180541 -0.0385097 0)
)


// ************************************************************************* //
