/*--------------------------------*- C++ -*----------------------------------*\
  =========                 |
  \\      /  F ield         | OpenFOAM: The Open Source CFD Toolbox
   \\    /   O peration     | Website:  https://openfoam.org
    \\  /    A nd           | Version:  12
     \\/     M anipulation  |
\*---------------------------------------------------------------------------*/
FoamFile
{
    format      ascii;
    class       volVectorField::Internal;
    location    "0.05";
    object      cloud:UTrans;
}
// * * * * * * * * * * * * * * * * * * * * * * * * * * * * * * * * * * * * * //

dimensions      [1 1 -1 0 0 0 0];

value           nonuniform List<vector> 
3750
(
(0 -2.62732e-08 0)
(0 -1.67512e-08 0)
(0 -3.38168e-08 0)
(0 -3.48261e-08 0)
(0 -3.47535e-08 0)
(0 -3.38428e-08 0)
(0 -3.476e-08 0)
(0 -3.47878e-08 0)
(0 -3.47535e-08 0)
(0 -3.47535e-08 0)
(0 -3.47535e-08 0)
(0 -3.47535e-08 0)
(0 -3.47535e-08 0)
(0 -3.38428e-08 0)
(0 -3.476e-08 0)
(0 -3.47878e-08 0)
(0 -3.38428e-08 0)
(0 -3.476e-08 0)
(0 -3.47878e-08 0)
(0 -3.47535e-08 0)
(0 -3.47535e-08 0)
(0 -3.47535e-08 0)
(0 -3.47535e-08 0)
(0 -3.47535e-08 0)
(0 -3.38428e-08 0)
(0 -3.476e-08 0)
(0 -3.47878e-08 0)
(0 -3.47535e-08 0)
(0 -3.47535e-08 0)
(0 -3.47535e-08 0)
(0 -3.47535e-08 0)
(0 -3.38428e-08 0)
(0 -3.476e-08 0)
(0 -3.47878e-08 0)
(0 -3.47535e-08 0)
(0 -3.47535e-08 0)
(0 -3.47535e-08 0)
(0 -3.38428e-08 0)
(0 -3.38492e-08 0)
(0 -3.38836e-08 0)
(0 -3.47943e-08 0)
(0 -3.47878e-08 0)
(0 -3.47535e-08 0)
(0 -3.47535e-08 0)
(0 -3.47535e-08 0)
(0 -3.47535e-08 0)
(0 -3.47535e-08 0)
(0 -3.47535e-08 0)
(0 -3.47535e-08 0)
(0 -3.47535e-08 0)
(0 -3.47535e-08 0)
(0 -3.47535e-08 0)
(0 -3.47535e-08 0)
(0 -3.47535e-08 0)
(0 -3.47535e-08 0)
(0 -3.47535e-08 0)
(0 -3.47535e-08 0)
(0 -3.47535e-08 0)
(0 -3.47535e-08 0)
(0 -3.47535e-08 0)
(0 -3.47535e-08 0)
(0 -3.38428e-08 0)
(0 -3.38492e-08 0)
(0 -3.47943e-08 0)
(0 -3.47878e-08 0)
(0 -3.47535e-08 0)
(0 -3.47535e-08 0)
(0 -3.47535e-08 0)
(0 -3.28862e-08 0)
(0 -3.29069e-08 0)
(0 -3.48813e-08 0)
(0 -3.29934e-08 0)
(0 -3.38636e-08 0)
(0 -3.48669e-08 0)
(0 -3.47878e-08 0)
(0 -2.62732e-08 0)
(0 -1.67512e-08 0)
(0 -3.38168e-08 0)
(0 -3.48261e-08 0)
(0 -3.47535e-08 0)
(0 -3.47535e-08 0)
(0 -3.47535e-08 0)
(0 -3.47535e-08 0)
(0 -3.47535e-08 0)
(0 -3.47535e-08 0)
(0 -3.47535e-08 0)
(0 -3.47535e-08 0)
(0 -3.47535e-08 0)
(0 -3.47535e-08 0)
(0 -3.47535e-08 0)
(0 -3.47535e-08 0)
(0 -3.47535e-08 0)
(0 -3.47535e-08 0)
(0 -3.47535e-08 0)
(0 -3.38428e-08 0)
(0 -3.38492e-08 0)
(0 -3.47943e-08 0)
(0 -3.47878e-08 0)
(0 -3.47535e-08 0)
(0 -3.38428e-08 0)
(0 -3.38492e-08 0)
(0 -3.38836e-08 0)
(0 -3.47943e-08 0)
(0 -3.38771e-08 0)
(0 -3.476e-08 0)
(0 -3.47878e-08 0)
(0 -3.47535e-08 0)
(0 -3.47535e-08 0)
(0 -3.38428e-08 0)
(0 -3.476e-08 0)
(0 -3.47878e-08 0)
(0 -3.47535e-08 0)
(0 -3.47535e-08 0)
(0 -3.47535e-08 0)
(0 -3.47535e-08 0)
(0 -3.47535e-08 0)
(0 -3.47535e-08 0)
(0 -3.47535e-08 0)
(0 -3.47535e-08 0)
(0 -3.47535e-08 0)
(0 -3.47535e-08 0)
(0 -3.47535e-08 0)
(0 -3.47535e-08 0)
(0 -3.47535e-08 0)
(0 -3.47535e-08 0)
(0 -3.47535e-08 0)
(0 -3.47535e-08 0)
(0 -3.47535e-08 0)
(0 -3.47535e-08 0)
(0 -3.47535e-08 0)
(0 -3.47535e-08 0)
(0 -3.47535e-08 0)
(0 -3.47535e-08 0)
(0 -3.47535e-08 0)
(0 -3.47535e-08 0)
(0 -3.47535e-08 0)
(0 -3.47535e-08 0)
(0 -3.47535e-08 0)
(0 -3.47535e-08 0)
(0 -3.47535e-08 0)
(0 -3.47535e-08 0)
(0 -3.38428e-08 0)
(0 -3.476e-08 0)
(0 -3.38771e-08 0)
(0 -3.476e-08 0)
(0 -3.47878e-08 0)
(0 -3.38428e-08 0)
(0 -3.28926e-08 0)
(0 -3.48087e-08 0)
(0 -3.48604e-08 0)
(0 -2.62732e-08 0)
(0 -1.67512e-08 0)
(0 -3.38168e-08 0)
(0 -3.48261e-08 0)
(0 -3.38428e-08 0)
(0 -3.476e-08 0)
(0 -3.47878e-08 0)
(0 -3.47535e-08 0)
(0 -3.47535e-08 0)
(0 -3.47535e-08 0)
(0 -3.47535e-08 0)
(0 -3.47535e-08 0)
(0 -3.38428e-08 0)
(0 -3.38492e-08 0)
(0 -3.38836e-08 0)
(0 -3.47943e-08 0)
(0 -3.38771e-08 0)
(0 -3.476e-08 0)
(0 -3.47878e-08 0)
(0 -3.47535e-08 0)
(0 -3.38428e-08 0)
(0 -3.38492e-08 0)
(0 -3.47943e-08 0)
(0 -3.38771e-08 0)
(0 -3.476e-08 0)
(0 -3.47878e-08 0)
(0 -3.47535e-08 0)
(0 -3.47535e-08 0)
(0 -3.47535e-08 0)
(0 -3.47535e-08 0)
(0 -3.47535e-08 0)
(0 -3.47535e-08 0)
(0 -3.47535e-08 0)
(0 -3.47535e-08 0)
(0 -3.38428e-08 0)
(0 -3.476e-08 0)
(0 -3.47878e-08 0)
(0 -3.47535e-08 0)
(0 -3.38428e-08 0)
(0 -3.476e-08 0)
(0 -3.47878e-08 0)
(0 -3.47535e-08 0)
(0 -3.47535e-08 0)
(0 -3.47535e-08 0)
(0 -3.47535e-08 0)
(0 -3.47535e-08 0)
(0 -3.47535e-08 0)
(0 -3.47535e-08 0)
(0 -3.47535e-08 0)
(0 -3.47535e-08 0)
(0 -3.47535e-08 0)
(0 -3.47535e-08 0)
(0 -3.47535e-08 0)
(0 -3.47535e-08 0)
(0 -3.38428e-08 0)
(0 -3.476e-08 0)
(0 -3.47878e-08 0)
(0 -3.47535e-08 0)
(0 -3.47535e-08 0)
(0 -3.47535e-08 0)
(0 -3.47535e-08 0)
(0 -3.38428e-08 0)
(0 -3.476e-08 0)
(0 -3.47878e-08 0)
(0 -3.47535e-08 0)
(0 -3.47535e-08 0)
(0 -3.47535e-08 0)
(0 -3.47535e-08 0)
(0 -3.38428e-08 0)
(0 -3.476e-08 0)
(0 -3.47878e-08 0)
(0 -3.47535e-08 0)
(0 -3.47535e-08 0)
(0 -3.38428e-08 0)
(0 -3.476e-08 0)
(0 -2.62732e-08 0)
(0 -1.67512e-08 0)
(0 -3.38168e-08 0)
(0 -3.48261e-08 0)
(0 -3.47535e-08 0)
(0 -3.47535e-08 0)
(0 -3.47535e-08 0)
(0 -3.47535e-08 0)
(0 -3.47535e-08 0)
(0 -3.38428e-08 0)
(0 -3.476e-08 0)
(0 -3.38771e-08 0)
(0 -3.476e-08 0)
(0 -3.47878e-08 0)
(0 -3.47535e-08 0)
(0 -3.47535e-08 0)
(0 -3.47535e-08 0)
(0 -3.47535e-08 0)
(0 -3.47535e-08 0)
(0 -3.47535e-08 0)
(0 -3.47535e-08 0)
(0 -3.47535e-08 0)
(0 -3.47535e-08 0)
(0 -3.47535e-08 0)
(0 -3.47535e-08 0)
(0 -3.47535e-08 0)
(0 -3.38428e-08 0)
(0 -3.476e-08 0)
(0 -3.47878e-08 0)
(0 -3.47535e-08 0)
(0 -3.47535e-08 0)
(0 -3.47535e-08 0)
(0 -3.47535e-08 0)
(0 -3.47535e-08 0)
(0 -3.47535e-08 0)
(0 -3.47535e-08 0)
(0 -3.47535e-08 0)
(0 -3.38428e-08 0)
(0 -3.476e-08 0)
(0 -3.38771e-08 0)
(0 -3.476e-08 0)
(0 -3.47878e-08 0)
(0 -3.47535e-08 0)
(0 -3.47535e-08 0)
(0 -3.47535e-08 0)
(0 -3.47535e-08 0)
(0 -3.47535e-08 0)
(0 -3.47535e-08 0)
(0 -3.47535e-08 0)
(0 -3.47535e-08 0)
(0 -3.47535e-08 0)
(0 -3.47535e-08 0)
(0 -3.47535e-08 0)
(0 -3.47535e-08 0)
(0 -3.47535e-08 0)
(0 -3.47535e-08 0)
(0 -3.47535e-08 0)
(0 -3.47535e-08 0)
(0 -3.47535e-08 0)
(0 -3.47535e-08 0)
(0 -3.47535e-08 0)
(0 -3.38428e-08 0)
(0 -3.476e-08 0)
(0 -3.47878e-08 0)
(0 -3.47535e-08 0)
(0 -3.47535e-08 0)
(0 -3.47535e-08 0)
(0 -3.47535e-08 0)
(0 -3.38428e-08 0)
(0 -3.28926e-08 0)
(0 -3.48087e-08 0)
(0 -3.48604e-08 0)
(0 -3.47535e-08 0)
(0 -3.47535e-08 0)
(0 -3.47535e-08 0)
(0 -2.62732e-08 0)
(0 -1.67512e-08 0)
(0 -3.38168e-08 0)
(0 -3.48261e-08 0)
(0 -3.47535e-08 0)
(0 -3.47535e-08 0)
(0 -3.47535e-08 0)
(0 -3.47535e-08 0)
(0 -3.47535e-08 0)
(0 -3.38428e-08 0)
(0 -3.476e-08 0)
(0 -3.29206e-08 0)
(0 -3.47744e-08 0)
(0 -3.48604e-08 0)
(0 -3.47535e-08 0)
(0 -3.47535e-08 0)
(0 -3.47535e-08 0)
(0 -3.47535e-08 0)
(0 -3.47535e-08 0)
(0 -3.47535e-08 0)
(0 -3.47535e-08 0)
(0 -3.47535e-08 0)
(0 -3.47535e-08 0)
(0 -3.47535e-08 0)
(0 -3.18919e-08 0)
(0 -3.47958e-08 0)
(0 -3.4964e-08 0)
(0 -3.28862e-08 0)
(0 -3.47744e-08 0)
(0 -3.48604e-08 0)
(0 -3.47535e-08 0)
(0 -3.47535e-08 0)
(0 -3.47535e-08 0)
(0 -3.47535e-08 0)
(0 -3.47535e-08 0)
(0 -3.47535e-08 0)
(0 -3.47535e-08 0)
(0 -3.47535e-08 0)
(0 -3.38428e-08 0)
(0 -3.476e-08 0)
(0 -3.29206e-08 0)
(0 -3.47744e-08 0)
(0 -3.48604e-08 0)
(0 -3.47535e-08 0)
(0 -3.38428e-08 0)
(0 -3.28926e-08 0)
(0 -3.48087e-08 0)
(0 -3.29934e-08 0)
(0 -3.38636e-08 0)
(0 -3.48669e-08 0)
(0 -3.47878e-08 0)
(0 -3.47535e-08 0)
(0 -3.47535e-08 0)
(0 -3.47535e-08 0)
(0 -3.47535e-08 0)
(0 -3.47535e-08 0)
(0 -3.47535e-08 0)
(0 -3.38428e-08 0)
(0 -3.476e-08 0)
(0 -3.47878e-08 0)
(0 -3.47535e-08 0)
(0 -3.28862e-08 0)
(0 -3.47744e-08 0)
(0 -3.48604e-08 0)
(0 -3.47535e-08 0)
(0 -3.47535e-08 0)
(0 -3.47535e-08 0)
(0 -3.47535e-08 0)
(0 -3.47535e-08 0)
(0 -3.47535e-08 0)
(0 -3.47535e-08 0)
(0 -3.47535e-08 0)
(0 -3.47535e-08 0)
(0 -3.47535e-08 0)
(0 -3.47535e-08 0)
(0 -2.62732e-08 0)
(0 -1.67512e-08 0)
(0 -3.38168e-08 0)
(0 -3.48261e-08 0)
(0 -3.47535e-08 0)
(0 -3.47535e-08 0)
(0 -3.38428e-08 0)
(0 -3.476e-08 0)
(0 -3.47878e-08 0)
(0 -3.47535e-08 0)
(0 -3.47535e-08 0)
(0 -3.47535e-08 0)
(0 -3.47535e-08 0)
(0 -3.47535e-08 0)
(0 -3.47535e-08 0)
(0 -3.38428e-08 0)
(0 -3.476e-08 0)
(0 -3.47878e-08 0)
(0 -3.47535e-08 0)
(0 -3.47535e-08 0)
(0 -3.47535e-08 0)
(0 -3.47535e-08 0)
(0 -3.47535e-08 0)
(0 -3.38428e-08 0)
(0 -3.476e-08 0)
(0 -3.47878e-08 0)
(0 -3.47535e-08 0)
(0 -3.38428e-08 0)
(0 -3.476e-08 0)
(0 -3.47878e-08 0)
(0 -3.47535e-08 0)
(0 -3.47535e-08 0)
(0 -3.47535e-08 0)
(0 -3.47535e-08 0)
(0 -3.47535e-08 0)
(0 -3.47535e-08 0)
(0 -3.47535e-08 0)
(0 -3.28862e-08 0)
(0 -3.38636e-08 0)
(0 -3.48669e-08 0)
(0 -3.38771e-08 0)
(0 -3.476e-08 0)
(0 -3.47878e-08 0)
(0 -3.47535e-08 0)
(0 -3.47535e-08 0)
(0 -3.38428e-08 0)
(0 -3.476e-08 0)
(0 -3.47878e-08 0)
(0 -3.47535e-08 0)
(0 -3.47535e-08 0)
(0 -3.47535e-08 0)
(0 -3.47535e-08 0)
(0 -3.47535e-08 0)
(0 -3.47535e-08 0)
(0 -3.47535e-08 0)
(0 -3.47535e-08 0)
(0 -3.47535e-08 0)
(0 -3.38428e-08 0)
(0 -3.476e-08 0)
(0 -3.47878e-08 0)
(0 -3.47535e-08 0)
(0 -3.47535e-08 0)
(0 -3.47535e-08 0)
(0 -3.38428e-08 0)
(0 -3.476e-08 0)
(0 -3.47878e-08 0)
(0 -3.47535e-08 0)
(0 -3.47535e-08 0)
(0 -3.47535e-08 0)
(0 -3.47535e-08 0)
(0 -3.47535e-08 0)
(0 -3.47535e-08 0)
(0 -3.47535e-08 0)
(0 -3.47535e-08 0)
(0 -3.47535e-08 0)
(0 -2.62732e-08 0)
(0 -1.67512e-08 0)
(0 -3.38168e-08 0)
(0 -3.48261e-08 0)
(0 -3.47535e-08 0)
(0 -3.47535e-08 0)
(0 -3.47535e-08 0)
(0 -3.47535e-08 0)
(0 -3.47535e-08 0)
(0 -3.47535e-08 0)
(0 -3.47535e-08 0)
(0 -3.47535e-08 0)
(0 -3.47535e-08 0)
(0 -3.47535e-08 0)
(0 -3.47535e-08 0)
(0 -3.38428e-08 0)
(0 -3.28926e-08 0)
(0 -3.48087e-08 0)
(0 -3.48604e-08 0)
(0 -3.38428e-08 0)
(0 -3.38492e-08 0)
(0 -3.38836e-08 0)
(0 -3.47943e-08 0)
(0 -3.47878e-08 0)
(0 -3.47535e-08 0)
(0 -3.47535e-08 0)
(0 -3.47535e-08 0)
(0 -3.28862e-08 0)
(0 -3.38636e-08 0)
(0 -3.48669e-08 0)
(0 -3.47878e-08 0)
(0 -3.47535e-08 0)
(0 -3.47535e-08 0)
(0 -3.47535e-08 0)
(0 -3.47535e-08 0)
(0 -3.47535e-08 0)
(0 -3.47535e-08 0)
(0 -3.38428e-08 0)
(0 -3.476e-08 0)
(0 -3.38771e-08 0)
(0 -3.38492e-08 0)
(0 -3.47943e-08 0)
(0 -3.47878e-08 0)
(0 -3.47535e-08 0)
(0 -3.47535e-08 0)
(0 -3.38428e-08 0)
(0 -3.476e-08 0)
(0 -3.47878e-08 0)
(0 -3.38428e-08 0)
(0 -3.476e-08 0)
(0 -3.47878e-08 0)
(0 -3.47535e-08 0)
(0 -3.47535e-08 0)
(0 -3.47535e-08 0)
(0 -3.47535e-08 0)
(0 -3.47535e-08 0)
(0 -3.47535e-08 0)
(0 -3.47535e-08 0)
(0 -3.38428e-08 0)
(0 -3.476e-08 0)
(0 -3.47878e-08 0)
(0 -3.47535e-08 0)
(0 -3.38428e-08 0)
(0 -3.28926e-08 0)
(0 -3.29413e-08 0)
(0 -3.48813e-08 0)
(0 -3.48604e-08 0)
(0 -3.47535e-08 0)
(0 -3.28862e-08 0)
(0 -3.47744e-08 0)
(0 -3.48604e-08 0)
(0 -3.38428e-08 0)
(0 -3.476e-08 0)
(0 -3.47878e-08 0)
(0 -3.47535e-08 0)
(0 -2.62732e-08 0)
(0 -1.67512e-08 0)
(0 -3.38168e-08 0)
(0 -3.48261e-08 0)
(0 -3.47535e-08 0)
(0 -3.38428e-08 0)
(0 -3.476e-08 0)
(0 -3.47878e-08 0)
(0 -3.47535e-08 0)
(0 -3.47535e-08 0)
(0 -3.47535e-08 0)
(0 -3.47535e-08 0)
(0 -3.47535e-08 0)
(0 -3.47535e-08 0)
(0 -3.47535e-08 0)
(0 -3.47535e-08 0)
(0 -3.47535e-08 0)
(0 -3.47535e-08 0)
(0 -3.38428e-08 0)
(0 -3.476e-08 0)
(0 -3.38771e-08 0)
(0 -3.476e-08 0)
(0 -3.47878e-08 0)
(0 -3.47535e-08 0)
(0 -3.38428e-08 0)
(0 -3.476e-08 0)
(0 -3.47878e-08 0)
(0 -3.47535e-08 0)
(0 -3.47535e-08 0)
(0 -3.47535e-08 0)
(0 -3.47535e-08 0)
(0 -3.28862e-08 0)
(0 -3.47744e-08 0)
(0 -3.48604e-08 0)
(0 -3.47535e-08 0)
(0 -3.47535e-08 0)
(0 -3.47535e-08 0)
(0 -3.47535e-08 0)
(0 -3.38428e-08 0)
(0 -3.476e-08 0)
(0 -3.47878e-08 0)
(0 -3.47535e-08 0)
(0 -3.47535e-08 0)
(0 -3.38428e-08 0)
(0 -3.476e-08 0)
(0 -3.47878e-08 0)
(0 -3.47535e-08 0)
(0 -3.28862e-08 0)
(0 -3.47744e-08 0)
(0 -3.48604e-08 0)
(0 -3.47535e-08 0)
(0 -3.47535e-08 0)
(0 -3.47535e-08 0)
(0 -3.47535e-08 0)
(0 -3.47535e-08 0)
(0 -3.47535e-08 0)
(0 -3.47535e-08 0)
(0 -3.47535e-08 0)
(0 -3.47535e-08 0)
(0 -3.47535e-08 0)
(0 -3.47535e-08 0)
(0 -3.47535e-08 0)
(0 -3.47535e-08 0)
(0 -3.38428e-08 0)
(0 -3.476e-08 0)
(0 -3.47878e-08 0)
(0 -3.47535e-08 0)
(0 -3.47535e-08 0)
(0 -3.47535e-08 0)
(0 -3.28862e-08 0)
(0 -3.47744e-08 0)
(0 -3.48604e-08 0)
(0 -3.47535e-08 0)
(0 -3.47535e-08 0)
(0 -3.38428e-08 0)
(0 -2.62732e-08 0)
(0 -1.67512e-08 0)
(0 -3.38168e-08 0)
(0 -3.39155e-08 0)
(0 -3.476e-08 0)
(0 -3.47878e-08 0)
(0 -3.47535e-08 0)
(0 -3.47535e-08 0)
(0 -3.47535e-08 0)
(0 -3.47535e-08 0)
(0 -3.38428e-08 0)
(0 -3.476e-08 0)
(0 -3.47878e-08 0)
(0 -3.47535e-08 0)
(0 -3.38428e-08 0)
(0 -3.476e-08 0)
(0 -3.47878e-08 0)
(0 -3.38428e-08 0)
(0 -3.476e-08 0)
(0 -3.47878e-08 0)
(0 -3.38428e-08 0)
(0 -3.476e-08 0)
(0 -3.47878e-08 0)
(0 -3.47535e-08 0)
(0 -3.28862e-08 0)
(0 -3.47744e-08 0)
(0 -3.39498e-08 0)
(0 -3.476e-08 0)
(0 -3.29206e-08 0)
(0 -3.47744e-08 0)
(0 -3.48604e-08 0)
(0 -3.47535e-08 0)
(0 -3.47535e-08 0)
(0 -3.28862e-08 0)
(0 -3.47744e-08 0)
(0 -3.48604e-08 0)
(0 -3.47535e-08 0)
(0 -3.47535e-08 0)
(0 -3.47535e-08 0)
(0 -3.47535e-08 0)
(0 -3.38428e-08 0)
(0 -3.38492e-08 0)
(0 -3.47943e-08 0)
(0 -3.29206e-08 0)
(0 -3.47744e-08 0)
(0 -3.48604e-08 0)
(0 -3.47535e-08 0)
(0 -3.28862e-08 0)
(0 -3.47744e-08 0)
(0 -3.48604e-08 0)
(0 -3.47535e-08 0)
(0 -3.47535e-08 0)
(0 -3.38428e-08 0)
(0 -3.476e-08 0)
(0 -3.29206e-08 0)
(0 -3.38636e-08 0)
(0 -3.48669e-08 0)
(0 -3.47878e-08 0)
(0 -3.38428e-08 0)
(0 -3.476e-08 0)
(0 -3.47878e-08 0)
(0 -3.47535e-08 0)
(0 -3.47535e-08 0)
(0 -3.38428e-08 0)
(0 -3.476e-08 0)
(0 -3.38771e-08 0)
(0 -3.476e-08 0)
(0 -3.47878e-08 0)
(0 -3.47535e-08 0)
(0 -3.38428e-08 0)
(0 -3.476e-08 0)
(0 -3.38771e-08 0)
(0 -3.476e-08 0)
(0 -3.47878e-08 0)
(0 -3.47535e-08 0)
(0 -2.62732e-08 0)
(0 -1.48376e-08 0)
(0 -3.38377e-08 0)
(0 -3.4933e-08 0)
(0 -3.38428e-08 0)
(0 -3.38492e-08 0)
(0 -3.38836e-08 0)
(0 -3.47943e-08 0)
(0 -3.47878e-08 0)
(0 -3.47535e-08 0)
(0 -3.47535e-08 0)
(0 -3.28862e-08 0)
(0 -3.47744e-08 0)
(0 -3.48604e-08 0)
(0 -3.47535e-08 0)
(0 -3.47535e-08 0)
(0 -3.38428e-08 0)
(0 -3.476e-08 0)
(0 -3.47878e-08 0)
(0 -3.47535e-08 0)
(0 -3.38428e-08 0)
(0 -3.476e-08 0)
(0 -3.47878e-08 0)
(0 -3.38428e-08 0)
(0 -3.476e-08 0)
(0 -3.47878e-08 0)
(0 -3.47535e-08 0)
(0 -3.38428e-08 0)
(0 -3.476e-08 0)
(0 -3.47878e-08 0)
(0 -3.47535e-08 0)
(0 -3.47535e-08 0)
(0 -3.38428e-08 0)
(0 -3.476e-08 0)
(0 -3.47878e-08 0)
(0 -3.47535e-08 0)
(0 -3.47535e-08 0)
(0 -3.38428e-08 0)
(0 -3.476e-08 0)
(0 -3.47878e-08 0)
(0 -3.47535e-08 0)
(0 -3.28862e-08 0)
(0 -3.47744e-08 0)
(0 -3.48604e-08 0)
(0 -3.47535e-08 0)
(0 -3.47535e-08 0)
(0 -3.47535e-08 0)
(0 -3.47535e-08 0)
(0 -3.28862e-08 0)
(0 -3.47744e-08 0)
(0 -3.48604e-08 0)
(0 -3.47535e-08 0)
(0 -3.47535e-08 0)
(0 -3.47535e-08 0)
(0 -3.47535e-08 0)
(0 -3.47535e-08 0)
(0 -3.47535e-08 0)
(0 -3.47535e-08 0)
(0 -3.47535e-08 0)
(0 -3.47535e-08 0)
(0 -3.47535e-08 0)
(0 -3.47535e-08 0)
(0 -3.47535e-08 0)
(0 -3.47535e-08 0)
(0 -3.38428e-08 0)
(0 -3.38492e-08 0)
(0 -3.29271e-08 0)
(0 -3.48087e-08 0)
(0 -3.39498e-08 0)
(0 -3.38492e-08 0)
(0 -3.47943e-08 0)
(0 -3.38771e-08 0)
(0 -3.476e-08 0)
(0 -3.47878e-08 0)
(0 -3.47535e-08 0)
(0 -2.62732e-08 0)
(0 -1.67512e-08 0)
(0 -3.38168e-08 0)
(0 -3.48261e-08 0)
(0 -3.47535e-08 0)
(0 -3.47535e-08 0)
(0 -3.47535e-08 0)
(0 -3.47535e-08 0)
(0 -3.47535e-08 0)
(0 -3.47535e-08 0)
(0 -3.47535e-08 0)
(0 -3.47535e-08 0)
(0 -3.47535e-08 0)
(0 -3.38428e-08 0)
(0 -3.476e-08 0)
(0 -3.47878e-08 0)
(0 -3.38428e-08 0)
(0 -3.476e-08 0)
(0 -3.47878e-08 0)
(0 -3.28862e-08 0)
(0 -3.47744e-08 0)
(0 -3.48604e-08 0)
(0 -3.47535e-08 0)
(0 -3.47535e-08 0)
(0 -3.47535e-08 0)
(0 -3.47535e-08 0)
(0 -3.38428e-08 0)
(0 -3.28926e-08 0)
(0 -3.38979e-08 0)
(0 -3.48669e-08 0)
(0 -3.47878e-08 0)
(0 -3.38428e-08 0)
(0 -3.476e-08 0)
(0 -3.47878e-08 0)
(0 -3.47535e-08 0)
(0 -3.47535e-08 0)
(0 -3.38428e-08 0)
(0 -3.476e-08 0)
(0 -3.47878e-08 0)
(0 -3.47535e-08 0)
(0 -3.47535e-08 0)
(0 -3.47535e-08 0)
(0 -3.47535e-08 0)
(0 -3.47535e-08 0)
(0 -3.47535e-08 0)
(0 -3.47535e-08 0)
(0 -3.47535e-08 0)
(0 -3.47535e-08 0)
(0 -3.47535e-08 0)
(0 -3.47535e-08 0)
(0 -3.38428e-08 0)
(0 -3.476e-08 0)
(0 -3.47878e-08 0)
(0 -3.47535e-08 0)
(0 -3.47535e-08 0)
(0 -3.28862e-08 0)
(0 -3.47744e-08 0)
(0 -3.48604e-08 0)
(0 -3.47535e-08 0)
(0 -3.47535e-08 0)
(0 -3.47535e-08 0)
(0 -3.47535e-08 0)
(0 -3.47535e-08 0)
(0 -3.38428e-08 0)
(0 -3.476e-08 0)
(0 -3.47878e-08 0)
(0 -3.38428e-08 0)
(0 -3.28926e-08 0)
(0 -3.48087e-08 0)
(0 -3.48604e-08 0)
(0 -3.47535e-08 0)
(0 -3.38428e-08 0)
(0 -3.38492e-08 0)
(0 -3.47943e-08 0)
(0 -3.38771e-08 0)
(0 -2.62732e-08 0)
(0 -1.58195e-08 0)
(0 -3.38233e-08 0)
(0 -3.48604e-08 0)
(0 -3.47535e-08 0)
(0 -3.47535e-08 0)
(0 -3.47535e-08 0)
(0 -3.47535e-08 0)
(0 -3.47535e-08 0)
(0 -3.47535e-08 0)
(0 -3.38428e-08 0)
(0 -3.476e-08 0)
(0 -3.47878e-08 0)
(0 -3.47535e-08 0)
(0 -3.47535e-08 0)
(0 -3.47535e-08 0)
(0 -3.28862e-08 0)
(0 -3.47744e-08 0)
(0 -3.48604e-08 0)
(0 -3.47535e-08 0)
(0 -3.38428e-08 0)
(0 -3.476e-08 0)
(0 -3.47878e-08 0)
(0 -3.38428e-08 0)
(0 -3.476e-08 0)
(0 -3.47878e-08 0)
(0 -3.47535e-08 0)
(0 -3.47535e-08 0)
(0 -3.47535e-08 0)
(0 -3.47535e-08 0)
(0 -3.47535e-08 0)
(0 -3.47535e-08 0)
(0 -3.47535e-08 0)
(0 -3.47535e-08 0)
(0 -3.38428e-08 0)
(0 -3.476e-08 0)
(0 -3.47878e-08 0)
(0 -3.47535e-08 0)
(0 -3.28862e-08 0)
(0 -3.38636e-08 0)
(0 -3.48669e-08 0)
(0 -3.38771e-08 0)
(0 -3.476e-08 0)
(0 -3.47878e-08 0)
(0 -3.47535e-08 0)
(0 -3.47535e-08 0)
(0 -3.38428e-08 0)
(0 -3.476e-08 0)
(0 -3.47878e-08 0)
(0 -3.47535e-08 0)
(0 -3.38428e-08 0)
(0 -3.476e-08 0)
(0 -3.47878e-08 0)
(0 -3.47535e-08 0)
(0 -3.47535e-08 0)
(0 -3.47535e-08 0)
(0 -3.38428e-08 0)
(0 -3.38492e-08 0)
(0 -3.47943e-08 0)
(0 -3.47878e-08 0)
(0 -3.47535e-08 0)
(0 -3.47535e-08 0)
(0 -3.47535e-08 0)
(0 -3.47535e-08 0)
(0 -3.38428e-08 0)
(0 -3.38492e-08 0)
(0 -3.47943e-08 0)
(0 -3.47878e-08 0)
(0 -3.47535e-08 0)
(0 -3.38428e-08 0)
(0 -3.476e-08 0)
(0 -3.47878e-08 0)
(0 -3.47535e-08 0)
(0 -3.38428e-08 0)
(0 -3.476e-08 0)
(0 -2.62732e-08 0)
(0 -1.67512e-08 0)
(0 -3.38168e-08 0)
(0 -3.39155e-08 0)
(0 -3.476e-08 0)
(0 -3.47878e-08 0)
(0 -3.47535e-08 0)
(0 -3.47535e-08 0)
(0 -3.47535e-08 0)
(0 -3.47535e-08 0)
(0 -3.18919e-08 0)
(0 -3.38848e-08 0)
(0 -3.49705e-08 0)
(0 -3.38771e-08 0)
(0 -3.28926e-08 0)
(0 -3.29413e-08 0)
(0 -3.39706e-08 0)
(0 -3.48669e-08 0)
(0 -3.47878e-08 0)
(0 -3.47535e-08 0)
(0 -3.08686e-08 0)
(0 -3.48231e-08 0)
(0 -3.50911e-08 0)
(0 -3.47535e-08 0)
(0 -3.47535e-08 0)
(0 -3.47535e-08 0)
(0 -3.47535e-08 0)
(0 -3.47535e-08 0)
(0 -3.47535e-08 0)
(0 -3.47535e-08 0)
(0 -3.47535e-08 0)
(0 -3.47535e-08 0)
(0 -3.28862e-08 0)
(0 -3.38636e-08 0)
(0 -3.48669e-08 0)
(0 -3.47878e-08 0)
(0 -3.47535e-08 0)
(0 -3.38428e-08 0)
(0 -3.28926e-08 0)
(0 -3.38979e-08 0)
(0 -3.48669e-08 0)
(0 -3.47878e-08 0)
(0 -3.47535e-08 0)
(0 -3.47535e-08 0)
(0 -3.47535e-08 0)
(0 -3.47535e-08 0)
(0 -3.38428e-08 0)
(0 -3.476e-08 0)
(0 -3.47878e-08 0)
(0 -3.47535e-08 0)
(0 -3.38428e-08 0)
(0 -3.38492e-08 0)
(0 -3.47943e-08 0)
(0 -3.47878e-08 0)
(0 -3.47535e-08 0)
(0 -3.47535e-08 0)
(0 -3.47535e-08 0)
(0 -3.47535e-08 0)
(0 -3.38428e-08 0)
(0 -3.476e-08 0)
(0 -3.38771e-08 0)
(0 -3.38492e-08 0)
(0 -3.47943e-08 0)
(0 -3.47878e-08 0)
(0 -3.47535e-08 0)
(0 -3.47535e-08 0)
(0 -3.28862e-08 0)
(0 -3.47744e-08 0)
(0 -3.48604e-08 0)
(0 -3.47535e-08 0)
(0 -3.47535e-08 0)
(0 -3.47535e-08 0)
(0 -3.38428e-08 0)
(0 -3.476e-08 0)
(0 -3.38771e-08 0)
(0 -2.62732e-08 0)
(0 -1.67512e-08 0)
(0 -3.38168e-08 0)
(0 -3.48261e-08 0)
(0 -3.47535e-08 0)
(0 -3.47535e-08 0)
(0 -3.47535e-08 0)
(0 -3.47535e-08 0)
(0 -3.47535e-08 0)
(0 -3.38428e-08 0)
(0 -3.476e-08 0)
(0 -3.47878e-08 0)
(0 -3.47535e-08 0)
(0 -3.47535e-08 0)
(0 -3.47535e-08 0)
(0 -3.47535e-08 0)
(0 -3.18919e-08 0)
(0 -3.47958e-08 0)
(0 -3.40535e-08 0)
(0 -3.476e-08 0)
(0 -3.47878e-08 0)
(0 -3.38428e-08 0)
(0 -3.476e-08 0)
(0 -3.38771e-08 0)
(0 -3.476e-08 0)
(0 -3.47878e-08 0)
(0 -3.47535e-08 0)
(0 -3.47535e-08 0)
(0 -3.47535e-08 0)
(0 -3.38428e-08 0)
(0 -3.38492e-08 0)
(0 -3.47943e-08 0)
(0 -3.47878e-08 0)
(0 -3.47535e-08 0)
(0 -3.47535e-08 0)
(0 -3.47535e-08 0)
(0 -3.47535e-08 0)
(0 -3.38428e-08 0)
(0 -3.476e-08 0)
(0 -3.47878e-08 0)
(0 -3.47535e-08 0)
(0 -3.18919e-08 0)
(0 -3.38848e-08 0)
(0 -3.49705e-08 0)
(0 -3.47878e-08 0)
(0 -3.47535e-08 0)
(0 -3.47535e-08 0)
(0 -3.38428e-08 0)
(0 -3.476e-08 0)
(0 -3.47878e-08 0)
(0 -3.38428e-08 0)
(0 -3.476e-08 0)
(0 -3.29206e-08 0)
(0 -3.47744e-08 0)
(0 -3.48604e-08 0)
(0 -3.47535e-08 0)
(0 -3.47535e-08 0)
(0 -3.47535e-08 0)
(0 -3.47535e-08 0)
(0 -3.47535e-08 0)
(0 -3.47535e-08 0)
(0 -3.38428e-08 0)
(0 -3.476e-08 0)
(0 -3.47878e-08 0)
(0 -3.38428e-08 0)
(0 -3.476e-08 0)
(0 -3.47878e-08 0)
(0 -3.47535e-08 0)
(0 -3.38428e-08 0)
(0 -3.38492e-08 0)
(0 -3.47943e-08 0)
(0 -3.47878e-08 0)
(0 -3.47535e-08 0)
(0 -3.47535e-08 0)
(0 -3.38428e-08 0)
(0 -2.62732e-08 0)
(0 -1.67512e-08 0)
(0 -3.38168e-08 0)
(0 -3.48261e-08 0)
(0 -3.47535e-08 0)
(0 -3.47535e-08 0)
(0 -3.47535e-08 0)
(0 -3.47535e-08 0)
(0 -3.47535e-08 0)
(0 -3.38428e-08 0)
(0 -3.476e-08 0)
(0 -3.38771e-08 0)
(0 -3.38492e-08 0)
(0 -3.47943e-08 0)
(0 -3.47878e-08 0)
(0 -3.47535e-08 0)
(0 -3.38428e-08 0)
(0 -3.476e-08 0)
(0 -3.47878e-08 0)
(0 -3.38428e-08 0)
(0 -3.38492e-08 0)
(0 -3.47943e-08 0)
(0 -3.38771e-08 0)
(0 -3.476e-08 0)
(0 -3.47878e-08 0)
(0 -3.47535e-08 0)
(0 -3.38428e-08 0)
(0 -3.28926e-08 0)
(0 -3.48087e-08 0)
(0 -3.48604e-08 0)
(0 -3.47535e-08 0)
(0 -3.38428e-08 0)
(0 -3.476e-08 0)
(0 -3.47878e-08 0)
(0 -3.47535e-08 0)
(0 -3.47535e-08 0)
(0 -3.38428e-08 0)
(0 -3.476e-08 0)
(0 -3.47878e-08 0)
(0 -3.47535e-08 0)
(0 -3.47535e-08 0)
(0 -3.38428e-08 0)
(0 -3.476e-08 0)
(0 -3.47878e-08 0)
(0 -3.47535e-08 0)
(0 -3.47535e-08 0)
(0 -3.47535e-08 0)
(0 -3.47535e-08 0)
(0 -3.47535e-08 0)
(0 -3.47535e-08 0)
(0 -3.47535e-08 0)
(0 -3.47535e-08 0)
(0 -3.28862e-08 0)
(0 -3.47744e-08 0)
(0 -3.48604e-08 0)
(0 -3.38428e-08 0)
(0 -3.476e-08 0)
(0 -3.47878e-08 0)
(0 -3.47535e-08 0)
(0 -3.38428e-08 0)
(0 -3.476e-08 0)
(0 -3.19264e-08 0)
(0 -3.47958e-08 0)
(0 -3.4964e-08 0)
(0 -3.47535e-08 0)
(0 -3.47535e-08 0)
(0 -3.47535e-08 0)
(0 -3.47535e-08 0)
(0 -3.38428e-08 0)
(0 -3.476e-08 0)
(0 -3.38771e-08 0)
(0 -3.28926e-08 0)
(0 -3.48087e-08 0)
(0 -3.48604e-08 0)
(0 -3.47535e-08 0)
(0 -2.62732e-08 0)
(0 -1.67512e-08 0)
(0 -3.38168e-08 0)
(0 -3.48261e-08 0)
(0 -3.47535e-08 0)
(0 -3.47535e-08 0)
(0 -3.47535e-08 0)
(0 -3.47535e-08 0)
(0 -3.47535e-08 0)
(0 -3.47535e-08 0)
(0 -3.38428e-08 0)
(0 -3.476e-08 0)
(0 -3.47878e-08 0)
(0 -3.47535e-08 0)
(0 -3.47535e-08 0)
(0 -3.47535e-08 0)
(0 -3.47535e-08 0)
(0 -3.47535e-08 0)
(0 -3.47535e-08 0)
(0 -3.47535e-08 0)
(0 -3.47535e-08 0)
(0 -3.38428e-08 0)
(0 -3.476e-08 0)
(0 -3.47878e-08 0)
(0 -3.47535e-08 0)
(0 -3.47535e-08 0)
(0 -3.47535e-08 0)
(0 -3.47535e-08 0)
(0 -3.47535e-08 0)
(0 -3.47535e-08 0)
(0 -3.47535e-08 0)
(0 -3.38428e-08 0)
(0 -3.476e-08 0)
(0 -3.47878e-08 0)
(0 -3.47535e-08 0)
(0 -3.47535e-08 0)
(0 -3.47535e-08 0)
(0 -3.38428e-08 0)
(0 -3.476e-08 0)
(0 -3.47878e-08 0)
(0 -3.47535e-08 0)
(0 -3.47535e-08 0)
(0 -3.47535e-08 0)
(0 -3.47535e-08 0)
(0 -3.47535e-08 0)
(0 -3.47535e-08 0)
(0 -3.38428e-08 0)
(0 -3.476e-08 0)
(0 -3.47878e-08 0)
(0 -3.47535e-08 0)
(0 -3.28862e-08 0)
(0 -3.47744e-08 0)
(0 -3.48604e-08 0)
(0 -3.47535e-08 0)
(0 -3.47535e-08 0)
(0 -3.47535e-08 0)
(0 -3.28862e-08 0)
(0 -3.47744e-08 0)
(0 -3.48604e-08 0)
(0 -3.47535e-08 0)
(0 -3.38428e-08 0)
(0 -3.38492e-08 0)
(0 -3.47943e-08 0)
(0 -3.47878e-08 0)
(0 -3.47535e-08 0)
(0 -3.28862e-08 0)
(0 -3.47744e-08 0)
(0 -3.48604e-08 0)
(0 -3.47535e-08 0)
(0 -3.47535e-08 0)
(0 -3.38428e-08 0)
(0 -3.476e-08 0)
(0 -3.47878e-08 0)
(0 -3.47535e-08 0)
(0 -3.47535e-08 0)
(0 -2.62732e-08 0)
(0 -1.67512e-08 0)
(0 -3.38168e-08 0)
(0 -3.48261e-08 0)
(0 -3.47535e-08 0)
(0 -3.47535e-08 0)
(0 -3.38428e-08 0)
(0 -3.476e-08 0)
(0 -3.47878e-08 0)
(0 -3.38428e-08 0)
(0 -3.476e-08 0)
(0 -3.47878e-08 0)
(0 -3.47535e-08 0)
(0 -3.47535e-08 0)
(0 -3.47535e-08 0)
(0 -3.47535e-08 0)
(0 -3.47535e-08 0)
(0 -3.47535e-08 0)
(0 -3.47535e-08 0)
(0 -3.47535e-08 0)
(0 -3.47535e-08 0)
(0 -3.47535e-08 0)
(0 -3.47535e-08 0)
(0 -3.38428e-08 0)
(0 -3.476e-08 0)
(0 -3.47878e-08 0)
(0 -3.47535e-08 0)
(0 -3.47535e-08 0)
(0 -3.47535e-08 0)
(0 -3.47535e-08 0)
(0 -3.47535e-08 0)
(0 -3.47535e-08 0)
(0 -3.38428e-08 0)
(0 -3.476e-08 0)
(0 -3.47878e-08 0)
(0 -3.47535e-08 0)
(0 -3.47535e-08 0)
(0 -3.47535e-08 0)
(0 -3.47535e-08 0)
(0 -3.38428e-08 0)
(0 -3.38492e-08 0)
(0 -3.38836e-08 0)
(0 -3.47943e-08 0)
(0 -3.47878e-08 0)
(0 -3.38428e-08 0)
(0 -3.476e-08 0)
(0 -3.47878e-08 0)
(0 -3.47535e-08 0)
(0 -3.47535e-08 0)
(0 -3.47535e-08 0)
(0 -3.47535e-08 0)
(0 -3.47535e-08 0)
(0 -3.47535e-08 0)
(0 -3.47535e-08 0)
(0 -3.47535e-08 0)
(0 -3.38428e-08 0)
(0 -3.28926e-08 0)
(0 -3.48087e-08 0)
(0 -3.48604e-08 0)
(0 -3.47535e-08 0)
(0 -3.47535e-08 0)
(0 -3.47535e-08 0)
(0 -3.47535e-08 0)
(0 -3.47535e-08 0)
(0 -3.47535e-08 0)
(0 -3.47535e-08 0)
(0 -3.28862e-08 0)
(0 -3.47744e-08 0)
(0 -3.39498e-08 0)
(0 -3.28926e-08 0)
(0 -3.48087e-08 0)
(0 -3.39498e-08 0)
(0 -3.476e-08 0)
(0 -3.19264e-08 0)
(0 -3.47958e-08 0)
(0 -2.62732e-08 0)
(0 -1.67512e-08 0)
(0 -3.38168e-08 0)
(0 -3.39155e-08 0)
(0 -3.28926e-08 0)
(0 -3.48087e-08 0)
(0 -3.48604e-08 0)
(0 -3.38428e-08 0)
(0 -3.476e-08 0)
(0 -3.47878e-08 0)
(0 -3.28862e-08 0)
(0 -3.29069e-08 0)
(0 -3.48813e-08 0)
(0 -3.48604e-08 0)
(0 -3.47535e-08 0)
(0 -3.47535e-08 0)
(0 -3.38428e-08 0)
(0 -3.476e-08 0)
(0 -3.19264e-08 0)
(0 -3.47958e-08 0)
(0 -3.4964e-08 0)
(0 -3.47535e-08 0)
(0 -3.38428e-08 0)
(0 -3.476e-08 0)
(0 -3.47878e-08 0)
(0 -3.47535e-08 0)
(0 -3.28862e-08 0)
(0 -3.47744e-08 0)
(0 -3.39498e-08 0)
(0 -3.476e-08 0)
(0 -3.47878e-08 0)
(0 -3.47535e-08 0)
(0 -3.47535e-08 0)
(0 -3.38428e-08 0)
(0 -3.476e-08 0)
(0 -3.47878e-08 0)
(0 -3.47535e-08 0)
(0 -3.47535e-08 0)
(0 -3.47535e-08 0)
(0 -3.47535e-08 0)
(0 -3.18919e-08 0)
(0 -3.47958e-08 0)
(0 -3.4964e-08 0)
(0 -3.28862e-08 0)
(0 -3.38636e-08 0)
(0 -3.48669e-08 0)
(0 -3.47878e-08 0)
(0 -3.47535e-08 0)
(0 -3.38428e-08 0)
(0 -3.476e-08 0)
(0 -3.47878e-08 0)
(0 -3.47535e-08 0)
(0 -3.47535e-08 0)
(0 -3.47535e-08 0)
(0 -3.38428e-08 0)
(0 -3.38492e-08 0)
(0 -3.38836e-08 0)
(0 -3.47943e-08 0)
(0 -3.38771e-08 0)
(0 -3.476e-08 0)
(0 -3.47878e-08 0)
(0 -3.47535e-08 0)
(0 -3.47535e-08 0)
(0 -3.47535e-08 0)
(0 -3.38428e-08 0)
(0 -3.476e-08 0)
(0 -3.47878e-08 0)
(0 -3.38428e-08 0)
(0 -3.476e-08 0)
(0 -3.38771e-08 0)
(0 -3.476e-08 0)
(0 -3.47878e-08 0)
(0 -3.47535e-08 0)
(0 -3.47535e-08 0)
(0 -3.47535e-08 0)
(0 -2.62732e-08 0)
(0 -1.67512e-08 0)
(0 -3.38168e-08 0)
(0 -3.48261e-08 0)
(0 -3.47535e-08 0)
(0 -3.38428e-08 0)
(0 -3.38492e-08 0)
(0 -3.47943e-08 0)
(0 -3.47878e-08 0)
(0 -3.47535e-08 0)
(0 -3.47535e-08 0)
(0 -3.47535e-08 0)
(0 -3.47535e-08 0)
(0 -3.47535e-08 0)
(0 -3.47535e-08 0)
(0 -3.38428e-08 0)
(0 -3.18983e-08 0)
(0 -3.48301e-08 0)
(0 -3.4964e-08 0)
(0 -3.38428e-08 0)
(0 -3.476e-08 0)
(0 -3.47878e-08 0)
(0 -3.47535e-08 0)
(0 -3.47535e-08 0)
(0 -3.47535e-08 0)
(0 -3.47535e-08 0)
(0 -3.47535e-08 0)
(0 -3.47535e-08 0)
(0 -3.47535e-08 0)
(0 -3.47535e-08 0)
(0 -3.47535e-08 0)
(0 -3.47535e-08 0)
(0 -3.38428e-08 0)
(0 -3.476e-08 0)
(0 -3.47878e-08 0)
(0 -3.47535e-08 0)
(0 -3.47535e-08 0)
(0 -3.38428e-08 0)
(0 -3.476e-08 0)
(0 -3.47878e-08 0)
(0 -3.47535e-08 0)
(0 -3.47535e-08 0)
(0 -3.47535e-08 0)
(0 -3.47535e-08 0)
(0 -3.38428e-08 0)
(0 -3.476e-08 0)
(0 -3.47878e-08 0)
(0 -3.47535e-08 0)
(0 -3.47535e-08 0)
(0 -3.47535e-08 0)
(0 -3.47535e-08 0)
(0 -3.38428e-08 0)
(0 -3.476e-08 0)
(0 -3.47878e-08 0)
(0 -3.47535e-08 0)
(0 -3.47535e-08 0)
(0 -3.47535e-08 0)
(0 -3.47535e-08 0)
(0 -3.47535e-08 0)
(0 -3.28862e-08 0)
(0 -3.38636e-08 0)
(0 -3.48669e-08 0)
(0 -3.47878e-08 0)
(0 -3.47535e-08 0)
(0 -3.47535e-08 0)
(0 -3.47535e-08 0)
(0 -3.47535e-08 0)
(0 -3.47535e-08 0)
(0 -3.47535e-08 0)
(0 -3.28862e-08 0)
(0 -3.47744e-08 0)
(0 -3.48604e-08 0)
(0 -3.47535e-08 0)
(0 -3.47535e-08 0)
(0 -3.47535e-08 0)
(0 -2.62732e-08 0)
(0 -1.67512e-08 0)
(0 -3.38168e-08 0)
(0 -3.48261e-08 0)
(0 -3.47535e-08 0)
(0 -3.47535e-08 0)
(0 -3.47535e-08 0)
(0 -3.47535e-08 0)
(0 -3.47535e-08 0)
(0 -3.47535e-08 0)
(0 -3.47535e-08 0)
(0 -3.47535e-08 0)
(0 -3.38428e-08 0)
(0 -3.476e-08 0)
(0 -3.47878e-08 0)
(0 -3.47535e-08 0)
(0 -3.38428e-08 0)
(0 -3.476e-08 0)
(0 -3.47878e-08 0)
(0 -3.47535e-08 0)
(0 -3.38428e-08 0)
(0 -3.476e-08 0)
(0 -3.47878e-08 0)
(0 -3.38428e-08 0)
(0 -3.476e-08 0)
(0 -3.47878e-08 0)
(0 -3.47535e-08 0)
(0 -3.47535e-08 0)
(0 -3.38428e-08 0)
(0 -3.476e-08 0)
(0 -3.47878e-08 0)
(0 -3.47535e-08 0)
(0 -3.47535e-08 0)
(0 -3.47535e-08 0)
(0 -3.47535e-08 0)
(0 -3.38428e-08 0)
(0 -3.38492e-08 0)
(0 -3.47943e-08 0)
(0 -3.47878e-08 0)
(0 -3.47535e-08 0)
(0 -3.47535e-08 0)
(0 -3.47535e-08 0)
(0 -3.38428e-08 0)
(0 -3.476e-08 0)
(0 -3.38771e-08 0)
(0 -3.476e-08 0)
(0 -3.47878e-08 0)
(0 -3.47535e-08 0)
(0 -3.47535e-08 0)
(0 -3.38428e-08 0)
(0 -3.476e-08 0)
(0 -3.47878e-08 0)
(0 -3.47535e-08 0)
(0 -3.47535e-08 0)
(0 -3.47535e-08 0)
(0 -3.47535e-08 0)
(0 -3.47535e-08 0)
(0 -3.47535e-08 0)
(0 -3.47535e-08 0)
(0 -3.47535e-08 0)
(0 -3.47535e-08 0)
(0 -3.47535e-08 0)
(0 -3.47535e-08 0)
(0 -3.47535e-08 0)
(0 -3.47535e-08 0)
(0 -3.47535e-08 0)
(0 -3.47535e-08 0)
(0 -3.47535e-08 0)
(0 -3.38428e-08 0)
(0 -3.476e-08 0)
(0 -3.47878e-08 0)
(0 -3.47535e-08 0)
(0 -3.47535e-08 0)
(0 -3.47535e-08 0)
(0 -3.47535e-08 0)
(0 -2.62732e-08 0)
(0 -1.67512e-08 0)
(0 -3.38168e-08 0)
(0 -3.48261e-08 0)
(0 -3.47535e-08 0)
(0 -3.47535e-08 0)
(0 -3.47535e-08 0)
(0 -3.47535e-08 0)
(0 -3.28862e-08 0)
(0 -3.38636e-08 0)
(0 -3.29998e-08 0)
(0 -3.48087e-08 0)
(0 -3.48604e-08 0)
(0 -3.47535e-08 0)
(0 -3.47535e-08 0)
(0 -3.47535e-08 0)
(0 -3.47535e-08 0)
(0 -3.47535e-08 0)
(0 -3.38428e-08 0)
(0 -3.38492e-08 0)
(0 -3.47943e-08 0)
(0 -3.47878e-08 0)
(0 -3.47535e-08 0)
(0 -3.38428e-08 0)
(0 -3.476e-08 0)
(0 -3.47878e-08 0)
(0 -3.47535e-08 0)
(0 -3.38428e-08 0)
(0 -3.38492e-08 0)
(0 -3.38836e-08 0)
(0 -3.47943e-08 0)
(0 -3.47878e-08 0)
(0 -3.47535e-08 0)
(0 -3.47535e-08 0)
(0 -3.38428e-08 0)
(0 -3.476e-08 0)
(0 -3.47878e-08 0)
(0 -3.47535e-08 0)
(0 -3.47535e-08 0)
(0 -3.47535e-08 0)
(0 -3.47535e-08 0)
(0 -3.47535e-08 0)
(0 -3.47535e-08 0)
(0 -3.47535e-08 0)
(0 -3.47535e-08 0)
(0 -3.47535e-08 0)
(0 -3.47535e-08 0)
(0 -3.47535e-08 0)
(0 -3.47535e-08 0)
(0 -3.28862e-08 0)
(0 -3.47744e-08 0)
(0 -3.48604e-08 0)
(0 -3.47535e-08 0)
(0 -3.47535e-08 0)
(0 -3.47535e-08 0)
(0 -3.47535e-08 0)
(0 -3.47535e-08 0)
(0 -3.47535e-08 0)
(0 -3.47535e-08 0)
(0 -3.47535e-08 0)
(0 -3.47535e-08 0)
(0 -3.47535e-08 0)
(0 -3.47535e-08 0)
(0 -3.47535e-08 0)
(0 -3.47535e-08 0)
(0 -3.47535e-08 0)
(0 -3.47535e-08 0)
(0 -3.47535e-08 0)
(0 -3.47535e-08 0)
(0 -3.47535e-08 0)
(0 -3.47535e-08 0)
(0 -3.38428e-08 0)
(0 -3.476e-08 0)
(0 -3.38771e-08 0)
(0 -3.476e-08 0)
(0 -2.62732e-08 0)
(0 -1.67512e-08 0)
(0 -3.38168e-08 0)
(0 -3.48261e-08 0)
(0 -3.47535e-08 0)
(0 -3.47535e-08 0)
(0 -3.47535e-08 0)
(0 -3.47535e-08 0)
(0 -3.47535e-08 0)
(0 -3.47535e-08 0)
(0 -3.38428e-08 0)
(0 -3.476e-08 0)
(0 -3.47878e-08 0)
(0 -3.47535e-08 0)
(0 -3.47535e-08 0)
(0 -3.38428e-08 0)
(0 -3.476e-08 0)
(0 -3.38771e-08 0)
(0 -3.476e-08 0)
(0 -3.38771e-08 0)
(0 -3.476e-08 0)
(0 -3.38771e-08 0)
(0 -3.476e-08 0)
(0 -3.38771e-08 0)
(0 -3.476e-08 0)
(0 -3.47878e-08 0)
(0 -3.47535e-08 0)
(0 -3.47535e-08 0)
(0 -3.47535e-08 0)
(0 -3.38428e-08 0)
(0 -3.476e-08 0)
(0 -3.47878e-08 0)
(0 -3.47535e-08 0)
(0 -3.47535e-08 0)
(0 -3.47535e-08 0)
(0 -3.47535e-08 0)
(0 -3.47535e-08 0)
(0 -3.18919e-08 0)
(0 -3.47958e-08 0)
(0 -3.4964e-08 0)
(0 -3.38428e-08 0)
(0 -3.476e-08 0)
(0 -3.29206e-08 0)
(0 -3.38636e-08 0)
(0 -3.48669e-08 0)
(0 -3.38771e-08 0)
(0 -3.476e-08 0)
(0 -3.47878e-08 0)
(0 -3.47535e-08 0)
(0 -3.47535e-08 0)
(0 -3.47535e-08 0)
(0 -3.47535e-08 0)
(0 -3.47535e-08 0)
(0 -3.28862e-08 0)
(0 -3.47744e-08 0)
(0 -3.39498e-08 0)
(0 -3.38492e-08 0)
(0 -3.47943e-08 0)
(0 -3.47878e-08 0)
(0 -3.38428e-08 0)
(0 -3.476e-08 0)
(0 -3.38771e-08 0)
(0 -3.476e-08 0)
(0 -3.47878e-08 0)
(0 -3.28862e-08 0)
(0 -3.47744e-08 0)
(0 -3.48604e-08 0)
(0 -3.47535e-08 0)
(0 -3.38428e-08 0)
(0 -3.38492e-08 0)
(0 -3.38836e-08 0)
(0 -3.38836e-08 0)
(0 -3.47943e-08 0)
(0 -3.47878e-08 0)
(0 -3.47535e-08 0)
(0 -2.62732e-08 0)
(0 -1.58195e-08 0)
(0 -3.38233e-08 0)
(0 -3.48604e-08 0)
(0 -3.47535e-08 0)
(0 -3.47535e-08 0)
(0 -3.47535e-08 0)
(0 -3.47535e-08 0)
(0 -3.47535e-08 0)
(0 -3.47535e-08 0)
(0 -3.47535e-08 0)
(0 -3.38428e-08 0)
(0 -3.476e-08 0)
(0 -3.47878e-08 0)
(0 -3.47535e-08 0)
(0 -3.47535e-08 0)
(0 -3.47535e-08 0)
(0 -3.47535e-08 0)
(0 -3.47535e-08 0)
(0 -3.38428e-08 0)
(0 -3.476e-08 0)
(0 -3.47878e-08 0)
(0 -3.38428e-08 0)
(0 -3.476e-08 0)
(0 -3.47878e-08 0)
(0 -3.47535e-08 0)
(0 -3.47535e-08 0)
(0 -3.47535e-08 0)
(0 -3.47535e-08 0)
(0 -3.47535e-08 0)
(0 -3.47535e-08 0)
(0 -3.38428e-08 0)
(0 -3.38492e-08 0)
(0 -3.29271e-08 0)
(0 -3.48087e-08 0)
(0 -3.48604e-08 0)
(0 -3.38428e-08 0)
(0 -3.476e-08 0)
(0 -3.47878e-08 0)
(0 -3.47535e-08 0)
(0 -3.28862e-08 0)
(0 -3.47744e-08 0)
(0 -3.48604e-08 0)
(0 -3.47535e-08 0)
(0 -3.47535e-08 0)
(0 -3.47535e-08 0)
(0 -3.47535e-08 0)
(0 -3.47535e-08 0)
(0 -3.47535e-08 0)
(0 -3.47535e-08 0)
(0 -3.28862e-08 0)
(0 -3.47744e-08 0)
(0 -3.48604e-08 0)
(0 -3.47535e-08 0)
(0 -3.47535e-08 0)
(0 -3.47535e-08 0)
(0 -3.38428e-08 0)
(0 -3.38492e-08 0)
(0 -3.38836e-08 0)
(0 -3.47943e-08 0)
(0 -3.47878e-08 0)
(0 -3.47535e-08 0)
(0 -3.47535e-08 0)
(0 -3.47535e-08 0)
(0 -3.47535e-08 0)
(0 -3.47535e-08 0)
(0 -3.38428e-08 0)
(0 -3.476e-08 0)
(0 -3.38771e-08 0)
(0 -3.28926e-08 0)
(0 -3.48087e-08 0)
(0 -3.39498e-08 0)
(0 -3.476e-08 0)
(0 -3.47878e-08 0)
(0 -3.47535e-08 0)
(0 -2.62732e-08 0)
(0 -1.67512e-08 0)
(0 -3.38168e-08 0)
(0 -3.48261e-08 0)
(0 -3.47535e-08 0)
(0 -3.47535e-08 0)
(0 -3.47535e-08 0)
(0 -3.47535e-08 0)
(0 -3.47535e-08 0)
(0 -3.28862e-08 0)
(0 -3.47744e-08 0)
(0 -3.48604e-08 0)
(0 -3.47535e-08 0)
(0 -3.47535e-08 0)
(0 -3.47535e-08 0)
(0 -3.47535e-08 0)
(0 -3.47535e-08 0)
(0 -3.47535e-08 0)
(0 -3.47535e-08 0)
(0 -3.47535e-08 0)
(0 -3.38428e-08 0)
(0 -3.476e-08 0)
(0 -3.47878e-08 0)
(0 -3.38428e-08 0)
(0 -3.476e-08 0)
(0 -3.47878e-08 0)
(0 -3.47535e-08 0)
(0 -3.47535e-08 0)
(0 -3.38428e-08 0)
(0 -3.476e-08 0)
(0 -3.47878e-08 0)
(0 -3.47535e-08 0)
(0 -3.47535e-08 0)
(0 -3.47535e-08 0)
(0 -3.38428e-08 0)
(0 -3.476e-08 0)
(0 -3.47878e-08 0)
(0 -3.47535e-08 0)
(0 -3.47535e-08 0)
(0 -3.47535e-08 0)
(0 -3.38428e-08 0)
(0 -3.28926e-08 0)
(0 -3.48087e-08 0)
(0 -3.48604e-08 0)
(0 -3.47535e-08 0)
(0 -3.47535e-08 0)
(0 -3.47535e-08 0)
(0 -3.47535e-08 0)
(0 -3.38428e-08 0)
(0 -3.476e-08 0)
(0 -3.47878e-08 0)
(0 -3.47535e-08 0)
(0 -3.38428e-08 0)
(0 -3.476e-08 0)
(0 -3.47878e-08 0)
(0 -3.47535e-08 0)
(0 -3.47535e-08 0)
(0 -3.28862e-08 0)
(0 -3.38636e-08 0)
(0 -3.48669e-08 0)
(0 -3.47878e-08 0)
(0 -3.47535e-08 0)
(0 -3.47535e-08 0)
(0 -3.47535e-08 0)
(0 -3.28862e-08 0)
(0 -3.38636e-08 0)
(0 -3.39563e-08 0)
(0 -3.38836e-08 0)
(0 -3.38836e-08 0)
(0 -3.29271e-08 0)
(0 -3.38979e-08 0)
(0 -3.48669e-08 0)
(0 -3.47878e-08 0)
(0 -3.38428e-08 0)
(0 -3.476e-08 0)
(0 -2.62732e-08 0)
(0 -1.58195e-08 0)
(0 -3.38233e-08 0)
(0 -3.39498e-08 0)
(0 -3.476e-08 0)
(0 -3.47878e-08 0)
(0 -3.47535e-08 0)
(0 -3.47535e-08 0)
(0 -3.47535e-08 0)
(0 -3.47535e-08 0)
(0 -3.47535e-08 0)
(0 -3.47535e-08 0)
(0 -3.47535e-08 0)
(0 -3.47535e-08 0)
(0 -3.38428e-08 0)
(0 -3.38492e-08 0)
(0 -3.47943e-08 0)
(0 -3.47878e-08 0)
(0 -3.47535e-08 0)
(0 -3.47535e-08 0)
(0 -3.38428e-08 0)
(0 -3.476e-08 0)
(0 -3.47878e-08 0)
(0 -3.38428e-08 0)
(0 -3.28926e-08 0)
(0 -3.48087e-08 0)
(0 -3.48604e-08 0)
(0 -3.47535e-08 0)
(0 -3.47535e-08 0)
(0 -3.47535e-08 0)
(0 -3.38428e-08 0)
(0 -3.476e-08 0)
(0 -3.47878e-08 0)
(0 -3.47535e-08 0)
(0 -3.47535e-08 0)
(0 -3.47535e-08 0)
(0 -3.47535e-08 0)
(0 -3.38428e-08 0)
(0 -3.476e-08 0)
(0 -3.47878e-08 0)
(0 -3.28862e-08 0)
(0 -3.47744e-08 0)
(0 -3.39498e-08 0)
(0 -3.476e-08 0)
(0 -3.47878e-08 0)
(0 -3.47535e-08 0)
(0 -3.47535e-08 0)
(0 -3.47535e-08 0)
(0 -3.47535e-08 0)
(0 -3.47535e-08 0)
(0 -3.47535e-08 0)
(0 -3.47535e-08 0)
(0 -3.38428e-08 0)
(0 -3.476e-08 0)
(0 -3.47878e-08 0)
(0 -3.47535e-08 0)
(0 -3.47535e-08 0)
(0 -3.38428e-08 0)
(0 -3.476e-08 0)
(0 -3.38771e-08 0)
(0 -3.476e-08 0)
(0 -3.38771e-08 0)
(0 -3.476e-08 0)
(0 -3.47878e-08 0)
(0 -3.47535e-08 0)
(0 -3.47535e-08 0)
(0 -3.38428e-08 0)
(0 -3.28926e-08 0)
(0 -3.48087e-08 0)
(0 -3.48604e-08 0)
(0 -3.47535e-08 0)
(0 -3.47535e-08 0)
(0 -3.47535e-08 0)
(0 -3.28862e-08 0)
(0 -3.47744e-08 0)
(0 -2.62732e-08 0)
(0 -1.67512e-08 0)
(0 -3.29048e-08 0)
(0 -3.29655e-08 0)
(0 -3.38979e-08 0)
(0 -3.29998e-08 0)
(0 -3.48087e-08 0)
(0 -3.48604e-08 0)
(0 -3.47535e-08 0)
(0 -3.28862e-08 0)
(0 -3.47744e-08 0)
(0 -3.48604e-08 0)
(0 -3.28862e-08 0)
(0 -3.47744e-08 0)
(0 -3.39498e-08 0)
(0 -3.28926e-08 0)
(0 -3.38979e-08 0)
(0 -3.48669e-08 0)
(0 -3.47878e-08 0)
(0 -3.47535e-08 0)
(0 -3.47535e-08 0)
(0 -3.47535e-08 0)
(0 -3.47535e-08 0)
(0 -3.38428e-08 0)
(0 -3.476e-08 0)
(0 -3.38771e-08 0)
(0 -3.476e-08 0)
(0 -3.38771e-08 0)
(0 -3.476e-08 0)
(0 -3.47878e-08 0)
(0 -3.47535e-08 0)
(0 -3.47535e-08 0)
(0 -3.47535e-08 0)
(0 -3.38428e-08 0)
(0 -3.38492e-08 0)
(0 -3.47943e-08 0)
(0 -3.47878e-08 0)
(0 -3.47535e-08 0)
(0 -3.47535e-08 0)
(0 -3.47535e-08 0)
(0 -3.47535e-08 0)
(0 -3.47535e-08 0)
(0 -3.38428e-08 0)
(0 -3.476e-08 0)
(0 -3.47878e-08 0)
(0 -3.47535e-08 0)
(0 -3.38428e-08 0)
(0 -3.476e-08 0)
(0 -3.47878e-08 0)
(0 -3.47535e-08 0)
(0 -3.38428e-08 0)
(0 -3.38492e-08 0)
(0 -3.38836e-08 0)
(0 -3.29271e-08 0)
(0 -3.48087e-08 0)
(0 -3.48604e-08 0)
(0 -3.47535e-08 0)
(0 -3.47535e-08 0)
(0 -3.38428e-08 0)
(0 -3.476e-08 0)
(0 -3.47878e-08 0)
(0 -3.47535e-08 0)
(0 -3.28862e-08 0)
(0 -3.47744e-08 0)
(0 -3.29934e-08 0)
(0 -3.47744e-08 0)
(0 -3.48604e-08 0)
(0 -3.38428e-08 0)
(0 -3.28926e-08 0)
(0 -3.38979e-08 0)
(0 -3.48669e-08 0)
(0 -3.47878e-08 0)
(0 -3.38428e-08 0)
(0 -3.476e-08 0)
(0 -3.38771e-08 0)
(0 -2.62732e-08 0)
(0 -1.58195e-08 0)
(0 -3.38233e-08 0)
(0 -3.48604e-08 0)
(0 -3.47535e-08 0)
(0 -3.47535e-08 0)
(0 -3.47535e-08 0)
(0 -3.47535e-08 0)
(0 -3.47535e-08 0)
(0 -3.47535e-08 0)
(0 -3.47535e-08 0)
(0 -3.47535e-08 0)
(0 -3.47535e-08 0)
(0 -3.28862e-08 0)
(0 -3.47744e-08 0)
(0 -3.48604e-08 0)
(0 -3.47535e-08 0)
(0 -3.47535e-08 0)
(0 -3.47535e-08 0)
(0 -3.47535e-08 0)
(0 -3.47535e-08 0)
(0 -3.47535e-08 0)
(0 -3.47535e-08 0)
(0 -3.47535e-08 0)
(0 -3.47535e-08 0)
(0 -3.47535e-08 0)
(0 -3.47535e-08 0)
(0 -3.47535e-08 0)
(0 -3.47535e-08 0)
(0 -3.47535e-08 0)
(0 -3.47535e-08 0)
(0 -3.38428e-08 0)
(0 -3.476e-08 0)
(0 -3.47878e-08 0)
(0 -3.47535e-08 0)
(0 -3.47535e-08 0)
(0 -3.47535e-08 0)
(0 -3.38428e-08 0)
(0 -3.476e-08 0)
(0 -3.47878e-08 0)
(0 -3.47535e-08 0)
(0 -3.47535e-08 0)
(0 -3.47535e-08 0)
(0 -3.47535e-08 0)
(0 -3.47535e-08 0)
(0 -3.47535e-08 0)
(0 -3.47535e-08 0)
(0 -3.38428e-08 0)
(0 -3.476e-08 0)
(0 -3.47878e-08 0)
(0 -3.47535e-08 0)
(0 -3.47535e-08 0)
(0 -3.47535e-08 0)
(0 -3.38428e-08 0)
(0 -3.476e-08 0)
(0 -3.29206e-08 0)
(0 -3.47744e-08 0)
(0 -3.48604e-08 0)
(0 -3.47535e-08 0)
(0 -3.47535e-08 0)
(0 -3.47535e-08 0)
(0 -3.47535e-08 0)
(0 -3.47535e-08 0)
(0 -3.47535e-08 0)
(0 -3.47535e-08 0)
(0 -3.47535e-08 0)
(0 -3.18919e-08 0)
(0 -3.47958e-08 0)
(0 -3.4964e-08 0)
(0 -3.47535e-08 0)
(0 -3.28862e-08 0)
(0 -3.47744e-08 0)
(0 -3.48604e-08 0)
(0 -3.47535e-08 0)
(0 -3.47535e-08 0)
(0 -2.62732e-08 0)
(0 -1.67512e-08 0)
(0 -3.38168e-08 0)
(0 -3.2959e-08 0)
(0 -3.47744e-08 0)
(0 -3.48604e-08 0)
(0 -3.47535e-08 0)
(0 -3.47535e-08 0)
(0 -3.38428e-08 0)
(0 -3.476e-08 0)
(0 -3.47878e-08 0)
(0 -3.47535e-08 0)
(0 -3.38428e-08 0)
(0 -3.476e-08 0)
(0 -3.47878e-08 0)
(0 -3.47535e-08 0)
(0 -3.47535e-08 0)
(0 -3.47535e-08 0)
(0 -3.47535e-08 0)
(0 -3.47535e-08 0)
(0 -3.18919e-08 0)
(0 -3.47958e-08 0)
(0 -3.4964e-08 0)
(0 -3.47535e-08 0)
(0 -3.47535e-08 0)
(0 -3.47535e-08 0)
(0 -3.47535e-08 0)
(0 -3.47535e-08 0)
(0 -3.47535e-08 0)
(0 -3.47535e-08 0)
(0 -3.47535e-08 0)
(0 -3.47535e-08 0)
(0 -3.47535e-08 0)
(0 -3.47535e-08 0)
(0 -3.47535e-08 0)
(0 -3.47535e-08 0)
(0 -3.47535e-08 0)
(0 -3.47535e-08 0)
(0 -3.47535e-08 0)
(0 -3.47535e-08 0)
(0 -3.38428e-08 0)
(0 -3.476e-08 0)
(0 -3.47878e-08 0)
(0 -3.47535e-08 0)
(0 -3.47535e-08 0)
(0 -3.47535e-08 0)
(0 -3.47535e-08 0)
(0 -3.47535e-08 0)
(0 -3.38428e-08 0)
(0 -3.476e-08 0)
(0 -3.38771e-08 0)
(0 -3.38492e-08 0)
(0 -3.47943e-08 0)
(0 -3.47878e-08 0)
(0 -3.47535e-08 0)
(0 -3.47535e-08 0)
(0 -3.38428e-08 0)
(0 -3.38492e-08 0)
(0 -3.47943e-08 0)
(0 -3.47878e-08 0)
(0 -3.47535e-08 0)
(0 -3.47535e-08 0)
(0 -3.47535e-08 0)
(0 -3.47535e-08 0)
(0 -3.47535e-08 0)
(0 -3.47535e-08 0)
(0 -3.47535e-08 0)
(0 -3.28862e-08 0)
(0 -3.47744e-08 0)
(0 -3.48604e-08 0)
(0 -3.38428e-08 0)
(0 -3.476e-08 0)
(0 -3.47878e-08 0)
(0 -3.47535e-08 0)
(0 -3.47535e-08 0)
(0 -2.62732e-08 0)
(0 -1.67512e-08 0)
(0 -3.38168e-08 0)
(0 -3.48261e-08 0)
(0 -3.47535e-08 0)
(0 -3.47535e-08 0)
(0 -3.47535e-08 0)
(0 -3.47535e-08 0)
(0 -3.47535e-08 0)
(0 -3.47535e-08 0)
(0 -3.47535e-08 0)
(0 -3.38428e-08 0)
(0 -3.476e-08 0)
(0 -3.47878e-08 0)
(0 -3.47535e-08 0)
(0 -3.47535e-08 0)
(0 -3.38428e-08 0)
(0 -3.476e-08 0)
(0 -3.47878e-08 0)
(0 -3.47535e-08 0)
(0 -3.47535e-08 0)
(0 -3.47535e-08 0)
(0 -3.47535e-08 0)
(0 -3.47535e-08 0)
(0 -3.38428e-08 0)
(0 -3.476e-08 0)
(0 -3.47878e-08 0)
(0 -3.28862e-08 0)
(0 -3.47744e-08 0)
(0 -3.48604e-08 0)
(0 -3.47535e-08 0)
(0 -3.47535e-08 0)
(0 -3.47535e-08 0)
(0 -3.47535e-08 0)
(0 -3.28862e-08 0)
(0 -3.47744e-08 0)
(0 -3.39498e-08 0)
(0 -3.476e-08 0)
(0 -3.47878e-08 0)
(0 -3.47535e-08 0)
(0 -3.38428e-08 0)
(0 -3.38492e-08 0)
(0 -3.47943e-08 0)
(0 -3.47878e-08 0)
(0 -3.38428e-08 0)
(0 -3.476e-08 0)
(0 -3.38771e-08 0)
(0 -3.476e-08 0)
(0 -3.47878e-08 0)
(0 -3.38428e-08 0)
(0 -3.38492e-08 0)
(0 -3.38836e-08 0)
(0 -3.47943e-08 0)
(0 -3.47878e-08 0)
(0 -3.47535e-08 0)
(0 -3.47535e-08 0)
(0 -3.38428e-08 0)
(0 -3.476e-08 0)
(0 -3.47878e-08 0)
(0 -3.38428e-08 0)
(0 -3.476e-08 0)
(0 -3.47878e-08 0)
(0 -3.47535e-08 0)
(0 -3.38428e-08 0)
(0 -3.38492e-08 0)
(0 -3.38836e-08 0)
(0 -3.47943e-08 0)
(0 -3.47878e-08 0)
(0 -3.47535e-08 0)
(0 -3.47535e-08 0)
(0 -3.47535e-08 0)
(0 -3.47535e-08 0)
(0 -3.47535e-08 0)
(0 -3.38428e-08 0)
(0 -3.476e-08 0)
(0 -2.62732e-08 0)
(0 -1.67512e-08 0)
(0 -3.29048e-08 0)
(0 -3.48327e-08 0)
(0 -3.38771e-08 0)
(0 -3.28926e-08 0)
(0 -3.48087e-08 0)
(0 -3.39498e-08 0)
(0 -3.38492e-08 0)
(0 -3.38836e-08 0)
(0 -3.38836e-08 0)
(0 -3.47943e-08 0)
(0 -3.47878e-08 0)
(0 -3.47535e-08 0)
(0 -3.38428e-08 0)
(0 -3.28926e-08 0)
(0 -3.48087e-08 0)
(0 -3.29934e-08 0)
(0 -3.47744e-08 0)
(0 -3.48604e-08 0)
(0 -3.47535e-08 0)
(0 -3.47535e-08 0)
(0 -3.28862e-08 0)
(0 -3.47744e-08 0)
(0 -3.48604e-08 0)
(0 -3.47535e-08 0)
(0 -3.47535e-08 0)
(0 -3.47535e-08 0)
(0 -3.47535e-08 0)
(0 -3.47535e-08 0)
(0 -3.47535e-08 0)
(0 -3.47535e-08 0)
(0 -3.47535e-08 0)
(0 -3.38428e-08 0)
(0 -3.476e-08 0)
(0 -3.38771e-08 0)
(0 -3.476e-08 0)
(0 -3.38771e-08 0)
(0 -3.38492e-08 0)
(0 -3.47943e-08 0)
(0 -3.38771e-08 0)
(0 -3.476e-08 0)
(0 -3.47878e-08 0)
(0 -3.47535e-08 0)
(0 -3.47535e-08 0)
(0 -3.47535e-08 0)
(0 -3.47535e-08 0)
(0 -3.47535e-08 0)
(0 -3.47535e-08 0)
(0 -3.38428e-08 0)
(0 -3.38492e-08 0)
(0 -3.47943e-08 0)
(0 -3.47878e-08 0)
(0 -3.47535e-08 0)
(0 -3.47535e-08 0)
(0 -3.47535e-08 0)
(0 -3.28862e-08 0)
(0 -3.47744e-08 0)
(0 -3.48604e-08 0)
(0 -3.47535e-08 0)
(0 -3.47535e-08 0)
(0 -3.47535e-08 0)
(0 -3.47535e-08 0)
(0 -3.47535e-08 0)
(0 -3.47535e-08 0)
(0 -3.38428e-08 0)
(0 -3.38492e-08 0)
(0 -3.47943e-08 0)
(0 -3.47878e-08 0)
(0 -3.38428e-08 0)
(0 -3.476e-08 0)
(0 -3.38771e-08 0)
(0 -3.476e-08 0)
(0 -3.47878e-08 0)
(0 -3.47535e-08 0)
(0 -2.62732e-08 0)
(0 -1.67512e-08 0)
(0 -3.38168e-08 0)
(0 -3.48261e-08 0)
(0 -3.47535e-08 0)
(0 -3.47535e-08 0)
(0 -3.38428e-08 0)
(0 -3.476e-08 0)
(0 -3.29206e-08 0)
(0 -3.47744e-08 0)
(0 -3.48604e-08 0)
(0 -3.47535e-08 0)
(0 -3.47535e-08 0)
(0 -3.38428e-08 0)
(0 -3.476e-08 0)
(0 -3.47878e-08 0)
(0 -3.38428e-08 0)
(0 -3.476e-08 0)
(0 -3.47878e-08 0)
(0 -3.47535e-08 0)
(0 -3.47535e-08 0)
(0 -3.47535e-08 0)
(0 -3.47535e-08 0)
(0 -3.47535e-08 0)
(0 -3.47535e-08 0)
(0 -3.47535e-08 0)
(0 -3.47535e-08 0)
(0 -3.47535e-08 0)
(0 -3.47535e-08 0)
(0 -3.47535e-08 0)
(0 -3.47535e-08 0)
(0 -3.47535e-08 0)
(0 -3.47535e-08 0)
(0 -3.47535e-08 0)
(0 -3.47535e-08 0)
(0 -3.47535e-08 0)
(0 -3.47535e-08 0)
(0 -3.47535e-08 0)
(0 -3.47535e-08 0)
(0 -3.47535e-08 0)
(0 -3.47535e-08 0)
(0 -3.28862e-08 0)
(0 -3.38636e-08 0)
(0 -3.39563e-08 0)
(0 -3.38836e-08 0)
(0 -3.47943e-08 0)
(0 -3.47878e-08 0)
(0 -3.47535e-08 0)
(0 -3.47535e-08 0)
(0 -3.47535e-08 0)
(0 -3.47535e-08 0)
(0 -3.28862e-08 0)
(0 -3.47744e-08 0)
(0 -3.39498e-08 0)
(0 -3.38492e-08 0)
(0 -3.47943e-08 0)
(0 -3.47878e-08 0)
(0 -3.38428e-08 0)
(0 -3.476e-08 0)
(0 -3.38771e-08 0)
(0 -3.38492e-08 0)
(0 -3.38836e-08 0)
(0 -3.38836e-08 0)
(0 -3.47943e-08 0)
(0 -3.38771e-08 0)
(0 -3.476e-08 0)
(0 -3.38771e-08 0)
(0 -3.476e-08 0)
(0 -3.38771e-08 0)
(0 -3.28926e-08 0)
(0 -3.38979e-08 0)
(0 -3.48669e-08 0)
(0 -3.47878e-08 0)
(0 -3.38428e-08 0)
(0 -3.476e-08 0)
(0 -2.62732e-08 0)
(0 -1.58195e-08 0)
(0 -3.38233e-08 0)
(0 -3.48604e-08 0)
(0 -3.47535e-08 0)
(0 -3.38428e-08 0)
(0 -3.476e-08 0)
(0 -3.47878e-08 0)
(0 -3.47535e-08 0)
(0 -3.47535e-08 0)
(0 -3.47535e-08 0)
(0 -3.28862e-08 0)
(0 -3.47744e-08 0)
(0 -3.39498e-08 0)
(0 -3.28926e-08 0)
(0 -3.48087e-08 0)
(0 -3.39498e-08 0)
(0 -3.476e-08 0)
(0 -3.47878e-08 0)
(0 -3.47535e-08 0)
(0 -3.47535e-08 0)
(0 -3.47535e-08 0)
(0 -3.47535e-08 0)
(0 -3.38428e-08 0)
(0 -3.476e-08 0)
(0 -3.47878e-08 0)
(0 -3.47535e-08 0)
(0 -3.47535e-08 0)
(0 -3.38428e-08 0)
(0 -3.476e-08 0)
(0 -3.47878e-08 0)
(0 -3.47535e-08 0)
(0 -3.47535e-08 0)
(0 -3.47535e-08 0)
(0 -3.47535e-08 0)
(0 -3.47535e-08 0)
(0 -3.47535e-08 0)
(0 -3.47535e-08 0)
(0 -3.47535e-08 0)
(0 -3.47535e-08 0)
(0 -3.47535e-08 0)
(0 -3.18919e-08 0)
(0 -3.47958e-08 0)
(0 -3.4964e-08 0)
(0 -3.47535e-08 0)
(0 -3.47535e-08 0)
(0 -3.47535e-08 0)
(0 -3.47535e-08 0)
(0 -3.47535e-08 0)
(0 -3.47535e-08 0)
(0 -3.47535e-08 0)
(0 -3.38428e-08 0)
(0 -3.476e-08 0)
(0 -3.47878e-08 0)
(0 -3.47535e-08 0)
(0 -3.47535e-08 0)
(0 -3.47535e-08 0)
(0 -3.47535e-08 0)
(0 -3.47535e-08 0)
(0 -3.47535e-08 0)
(0 -3.47535e-08 0)
(0 -3.47535e-08 0)
(0 -3.47535e-08 0)
(0 -3.47535e-08 0)
(0 -3.38428e-08 0)
(0 -3.476e-08 0)
(0 -3.47878e-08 0)
(0 -3.38428e-08 0)
(0 -3.476e-08 0)
(0 -3.47878e-08 0)
(0 -3.28862e-08 0)
(0 -3.47744e-08 0)
(0 -3.48604e-08 0)
(0 -3.18919e-08 0)
(0 -3.47958e-08 0)
(0 -2.62732e-08 0)
(0 -1.67512e-08 0)
(0 -3.29048e-08 0)
(0 -3.3922e-08 0)
(0 -3.47943e-08 0)
(0 -3.47878e-08 0)
(0 -3.47535e-08 0)
(0 -3.47535e-08 0)
(0 -3.38428e-08 0)
(0 -3.38492e-08 0)
(0 -3.47943e-08 0)
(0 -3.38771e-08 0)
(0 -3.38492e-08 0)
(0 -3.47943e-08 0)
(0 -3.47878e-08 0)
(0 -3.47535e-08 0)
(0 -3.38428e-08 0)
(0 -3.38492e-08 0)
(0 -3.47943e-08 0)
(0 -3.47878e-08 0)
(0 -3.47535e-08 0)
(0 -3.47535e-08 0)
(0 -3.47535e-08 0)
(0 -3.47535e-08 0)
(0 -3.38428e-08 0)
(0 -3.476e-08 0)
(0 -3.47878e-08 0)
(0 -3.47535e-08 0)
(0 -3.47535e-08 0)
(0 -3.47535e-08 0)
(0 -3.47535e-08 0)
(0 -3.47535e-08 0)
(0 -3.38428e-08 0)
(0 -3.476e-08 0)
(0 -3.47878e-08 0)
(0 -3.47535e-08 0)
(0 -3.47535e-08 0)
(0 -3.47535e-08 0)
(0 -3.47535e-08 0)
(0 -3.28862e-08 0)
(0 -3.47744e-08 0)
(0 -3.48604e-08 0)
(0 -3.47535e-08 0)
(0 -3.47535e-08 0)
(0 -3.28862e-08 0)
(0 -3.47744e-08 0)
(0 -3.48604e-08 0)
(0 -3.47535e-08 0)
(0 -3.47535e-08 0)
(0 -3.47535e-08 0)
(0 -3.47535e-08 0)
(0 -3.47535e-08 0)
(0 -3.47535e-08 0)
(0 -3.47535e-08 0)
(0 -3.47535e-08 0)
(0 -3.38428e-08 0)
(0 -3.476e-08 0)
(0 -3.47878e-08 0)
(0 -3.47535e-08 0)
(0 -3.47535e-08 0)
(0 -3.47535e-08 0)
(0 -3.47535e-08 0)
(0 -3.38428e-08 0)
(0 -3.476e-08 0)
(0 -3.47878e-08 0)
(0 -3.38428e-08 0)
(0 -3.476e-08 0)
(0 -3.38771e-08 0)
(0 -3.476e-08 0)
(0 -3.47878e-08 0)
(0 -3.47535e-08 0)
(0 -3.47535e-08 0)
(0 -3.38428e-08 0)
(0 -3.476e-08 0)
(0 -3.47878e-08 0)
(0 -2.62732e-08 0)
(0 -1.67512e-08 0)
(0 -3.38168e-08 0)
(0 -3.48261e-08 0)
(0 -3.47535e-08 0)
(0 -3.47535e-08 0)
(0 -3.47535e-08 0)
(0 -3.47535e-08 0)
(0 -3.47535e-08 0)
(0 -3.47535e-08 0)
(0 -3.47535e-08 0)
(0 -3.47535e-08 0)
(0 -3.47535e-08 0)
(0 -3.47535e-08 0)
(0 -3.47535e-08 0)
(0 -3.47535e-08 0)
(0 -3.28862e-08 0)
(0 -3.47744e-08 0)
(0 -3.48604e-08 0)
(0 -3.38428e-08 0)
(0 -3.476e-08 0)
(0 -3.47878e-08 0)
(0 -3.38428e-08 0)
(0 -3.476e-08 0)
(0 -3.47878e-08 0)
(0 -3.47535e-08 0)
(0 -3.47535e-08 0)
(0 -3.47535e-08 0)
(0 -3.47535e-08 0)
(0 -3.47535e-08 0)
(0 -3.47535e-08 0)
(0 -3.47535e-08 0)
(0 -3.47535e-08 0)
(0 -3.38428e-08 0)
(0 -3.476e-08 0)
(0 -3.47878e-08 0)
(0 -3.47535e-08 0)
(0 -3.47535e-08 0)
(0 -3.47535e-08 0)
(0 -3.38428e-08 0)
(0 -3.476e-08 0)
(0 -3.47878e-08 0)
(0 -3.47535e-08 0)
(0 -3.47535e-08 0)
(0 -3.38428e-08 0)
(0 -3.476e-08 0)
(0 -3.47878e-08 0)
(0 -3.38428e-08 0)
(0 -3.476e-08 0)
(0 -3.47878e-08 0)
(0 -3.47535e-08 0)
(0 -3.47535e-08 0)
(0 -3.38428e-08 0)
(0 -3.476e-08 0)
(0 -3.47878e-08 0)
(0 -3.47535e-08 0)
(0 -3.47535e-08 0)
(0 -3.38428e-08 0)
(0 -3.476e-08 0)
(0 -3.47878e-08 0)
(0 -3.47535e-08 0)
(0 -3.47535e-08 0)
(0 -3.47535e-08 0)
(0 -3.47535e-08 0)
(0 -3.47535e-08 0)
(0 -3.47535e-08 0)
(0 -3.28862e-08 0)
(0 -3.29069e-08 0)
(0 -3.48813e-08 0)
(0 -3.48604e-08 0)
(0 -3.47535e-08 0)
(0 -3.47535e-08 0)
(0 -3.47535e-08 0)
(0 -3.47535e-08 0)
(0 -3.47535e-08 0)
(0 -2.62732e-08 0)
(0 -1.67512e-08 0)
(0 -3.38168e-08 0)
(0 -3.48261e-08 0)
(0 -3.47535e-08 0)
(0 -3.47535e-08 0)
(0 -3.47535e-08 0)
(0 -3.47535e-08 0)
(0 -3.47535e-08 0)
(0 -3.47535e-08 0)
(0 -3.47535e-08 0)
(0 -3.38428e-08 0)
(0 -3.38492e-08 0)
(0 -3.47943e-08 0)
(0 -3.47878e-08 0)
(0 -3.47535e-08 0)
(0 -3.47535e-08 0)
(0 -3.47535e-08 0)
(0 -3.47535e-08 0)
(0 -3.47535e-08 0)
(0 -3.47535e-08 0)
(0 -3.47535e-08 0)
(0 -3.47535e-08 0)
(0 -3.47535e-08 0)
(0 -3.47535e-08 0)
(0 -3.47535e-08 0)
(0 -3.47535e-08 0)
(0 -3.38428e-08 0)
(0 -3.476e-08 0)
(0 -3.47878e-08 0)
(0 -3.47535e-08 0)
(0 -3.47535e-08 0)
(0 -3.47535e-08 0)
(0 -3.47535e-08 0)
(0 -3.38428e-08 0)
(0 -3.476e-08 0)
(0 -3.47878e-08 0)
(0 -3.47535e-08 0)
(0 -3.47535e-08 0)
(0 -3.47535e-08 0)
(0 -3.38428e-08 0)
(0 -3.38492e-08 0)
(0 -3.47943e-08 0)
(0 -3.47878e-08 0)
(0 -3.47535e-08 0)
(0 -3.47535e-08 0)
(0 -3.47535e-08 0)
(0 -3.47535e-08 0)
(0 -3.47535e-08 0)
(0 -3.47535e-08 0)
(0 -3.28862e-08 0)
(0 -3.47744e-08 0)
(0 -3.48604e-08 0)
(0 -3.47535e-08 0)
(0 -3.47535e-08 0)
(0 -3.47535e-08 0)
(0 -3.47535e-08 0)
(0 -3.38428e-08 0)
(0 -3.476e-08 0)
(0 -3.38771e-08 0)
(0 -3.476e-08 0)
(0 -3.38771e-08 0)
(0 -3.476e-08 0)
(0 -3.47878e-08 0)
(0 -3.47535e-08 0)
(0 -3.28862e-08 0)
(0 -3.47744e-08 0)
(0 -3.48604e-08 0)
(0 -3.47535e-08 0)
(0 -3.47535e-08 0)
(0 -3.47535e-08 0)
(0 -3.47535e-08 0)
(0 -3.47535e-08 0)
(0 -3.47535e-08 0)
(0 -3.28862e-08 0)
(0 -2.62732e-08 0)
(0 -1.48376e-08 0)
(0 -3.38377e-08 0)
(0 -3.4933e-08 0)
(0 -3.47535e-08 0)
(0 -3.47535e-08 0)
(0 -3.47535e-08 0)
(0 -3.47535e-08 0)
(0 -3.47535e-08 0)
(0 -3.38428e-08 0)
(0 -3.28926e-08 0)
(0 -3.48087e-08 0)
(0 -3.48604e-08 0)
(0 -3.47535e-08 0)
(0 -3.47535e-08 0)
(0 -3.38428e-08 0)
(0 -3.476e-08 0)
(0 -3.47878e-08 0)
(0 -3.47535e-08 0)
(0 -3.47535e-08 0)
(0 -3.47535e-08 0)
(0 -3.47535e-08 0)
(0 -3.47535e-08 0)
(0 -3.47535e-08 0)
(0 -3.47535e-08 0)
(0 -3.38428e-08 0)
(0 -3.476e-08 0)
(0 -3.47878e-08 0)
(0 -3.47535e-08 0)
(0 -3.47535e-08 0)
(0 -3.38428e-08 0)
(0 -3.38492e-08 0)
(0 -3.47943e-08 0)
(0 -3.38771e-08 0)
(0 -3.38492e-08 0)
(0 -3.47943e-08 0)
(0 -3.47878e-08 0)
(0 -3.47535e-08 0)
(0 -3.47535e-08 0)
(0 -3.47535e-08 0)
(0 -3.47535e-08 0)
(0 -3.38428e-08 0)
(0 -3.476e-08 0)
(0 -3.38771e-08 0)
(0 -3.476e-08 0)
(0 -3.47878e-08 0)
(0 -3.38428e-08 0)
(0 -3.38492e-08 0)
(0 -3.29271e-08 0)
(0 -3.48087e-08 0)
(0 -3.39498e-08 0)
(0 -3.476e-08 0)
(0 -3.47878e-08 0)
(0 -3.47535e-08 0)
(0 -3.47535e-08 0)
(0 -3.28862e-08 0)
(0 -3.47744e-08 0)
(0 -3.39498e-08 0)
(0 -3.476e-08 0)
(0 -3.47878e-08 0)
(0 -3.38428e-08 0)
(0 -3.476e-08 0)
(0 -3.38771e-08 0)
(0 -3.476e-08 0)
(0 -3.38771e-08 0)
(0 -3.476e-08 0)
(0 -3.47878e-08 0)
(0 -3.38428e-08 0)
(0 -3.476e-08 0)
(0 -3.47878e-08 0)
(0 -3.47535e-08 0)
(0 -3.28862e-08 0)
(0 -3.19124e-08 0)
(0 -3.49027e-08 0)
(0 -3.4964e-08 0)
(0 -2.62732e-08 0)
(0 -1.67512e-08 0)
(0 -3.19467e-08 0)
(0 -3.4847e-08 0)
(0 -3.48604e-08 0)
(0 -3.47535e-08 0)
(0 -3.47535e-08 0)
(0 -3.47535e-08 0)
(0 -3.47535e-08 0)
(0 -3.47535e-08 0)
(0 -3.47535e-08 0)
(0 -3.47535e-08 0)
(0 -3.47535e-08 0)
(0 -3.47535e-08 0)
(0 -3.47535e-08 0)
(0 -3.47535e-08 0)
(0 -3.47535e-08 0)
(0 -3.47535e-08 0)
(0 -3.38428e-08 0)
(0 -3.38492e-08 0)
(0 -3.47943e-08 0)
(0 -3.47878e-08 0)
(0 -3.47535e-08 0)
(0 -3.38428e-08 0)
(0 -3.476e-08 0)
(0 -3.47878e-08 0)
(0 -3.47535e-08 0)
(0 -3.38428e-08 0)
(0 -3.476e-08 0)
(0 -3.47878e-08 0)
(0 -3.47535e-08 0)
(0 -3.47535e-08 0)
(0 -3.47535e-08 0)
(0 -3.47535e-08 0)
(0 -3.38428e-08 0)
(0 -3.476e-08 0)
(0 -3.47878e-08 0)
(0 -3.38428e-08 0)
(0 -3.476e-08 0)
(0 -3.47878e-08 0)
(0 -3.38428e-08 0)
(0 -3.476e-08 0)
(0 -3.47878e-08 0)
(0 -3.47535e-08 0)
(0 -3.47535e-08 0)
(0 -3.47535e-08 0)
(0 -3.47535e-08 0)
(0 -3.47535e-08 0)
(0 -3.47535e-08 0)
(0 -3.47535e-08 0)
(0 -3.47535e-08 0)
(0 -3.47535e-08 0)
(0 -3.47535e-08 0)
(0 -3.38428e-08 0)
(0 -3.476e-08 0)
(0 -3.47878e-08 0)
(0 -3.28862e-08 0)
(0 -3.38636e-08 0)
(0 -3.48669e-08 0)
(0 -3.47878e-08 0)
(0 -3.47535e-08 0)
(0 -3.38428e-08 0)
(0 -3.476e-08 0)
(0 -3.47878e-08 0)
(0 -3.47535e-08 0)
(0 -3.47535e-08 0)
(0 -3.47535e-08 0)
(0 -3.47535e-08 0)
(0 -3.47535e-08 0)
(0 -3.47535e-08 0)
(0 -3.18919e-08 0)
(0 -3.38848e-08 0)
(0 -3.49705e-08 0)
(0 -3.38771e-08 0)
(0 -3.28926e-08 0)
(0 -2.62732e-08 0)
(0 -1.67512e-08 0)
(0 -3.38168e-08 0)
(0 -3.48261e-08 0)
(0 -3.47535e-08 0)
(0 -3.47535e-08 0)
(0 -3.38428e-08 0)
(0 -3.38492e-08 0)
(0 -3.47943e-08 0)
(0 -3.47878e-08 0)
(0 -3.47535e-08 0)
(0 -3.38428e-08 0)
(0 -3.476e-08 0)
(0 -3.38771e-08 0)
(0 -3.38492e-08 0)
(0 -3.47943e-08 0)
(0 -3.47878e-08 0)
(0 -3.47535e-08 0)
(0 -3.47535e-08 0)
(0 -3.47535e-08 0)
(0 -3.47535e-08 0)
(0 -3.47535e-08 0)
(0 -3.38428e-08 0)
(0 -3.476e-08 0)
(0 -3.47878e-08 0)
(0 -3.47535e-08 0)
(0 -3.47535e-08 0)
(0 -3.47535e-08 0)
(0 -3.38428e-08 0)
(0 -3.476e-08 0)
(0 -3.47878e-08 0)
(0 -3.47535e-08 0)
(0 -3.47535e-08 0)
(0 -3.38428e-08 0)
(0 -3.476e-08 0)
(0 -3.47878e-08 0)
(0 -3.47535e-08 0)
(0 -3.47535e-08 0)
(0 -3.47535e-08 0)
(0 -3.38428e-08 0)
(0 -3.38492e-08 0)
(0 -3.47943e-08 0)
(0 -3.47878e-08 0)
(0 -3.47535e-08 0)
(0 -3.47535e-08 0)
(0 -3.47535e-08 0)
(0 -3.47535e-08 0)
(0 -3.47535e-08 0)
(0 -3.47535e-08 0)
(0 -3.47535e-08 0)
(0 -3.47535e-08 0)
(0 -3.28862e-08 0)
(0 -3.47744e-08 0)
(0 -3.48604e-08 0)
(0 -3.38428e-08 0)
(0 -3.476e-08 0)
(0 -3.47878e-08 0)
(0 -3.47535e-08 0)
(0 -3.47535e-08 0)
(0 -3.47535e-08 0)
(0 -3.28862e-08 0)
(0 -3.38636e-08 0)
(0 -3.48669e-08 0)
(0 -3.47878e-08 0)
(0 -3.47535e-08 0)
(0 -3.38428e-08 0)
(0 -3.476e-08 0)
(0 -3.47878e-08 0)
(0 -3.47535e-08 0)
(0 -3.47535e-08 0)
(0 -3.38428e-08 0)
(0 -3.476e-08 0)
(0 -3.47878e-08 0)
(0 -3.38428e-08 0)
(0 -3.476e-08 0)
(0 -2.62732e-08 0)
(0 -1.58195e-08 0)
(0 -3.09571e-08 0)
(0 -3.49027e-08 0)
(0 -3.4964e-08 0)
(0 -3.38428e-08 0)
(0 -3.476e-08 0)
(0 -3.47878e-08 0)
(0 -3.47535e-08 0)
(0 -3.47535e-08 0)
(0 -3.47535e-08 0)
(0 -3.47535e-08 0)
(0 -3.47535e-08 0)
(0 -3.47535e-08 0)
(0 -3.47535e-08 0)
(0 -3.47535e-08 0)
(0 -3.28862e-08 0)
(0 -3.47744e-08 0)
(0 -3.39498e-08 0)
(0 -3.38492e-08 0)
(0 -3.38836e-08 0)
(0 -3.47943e-08 0)
(0 -3.47878e-08 0)
(0 -3.47535e-08 0)
(0 -3.47535e-08 0)
(0 -3.47535e-08 0)
(0 -3.47535e-08 0)
(0 -3.47535e-08 0)
(0 -3.47535e-08 0)
(0 -3.38428e-08 0)
(0 -3.476e-08 0)
(0 -3.47878e-08 0)
(0 -3.47535e-08 0)
(0 -3.47535e-08 0)
(0 -3.47535e-08 0)
(0 -3.47535e-08 0)
(0 -3.47535e-08 0)
(0 -3.47535e-08 0)
(0 -3.47535e-08 0)
(0 -3.47535e-08 0)
(0 -3.47535e-08 0)
(0 -3.47535e-08 0)
(0 -3.47535e-08 0)
(0 -3.47535e-08 0)
(0 -3.38428e-08 0)
(0 -3.476e-08 0)
(0 -3.47878e-08 0)
(0 -3.47535e-08 0)
(0 -3.47535e-08 0)
(0 -3.47535e-08 0)
(0 -3.47535e-08 0)
(0 -3.18919e-08 0)
(0 -3.47958e-08 0)
(0 -3.4964e-08 0)
(0 -3.47535e-08 0)
(0 -3.47535e-08 0)
(0 -3.47535e-08 0)
(0 -3.47535e-08 0)
(0 -3.28862e-08 0)
(0 -3.47744e-08 0)
(0 -3.39498e-08 0)
(0 -3.476e-08 0)
(0 -3.47878e-08 0)
(0 -3.38428e-08 0)
(0 -3.38492e-08 0)
(0 -3.47943e-08 0)
(0 -3.47878e-08 0)
(0 -3.47535e-08 0)
(0 -3.47535e-08 0)
(0 -3.47535e-08 0)
(0 -3.47535e-08 0)
(0 -3.38428e-08 0)
(0 -3.476e-08 0)
(0 -3.38771e-08 0)
(0 -3.476e-08 0)
(0 -2.62732e-08 0)
(0 -1.67512e-08 0)
(0 -3.38168e-08 0)
(0 -3.48261e-08 0)
(0 -3.47535e-08 0)
(0 -3.47535e-08 0)
(0 -3.47535e-08 0)
(0 -3.47535e-08 0)
(0 -3.47535e-08 0)
(0 -3.47535e-08 0)
(0 -3.47535e-08 0)
(0 -3.47535e-08 0)
(0 -3.47535e-08 0)
(0 -3.47535e-08 0)
(0 -3.47535e-08 0)
(0 -3.47535e-08 0)
(0 -3.38428e-08 0)
(0 -3.38492e-08 0)
(0 -3.47943e-08 0)
(0 -3.47878e-08 0)
(0 -3.47535e-08 0)
(0 -3.47535e-08 0)
(0 -3.47535e-08 0)
(0 -3.47535e-08 0)
(0 -3.38428e-08 0)
(0 -3.476e-08 0)
(0 -3.47878e-08 0)
(0 -3.47535e-08 0)
(0 -3.47535e-08 0)
(0 -3.47535e-08 0)
(0 -3.47535e-08 0)
(0 -3.47535e-08 0)
(0 -3.38428e-08 0)
(0 -3.38492e-08 0)
(0 -3.47943e-08 0)
(0 -3.47878e-08 0)
(0 -3.47535e-08 0)
(0 -3.47535e-08 0)
(0 -3.47535e-08 0)
(0 -3.28862e-08 0)
(0 -3.47744e-08 0)
(0 -3.48604e-08 0)
(0 -3.47535e-08 0)
(0 -3.47535e-08 0)
(0 -3.28862e-08 0)
(0 -3.47744e-08 0)
(0 -3.48604e-08 0)
(0 -3.47535e-08 0)
(0 -3.47535e-08 0)
(0 -3.38428e-08 0)
(0 -3.476e-08 0)
(0 -3.38771e-08 0)
(0 -3.476e-08 0)
(0 -3.47878e-08 0)
(0 -3.47535e-08 0)
(0 -3.47535e-08 0)
(0 -3.47535e-08 0)
(0 -3.47535e-08 0)
(0 -3.47535e-08 0)
(0 -3.47535e-08 0)
(0 -3.47535e-08 0)
(0 -3.47535e-08 0)
(0 -3.38428e-08 0)
(0 -3.476e-08 0)
(0 -3.47878e-08 0)
(0 -3.47535e-08 0)
(0 -3.47535e-08 0)
(0 -3.47535e-08 0)
(0 -3.38428e-08 0)
(0 -3.476e-08 0)
(0 -3.47878e-08 0)
(0 -3.47535e-08 0)
(0 -3.38428e-08 0)
(0 -3.476e-08 0)
(0 -3.47878e-08 0)
(0 -2.62732e-08 0)
(0 -1.67512e-08 0)
(0 -3.29048e-08 0)
(0 -3.48327e-08 0)
(0 -3.47878e-08 0)
(0 -3.47535e-08 0)
(0 -3.47535e-08 0)
(0 -3.47535e-08 0)
(0 -3.47535e-08 0)
(0 -3.47535e-08 0)
(0 -3.38428e-08 0)
(0 -3.476e-08 0)
(0 -3.47878e-08 0)
(0 -3.47535e-08 0)
(0 -3.38428e-08 0)
(0 -3.476e-08 0)
(0 -3.47878e-08 0)
(0 -3.47535e-08 0)
(0 -3.47535e-08 0)
(0 -3.47535e-08 0)
(0 -3.47535e-08 0)
(0 -3.47535e-08 0)
(0 -3.47535e-08 0)
(0 -3.47535e-08 0)
(0 -3.47535e-08 0)
(0 -3.38428e-08 0)
(0 -3.476e-08 0)
(0 -3.29206e-08 0)
(0 -3.38636e-08 0)
(0 -3.48669e-08 0)
(0 -3.47878e-08 0)
(0 -3.47535e-08 0)
(0 -3.47535e-08 0)
(0 -3.47535e-08 0)
(0 -3.47535e-08 0)
(0 -3.47535e-08 0)
(0 -3.47535e-08 0)
(0 -3.47535e-08 0)
(0 -3.47535e-08 0)
(0 -3.47535e-08 0)
(0 -3.38428e-08 0)
(0 -3.476e-08 0)
(0 -3.47878e-08 0)
(0 -3.47535e-08 0)
(0 -3.47535e-08 0)
(0 -3.47535e-08 0)
(0 -3.47535e-08 0)
(0 -3.47535e-08 0)
(0 -3.47535e-08 0)
(0 -3.47535e-08 0)
(0 -3.47535e-08 0)
(0 -3.47535e-08 0)
(0 -3.47535e-08 0)
(0 -3.47535e-08 0)
(0 -3.28862e-08 0)
(0 -3.47744e-08 0)
(0 -3.39498e-08 0)
(0 -3.28926e-08 0)
(0 -3.48087e-08 0)
(0 -3.48604e-08 0)
(0 -3.47535e-08 0)
(0 -3.47535e-08 0)
(0 -3.47535e-08 0)
(0 -3.47535e-08 0)
(0 -3.47535e-08 0)
(0 -3.38428e-08 0)
(0 -3.476e-08 0)
(0 -3.47878e-08 0)
(0 -3.38428e-08 0)
(0 -3.38492e-08 0)
(0 -3.47943e-08 0)
(0 -3.47878e-08 0)
(0 -3.47535e-08 0)
(0 -3.28862e-08 0)
(0 -3.47744e-08 0)
(0 -2.62732e-08 0)
(0 -1.67512e-08 0)
(0 -3.38168e-08 0)
(0 -3.39155e-08 0)
(0 -3.476e-08 0)
(0 -3.47878e-08 0)
(0 -3.47535e-08 0)
(0 -3.47535e-08 0)
(0 -3.47535e-08 0)
(0 -3.47535e-08 0)
(0 -3.47535e-08 0)
(0 -3.47535e-08 0)
(0 -3.47535e-08 0)
(0 -3.47535e-08 0)
(0 -3.47535e-08 0)
(0 -3.47535e-08 0)
(0 -3.38428e-08 0)
(0 -3.476e-08 0)
(0 -3.47878e-08 0)
(0 -3.38428e-08 0)
(0 -3.476e-08 0)
(0 -3.38771e-08 0)
(0 -3.476e-08 0)
(0 -3.47878e-08 0)
(0 -3.38428e-08 0)
(0 -3.476e-08 0)
(0 -3.47878e-08 0)
(0 -3.47535e-08 0)
(0 -3.47535e-08 0)
(0 -3.38428e-08 0)
(0 -3.476e-08 0)
(0 -3.47878e-08 0)
(0 -3.38428e-08 0)
(0 -3.476e-08 0)
(0 -3.47878e-08 0)
(0 -3.47535e-08 0)
(0 -3.47535e-08 0)
(0 -3.47535e-08 0)
(0 -3.47535e-08 0)
(0 -3.28862e-08 0)
(0 -3.47744e-08 0)
(0 -3.48604e-08 0)
(0 -3.47535e-08 0)
(0 -3.47535e-08 0)
(0 -3.47535e-08 0)
(0 -3.47535e-08 0)
(0 -3.47535e-08 0)
(0 -3.47535e-08 0)
(0 -3.47535e-08 0)
(0 -3.28862e-08 0)
(0 -3.47744e-08 0)
(0 -3.39498e-08 0)
(0 -3.476e-08 0)
(0 -3.47878e-08 0)
(0 -3.47535e-08 0)
(0 -3.18919e-08 0)
(0 -3.47958e-08 0)
(0 -3.40535e-08 0)
(0 -3.476e-08 0)
(0 -3.47878e-08 0)
(0 -3.47535e-08 0)
(0 -3.47535e-08 0)
(0 -3.47535e-08 0)
(0 -3.38428e-08 0)
(0 -3.38492e-08 0)
(0 -3.47943e-08 0)
(0 -3.38771e-08 0)
(0 -3.476e-08 0)
(0 -3.47878e-08 0)
(0 -3.47535e-08 0)
(0 -3.38428e-08 0)
(0 -3.476e-08 0)
(0 -3.47878e-08 0)
(0 -3.47535e-08 0)
(0 -3.47535e-08 0)
(0 -2.62732e-08 0)
(0 -1.67512e-08 0)
(0 -3.38168e-08 0)
(0 -3.48261e-08 0)
(0 -3.38428e-08 0)
(0 -3.476e-08 0)
(0 -3.47878e-08 0)
(0 -3.47535e-08 0)
(0 -3.47535e-08 0)
(0 -3.28862e-08 0)
(0 -3.47744e-08 0)
(0 -3.48604e-08 0)
(0 -3.38428e-08 0)
(0 -3.38492e-08 0)
(0 -3.47943e-08 0)
(0 -3.47878e-08 0)
(0 -3.47535e-08 0)
(0 -3.38428e-08 0)
(0 -3.38492e-08 0)
(0 -3.19328e-08 0)
(0 -3.48301e-08 0)
(0 -3.4964e-08 0)
(0 -3.47535e-08 0)
(0 -3.47535e-08 0)
(0 -3.47535e-08 0)
(0 -3.47535e-08 0)
(0 -3.38428e-08 0)
(0 -3.476e-08 0)
(0 -3.47878e-08 0)
(0 -3.38428e-08 0)
(0 -3.476e-08 0)
(0 -3.47878e-08 0)
(0 -3.47535e-08 0)
(0 -3.47535e-08 0)
(0 -3.47535e-08 0)
(0 -3.47535e-08 0)
(0 -3.47535e-08 0)
(0 -3.47535e-08 0)
(0 -3.47535e-08 0)
(0 -3.28862e-08 0)
(0 -3.47744e-08 0)
(0 -3.39498e-08 0)
(0 -3.476e-08 0)
(0 -3.38771e-08 0)
(0 -3.476e-08 0)
(0 -3.47878e-08 0)
(0 -3.28862e-08 0)
(0 -3.47744e-08 0)
(0 -3.48604e-08 0)
(0 -3.47535e-08 0)
(0 -3.47535e-08 0)
(0 -3.47535e-08 0)
(0 -3.47535e-08 0)
(0 -3.38428e-08 0)
(0 -3.476e-08 0)
(0 -3.38771e-08 0)
(0 -3.38492e-08 0)
(0 -3.47943e-08 0)
(0 -3.47878e-08 0)
(0 -3.47535e-08 0)
(0 -3.38428e-08 0)
(0 -3.476e-08 0)
(0 -3.47878e-08 0)
(0 -3.47535e-08 0)
(0 -3.47535e-08 0)
(0 -3.28862e-08 0)
(0 -3.47744e-08 0)
(0 -3.48604e-08 0)
(0 -3.38428e-08 0)
(0 -3.38492e-08 0)
(0 -3.47943e-08 0)
(0 -3.47878e-08 0)
(0 -3.38428e-08 0)
(0 -3.476e-08 0)
(0 -3.38771e-08 0)
(0 -2.62732e-08 0)
(0 -1.67512e-08 0)
(0 -3.38168e-08 0)
(0 -3.48261e-08 0)
(0 -3.47535e-08 0)
(0 -3.47535e-08 0)
(0 -3.47535e-08 0)
(0 -3.47535e-08 0)
(0 -3.47535e-08 0)
(0 -3.47535e-08 0)
(0 -3.47535e-08 0)
(0 -3.47535e-08 0)
(0 -3.47535e-08 0)
(0 -3.47535e-08 0)
(0 -3.47535e-08 0)
(0 -3.38428e-08 0)
(0 -3.28926e-08 0)
(0 -3.48087e-08 0)
(0 -3.48604e-08 0)
(0 -3.47535e-08 0)
(0 -3.28862e-08 0)
(0 -3.47744e-08 0)
(0 -3.48604e-08 0)
(0 -3.38428e-08 0)
(0 -3.476e-08 0)
(0 -3.47878e-08 0)
(0 -3.47535e-08 0)
(0 -3.47535e-08 0)
(0 -3.47535e-08 0)
(0 -3.47535e-08 0)
(0 -3.47535e-08 0)
(0 -3.47535e-08 0)
(0 -3.47535e-08 0)
(0 -3.47535e-08 0)
(0 -3.47535e-08 0)
(0 -3.47535e-08 0)
(0 -3.47535e-08 0)
(0 -3.47535e-08 0)
(0 -3.47535e-08 0)
(0 -3.47535e-08 0)
(0 -3.47535e-08 0)
(0 -3.47535e-08 0)
(0 -3.47535e-08 0)
(0 -3.47535e-08 0)
(0 -3.47535e-08 0)
(0 -3.47535e-08 0)
(0 -3.47535e-08 0)
(0 -3.47535e-08 0)
(0 -3.47535e-08 0)
(0 -3.47535e-08 0)
(0 -3.47535e-08 0)
(0 -3.47535e-08 0)
(0 -3.47535e-08 0)
(0 -3.47535e-08 0)
(0 -3.47535e-08 0)
(0 -3.47535e-08 0)
(0 -3.47535e-08 0)
(0 -3.47535e-08 0)
(0 -3.47535e-08 0)
(0 -3.18919e-08 0)
(0 -3.47958e-08 0)
(0 -3.4964e-08 0)
(0 -3.47535e-08 0)
(0 -3.47535e-08 0)
(0 -3.47535e-08 0)
(0 -3.47535e-08 0)
(0 -3.47535e-08 0)
(0 -3.47535e-08 0)
(0 -3.47535e-08 0)
(0 -3.47535e-08 0)
(0 -3.47535e-08 0)
(0 -3.47535e-08 0)
(0 -3.47535e-08 0)
(0 -3.47535e-08 0)
(0 -3.47535e-08 0)
(0 -2.62732e-08 0)
(0 -1.67512e-08 0)
(0 -3.38168e-08 0)
(0 -3.39155e-08 0)
(0 -3.476e-08 0)
(0 -3.47878e-08 0)
(0 -3.47535e-08 0)
(0 -3.47535e-08 0)
(0 -3.47535e-08 0)
(0 -3.47535e-08 0)
(0 -3.47535e-08 0)
(0 -3.38428e-08 0)
(0 -3.476e-08 0)
(0 -3.47878e-08 0)
(0 -3.47535e-08 0)
(0 -3.47535e-08 0)
(0 -3.38428e-08 0)
(0 -3.476e-08 0)
(0 -3.38771e-08 0)
(0 -3.476e-08 0)
(0 -3.47878e-08 0)
(0 -3.38428e-08 0)
(0 -3.476e-08 0)
(0 -3.47878e-08 0)
(0 -3.38428e-08 0)
(0 -3.476e-08 0)
(0 -3.47878e-08 0)
(0 -3.38428e-08 0)
(0 -3.38492e-08 0)
(0 -3.47943e-08 0)
(0 -3.47878e-08 0)
(0 -3.47535e-08 0)
(0 -3.47535e-08 0)
(0 -3.47535e-08 0)
(0 -3.47535e-08 0)
(0 -3.47535e-08 0)
(0 -3.47535e-08 0)
(0 -3.47535e-08 0)
(0 -3.28862e-08 0)
(0 -3.47744e-08 0)
(0 -3.48604e-08 0)
(0 -3.47535e-08 0)
(0 -3.47535e-08 0)
(0 -3.47535e-08 0)
(0 -3.47535e-08 0)
(0 -3.47535e-08 0)
(0 -3.28862e-08 0)
(0 -3.47744e-08 0)
(0 -3.48604e-08 0)
(0 -3.47535e-08 0)
(0 -3.38428e-08 0)
(0 -3.476e-08 0)
(0 -3.38771e-08 0)
(0 -3.28926e-08 0)
(0 -3.48087e-08 0)
(0 -3.48604e-08 0)
(0 -3.47535e-08 0)
(0 -3.47535e-08 0)
(0 -3.47535e-08 0)
(0 -3.47535e-08 0)
(0 -3.28862e-08 0)
(0 -3.47744e-08 0)
(0 -3.48604e-08 0)
(0 -3.47535e-08 0)
(0 -3.47535e-08 0)
(0 -3.47535e-08 0)
(0 -3.47535e-08 0)
(0 -3.47535e-08 0)
(0 -3.47535e-08 0)
(0 -3.47535e-08 0)
(0 -3.47535e-08 0)
(0 -3.47535e-08 0)
(0 -3.47535e-08 0)
(0 -3.47535e-08 0)
(0 -3.47535e-08 0)
(0 -2.62732e-08 0)
(0 -1.67512e-08 0)
(0 -3.38168e-08 0)
(0 -3.39155e-08 0)
(0 -3.476e-08 0)
(0 -3.47878e-08 0)
(0 -3.38428e-08 0)
(0 -3.476e-08 0)
(0 -3.47878e-08 0)
(0 -3.47535e-08 0)
(0 -3.38428e-08 0)
(0 -3.38492e-08 0)
(0 -3.47943e-08 0)
(0 -3.47878e-08 0)
(0 -3.38428e-08 0)
(0 -3.476e-08 0)
(0 -3.47878e-08 0)
(0 -3.47535e-08 0)
(0 -3.47535e-08 0)
(0 -3.47535e-08 0)
(0 -3.47535e-08 0)
(0 -3.47535e-08 0)
(0 -3.47535e-08 0)
(0 -3.47535e-08 0)
(0 -3.47535e-08 0)
(0 -3.47535e-08 0)
(0 -3.47535e-08 0)
(0 -3.47535e-08 0)
(0 -3.47535e-08 0)
(0 -3.47535e-08 0)
(0 -3.47535e-08 0)
(0 -3.47535e-08 0)
(0 -3.47535e-08 0)
(0 -3.47535e-08 0)
(0 -3.47535e-08 0)
(0 -3.47535e-08 0)
(0 -3.47535e-08 0)
(0 -3.47535e-08 0)
(0 -3.47535e-08 0)
(0 -3.47535e-08 0)
(0 -3.47535e-08 0)
(0 -3.38428e-08 0)
(0 -3.476e-08 0)
(0 -3.47878e-08 0)
(0 -3.47535e-08 0)
(0 -3.38428e-08 0)
(0 -3.476e-08 0)
(0 -3.47878e-08 0)
(0 -3.47535e-08 0)
(0 -3.47535e-08 0)
(0 -3.38428e-08 0)
(0 -3.476e-08 0)
(0 -3.47878e-08 0)
(0 -3.47535e-08 0)
(0 -3.47535e-08 0)
(0 -3.47535e-08 0)
(0 -3.47535e-08 0)
(0 -3.47535e-08 0)
(0 -3.47535e-08 0)
(0 -3.47535e-08 0)
(0 -3.38428e-08 0)
(0 -3.476e-08 0)
(0 -3.47878e-08 0)
(0 -3.47535e-08 0)
(0 -3.28862e-08 0)
(0 -3.47744e-08 0)
(0 -3.29934e-08 0)
(0 -3.47744e-08 0)
(0 -3.29934e-08 0)
(0 -3.47744e-08 0)
(0 -3.48604e-08 0)
(0 -3.38428e-08 0)
(0 -3.476e-08 0)
(0 -3.38771e-08 0)
(0 -3.476e-08 0)
(0 -2.62732e-08 0)
(0 -1.58195e-08 0)
(0 -3.29113e-08 0)
(0 -3.48669e-08 0)
(0 -3.47878e-08 0)
(0 -3.47535e-08 0)
(0 -3.47535e-08 0)
(0 -3.47535e-08 0)
(0 -3.47535e-08 0)
(0 -3.47535e-08 0)
(0 -3.47535e-08 0)
(0 -3.47535e-08 0)
(0 -3.47535e-08 0)
(0 -3.47535e-08 0)
(0 -3.47535e-08 0)
(0 -3.47535e-08 0)
(0 -3.47535e-08 0)
(0 -3.47535e-08 0)
(0 -3.38428e-08 0)
(0 -3.476e-08 0)
(0 -3.47878e-08 0)
(0 -3.47535e-08 0)
(0 -3.47535e-08 0)
(0 -3.47535e-08 0)
(0 -3.47535e-08 0)
(0 -3.47535e-08 0)
(0 -3.47535e-08 0)
(0 -3.38428e-08 0)
(0 -3.476e-08 0)
(0 -3.47878e-08 0)
(0 -3.47535e-08 0)
(0 -3.47535e-08 0)
(0 -3.47535e-08 0)
(0 -3.47535e-08 0)
(0 -3.47535e-08 0)
(0 -3.47535e-08 0)
(0 -3.47535e-08 0)
(0 -3.47535e-08 0)
(0 -3.47535e-08 0)
(0 -3.47535e-08 0)
(0 -3.47535e-08 0)
(0 -3.47535e-08 0)
(0 -3.47535e-08 0)
(0 -3.38428e-08 0)
(0 -3.476e-08 0)
(0 -3.47878e-08 0)
(0 -3.47535e-08 0)
(0 -3.47535e-08 0)
(0 -3.47535e-08 0)
(0 -3.47535e-08 0)
(0 -3.38428e-08 0)
(0 -3.476e-08 0)
(0 -3.47878e-08 0)
(0 -3.38428e-08 0)
(0 -3.28926e-08 0)
(0 -3.48087e-08 0)
(0 -3.48604e-08 0)
(0 -3.47535e-08 0)
(0 -3.47535e-08 0)
(0 -3.47535e-08 0)
(0 -3.47535e-08 0)
(0 -3.38428e-08 0)
(0 -3.476e-08 0)
(0 -3.47878e-08 0)
(0 -3.47535e-08 0)
(0 -3.47535e-08 0)
(0 -3.47535e-08 0)
(0 -3.47535e-08 0)
(0 -3.38428e-08 0)
(0 -3.476e-08 0)
(0 -3.47878e-08 0)
(0 -3.47535e-08 0)
(0 -3.47535e-08 0)
(0 -3.28862e-08 0)
(0 -3.47744e-08 0)
(0 -2.62732e-08 0)
(0 -1.67512e-08 0)
(0 -3.38168e-08 0)
(0 -3.48261e-08 0)
(0 -3.47535e-08 0)
(0 -3.47535e-08 0)
(0 -3.47535e-08 0)
(0 -3.47535e-08 0)
(0 -3.28862e-08 0)
(0 -3.47744e-08 0)
(0 -3.39498e-08 0)
(0 -3.476e-08 0)
(0 -3.47878e-08 0)
(0 -3.47535e-08 0)
(0 -3.47535e-08 0)
(0 -3.47535e-08 0)
(0 -3.47535e-08 0)
(0 -3.47535e-08 0)
(0 -3.47535e-08 0)
(0 -3.47535e-08 0)
(0 -3.38428e-08 0)
(0 -3.476e-08 0)
(0 -3.47878e-08 0)
(0 -3.47535e-08 0)
(0 -3.28862e-08 0)
(0 -3.47744e-08 0)
(0 -3.48604e-08 0)
(0 -3.38428e-08 0)
(0 -3.476e-08 0)
(0 -3.47878e-08 0)
(0 -3.47535e-08 0)
(0 -3.38428e-08 0)
(0 -3.38492e-08 0)
(0 -3.47943e-08 0)
(0 -3.47878e-08 0)
(0 -3.47535e-08 0)
(0 -3.47535e-08 0)
(0 -3.47535e-08 0)
(0 -3.38428e-08 0)
(0 -3.476e-08 0)
(0 -3.38771e-08 0)
(0 -3.476e-08 0)
(0 -3.47878e-08 0)
(0 -3.47535e-08 0)
(0 -3.47535e-08 0)
(0 -3.47535e-08 0)
(0 -3.28862e-08 0)
(0 -3.47744e-08 0)
(0 -3.48604e-08 0)
(0 -3.47535e-08 0)
(0 -3.38428e-08 0)
(0 -3.476e-08 0)
(0 -3.38771e-08 0)
(0 -3.28926e-08 0)
(0 -3.48087e-08 0)
(0 -3.48604e-08 0)
(0 -3.38428e-08 0)
(0 -3.38492e-08 0)
(0 -3.47943e-08 0)
(0 -3.47878e-08 0)
(0 -3.18919e-08 0)
(0 -3.47958e-08 0)
(0 -3.4964e-08 0)
(0 -3.47535e-08 0)
(0 -3.47535e-08 0)
(0 -3.47535e-08 0)
(0 -3.47535e-08 0)
(0 -3.47535e-08 0)
(0 -3.47535e-08 0)
(0 -3.38428e-08 0)
(0 -3.476e-08 0)
(0 -3.47878e-08 0)
(0 -3.47535e-08 0)
(0 -3.47535e-08 0)
(0 -3.47535e-08 0)
(0 -2.62732e-08 0)
(0 -1.67512e-08 0)
(0 -3.38168e-08 0)
(0 -3.48261e-08 0)
(0 -3.47535e-08 0)
(0 -3.47535e-08 0)
(0 -3.47535e-08 0)
(0 -3.47535e-08 0)
(0 -3.47535e-08 0)
(0 -3.47535e-08 0)
(0 -3.47535e-08 0)
(0 -3.47535e-08 0)
(0 -3.38428e-08 0)
(0 -3.476e-08 0)
(0 -3.38771e-08 0)
(0 -3.476e-08 0)
(0 -3.47878e-08 0)
(0 -3.47535e-08 0)
(0 -3.47535e-08 0)
(0 -3.38428e-08 0)
(0 -3.476e-08 0)
(0 -3.29206e-08 0)
(0 -3.47744e-08 0)
(0 -3.48604e-08 0)
(0 -3.47535e-08 0)
(0 -3.38428e-08 0)
(0 -3.476e-08 0)
(0 -3.47878e-08 0)
(0 -3.28862e-08 0)
(0 -3.47744e-08 0)
(0 -3.48604e-08 0)
(0 -3.47535e-08 0)
(0 -3.47535e-08 0)
(0 -3.38428e-08 0)
(0 -3.38492e-08 0)
(0 -3.47943e-08 0)
(0 -3.47878e-08 0)
(0 -3.47535e-08 0)
(0 -3.47535e-08 0)
(0 -3.38428e-08 0)
(0 -3.476e-08 0)
(0 -3.47878e-08 0)
(0 -3.38428e-08 0)
(0 -3.38492e-08 0)
(0 -3.47943e-08 0)
(0 -3.47878e-08 0)
(0 -3.47535e-08 0)
(0 -3.47535e-08 0)
(0 -3.47535e-08 0)
(0 -3.47535e-08 0)
(0 -3.47535e-08 0)
(0 -3.47535e-08 0)
(0 -3.47535e-08 0)
(0 -3.47535e-08 0)
(0 -3.47535e-08 0)
(0 -3.47535e-08 0)
(0 -3.47535e-08 0)
(0 -3.47535e-08 0)
(0 -3.47535e-08 0)
(0 -3.47535e-08 0)
(0 -3.47535e-08 0)
(0 -3.47535e-08 0)
(0 -3.47535e-08 0)
(0 -3.47535e-08 0)
(0 -3.47535e-08 0)
(0 -3.28862e-08 0)
(0 -3.47744e-08 0)
(0 -3.39498e-08 0)
(0 -3.28926e-08 0)
(0 -3.48087e-08 0)
(0 -3.48604e-08 0)
(0 -3.38428e-08 0)
(0 -3.476e-08 0)
(0 -3.29206e-08 0)
(0 -3.47744e-08 0)
(0 -2.62732e-08 0)
(0 -1.67512e-08 0)
(0 -3.38168e-08 0)
(0 -3.39155e-08 0)
(0 -3.476e-08 0)
(0 -3.47878e-08 0)
(0 -3.47535e-08 0)
(0 -3.47535e-08 0)
(0 -3.47535e-08 0)
(0 -3.47535e-08 0)
(0 -3.47535e-08 0)
(0 -3.47535e-08 0)
(0 -3.38428e-08 0)
(0 -3.38492e-08 0)
(0 -3.47943e-08 0)
(0 -3.47878e-08 0)
(0 -3.47535e-08 0)
(0 -3.47535e-08 0)
(0 -3.47535e-08 0)
(0 -3.47535e-08 0)
(0 -3.47535e-08 0)
(0 -3.47535e-08 0)
(0 -3.47535e-08 0)
(0 -3.47535e-08 0)
(0 -3.47535e-08 0)
(0 -3.47535e-08 0)
(0 -3.47535e-08 0)
(0 -3.38428e-08 0)
(0 -3.38492e-08 0)
(0 -3.47943e-08 0)
(0 -3.47878e-08 0)
(0 -3.47535e-08 0)
(0 -3.47535e-08 0)
(0 -3.47535e-08 0)
(0 -3.47535e-08 0)
(0 -3.47535e-08 0)
(0 -3.47535e-08 0)
(0 -3.38428e-08 0)
(0 -3.476e-08 0)
(0 -3.47878e-08 0)
(0 -3.47535e-08 0)
(0 -3.38428e-08 0)
(0 -3.476e-08 0)
(0 -3.47878e-08 0)
(0 -3.47535e-08 0)
(0 -3.47535e-08 0)
(0 -3.38428e-08 0)
(0 -3.476e-08 0)
(0 -3.47878e-08 0)
(0 -3.47535e-08 0)
(0 -3.47535e-08 0)
(0 -3.47535e-08 0)
(0 -3.47535e-08 0)
(0 -3.47535e-08 0)
(0 -3.47535e-08 0)
(0 -3.47535e-08 0)
(0 -3.18919e-08 0)
(0 -3.47958e-08 0)
(0 -3.40535e-08 0)
(0 -3.28926e-08 0)
(0 -3.48087e-08 0)
(0 -3.48604e-08 0)
(0 -3.47535e-08 0)
(0 -3.47535e-08 0)
(0 -3.47535e-08 0)
(0 -3.47535e-08 0)
(0 -3.47535e-08 0)
(0 -3.47535e-08 0)
(0 -3.38428e-08 0)
(0 -3.476e-08 0)
(0 -3.47878e-08 0)
(0 -3.38428e-08 0)
(0 -3.476e-08 0)
(0 -3.47878e-08 0)
(0 -3.47535e-08 0)
)
;


// ************************************************************************* //
