/*--------------------------------*- C++ -*----------------------------------*\
  =========                 |
  \\      /  F ield         | OpenFOAM: The Open Source CFD Toolbox
   \\    /   O peration     | Website:  https://openfoam.org
    \\  /    A nd           | Version:  12
     \\/     M anipulation  |
\*---------------------------------------------------------------------------*/
FoamFile
{
    format      ascii;
    class       volScalarField::Internal;
    location    "0.05";
    object      cloud:UCoeff;
}
// * * * * * * * * * * * * * * * * * * * * * * * * * * * * * * * * * * * * * //

dimensions      [1 0 0 0 0 0 0];

value           nonuniform List<scalar> 
3750
(
6.69602e-07
4.23087e-07
1.27052e-06
8.94242e-07
8.25202e-07
8.05748e-07
8.2523e-07
8.27046e-07
8.25202e-07
8.25202e-07
8.25202e-07
8.25202e-07
8.25202e-07
8.05748e-07
8.2523e-07
8.27046e-07
8.05748e-07
8.2523e-07
8.27046e-07
8.25202e-07
8.25202e-07
8.25202e-07
8.25202e-07
8.25202e-07
8.05748e-07
8.2523e-07
8.27046e-07
8.25202e-07
8.25202e-07
8.25202e-07
8.25202e-07
8.05748e-07
8.2523e-07
8.27046e-07
8.25202e-07
8.25202e-07
8.25202e-07
8.05748e-07
8.05776e-07
8.0762e-07
8.27074e-07
8.27046e-07
8.25202e-07
8.25202e-07
8.25202e-07
8.25202e-07
8.25202e-07
8.25202e-07
8.25202e-07
8.25202e-07
8.25202e-07
8.25202e-07
8.25202e-07
8.25202e-07
8.25202e-07
8.25202e-07
8.25202e-07
8.25202e-07
8.25202e-07
8.25202e-07
8.25202e-07
8.05748e-07
8.05776e-07
8.27074e-07
8.27046e-07
8.25202e-07
8.25202e-07
8.25202e-07
7.85307e-07
7.8539e-07
8.31228e-07
7.9125e-07
8.05833e-07
8.31169e-07
8.27046e-07
6.69602e-07
4.23087e-07
1.27052e-06
8.94242e-07
8.25202e-07
8.25202e-07
8.25202e-07
8.25202e-07
8.25202e-07
8.25202e-07
8.25202e-07
8.25202e-07
8.25202e-07
8.25202e-07
8.25202e-07
8.25202e-07
8.25202e-07
8.25202e-07
8.25202e-07
8.05748e-07
8.05776e-07
8.27074e-07
8.27046e-07
8.25202e-07
8.05748e-07
8.05776e-07
8.0762e-07
8.27074e-07
8.07593e-07
8.2523e-07
8.27046e-07
8.25202e-07
8.25202e-07
8.05748e-07
8.2523e-07
8.27046e-07
8.25202e-07
8.25202e-07
8.25202e-07
8.25202e-07
8.25202e-07
8.25202e-07
8.25202e-07
8.25202e-07
8.25202e-07
8.25202e-07
8.25202e-07
8.25202e-07
8.25202e-07
8.25202e-07
8.25202e-07
8.25202e-07
8.25202e-07
8.25202e-07
8.25202e-07
8.25202e-07
8.25202e-07
8.25202e-07
8.25202e-07
8.25202e-07
8.25202e-07
8.25202e-07
8.25202e-07
8.25202e-07
8.25202e-07
8.25202e-07
8.05748e-07
8.2523e-07
8.07593e-07
8.2523e-07
8.27046e-07
8.05748e-07
7.85334e-07
8.27132e-07
8.31142e-07
6.69602e-07
4.23087e-07
1.27052e-06
8.94242e-07
8.05748e-07
8.2523e-07
8.27046e-07
8.25202e-07
8.25202e-07
8.25202e-07
8.25202e-07
8.25202e-07
8.05748e-07
8.05776e-07
8.0762e-07
8.27074e-07
8.07593e-07
8.2523e-07
8.27046e-07
8.25202e-07
8.05748e-07
8.05776e-07
8.27074e-07
8.07593e-07
8.2523e-07
8.27046e-07
8.25202e-07
8.25202e-07
8.25202e-07
8.25202e-07
8.25202e-07
8.25202e-07
8.25202e-07
8.25202e-07
8.05748e-07
8.2523e-07
8.27046e-07
8.25202e-07
8.05748e-07
8.2523e-07
8.27046e-07
8.25202e-07
8.25202e-07
8.25202e-07
8.25202e-07
8.25202e-07
8.25202e-07
8.25202e-07
8.25202e-07
8.25202e-07
8.25202e-07
8.25202e-07
8.25202e-07
8.25202e-07
8.05748e-07
8.2523e-07
8.27046e-07
8.25202e-07
8.25202e-07
8.25202e-07
8.25202e-07
8.05748e-07
8.2523e-07
8.27046e-07
8.25202e-07
8.25202e-07
8.25202e-07
8.25202e-07
8.05748e-07
8.2523e-07
8.27046e-07
8.25202e-07
8.25202e-07
8.05748e-07
8.2523e-07
6.69602e-07
4.23087e-07
1.27052e-06
8.94242e-07
8.25202e-07
8.25202e-07
8.25202e-07
8.25202e-07
8.25202e-07
8.05748e-07
8.2523e-07
8.07593e-07
8.2523e-07
8.27046e-07
8.25202e-07
8.25202e-07
8.25202e-07
8.25202e-07
8.25202e-07
8.25202e-07
8.25202e-07
8.25202e-07
8.25202e-07
8.25202e-07
8.25202e-07
8.25202e-07
8.05748e-07
8.2523e-07
8.27046e-07
8.25202e-07
8.25202e-07
8.25202e-07
8.25202e-07
8.25202e-07
8.25202e-07
8.25202e-07
8.25202e-07
8.05748e-07
8.2523e-07
8.07593e-07
8.2523e-07
8.27046e-07
8.25202e-07
8.25202e-07
8.25202e-07
8.25202e-07
8.25202e-07
8.25202e-07
8.25202e-07
8.25202e-07
8.25202e-07
8.25202e-07
8.25202e-07
8.25202e-07
8.25202e-07
8.25202e-07
8.25202e-07
8.25202e-07
8.25202e-07
8.25202e-07
8.25202e-07
8.05748e-07
8.2523e-07
8.27046e-07
8.25202e-07
8.25202e-07
8.25202e-07
8.25202e-07
8.05748e-07
7.85334e-07
8.27132e-07
8.31142e-07
8.25202e-07
8.25202e-07
8.25202e-07
6.69602e-07
4.23087e-07
1.27052e-06
8.94242e-07
8.25202e-07
8.25202e-07
8.25202e-07
8.25202e-07
8.25202e-07
8.05748e-07
8.2523e-07
7.87152e-07
8.25288e-07
8.31142e-07
8.25202e-07
8.25202e-07
8.25202e-07
8.25202e-07
8.25202e-07
8.25202e-07
8.25202e-07
8.25202e-07
8.25202e-07
8.25202e-07
7.64051e-07
8.25371e-07
8.37414e-07
7.85307e-07
8.25288e-07
8.31142e-07
8.25202e-07
8.25202e-07
8.25202e-07
8.25202e-07
8.25202e-07
8.25202e-07
8.25202e-07
8.25202e-07
8.05748e-07
8.2523e-07
7.87152e-07
8.25288e-07
8.31142e-07
8.25202e-07
8.05748e-07
7.85334e-07
8.27132e-07
7.9125e-07
8.05833e-07
8.31169e-07
8.27046e-07
8.25202e-07
8.25202e-07
8.25202e-07
8.25202e-07
8.25202e-07
8.25202e-07
8.05748e-07
8.2523e-07
8.27046e-07
8.25202e-07
7.85307e-07
8.25288e-07
8.31142e-07
8.25202e-07
8.25202e-07
8.25202e-07
8.25202e-07
8.25202e-07
8.25202e-07
8.25202e-07
8.25202e-07
8.25202e-07
8.25202e-07
8.25202e-07
6.69602e-07
4.23087e-07
1.27052e-06
8.94242e-07
8.25202e-07
8.25202e-07
8.05748e-07
8.2523e-07
8.27046e-07
8.25202e-07
8.25202e-07
8.25202e-07
8.25202e-07
8.25202e-07
8.25202e-07
8.05748e-07
8.2523e-07
8.27046e-07
8.25202e-07
8.25202e-07
8.25202e-07
8.25202e-07
8.25202e-07
8.05748e-07
8.2523e-07
8.27046e-07
8.25202e-07
8.05748e-07
8.2523e-07
8.27046e-07
8.25202e-07
8.25202e-07
8.25202e-07
8.25202e-07
8.25202e-07
8.25202e-07
8.25202e-07
7.85307e-07
8.05833e-07
8.31169e-07
8.07593e-07
8.2523e-07
8.27046e-07
8.25202e-07
8.25202e-07
8.05748e-07
8.2523e-07
8.27046e-07
8.25202e-07
8.25202e-07
8.25202e-07
8.25202e-07
8.25202e-07
8.25202e-07
8.25202e-07
8.25202e-07
8.25202e-07
8.05748e-07
8.2523e-07
8.27046e-07
8.25202e-07
8.25202e-07
8.25202e-07
8.05748e-07
8.2523e-07
8.27046e-07
8.25202e-07
8.25202e-07
8.25202e-07
8.25202e-07
8.25202e-07
8.25202e-07
8.25202e-07
8.25202e-07
8.25202e-07
6.69602e-07
4.23087e-07
1.27052e-06
8.94242e-07
8.25202e-07
8.25202e-07
8.25202e-07
8.25202e-07
8.25202e-07
8.25202e-07
8.25202e-07
8.25202e-07
8.25202e-07
8.25202e-07
8.25202e-07
8.05748e-07
7.85334e-07
8.27132e-07
8.31142e-07
8.05748e-07
8.05776e-07
8.0762e-07
8.27074e-07
8.27046e-07
8.25202e-07
8.25202e-07
8.25202e-07
7.85307e-07
8.05833e-07
8.31169e-07
8.27046e-07
8.25202e-07
8.25202e-07
8.25202e-07
8.25202e-07
8.25202e-07
8.25202e-07
8.05748e-07
8.2523e-07
8.07593e-07
8.05776e-07
8.27074e-07
8.27046e-07
8.25202e-07
8.25202e-07
8.05748e-07
8.2523e-07
8.27046e-07
8.05748e-07
8.2523e-07
8.27046e-07
8.25202e-07
8.25202e-07
8.25202e-07
8.25202e-07
8.25202e-07
8.25202e-07
8.25202e-07
8.05748e-07
8.2523e-07
8.27046e-07
8.25202e-07
8.05748e-07
7.85334e-07
7.87235e-07
8.31228e-07
8.31142e-07
8.25202e-07
7.85307e-07
8.25288e-07
8.31142e-07
8.05748e-07
8.2523e-07
8.27046e-07
8.25202e-07
6.69602e-07
4.23087e-07
1.27052e-06
8.94242e-07
8.25202e-07
8.05748e-07
8.2523e-07
8.27046e-07
8.25202e-07
8.25202e-07
8.25202e-07
8.25202e-07
8.25202e-07
8.25202e-07
8.25202e-07
8.25202e-07
8.25202e-07
8.25202e-07
8.05748e-07
8.2523e-07
8.07593e-07
8.2523e-07
8.27046e-07
8.25202e-07
8.05748e-07
8.2523e-07
8.27046e-07
8.25202e-07
8.25202e-07
8.25202e-07
8.25202e-07
7.85307e-07
8.25288e-07
8.31142e-07
8.25202e-07
8.25202e-07
8.25202e-07
8.25202e-07
8.05748e-07
8.2523e-07
8.27046e-07
8.25202e-07
8.25202e-07
8.05748e-07
8.2523e-07
8.27046e-07
8.25202e-07
7.85307e-07
8.25288e-07
8.31142e-07
8.25202e-07
8.25202e-07
8.25202e-07
8.25202e-07
8.25202e-07
8.25202e-07
8.25202e-07
8.25202e-07
8.25202e-07
8.25202e-07
8.25202e-07
8.25202e-07
8.25202e-07
8.05748e-07
8.2523e-07
8.27046e-07
8.25202e-07
8.25202e-07
8.25202e-07
7.85307e-07
8.25288e-07
8.31142e-07
8.25202e-07
8.25202e-07
8.05748e-07
6.69602e-07
4.23087e-07
1.27052e-06
8.74789e-07
8.2523e-07
8.27046e-07
8.25202e-07
8.25202e-07
8.25202e-07
8.25202e-07
8.05748e-07
8.2523e-07
8.27046e-07
8.25202e-07
8.05748e-07
8.2523e-07
8.27046e-07
8.05748e-07
8.2523e-07
8.27046e-07
8.05748e-07
8.2523e-07
8.27046e-07
8.25202e-07
7.85307e-07
8.25288e-07
8.11689e-07
8.2523e-07
7.87152e-07
8.25288e-07
8.31142e-07
8.25202e-07
8.25202e-07
7.85307e-07
8.25288e-07
8.31142e-07
8.25202e-07
8.25202e-07
8.25202e-07
8.25202e-07
8.05748e-07
8.05776e-07
8.27074e-07
7.87152e-07
8.25288e-07
8.31142e-07
8.25202e-07
7.85307e-07
8.25288e-07
8.31142e-07
8.25202e-07
8.25202e-07
8.05748e-07
8.2523e-07
7.87152e-07
8.05833e-07
8.31169e-07
8.27046e-07
8.05748e-07
8.2523e-07
8.27046e-07
8.25202e-07
8.25202e-07
8.05748e-07
8.2523e-07
8.07593e-07
8.2523e-07
8.27046e-07
8.25202e-07
8.05748e-07
8.2523e-07
8.07593e-07
8.2523e-07
8.27046e-07
8.25202e-07
6.69602e-07
3.82687e-07
1.2706e-06
9.00185e-07
8.05748e-07
8.05776e-07
8.0762e-07
8.27074e-07
8.27046e-07
8.25202e-07
8.25202e-07
7.85307e-07
8.25288e-07
8.31142e-07
8.25202e-07
8.25202e-07
8.05748e-07
8.2523e-07
8.27046e-07
8.25202e-07
8.05748e-07
8.2523e-07
8.27046e-07
8.05748e-07
8.2523e-07
8.27046e-07
8.25202e-07
8.05748e-07
8.2523e-07
8.27046e-07
8.25202e-07
8.25202e-07
8.05748e-07
8.2523e-07
8.27046e-07
8.25202e-07
8.25202e-07
8.05748e-07
8.2523e-07
8.27046e-07
8.25202e-07
7.85307e-07
8.25288e-07
8.31142e-07
8.25202e-07
8.25202e-07
8.25202e-07
8.25202e-07
7.85307e-07
8.25288e-07
8.31142e-07
8.25202e-07
8.25202e-07
8.25202e-07
8.25202e-07
8.25202e-07
8.25202e-07
8.25202e-07
8.25202e-07
8.25202e-07
8.25202e-07
8.25202e-07
8.25202e-07
8.25202e-07
8.05748e-07
8.05776e-07
7.87179e-07
8.27132e-07
8.11689e-07
8.05776e-07
8.27074e-07
8.07593e-07
8.2523e-07
8.27046e-07
8.25202e-07
6.69602e-07
4.23087e-07
1.27052e-06
8.94242e-07
8.25202e-07
8.25202e-07
8.25202e-07
8.25202e-07
8.25202e-07
8.25202e-07
8.25202e-07
8.25202e-07
8.25202e-07
8.05748e-07
8.2523e-07
8.27046e-07
8.05748e-07
8.2523e-07
8.27046e-07
7.85307e-07
8.25288e-07
8.31142e-07
8.25202e-07
8.25202e-07
8.25202e-07
8.25202e-07
8.05748e-07
7.85334e-07
8.07677e-07
8.31169e-07
8.27046e-07
8.05748e-07
8.2523e-07
8.27046e-07
8.25202e-07
8.25202e-07
8.05748e-07
8.2523e-07
8.27046e-07
8.25202e-07
8.25202e-07
8.25202e-07
8.25202e-07
8.25202e-07
8.25202e-07
8.25202e-07
8.25202e-07
8.25202e-07
8.25202e-07
8.25202e-07
8.05748e-07
8.2523e-07
8.27046e-07
8.25202e-07
8.25202e-07
7.85307e-07
8.25288e-07
8.31142e-07
8.25202e-07
8.25202e-07
8.25202e-07
8.25202e-07
8.25202e-07
8.05748e-07
8.2523e-07
8.27046e-07
8.05748e-07
7.85334e-07
8.27132e-07
8.31142e-07
8.25202e-07
8.05748e-07
8.05776e-07
8.27074e-07
8.07593e-07
6.69602e-07
4.03404e-07
1.27054e-06
8.96086e-07
8.25202e-07
8.25202e-07
8.25202e-07
8.25202e-07
8.25202e-07
8.25202e-07
8.05748e-07
8.2523e-07
8.27046e-07
8.25202e-07
8.25202e-07
8.25202e-07
7.85307e-07
8.25288e-07
8.31142e-07
8.25202e-07
8.05748e-07
8.2523e-07
8.27046e-07
8.05748e-07
8.2523e-07
8.27046e-07
8.25202e-07
8.25202e-07
8.25202e-07
8.25202e-07
8.25202e-07
8.25202e-07
8.25202e-07
8.25202e-07
8.05748e-07
8.2523e-07
8.27046e-07
8.25202e-07
7.85307e-07
8.05833e-07
8.31169e-07
8.07593e-07
8.2523e-07
8.27046e-07
8.25202e-07
8.25202e-07
8.05748e-07
8.2523e-07
8.27046e-07
8.25202e-07
8.05748e-07
8.2523e-07
8.27046e-07
8.25202e-07
8.25202e-07
8.25202e-07
8.05748e-07
8.05776e-07
8.27074e-07
8.27046e-07
8.25202e-07
8.25202e-07
8.25202e-07
8.25202e-07
8.05748e-07
8.05776e-07
8.27074e-07
8.27046e-07
8.25202e-07
8.05748e-07
8.2523e-07
8.27046e-07
8.25202e-07
8.05748e-07
8.2523e-07
6.69602e-07
4.23087e-07
1.27052e-06
8.74789e-07
8.2523e-07
8.27046e-07
8.25202e-07
8.25202e-07
8.25202e-07
8.25202e-07
7.64051e-07
8.05915e-07
8.37442e-07
8.07593e-07
7.85334e-07
7.87235e-07
8.11774e-07
8.31169e-07
8.27046e-07
8.25202e-07
7.42164e-07
8.25472e-07
8.45729e-07
8.25202e-07
8.25202e-07
8.25202e-07
8.25202e-07
8.25202e-07
8.25202e-07
8.25202e-07
8.25202e-07
8.25202e-07
7.85307e-07
8.05833e-07
8.31169e-07
8.27046e-07
8.25202e-07
8.05748e-07
7.85334e-07
8.07677e-07
8.31169e-07
8.27046e-07
8.25202e-07
8.25202e-07
8.25202e-07
8.25202e-07
8.05748e-07
8.2523e-07
8.27046e-07
8.25202e-07
8.05748e-07
8.05776e-07
8.27074e-07
8.27046e-07
8.25202e-07
8.25202e-07
8.25202e-07
8.25202e-07
8.05748e-07
8.2523e-07
8.07593e-07
8.05776e-07
8.27074e-07
8.27046e-07
8.25202e-07
8.25202e-07
7.85307e-07
8.25288e-07
8.31142e-07
8.25202e-07
8.25202e-07
8.25202e-07
8.05748e-07
8.2523e-07
8.07593e-07
6.69602e-07
4.23087e-07
1.27052e-06
8.94242e-07
8.25202e-07
8.25202e-07
8.25202e-07
8.25202e-07
8.25202e-07
8.05748e-07
8.2523e-07
8.27046e-07
8.25202e-07
8.25202e-07
8.25202e-07
8.25202e-07
7.64051e-07
8.25371e-07
8.17963e-07
8.2523e-07
8.27046e-07
8.05748e-07
8.2523e-07
8.07593e-07
8.2523e-07
8.27046e-07
8.25202e-07
8.25202e-07
8.25202e-07
8.05748e-07
8.05776e-07
8.27074e-07
8.27046e-07
8.25202e-07
8.25202e-07
8.25202e-07
8.25202e-07
8.05748e-07
8.2523e-07
8.27046e-07
8.25202e-07
7.64051e-07
8.05915e-07
8.37442e-07
8.27046e-07
8.25202e-07
8.25202e-07
8.05748e-07
8.2523e-07
8.27046e-07
8.05748e-07
8.2523e-07
7.87152e-07
8.25288e-07
8.31142e-07
8.25202e-07
8.25202e-07
8.25202e-07
8.25202e-07
8.25202e-07
8.25202e-07
8.05748e-07
8.2523e-07
8.27046e-07
8.05748e-07
8.2523e-07
8.27046e-07
8.25202e-07
8.05748e-07
8.05776e-07
8.27074e-07
8.27046e-07
8.25202e-07
8.25202e-07
8.05748e-07
6.69602e-07
4.23087e-07
1.27052e-06
8.94242e-07
8.25202e-07
8.25202e-07
8.25202e-07
8.25202e-07
8.25202e-07
8.05748e-07
8.2523e-07
8.07593e-07
8.05776e-07
8.27074e-07
8.27046e-07
8.25202e-07
8.05748e-07
8.2523e-07
8.27046e-07
8.05748e-07
8.05776e-07
8.27074e-07
8.07593e-07
8.2523e-07
8.27046e-07
8.25202e-07
8.05748e-07
7.85334e-07
8.27132e-07
8.31142e-07
8.25202e-07
8.05748e-07
8.2523e-07
8.27046e-07
8.25202e-07
8.25202e-07
8.05748e-07
8.2523e-07
8.27046e-07
8.25202e-07
8.25202e-07
8.05748e-07
8.2523e-07
8.27046e-07
8.25202e-07
8.25202e-07
8.25202e-07
8.25202e-07
8.25202e-07
8.25202e-07
8.25202e-07
8.25202e-07
7.85307e-07
8.25288e-07
8.31142e-07
8.05748e-07
8.2523e-07
8.27046e-07
8.25202e-07
8.05748e-07
8.2523e-07
7.65897e-07
8.25371e-07
8.37414e-07
8.25202e-07
8.25202e-07
8.25202e-07
8.25202e-07
8.05748e-07
8.2523e-07
8.07593e-07
7.85334e-07
8.27132e-07
8.31142e-07
8.25202e-07
6.69602e-07
4.23087e-07
1.27052e-06
8.94242e-07
8.25202e-07
8.25202e-07
8.25202e-07
8.25202e-07
8.25202e-07
8.25202e-07
8.05748e-07
8.2523e-07
8.27046e-07
8.25202e-07
8.25202e-07
8.25202e-07
8.25202e-07
8.25202e-07
8.25202e-07
8.25202e-07
8.25202e-07
8.05748e-07
8.2523e-07
8.27046e-07
8.25202e-07
8.25202e-07
8.25202e-07
8.25202e-07
8.25202e-07
8.25202e-07
8.25202e-07
8.05748e-07
8.2523e-07
8.27046e-07
8.25202e-07
8.25202e-07
8.25202e-07
8.05748e-07
8.2523e-07
8.27046e-07
8.25202e-07
8.25202e-07
8.25202e-07
8.25202e-07
8.25202e-07
8.25202e-07
8.05748e-07
8.2523e-07
8.27046e-07
8.25202e-07
7.85307e-07
8.25288e-07
8.31142e-07
8.25202e-07
8.25202e-07
8.25202e-07
7.85307e-07
8.25288e-07
8.31142e-07
8.25202e-07
8.05748e-07
8.05776e-07
8.27074e-07
8.27046e-07
8.25202e-07
7.85307e-07
8.25288e-07
8.31142e-07
8.25202e-07
8.25202e-07
8.05748e-07
8.2523e-07
8.27046e-07
8.25202e-07
8.25202e-07
6.69602e-07
4.23087e-07
1.27052e-06
8.94242e-07
8.25202e-07
8.25202e-07
8.05748e-07
8.2523e-07
8.27046e-07
8.05748e-07
8.2523e-07
8.27046e-07
8.25202e-07
8.25202e-07
8.25202e-07
8.25202e-07
8.25202e-07
8.25202e-07
8.25202e-07
8.25202e-07
8.25202e-07
8.25202e-07
8.25202e-07
8.05748e-07
8.2523e-07
8.27046e-07
8.25202e-07
8.25202e-07
8.25202e-07
8.25202e-07
8.25202e-07
8.25202e-07
8.05748e-07
8.2523e-07
8.27046e-07
8.25202e-07
8.25202e-07
8.25202e-07
8.25202e-07
8.05748e-07
8.05776e-07
8.0762e-07
8.27074e-07
8.27046e-07
8.05748e-07
8.2523e-07
8.27046e-07
8.25202e-07
8.25202e-07
8.25202e-07
8.25202e-07
8.25202e-07
8.25202e-07
8.25202e-07
8.25202e-07
8.05748e-07
7.85334e-07
8.27132e-07
8.31142e-07
8.25202e-07
8.25202e-07
8.25202e-07
8.25202e-07
8.25202e-07
8.25202e-07
8.25202e-07
7.85307e-07
8.25288e-07
8.11689e-07
7.85334e-07
8.27132e-07
8.11689e-07
8.2523e-07
7.65897e-07
8.25371e-07
6.69602e-07
4.23087e-07
1.27052e-06
8.74789e-07
7.85334e-07
8.27132e-07
8.31142e-07
8.05748e-07
8.2523e-07
8.27046e-07
7.85307e-07
7.8539e-07
8.31228e-07
8.31142e-07
8.25202e-07
8.25202e-07
8.05748e-07
8.2523e-07
7.65897e-07
8.25371e-07
8.37414e-07
8.25202e-07
8.05748e-07
8.2523e-07
8.27046e-07
8.25202e-07
7.85307e-07
8.25288e-07
8.11689e-07
8.2523e-07
8.27046e-07
8.25202e-07
8.25202e-07
8.05748e-07
8.2523e-07
8.27046e-07
8.25202e-07
8.25202e-07
8.25202e-07
8.25202e-07
7.64051e-07
8.25371e-07
8.37414e-07
7.85307e-07
8.05833e-07
8.31169e-07
8.27046e-07
8.25202e-07
8.05748e-07
8.2523e-07
8.27046e-07
8.25202e-07
8.25202e-07
8.25202e-07
8.05748e-07
8.05776e-07
8.0762e-07
8.27074e-07
8.07593e-07
8.2523e-07
8.27046e-07
8.25202e-07
8.25202e-07
8.25202e-07
8.05748e-07
8.2523e-07
8.27046e-07
8.05748e-07
8.2523e-07
8.07593e-07
8.2523e-07
8.27046e-07
8.25202e-07
8.25202e-07
8.25202e-07
6.69602e-07
4.23087e-07
1.27052e-06
8.94242e-07
8.25202e-07
8.05748e-07
8.05776e-07
8.27074e-07
8.27046e-07
8.25202e-07
8.25202e-07
8.25202e-07
8.25202e-07
8.25202e-07
8.25202e-07
8.05748e-07
7.64078e-07
8.27215e-07
8.37414e-07
8.05748e-07
8.2523e-07
8.27046e-07
8.25202e-07
8.25202e-07
8.25202e-07
8.25202e-07
8.25202e-07
8.25202e-07
8.25202e-07
8.25202e-07
8.25202e-07
8.25202e-07
8.05748e-07
8.2523e-07
8.27046e-07
8.25202e-07
8.25202e-07
8.05748e-07
8.2523e-07
8.27046e-07
8.25202e-07
8.25202e-07
8.25202e-07
8.25202e-07
8.05748e-07
8.2523e-07
8.27046e-07
8.25202e-07
8.25202e-07
8.25202e-07
8.25202e-07
8.05748e-07
8.2523e-07
8.27046e-07
8.25202e-07
8.25202e-07
8.25202e-07
8.25202e-07
8.25202e-07
7.85307e-07
8.05833e-07
8.31169e-07
8.27046e-07
8.25202e-07
8.25202e-07
8.25202e-07
8.25202e-07
8.25202e-07
8.25202e-07
7.85307e-07
8.25288e-07
8.31142e-07
8.25202e-07
8.25202e-07
8.25202e-07
6.69602e-07
4.23087e-07
1.27052e-06
8.94242e-07
8.25202e-07
8.25202e-07
8.25202e-07
8.25202e-07
8.25202e-07
8.25202e-07
8.25202e-07
8.25202e-07
8.05748e-07
8.2523e-07
8.27046e-07
8.25202e-07
8.05748e-07
8.2523e-07
8.27046e-07
8.25202e-07
8.05748e-07
8.2523e-07
8.27046e-07
8.05748e-07
8.2523e-07
8.27046e-07
8.25202e-07
8.25202e-07
8.05748e-07
8.2523e-07
8.27046e-07
8.25202e-07
8.25202e-07
8.25202e-07
8.25202e-07
8.05748e-07
8.05776e-07
8.27074e-07
8.27046e-07
8.25202e-07
8.25202e-07
8.25202e-07
8.05748e-07
8.2523e-07
8.07593e-07
8.2523e-07
8.27046e-07
8.25202e-07
8.25202e-07
8.05748e-07
8.2523e-07
8.27046e-07
8.25202e-07
8.25202e-07
8.25202e-07
8.25202e-07
8.25202e-07
8.25202e-07
8.25202e-07
8.25202e-07
8.25202e-07
8.25202e-07
8.25202e-07
8.25202e-07
8.25202e-07
8.25202e-07
8.25202e-07
8.25202e-07
8.05748e-07
8.2523e-07
8.27046e-07
8.25202e-07
8.25202e-07
8.25202e-07
8.25202e-07
6.69602e-07
4.23087e-07
1.27052e-06
8.94242e-07
8.25202e-07
8.25202e-07
8.25202e-07
8.25202e-07
7.85307e-07
8.05833e-07
7.91276e-07
8.27132e-07
8.31142e-07
8.25202e-07
8.25202e-07
8.25202e-07
8.25202e-07
8.25202e-07
8.05748e-07
8.05776e-07
8.27074e-07
8.27046e-07
8.25202e-07
8.05748e-07
8.2523e-07
8.27046e-07
8.25202e-07
8.05748e-07
8.05776e-07
8.0762e-07
8.27074e-07
8.27046e-07
8.25202e-07
8.25202e-07
8.05748e-07
8.2523e-07
8.27046e-07
8.25202e-07
8.25202e-07
8.25202e-07
8.25202e-07
8.25202e-07
8.25202e-07
8.25202e-07
8.25202e-07
8.25202e-07
8.25202e-07
8.25202e-07
8.25202e-07
7.85307e-07
8.25288e-07
8.31142e-07
8.25202e-07
8.25202e-07
8.25202e-07
8.25202e-07
8.25202e-07
8.25202e-07
8.25202e-07
8.25202e-07
8.25202e-07
8.25202e-07
8.25202e-07
8.25202e-07
8.25202e-07
8.25202e-07
8.25202e-07
8.25202e-07
8.25202e-07
8.25202e-07
8.25202e-07
8.05748e-07
8.2523e-07
8.07593e-07
8.2523e-07
6.69602e-07
4.23087e-07
1.27052e-06
8.94242e-07
8.25202e-07
8.25202e-07
8.25202e-07
8.25202e-07
8.25202e-07
8.25202e-07
8.05748e-07
8.2523e-07
8.27046e-07
8.25202e-07
8.25202e-07
8.05748e-07
8.2523e-07
8.07593e-07
8.2523e-07
8.07593e-07
8.2523e-07
8.07593e-07
8.2523e-07
8.07593e-07
8.2523e-07
8.27046e-07
8.25202e-07
8.25202e-07
8.25202e-07
8.05748e-07
8.2523e-07
8.27046e-07
8.25202e-07
8.25202e-07
8.25202e-07
8.25202e-07
8.25202e-07
7.64051e-07
8.25371e-07
8.37414e-07
8.05748e-07
8.2523e-07
7.87152e-07
8.05833e-07
8.31169e-07
8.07593e-07
8.2523e-07
8.27046e-07
8.25202e-07
8.25202e-07
8.25202e-07
8.25202e-07
8.25202e-07
7.85307e-07
8.25288e-07
8.11689e-07
8.05776e-07
8.27074e-07
8.27046e-07
8.05748e-07
8.2523e-07
8.07593e-07
8.2523e-07
8.27046e-07
7.85307e-07
8.25288e-07
8.31142e-07
8.25202e-07
8.05748e-07
8.05776e-07
8.0762e-07
8.0762e-07
8.27074e-07
8.27046e-07
8.25202e-07
6.69602e-07
4.03404e-07
1.27054e-06
8.96086e-07
8.25202e-07
8.25202e-07
8.25202e-07
8.25202e-07
8.25202e-07
8.25202e-07
8.25202e-07
8.05748e-07
8.2523e-07
8.27046e-07
8.25202e-07
8.25202e-07
8.25202e-07
8.25202e-07
8.25202e-07
8.05748e-07
8.2523e-07
8.27046e-07
8.05748e-07
8.2523e-07
8.27046e-07
8.25202e-07
8.25202e-07
8.25202e-07
8.25202e-07
8.25202e-07
8.25202e-07
8.05748e-07
8.05776e-07
7.87179e-07
8.27132e-07
8.31142e-07
8.05748e-07
8.2523e-07
8.27046e-07
8.25202e-07
7.85307e-07
8.25288e-07
8.31142e-07
8.25202e-07
8.25202e-07
8.25202e-07
8.25202e-07
8.25202e-07
8.25202e-07
8.25202e-07
7.85307e-07
8.25288e-07
8.31142e-07
8.25202e-07
8.25202e-07
8.25202e-07
8.05748e-07
8.05776e-07
8.0762e-07
8.27074e-07
8.27046e-07
8.25202e-07
8.25202e-07
8.25202e-07
8.25202e-07
8.25202e-07
8.05748e-07
8.2523e-07
8.07593e-07
7.85334e-07
8.27132e-07
8.11689e-07
8.2523e-07
8.27046e-07
8.25202e-07
6.69602e-07
4.23087e-07
1.27052e-06
8.94242e-07
8.25202e-07
8.25202e-07
8.25202e-07
8.25202e-07
8.25202e-07
7.85307e-07
8.25288e-07
8.31142e-07
8.25202e-07
8.25202e-07
8.25202e-07
8.25202e-07
8.25202e-07
8.25202e-07
8.25202e-07
8.25202e-07
8.05748e-07
8.2523e-07
8.27046e-07
8.05748e-07
8.2523e-07
8.27046e-07
8.25202e-07
8.25202e-07
8.05748e-07
8.2523e-07
8.27046e-07
8.25202e-07
8.25202e-07
8.25202e-07
8.05748e-07
8.2523e-07
8.27046e-07
8.25202e-07
8.25202e-07
8.25202e-07
8.05748e-07
7.85334e-07
8.27132e-07
8.31142e-07
8.25202e-07
8.25202e-07
8.25202e-07
8.25202e-07
8.05748e-07
8.2523e-07
8.27046e-07
8.25202e-07
8.05748e-07
8.2523e-07
8.27046e-07
8.25202e-07
8.25202e-07
7.85307e-07
8.05833e-07
8.31169e-07
8.27046e-07
8.25202e-07
8.25202e-07
8.25202e-07
7.85307e-07
8.05833e-07
8.11717e-07
8.0762e-07
8.0762e-07
7.87179e-07
8.07677e-07
8.31169e-07
8.27046e-07
8.05748e-07
8.2523e-07
6.69602e-07
4.03404e-07
1.27054e-06
8.76634e-07
8.2523e-07
8.27046e-07
8.25202e-07
8.25202e-07
8.25202e-07
8.25202e-07
8.25202e-07
8.25202e-07
8.25202e-07
8.25202e-07
8.05748e-07
8.05776e-07
8.27074e-07
8.27046e-07
8.25202e-07
8.25202e-07
8.05748e-07
8.2523e-07
8.27046e-07
8.05748e-07
7.85334e-07
8.27132e-07
8.31142e-07
8.25202e-07
8.25202e-07
8.25202e-07
8.05748e-07
8.2523e-07
8.27046e-07
8.25202e-07
8.25202e-07
8.25202e-07
8.25202e-07
8.05748e-07
8.2523e-07
8.27046e-07
7.85307e-07
8.25288e-07
8.11689e-07
8.2523e-07
8.27046e-07
8.25202e-07
8.25202e-07
8.25202e-07
8.25202e-07
8.25202e-07
8.25202e-07
8.25202e-07
8.05748e-07
8.2523e-07
8.27046e-07
8.25202e-07
8.25202e-07
8.05748e-07
8.2523e-07
8.07593e-07
8.2523e-07
8.07593e-07
8.2523e-07
8.27046e-07
8.25202e-07
8.25202e-07
8.05748e-07
7.85334e-07
8.27132e-07
8.31142e-07
8.25202e-07
8.25202e-07
8.25202e-07
7.85307e-07
8.25288e-07
6.69602e-07
4.23087e-07
1.25105e-06
8.54376e-07
8.07677e-07
7.91276e-07
8.27132e-07
8.31142e-07
8.25202e-07
7.85307e-07
8.25288e-07
8.31142e-07
7.85307e-07
8.25288e-07
8.11689e-07
7.85334e-07
8.07677e-07
8.31169e-07
8.27046e-07
8.25202e-07
8.25202e-07
8.25202e-07
8.25202e-07
8.05748e-07
8.2523e-07
8.07593e-07
8.2523e-07
8.07593e-07
8.2523e-07
8.27046e-07
8.25202e-07
8.25202e-07
8.25202e-07
8.05748e-07
8.05776e-07
8.27074e-07
8.27046e-07
8.25202e-07
8.25202e-07
8.25202e-07
8.25202e-07
8.25202e-07
8.05748e-07
8.2523e-07
8.27046e-07
8.25202e-07
8.05748e-07
8.2523e-07
8.27046e-07
8.25202e-07
8.05748e-07
8.05776e-07
8.0762e-07
7.87179e-07
8.27132e-07
8.31142e-07
8.25202e-07
8.25202e-07
8.05748e-07
8.2523e-07
8.27046e-07
8.25202e-07
7.85307e-07
8.25288e-07
7.9125e-07
8.25288e-07
8.31142e-07
8.05748e-07
7.85334e-07
8.07677e-07
8.31169e-07
8.27046e-07
8.05748e-07
8.2523e-07
8.07593e-07
6.69602e-07
4.03404e-07
1.27054e-06
8.96086e-07
8.25202e-07
8.25202e-07
8.25202e-07
8.25202e-07
8.25202e-07
8.25202e-07
8.25202e-07
8.25202e-07
8.25202e-07
7.85307e-07
8.25288e-07
8.31142e-07
8.25202e-07
8.25202e-07
8.25202e-07
8.25202e-07
8.25202e-07
8.25202e-07
8.25202e-07
8.25202e-07
8.25202e-07
8.25202e-07
8.25202e-07
8.25202e-07
8.25202e-07
8.25202e-07
8.25202e-07
8.05748e-07
8.2523e-07
8.27046e-07
8.25202e-07
8.25202e-07
8.25202e-07
8.05748e-07
8.2523e-07
8.27046e-07
8.25202e-07
8.25202e-07
8.25202e-07
8.25202e-07
8.25202e-07
8.25202e-07
8.25202e-07
8.05748e-07
8.2523e-07
8.27046e-07
8.25202e-07
8.25202e-07
8.25202e-07
8.05748e-07
8.2523e-07
7.87152e-07
8.25288e-07
8.31142e-07
8.25202e-07
8.25202e-07
8.25202e-07
8.25202e-07
8.25202e-07
8.25202e-07
8.25202e-07
8.25202e-07
7.64051e-07
8.25371e-07
8.37414e-07
8.25202e-07
7.85307e-07
8.25288e-07
8.31142e-07
8.25202e-07
8.25202e-07
6.69602e-07
4.23087e-07
1.27052e-06
8.54349e-07
8.25288e-07
8.31142e-07
8.25202e-07
8.25202e-07
8.05748e-07
8.2523e-07
8.27046e-07
8.25202e-07
8.05748e-07
8.2523e-07
8.27046e-07
8.25202e-07
8.25202e-07
8.25202e-07
8.25202e-07
8.25202e-07
7.64051e-07
8.25371e-07
8.37414e-07
8.25202e-07
8.25202e-07
8.25202e-07
8.25202e-07
8.25202e-07
8.25202e-07
8.25202e-07
8.25202e-07
8.25202e-07
8.25202e-07
8.25202e-07
8.25202e-07
8.25202e-07
8.25202e-07
8.25202e-07
8.25202e-07
8.25202e-07
8.05748e-07
8.2523e-07
8.27046e-07
8.25202e-07
8.25202e-07
8.25202e-07
8.25202e-07
8.25202e-07
8.05748e-07
8.2523e-07
8.07593e-07
8.05776e-07
8.27074e-07
8.27046e-07
8.25202e-07
8.25202e-07
8.05748e-07
8.05776e-07
8.27074e-07
8.27046e-07
8.25202e-07
8.25202e-07
8.25202e-07
8.25202e-07
8.25202e-07
8.25202e-07
8.25202e-07
7.85307e-07
8.25288e-07
8.31142e-07
8.05748e-07
8.2523e-07
8.27046e-07
8.25202e-07
8.25202e-07
6.69602e-07
4.23087e-07
1.27052e-06
8.94242e-07
8.25202e-07
8.25202e-07
8.25202e-07
8.25202e-07
8.25202e-07
8.25202e-07
8.25202e-07
8.05748e-07
8.2523e-07
8.27046e-07
8.25202e-07
8.25202e-07
8.05748e-07
8.2523e-07
8.27046e-07
8.25202e-07
8.25202e-07
8.25202e-07
8.25202e-07
8.25202e-07
8.05748e-07
8.2523e-07
8.27046e-07
7.85307e-07
8.25288e-07
8.31142e-07
8.25202e-07
8.25202e-07
8.25202e-07
8.25202e-07
7.85307e-07
8.25288e-07
8.11689e-07
8.2523e-07
8.27046e-07
8.25202e-07
8.05748e-07
8.05776e-07
8.27074e-07
8.27046e-07
8.05748e-07
8.2523e-07
8.07593e-07
8.2523e-07
8.27046e-07
8.05748e-07
8.05776e-07
8.0762e-07
8.27074e-07
8.27046e-07
8.25202e-07
8.25202e-07
8.05748e-07
8.2523e-07
8.27046e-07
8.05748e-07
8.2523e-07
8.27046e-07
8.25202e-07
8.05748e-07
8.05776e-07
8.0762e-07
8.27074e-07
8.27046e-07
8.25202e-07
8.25202e-07
8.25202e-07
8.25202e-07
8.25202e-07
8.05748e-07
8.2523e-07
6.69602e-07
4.23087e-07
1.25105e-06
8.9427e-07
8.07593e-07
7.85334e-07
8.27132e-07
8.11689e-07
8.05776e-07
8.0762e-07
8.0762e-07
8.27074e-07
8.27046e-07
8.25202e-07
8.05748e-07
7.85334e-07
8.27132e-07
7.9125e-07
8.25288e-07
8.31142e-07
8.25202e-07
8.25202e-07
7.85307e-07
8.25288e-07
8.31142e-07
8.25202e-07
8.25202e-07
8.25202e-07
8.25202e-07
8.25202e-07
8.25202e-07
8.25202e-07
8.25202e-07
8.05748e-07
8.2523e-07
8.07593e-07
8.2523e-07
8.07593e-07
8.05776e-07
8.27074e-07
8.07593e-07
8.2523e-07
8.27046e-07
8.25202e-07
8.25202e-07
8.25202e-07
8.25202e-07
8.25202e-07
8.25202e-07
8.05748e-07
8.05776e-07
8.27074e-07
8.27046e-07
8.25202e-07
8.25202e-07
8.25202e-07
7.85307e-07
8.25288e-07
8.31142e-07
8.25202e-07
8.25202e-07
8.25202e-07
8.25202e-07
8.25202e-07
8.25202e-07
8.05748e-07
8.05776e-07
8.27074e-07
8.27046e-07
8.05748e-07
8.2523e-07
8.07593e-07
8.2523e-07
8.27046e-07
8.25202e-07
6.69602e-07
4.23087e-07
1.27052e-06
8.94242e-07
8.25202e-07
8.25202e-07
8.05748e-07
8.2523e-07
7.87152e-07
8.25288e-07
8.31142e-07
8.25202e-07
8.25202e-07
8.05748e-07
8.2523e-07
8.27046e-07
8.05748e-07
8.2523e-07
8.27046e-07
8.25202e-07
8.25202e-07
8.25202e-07
8.25202e-07
8.25202e-07
8.25202e-07
8.25202e-07
8.25202e-07
8.25202e-07
8.25202e-07
8.25202e-07
8.25202e-07
8.25202e-07
8.25202e-07
8.25202e-07
8.25202e-07
8.25202e-07
8.25202e-07
8.25202e-07
8.25202e-07
8.25202e-07
8.25202e-07
7.85307e-07
8.05833e-07
8.11717e-07
8.0762e-07
8.27074e-07
8.27046e-07
8.25202e-07
8.25202e-07
8.25202e-07
8.25202e-07
7.85307e-07
8.25288e-07
8.11689e-07
8.05776e-07
8.27074e-07
8.27046e-07
8.05748e-07
8.2523e-07
8.07593e-07
8.05776e-07
8.0762e-07
8.0762e-07
8.27074e-07
8.07593e-07
8.2523e-07
8.07593e-07
8.2523e-07
8.07593e-07
7.85334e-07
8.07677e-07
8.31169e-07
8.27046e-07
8.05748e-07
8.2523e-07
6.69602e-07
4.03404e-07
1.27054e-06
8.96086e-07
8.25202e-07
8.05748e-07
8.2523e-07
8.27046e-07
8.25202e-07
8.25202e-07
8.25202e-07
7.85307e-07
8.25288e-07
8.11689e-07
7.85334e-07
8.27132e-07
8.11689e-07
8.2523e-07
8.27046e-07
8.25202e-07
8.25202e-07
8.25202e-07
8.25202e-07
8.05748e-07
8.2523e-07
8.27046e-07
8.25202e-07
8.25202e-07
8.05748e-07
8.2523e-07
8.27046e-07
8.25202e-07
8.25202e-07
8.25202e-07
8.25202e-07
8.25202e-07
8.25202e-07
8.25202e-07
8.25202e-07
8.25202e-07
8.25202e-07
7.64051e-07
8.25371e-07
8.37414e-07
8.25202e-07
8.25202e-07
8.25202e-07
8.25202e-07
8.25202e-07
8.25202e-07
8.25202e-07
8.05748e-07
8.2523e-07
8.27046e-07
8.25202e-07
8.25202e-07
8.25202e-07
8.25202e-07
8.25202e-07
8.25202e-07
8.25202e-07
8.25202e-07
8.25202e-07
8.25202e-07
8.05748e-07
8.2523e-07
8.27046e-07
8.05748e-07
8.2523e-07
8.27046e-07
7.85307e-07
8.25288e-07
8.31142e-07
7.64051e-07
8.25371e-07
6.69602e-07
4.23087e-07
1.25105e-06
8.74817e-07
8.27074e-07
8.27046e-07
8.25202e-07
8.25202e-07
8.05748e-07
8.05776e-07
8.27074e-07
8.07593e-07
8.05776e-07
8.27074e-07
8.27046e-07
8.25202e-07
8.05748e-07
8.05776e-07
8.27074e-07
8.27046e-07
8.25202e-07
8.25202e-07
8.25202e-07
8.25202e-07
8.05748e-07
8.2523e-07
8.27046e-07
8.25202e-07
8.25202e-07
8.25202e-07
8.25202e-07
8.25202e-07
8.05748e-07
8.2523e-07
8.27046e-07
8.25202e-07
8.25202e-07
8.25202e-07
8.25202e-07
7.85307e-07
8.25288e-07
8.31142e-07
8.25202e-07
8.25202e-07
7.85307e-07
8.25288e-07
8.31142e-07
8.25202e-07
8.25202e-07
8.25202e-07
8.25202e-07
8.25202e-07
8.25202e-07
8.25202e-07
8.25202e-07
8.05748e-07
8.2523e-07
8.27046e-07
8.25202e-07
8.25202e-07
8.25202e-07
8.25202e-07
8.05748e-07
8.2523e-07
8.27046e-07
8.05748e-07
8.2523e-07
8.07593e-07
8.2523e-07
8.27046e-07
8.25202e-07
8.25202e-07
8.05748e-07
8.2523e-07
8.27046e-07
6.69602e-07
4.23087e-07
1.27052e-06
8.94242e-07
8.25202e-07
8.25202e-07
8.25202e-07
8.25202e-07
8.25202e-07
8.25202e-07
8.25202e-07
8.25202e-07
8.25202e-07
8.25202e-07
8.25202e-07
8.25202e-07
7.85307e-07
8.25288e-07
8.31142e-07
8.05748e-07
8.2523e-07
8.27046e-07
8.05748e-07
8.2523e-07
8.27046e-07
8.25202e-07
8.25202e-07
8.25202e-07
8.25202e-07
8.25202e-07
8.25202e-07
8.25202e-07
8.25202e-07
8.05748e-07
8.2523e-07
8.27046e-07
8.25202e-07
8.25202e-07
8.25202e-07
8.05748e-07
8.2523e-07
8.27046e-07
8.25202e-07
8.25202e-07
8.05748e-07
8.2523e-07
8.27046e-07
8.05748e-07
8.2523e-07
8.27046e-07
8.25202e-07
8.25202e-07
8.05748e-07
8.2523e-07
8.27046e-07
8.25202e-07
8.25202e-07
8.05748e-07
8.2523e-07
8.27046e-07
8.25202e-07
8.25202e-07
8.25202e-07
8.25202e-07
8.25202e-07
8.25202e-07
7.85307e-07
7.8539e-07
8.31228e-07
8.31142e-07
8.25202e-07
8.25202e-07
8.25202e-07
8.25202e-07
8.25202e-07
6.69602e-07
4.23087e-07
1.27052e-06
8.94242e-07
8.25202e-07
8.25202e-07
8.25202e-07
8.25202e-07
8.25202e-07
8.25202e-07
8.25202e-07
8.05748e-07
8.05776e-07
8.27074e-07
8.27046e-07
8.25202e-07
8.25202e-07
8.25202e-07
8.25202e-07
8.25202e-07
8.25202e-07
8.25202e-07
8.25202e-07
8.25202e-07
8.25202e-07
8.25202e-07
8.25202e-07
8.05748e-07
8.2523e-07
8.27046e-07
8.25202e-07
8.25202e-07
8.25202e-07
8.25202e-07
8.05748e-07
8.2523e-07
8.27046e-07
8.25202e-07
8.25202e-07
8.25202e-07
8.05748e-07
8.05776e-07
8.27074e-07
8.27046e-07
8.25202e-07
8.25202e-07
8.25202e-07
8.25202e-07
8.25202e-07
8.25202e-07
7.85307e-07
8.25288e-07
8.31142e-07
8.25202e-07
8.25202e-07
8.25202e-07
8.25202e-07
8.05748e-07
8.2523e-07
8.07593e-07
8.2523e-07
8.07593e-07
8.2523e-07
8.27046e-07
8.25202e-07
7.85307e-07
8.25288e-07
8.31142e-07
8.25202e-07
8.25202e-07
8.25202e-07
8.25202e-07
8.25202e-07
8.25202e-07
7.85307e-07
6.69602e-07
3.82687e-07
1.2706e-06
9.00185e-07
8.25202e-07
8.25202e-07
8.25202e-07
8.25202e-07
8.25202e-07
8.05748e-07
7.85334e-07
8.27132e-07
8.31142e-07
8.25202e-07
8.25202e-07
8.05748e-07
8.2523e-07
8.27046e-07
8.25202e-07
8.25202e-07
8.25202e-07
8.25202e-07
8.25202e-07
8.25202e-07
8.25202e-07
8.05748e-07
8.2523e-07
8.27046e-07
8.25202e-07
8.25202e-07
8.05748e-07
8.05776e-07
8.27074e-07
8.07593e-07
8.05776e-07
8.27074e-07
8.27046e-07
8.25202e-07
8.25202e-07
8.25202e-07
8.25202e-07
8.05748e-07
8.2523e-07
8.07593e-07
8.2523e-07
8.27046e-07
8.05748e-07
8.05776e-07
7.87179e-07
8.27132e-07
8.11689e-07
8.2523e-07
8.27046e-07
8.25202e-07
8.25202e-07
7.85307e-07
8.25288e-07
8.11689e-07
8.2523e-07
8.27046e-07
8.05748e-07
8.2523e-07
8.07593e-07
8.2523e-07
8.07593e-07
8.2523e-07
8.27046e-07
8.05748e-07
8.2523e-07
8.27046e-07
8.25202e-07
7.85307e-07
7.64133e-07
8.31311e-07
8.37414e-07
6.69602e-07
4.23087e-07
1.23059e-06
8.94328e-07
8.31142e-07
8.25202e-07
8.25202e-07
8.25202e-07
8.25202e-07
8.25202e-07
8.25202e-07
8.25202e-07
8.25202e-07
8.25202e-07
8.25202e-07
8.25202e-07
8.25202e-07
8.25202e-07
8.05748e-07
8.05776e-07
8.27074e-07
8.27046e-07
8.25202e-07
8.05748e-07
8.2523e-07
8.27046e-07
8.25202e-07
8.05748e-07
8.2523e-07
8.27046e-07
8.25202e-07
8.25202e-07
8.25202e-07
8.25202e-07
8.05748e-07
8.2523e-07
8.27046e-07
8.05748e-07
8.2523e-07
8.27046e-07
8.05748e-07
8.2523e-07
8.27046e-07
8.25202e-07
8.25202e-07
8.25202e-07
8.25202e-07
8.25202e-07
8.25202e-07
8.25202e-07
8.25202e-07
8.25202e-07
8.25202e-07
8.05748e-07
8.2523e-07
8.27046e-07
7.85307e-07
8.05833e-07
8.31169e-07
8.27046e-07
8.25202e-07
8.05748e-07
8.2523e-07
8.27046e-07
8.25202e-07
8.25202e-07
8.25202e-07
8.25202e-07
8.25202e-07
8.25202e-07
7.64051e-07
8.05915e-07
8.37442e-07
8.07593e-07
7.85334e-07
6.69602e-07
4.23087e-07
1.27052e-06
8.94242e-07
8.25202e-07
8.25202e-07
8.05748e-07
8.05776e-07
8.27074e-07
8.27046e-07
8.25202e-07
8.05748e-07
8.2523e-07
8.07593e-07
8.05776e-07
8.27074e-07
8.27046e-07
8.25202e-07
8.25202e-07
8.25202e-07
8.25202e-07
8.25202e-07
8.05748e-07
8.2523e-07
8.27046e-07
8.25202e-07
8.25202e-07
8.25202e-07
8.05748e-07
8.2523e-07
8.27046e-07
8.25202e-07
8.25202e-07
8.05748e-07
8.2523e-07
8.27046e-07
8.25202e-07
8.25202e-07
8.25202e-07
8.05748e-07
8.05776e-07
8.27074e-07
8.27046e-07
8.25202e-07
8.25202e-07
8.25202e-07
8.25202e-07
8.25202e-07
8.25202e-07
8.25202e-07
8.25202e-07
7.85307e-07
8.25288e-07
8.31142e-07
8.05748e-07
8.2523e-07
8.27046e-07
8.25202e-07
8.25202e-07
8.25202e-07
7.85307e-07
8.05833e-07
8.31169e-07
8.27046e-07
8.25202e-07
8.05748e-07
8.2523e-07
8.27046e-07
8.25202e-07
8.25202e-07
8.05748e-07
8.2523e-07
8.27046e-07
8.05748e-07
8.2523e-07
6.69602e-07
4.03404e-07
1.20934e-06
8.96255e-07
8.37414e-07
8.05748e-07
8.2523e-07
8.27046e-07
8.25202e-07
8.25202e-07
8.25202e-07
8.25202e-07
8.25202e-07
8.25202e-07
8.25202e-07
8.25202e-07
7.85307e-07
8.25288e-07
8.11689e-07
8.05776e-07
8.0762e-07
8.27074e-07
8.27046e-07
8.25202e-07
8.25202e-07
8.25202e-07
8.25202e-07
8.25202e-07
8.25202e-07
8.05748e-07
8.2523e-07
8.27046e-07
8.25202e-07
8.25202e-07
8.25202e-07
8.25202e-07
8.25202e-07
8.25202e-07
8.25202e-07
8.25202e-07
8.25202e-07
8.25202e-07
8.25202e-07
8.25202e-07
8.05748e-07
8.2523e-07
8.27046e-07
8.25202e-07
8.25202e-07
8.25202e-07
8.25202e-07
7.64051e-07
8.25371e-07
8.37414e-07
8.25202e-07
8.25202e-07
8.25202e-07
8.25202e-07
7.85307e-07
8.25288e-07
8.11689e-07
8.2523e-07
8.27046e-07
8.05748e-07
8.05776e-07
8.27074e-07
8.27046e-07
8.25202e-07
8.25202e-07
8.25202e-07
8.25202e-07
8.05748e-07
8.2523e-07
8.07593e-07
8.2523e-07
6.69602e-07
4.23087e-07
1.27052e-06
8.94242e-07
8.25202e-07
8.25202e-07
8.25202e-07
8.25202e-07
8.25202e-07
8.25202e-07
8.25202e-07
8.25202e-07
8.25202e-07
8.25202e-07
8.25202e-07
8.25202e-07
8.05748e-07
8.05776e-07
8.27074e-07
8.27046e-07
8.25202e-07
8.25202e-07
8.25202e-07
8.25202e-07
8.05748e-07
8.2523e-07
8.27046e-07
8.25202e-07
8.25202e-07
8.25202e-07
8.25202e-07
8.25202e-07
8.05748e-07
8.05776e-07
8.27074e-07
8.27046e-07
8.25202e-07
8.25202e-07
8.25202e-07
7.85307e-07
8.25288e-07
8.31142e-07
8.25202e-07
8.25202e-07
7.85307e-07
8.25288e-07
8.31142e-07
8.25202e-07
8.25202e-07
8.05748e-07
8.2523e-07
8.07593e-07
8.2523e-07
8.27046e-07
8.25202e-07
8.25202e-07
8.25202e-07
8.25202e-07
8.25202e-07
8.25202e-07
8.25202e-07
8.25202e-07
8.05748e-07
8.2523e-07
8.27046e-07
8.25202e-07
8.25202e-07
8.25202e-07
8.05748e-07
8.2523e-07
8.27046e-07
8.25202e-07
8.05748e-07
8.2523e-07
8.27046e-07
6.69602e-07
4.23087e-07
1.25105e-06
8.9427e-07
8.27046e-07
8.25202e-07
8.25202e-07
8.25202e-07
8.25202e-07
8.25202e-07
8.05748e-07
8.2523e-07
8.27046e-07
8.25202e-07
8.05748e-07
8.2523e-07
8.27046e-07
8.25202e-07
8.25202e-07
8.25202e-07
8.25202e-07
8.25202e-07
8.25202e-07
8.25202e-07
8.25202e-07
8.05748e-07
8.2523e-07
7.87152e-07
8.05833e-07
8.31169e-07
8.27046e-07
8.25202e-07
8.25202e-07
8.25202e-07
8.25202e-07
8.25202e-07
8.25202e-07
8.25202e-07
8.25202e-07
8.25202e-07
8.05748e-07
8.2523e-07
8.27046e-07
8.25202e-07
8.25202e-07
8.25202e-07
8.25202e-07
8.25202e-07
8.25202e-07
8.25202e-07
8.25202e-07
8.25202e-07
8.25202e-07
8.25202e-07
7.85307e-07
8.25288e-07
8.11689e-07
7.85334e-07
8.27132e-07
8.31142e-07
8.25202e-07
8.25202e-07
8.25202e-07
8.25202e-07
8.25202e-07
8.05748e-07
8.2523e-07
8.27046e-07
8.05748e-07
8.05776e-07
8.27074e-07
8.27046e-07
8.25202e-07
7.85307e-07
8.25288e-07
6.69602e-07
4.23087e-07
1.27052e-06
8.74789e-07
8.2523e-07
8.27046e-07
8.25202e-07
8.25202e-07
8.25202e-07
8.25202e-07
8.25202e-07
8.25202e-07
8.25202e-07
8.25202e-07
8.25202e-07
8.25202e-07
8.05748e-07
8.2523e-07
8.27046e-07
8.05748e-07
8.2523e-07
8.07593e-07
8.2523e-07
8.27046e-07
8.05748e-07
8.2523e-07
8.27046e-07
8.25202e-07
8.25202e-07
8.05748e-07
8.2523e-07
8.27046e-07
8.05748e-07
8.2523e-07
8.27046e-07
8.25202e-07
8.25202e-07
8.25202e-07
8.25202e-07
7.85307e-07
8.25288e-07
8.31142e-07
8.25202e-07
8.25202e-07
8.25202e-07
8.25202e-07
8.25202e-07
8.25202e-07
8.25202e-07
7.85307e-07
8.25288e-07
8.11689e-07
8.2523e-07
8.27046e-07
8.25202e-07
7.64051e-07
8.25371e-07
8.17963e-07
8.2523e-07
8.27046e-07
8.25202e-07
8.25202e-07
8.25202e-07
8.05748e-07
8.05776e-07
8.27074e-07
8.07593e-07
8.2523e-07
8.27046e-07
8.25202e-07
8.05748e-07
8.2523e-07
8.27046e-07
8.25202e-07
8.25202e-07
6.69602e-07
4.23087e-07
1.27052e-06
8.94242e-07
8.05748e-07
8.2523e-07
8.27046e-07
8.25202e-07
8.25202e-07
7.85307e-07
8.25288e-07
8.31142e-07
8.05748e-07
8.05776e-07
8.27074e-07
8.27046e-07
8.25202e-07
8.05748e-07
8.05776e-07
7.65923e-07
8.27215e-07
8.37414e-07
8.25202e-07
8.25202e-07
8.25202e-07
8.25202e-07
8.05748e-07
8.2523e-07
8.27046e-07
8.05748e-07
8.2523e-07
8.27046e-07
8.25202e-07
8.25202e-07
8.25202e-07
8.25202e-07
8.25202e-07
8.25202e-07
8.25202e-07
7.85307e-07
8.25288e-07
8.11689e-07
8.2523e-07
8.07593e-07
8.2523e-07
8.27046e-07
7.85307e-07
8.25288e-07
8.31142e-07
8.25202e-07
8.25202e-07
8.25202e-07
8.25202e-07
8.05748e-07
8.2523e-07
8.07593e-07
8.05776e-07
8.27074e-07
8.27046e-07
8.25202e-07
8.05748e-07
8.2523e-07
8.27046e-07
8.25202e-07
8.25202e-07
7.85307e-07
8.25288e-07
8.31142e-07
8.05748e-07
8.05776e-07
8.27074e-07
8.27046e-07
8.05748e-07
8.2523e-07
8.07593e-07
6.69602e-07
4.23087e-07
1.27052e-06
8.94242e-07
8.25202e-07
8.25202e-07
8.25202e-07
8.25202e-07
8.25202e-07
8.25202e-07
8.25202e-07
8.25202e-07
8.25202e-07
8.25202e-07
8.25202e-07
8.05748e-07
7.85334e-07
8.27132e-07
8.31142e-07
8.25202e-07
7.85307e-07
8.25288e-07
8.31142e-07
8.05748e-07
8.2523e-07
8.27046e-07
8.25202e-07
8.25202e-07
8.25202e-07
8.25202e-07
8.25202e-07
8.25202e-07
8.25202e-07
8.25202e-07
8.25202e-07
8.25202e-07
8.25202e-07
8.25202e-07
8.25202e-07
8.25202e-07
8.25202e-07
8.25202e-07
8.25202e-07
8.25202e-07
8.25202e-07
8.25202e-07
8.25202e-07
8.25202e-07
8.25202e-07
8.25202e-07
8.25202e-07
8.25202e-07
8.25202e-07
8.25202e-07
8.25202e-07
8.25202e-07
8.25202e-07
8.25202e-07
8.25202e-07
7.64051e-07
8.25371e-07
8.37414e-07
8.25202e-07
8.25202e-07
8.25202e-07
8.25202e-07
8.25202e-07
8.25202e-07
8.25202e-07
8.25202e-07
8.25202e-07
8.25202e-07
8.25202e-07
8.25202e-07
8.25202e-07
6.69602e-07
4.23087e-07
1.27052e-06
8.74789e-07
8.2523e-07
8.27046e-07
8.25202e-07
8.25202e-07
8.25202e-07
8.25202e-07
8.25202e-07
8.05748e-07
8.2523e-07
8.27046e-07
8.25202e-07
8.25202e-07
8.05748e-07
8.2523e-07
8.07593e-07
8.2523e-07
8.27046e-07
8.05748e-07
8.2523e-07
8.27046e-07
8.05748e-07
8.2523e-07
8.27046e-07
8.05748e-07
8.05776e-07
8.27074e-07
8.27046e-07
8.25202e-07
8.25202e-07
8.25202e-07
8.25202e-07
8.25202e-07
8.25202e-07
8.25202e-07
7.85307e-07
8.25288e-07
8.31142e-07
8.25202e-07
8.25202e-07
8.25202e-07
8.25202e-07
8.25202e-07
7.85307e-07
8.25288e-07
8.31142e-07
8.25202e-07
8.05748e-07
8.2523e-07
8.07593e-07
7.85334e-07
8.27132e-07
8.31142e-07
8.25202e-07
8.25202e-07
8.25202e-07
8.25202e-07
7.85307e-07
8.25288e-07
8.31142e-07
8.25202e-07
8.25202e-07
8.25202e-07
8.25202e-07
8.25202e-07
8.25202e-07
8.25202e-07
8.25202e-07
8.25202e-07
8.25202e-07
8.25202e-07
8.25202e-07
6.69602e-07
4.23087e-07
1.27052e-06
8.74789e-07
8.2523e-07
8.27046e-07
8.05748e-07
8.2523e-07
8.27046e-07
8.25202e-07
8.05748e-07
8.05776e-07
8.27074e-07
8.27046e-07
8.05748e-07
8.2523e-07
8.27046e-07
8.25202e-07
8.25202e-07
8.25202e-07
8.25202e-07
8.25202e-07
8.25202e-07
8.25202e-07
8.25202e-07
8.25202e-07
8.25202e-07
8.25202e-07
8.25202e-07
8.25202e-07
8.25202e-07
8.25202e-07
8.25202e-07
8.25202e-07
8.25202e-07
8.25202e-07
8.25202e-07
8.25202e-07
8.25202e-07
8.25202e-07
8.25202e-07
8.05748e-07
8.2523e-07
8.27046e-07
8.25202e-07
8.05748e-07
8.2523e-07
8.27046e-07
8.25202e-07
8.25202e-07
8.05748e-07
8.2523e-07
8.27046e-07
8.25202e-07
8.25202e-07
8.25202e-07
8.25202e-07
8.25202e-07
8.25202e-07
8.25202e-07
8.05748e-07
8.2523e-07
8.27046e-07
8.25202e-07
7.85307e-07
8.25288e-07
7.9125e-07
8.25288e-07
7.9125e-07
8.25288e-07
8.31142e-07
8.05748e-07
8.2523e-07
8.07593e-07
8.2523e-07
6.69602e-07
4.03404e-07
1.25108e-06
8.96114e-07
8.27046e-07
8.25202e-07
8.25202e-07
8.25202e-07
8.25202e-07
8.25202e-07
8.25202e-07
8.25202e-07
8.25202e-07
8.25202e-07
8.25202e-07
8.25202e-07
8.25202e-07
8.25202e-07
8.05748e-07
8.2523e-07
8.27046e-07
8.25202e-07
8.25202e-07
8.25202e-07
8.25202e-07
8.25202e-07
8.25202e-07
8.05748e-07
8.2523e-07
8.27046e-07
8.25202e-07
8.25202e-07
8.25202e-07
8.25202e-07
8.25202e-07
8.25202e-07
8.25202e-07
8.25202e-07
8.25202e-07
8.25202e-07
8.25202e-07
8.25202e-07
8.25202e-07
8.05748e-07
8.2523e-07
8.27046e-07
8.25202e-07
8.25202e-07
8.25202e-07
8.25202e-07
8.05748e-07
8.2523e-07
8.27046e-07
8.05748e-07
7.85334e-07
8.27132e-07
8.31142e-07
8.25202e-07
8.25202e-07
8.25202e-07
8.25202e-07
8.05748e-07
8.2523e-07
8.27046e-07
8.25202e-07
8.25202e-07
8.25202e-07
8.25202e-07
8.05748e-07
8.2523e-07
8.27046e-07
8.25202e-07
8.25202e-07
7.85307e-07
8.25288e-07
6.69602e-07
4.23087e-07
1.27052e-06
8.94242e-07
8.25202e-07
8.25202e-07
8.25202e-07
8.25202e-07
7.85307e-07
8.25288e-07
8.11689e-07
8.2523e-07
8.27046e-07
8.25202e-07
8.25202e-07
8.25202e-07
8.25202e-07
8.25202e-07
8.25202e-07
8.25202e-07
8.05748e-07
8.2523e-07
8.27046e-07
8.25202e-07
7.85307e-07
8.25288e-07
8.31142e-07
8.05748e-07
8.2523e-07
8.27046e-07
8.25202e-07
8.05748e-07
8.05776e-07
8.27074e-07
8.27046e-07
8.25202e-07
8.25202e-07
8.25202e-07
8.05748e-07
8.2523e-07
8.07593e-07
8.2523e-07
8.27046e-07
8.25202e-07
8.25202e-07
8.25202e-07
7.85307e-07
8.25288e-07
8.31142e-07
8.25202e-07
8.05748e-07
8.2523e-07
8.07593e-07
7.85334e-07
8.27132e-07
8.31142e-07
8.05748e-07
8.05776e-07
8.27074e-07
8.27046e-07
7.64051e-07
8.25371e-07
8.37414e-07
8.25202e-07
8.25202e-07
8.25202e-07
8.25202e-07
8.25202e-07
8.25202e-07
8.05748e-07
8.2523e-07
8.27046e-07
8.25202e-07
8.25202e-07
8.25202e-07
6.69602e-07
4.23087e-07
1.27052e-06
8.94242e-07
8.25202e-07
8.25202e-07
8.25202e-07
8.25202e-07
8.25202e-07
8.25202e-07
8.25202e-07
8.25202e-07
8.05748e-07
8.2523e-07
8.07593e-07
8.2523e-07
8.27046e-07
8.25202e-07
8.25202e-07
8.05748e-07
8.2523e-07
7.87152e-07
8.25288e-07
8.31142e-07
8.25202e-07
8.05748e-07
8.2523e-07
8.27046e-07
7.85307e-07
8.25288e-07
8.31142e-07
8.25202e-07
8.25202e-07
8.05748e-07
8.05776e-07
8.27074e-07
8.27046e-07
8.25202e-07
8.25202e-07
8.05748e-07
8.2523e-07
8.27046e-07
8.05748e-07
8.05776e-07
8.27074e-07
8.27046e-07
8.25202e-07
8.25202e-07
8.25202e-07
8.25202e-07
8.25202e-07
8.25202e-07
8.25202e-07
8.25202e-07
8.25202e-07
8.25202e-07
8.25202e-07
8.25202e-07
8.25202e-07
8.25202e-07
8.25202e-07
8.25202e-07
8.25202e-07
8.25202e-07
8.25202e-07
7.85307e-07
8.25288e-07
8.11689e-07
7.85334e-07
8.27132e-07
8.31142e-07
8.05748e-07
8.2523e-07
7.87152e-07
8.25288e-07
6.69602e-07
4.23087e-07
1.27052e-06
8.74789e-07
8.2523e-07
8.27046e-07
8.25202e-07
8.25202e-07
8.25202e-07
8.25202e-07
8.25202e-07
8.25202e-07
8.05748e-07
8.05776e-07
8.27074e-07
8.27046e-07
8.25202e-07
8.25202e-07
8.25202e-07
8.25202e-07
8.25202e-07
8.25202e-07
8.25202e-07
8.25202e-07
8.25202e-07
8.25202e-07
8.25202e-07
8.05748e-07
8.05776e-07
8.27074e-07
8.27046e-07
8.25202e-07
8.25202e-07
8.25202e-07
8.25202e-07
8.25202e-07
8.25202e-07
8.05748e-07
8.2523e-07
8.27046e-07
8.25202e-07
8.05748e-07
8.2523e-07
8.27046e-07
8.25202e-07
8.25202e-07
8.05748e-07
8.2523e-07
8.27046e-07
8.25202e-07
8.25202e-07
8.25202e-07
8.25202e-07
8.25202e-07
8.25202e-07
8.25202e-07
7.64051e-07
8.25371e-07
8.17963e-07
7.85334e-07
8.27132e-07
8.31142e-07
8.25202e-07
8.25202e-07
8.25202e-07
8.25202e-07
8.25202e-07
8.25202e-07
8.05748e-07
8.2523e-07
8.27046e-07
8.05748e-07
8.2523e-07
8.27046e-07
8.25202e-07
)
;


// ************************************************************************* //
