/*--------------------------------*- C++ -*----------------------------------*\
  =========                 |
  \\      /  F ield         | OpenFOAM: The Open Source CFD Toolbox
   \\    /   O peration     | Website:  https://openfoam.org
    \\  /    A nd           | Version:  12
     \\/     M anipulation  |
\*---------------------------------------------------------------------------*/
FoamFile
{
    format      ascii;
    class       volVectorField::Internal;
    location    "0.85";
    object      cloud:UTrans;
}
// * * * * * * * * * * * * * * * * * * * * * * * * * * * * * * * * * * * * * //

dimensions      [1 1 -1 0 0 0 0];

value           nonuniform List<vector> 
3750
(
(-5.54095e-09 4.81613e-08 0)
(6.29703e-09 -1.59512e-09 0)
(4.46087e-10 -1.94784e-09 0)
(2.47019e-11 -5.01503e-10 0)
(6.57603e-11 -9.00644e-10 0)
(5.37593e-11 -2.03647e-09 0)
(6.76673e-12 -8.19463e-10 0)
(0 0 0)
(-9.31457e-12 -9.2291e-10 0)
(0 0 0)
(-2.62359e-11 -1.00059e-09 0)
(2.10444e-13 -9.06222e-10 0)
(-9.7329e-14 -1.11795e-09 0)
(2.63691e-12 -1.0759e-09 0)
(5.17331e-11 -1.97672e-09 0)
(2.64808e-11 -1.94681e-09 0)
(1.23194e-10 -6.81977e-10 0)
(2.55807e-11 -7.37169e-10 0)
(-1.93033e-11 -8.62165e-10 0)
(4.27451e-12 -9.18116e-10 0)
(4.93139e-12 -9.17711e-10 0)
(0 0 0)
(1.57418e-11 -2.04901e-09 0)
(0 0 0)
(7.61749e-12 -9.17585e-10 0)
(0 0 0)
(1.59151e-11 -8.10387e-10 0)
(0 0 0)
(2.59532e-11 -1.93077e-09 0)
(1.92658e-11 -8.26409e-10 0)
(0 0 0)
(0 0 0)
(0 0 0)
(-8.8212e-12 -1.03182e-09 0)
(5.5898e-12 -1.00028e-09 0)
(1.7541e-11 -9.61811e-10 0)
(0 0 0)
(1.06181e-11 -9.73647e-10 0)
(7.25111e-11 -2.10093e-09 0)
(3.44658e-12 -9.25786e-10 0)
(1.1436e-11 -9.9011e-10 0)
(-3.54256e-12 -9.52398e-10 0)
(0 0 0)
(-9.01559e-12 -8.54445e-10 0)
(1.85613e-11 -9.43007e-10 0)
(1.61317e-10 -2.13268e-09 0)
(-9.63636e-13 -1.88147e-09 0)
(-7.41907e-11 -8.22326e-10 0)
(-3.02947e-12 -9.51844e-10 0)
(0 0 0)
(-7.12333e-11 -8.93739e-10 0)
(-1.10008e-10 -2.55156e-09 0)
(6.92834e-11 -9.97924e-10 0)
(2.57381e-11 -8.64668e-10 0)
(-3.43312e-12 -9.04412e-10 0)
(5.49583e-11 -1.83229e-09 0)
(1.9306e-11 -7.65541e-10 0)
(1.29785e-11 -1.73964e-09 0)
(6.9186e-11 -1.05248e-09 0)
(-1.58249e-11 -1.0624e-09 0)
(0 0 0)
(5.48281e-11 -2.0545e-09 0)
(-4.47154e-11 -2.02664e-09 0)
(1.66478e-11 -8.73732e-10 0)
(2.62046e-11 -8.10824e-10 0)
(-5.52896e-12 -7.05592e-10 0)
(6.36504e-11 -9.46383e-10 0)
(0 0 0)
(-1.92993e-11 -9.05507e-10 0)
(-8.14946e-12 -9.48724e-10 0)
(1.9327e-12 -9.45267e-10 0)
(1.10553e-11 -9.29235e-10 0)
(-1.10173e-11 -9.32491e-10 0)
(-7.57232e-12 -9.16679e-10 0)
(1.22406e-11 -9.39925e-10 0)
(-2.48658e-08 1.91849e-08 0)
(-1.33994e-09 -5.5603e-10 0)
(2.1542e-10 -7.67816e-10 0)
(7.45327e-11 -7.90578e-10 0)
(9.50075e-11 -1.16506e-09 0)
(3.70277e-11 -5.77303e-10 0)
(3.88325e-11 -2.11324e-09 0)
(0 0 0)
(-7.91581e-12 -8.58959e-10 0)
(6.93972e-13 -8.07083e-10 0)
(-1.28403e-10 -9.47404e-10 0)
(-1.34396e-11 -1.07433e-09 0)
(0 0 0)
(2.20686e-13 -1.01341e-09 0)
(3.23958e-11 -9.29338e-10 0)
(3.72416e-11 -8.4553e-10 0)
(2.95318e-10 -1.69007e-09 0)
(2.07905e-11 -9.80318e-10 0)
(0 0 0)
(2.1749e-11 -9.9336e-10 0)
(4.83913e-11 -9.87715e-10 0)
(0 0 0)
(0 0 0)
(1.42353e-11 -9.96396e-10 0)
(9.38265e-12 -9.73705e-10 0)
(2.21665e-11 -9.45198e-10 0)
(0 0 0)
(-1.20411e-11 -1.97388e-09 0)
(-3.81469e-11 -1.93483e-09 0)
(3.60384e-12 -8.71665e-10 0)
(-2.35412e-11 -1.99231e-09 0)
(0 0 0)
(-1.14728e-11 -9.43497e-10 0)
(0 0 0)
(0 0 0)
(0 0 0)
(-5.99812e-11 -3.3317e-09 0)
(2.10976e-11 -9.15698e-10 0)
(3.33638e-11 -2.22078e-09 0)
(-6.94002e-11 -1.89935e-09 0)
(-3.03171e-11 -9.70242e-10 0)
(0 0 0)
(-4.37437e-11 -9.07866e-10 0)
(0 0 0)
(0 0 0)
(0 0 0)
(8.23985e-12 -2.19827e-09 0)
(-2.82515e-11 -9.77308e-10 0)
(0 0 0)
(-2.13552e-10 -2.0724e-09 0)
(-1.31667e-10 -9.6546e-10 0)
(-1.226e-10 -2.35138e-09 0)
(4.48298e-11 -1.00662e-09 0)
(0 0 0)
(0 0 0)
(0 0 0)
(-4.3179e-11 -1.99175e-09 0)
(8.23841e-11 -1.96265e-09 0)
(1.7719e-10 -2.34652e-09 0)
(2.97454e-12 -9.87942e-10 0)
(6.21509e-12 -9.35108e-10 0)
(0 0 0)
(-9.8009e-11 -1.63071e-09 0)
(-4.31417e-11 -1.07892e-09 0)
(-2.23628e-10 -2.96793e-09 0)
(-1.51418e-10 -3.17048e-09 0)
(-4.53714e-11 -7.1867e-10 0)
(-1.15406e-12 -8.78718e-10 0)
(0 0 0)
(0 0 0)
(2.7506e-13 -9.3083e-10 0)
(-2.76857e-11 -2.07282e-09 0)
(2.50287e-11 -8.99962e-10 0)
(0 0 0)
(3.00895e-11 -2.13837e-09 0)
(-5.09213e-10 3.17243e-08 0)
(-2.05225e-09 2.67647e-09 0)
(1.71641e-10 -5.8256e-10 0)
(4.98746e-11 -7.8555e-10 0)
(2.4389e-10 -2.85511e-09 0)
(7.29468e-11 -8.90194e-10 0)
(3.49369e-11 -1.01565e-09 0)
(1.85344e-11 -9.73216e-10 0)
(6.31543e-12 -9.51672e-10 0)
(-4.19423e-11 -1.00125e-09 0)
(0 0 0)
(-1.01922e-10 -1.89053e-09 0)
(0 0 0)
(4.4557e-11 -1.2693e-09 0)
(4.88471e-11 -1.47602e-09 0)
(1.86088e-11 -8.44931e-10 0)
(-2.7985e-11 -8.8155e-10 0)
(0 0 0)
(3.05673e-11 -8.58534e-10 0)
(-2.76802e-11 -1.85418e-09 0)
(7.28848e-11 -1.99332e-09 0)
(0 0 0)
(0 0 0)
(2.60104e-11 -1.01802e-09 0)
(1.18022e-12 -3.79961e-11 0)
(3.14848e-11 -9.82872e-10 0)
(0 0 0)
(0 0 0)
(4.0401e-11 -8.02293e-10 0)
(-8.96795e-11 -1.99608e-09 0)
(-3.05506e-11 -7.95405e-10 0)
(2.29916e-11 -1.00426e-09 0)
(0 0 0)
(4.0286e-11 -2.01206e-09 0)
(-7.75708e-11 -2.0868e-09 0)
(-3.58435e-11 -9.68097e-10 0)
(2.92069e-11 -1.89888e-09 0)
(1.00043e-10 -2.01859e-09 0)
(2.65699e-11 -9.09093e-10 0)
(5.91042e-11 -9.48141e-10 0)
(-6.60923e-11 -1.0007e-09 0)
(-2.7394e-11 -9.96107e-10 0)
(-1.58349e-11 -9.07841e-10 0)
(-3.57943e-11 -1.50261e-10 0)
(-1.63569e-10 -1.7023e-09 0)
(-5.83203e-11 -1.08129e-09 0)
(-1.01817e-10 -2.95712e-09 0)
(0 0 0)
(-4.64601e-11 -9.99434e-10 0)
(-1.20746e-10 -1.17197e-09 0)
(-8.53045e-11 -9.29414e-10 0)
(-3.46948e-11 -1.04858e-09 0)
(-9.31909e-11 -2.09754e-09 0)
(-6.47188e-12 -9.25159e-10 0)
(0 0 0)
(0 0 0)
(2.65695e-11 -1.9807e-09 0)
(-3.74861e-11 -9.2201e-10 0)
(9.20713e-11 -4.1065e-09 0)
(0 0 0)
(-3.76048e-11 -1.11589e-09 0)
(0 0 0)
(-1.05079e-11 -1.10145e-09 0)
(4.07037e-12 -2.18802e-09 0)
(-4.6752e-11 -8.96775e-10 0)
(-6.96843e-11 -9.12342e-10 0)
(-3.91303e-11 -8.35503e-10 0)
(-1.35395e-11 -8.49071e-10 0)
(0 0 0)
(1.66781e-11 -9.44313e-10 0)
(0 0 0)
(0 0 0)
(-2.31999e-11 -8.5005e-10 0)
(0 0 0)
(1.25787e-11 -2.11317e-09 0)
(8.46412e-09 5.75186e-08 0)
(-1.10271e-09 5.0338e-09 0)
(1.46131e-10 -1.20985e-10 0)
(4.79437e-11 -7.54293e-10 0)
(2.85332e-11 -1.94319e-09 0)
(9.3935e-11 -2.36614e-09 0)
(6.56201e-11 -9.30607e-10 0)
(3.78573e-11 -8.52656e-10 0)
(3.38475e-11 -1.00197e-09 0)
(0 0 0)
(9.52326e-11 -9.82388e-10 0)
(1.03427e-10 -9.12756e-10 0)
(-3.15585e-11 -2.12049e-09 0)
(0 0 0)
(6.37852e-11 -7.3757e-10 0)
(7.44889e-11 -8.35241e-10 0)
(0 0 0)
(-4.06719e-11 -1.89001e-09 0)
(2.65252e-11 -1.95101e-09 0)
(0 0 0)
(4.0808e-11 -8.99792e-10 0)
(-3.6524e-11 -1.00073e-09 0)
(1.40546e-11 -1.00481e-09 0)
(0 0 0)
(4.18856e-11 -9.65364e-10 0)
(5.39026e-11 -1.00461e-09 0)
(-1.51292e-11 -8.51704e-10 0)
(1.40568e-12 -1.79577e-09 0)
(-2.99046e-11 -2.02404e-09 0)
(0 0 0)
(-3.82593e-11 -8.21049e-10 0)
(3.20478e-11 -9.11889e-10 0)
(3.46152e-11 -8.98021e-10 0)
(-8.74481e-13 -9.47631e-10 0)
(1.5528e-11 -9.41421e-10 0)
(2.05408e-11 -9.52642e-10 0)
(6.01202e-12 -9.27726e-10 0)
(2.3648e-11 -9.50897e-10 0)
(1.35263e-10 -1.03235e-09 0)
(-2.0944e-10 -2.53926e-09 0)
(0 0 0)
(-4.80146e-11 -2.2513e-09 0)
(0 0 0)
(1.87654e-11 -1.02514e-09 0)
(-2.88831e-10 -1.55693e-09 0)
(-5.00391e-11 -8.69814e-10 0)
(-4.3122e-11 -9.05666e-10 0)
(-8.76203e-11 -8.76657e-10 0)
(2.01743e-11 -1.00107e-09 0)
(0 0 0)
(-7.94975e-12 -9.91751e-10 0)
(8.74118e-13 -9.06919e-10 0)
(5.56011e-11 -9.28328e-10 0)
(1.73778e-11 -8.8999e-10 0)
(-8.51261e-12 -8.75105e-10 0)
(-3.73989e-11 -1.04358e-09 0)
(3.41042e-11 -9.50739e-10 0)
(-9.12533e-11 -2.0551e-09 0)
(0 0 0)
(1.21743e-10 -2.75036e-09 0)
(-3.74618e-13 -1.14478e-10 0)
(-2.52943e-12 -8.34946e-10 0)
(1.05739e-10 -1.95808e-09 0)
(2.22527e-11 -1.42451e-09 0)
(5.46054e-12 -1.85162e-09 0)
(0 0 0)
(0 0 0)
(7.01206e-12 -8.49829e-10 0)
(-1.19674e-11 -7.59247e-10 0)
(9.20822e-12 -8.57081e-10 0)
(1.8167e-11 -9.3845e-10 0)
(-3.16279e-11 -2.18634e-09 0)
(0 0 0)
(-1.1164e-11 -9.17032e-10 0)
(9.70827e-13 -4.58015e-11 0)
(2.30429e-08 3.75019e-08 0)
(1.08826e-08 7.14468e-09 0)
(2.927e-10 -1.03536e-09 0)
(2.22404e-11 -8.27882e-10 0)
(0 0 0)
(0 0 0)
(9.95149e-11 -1.02626e-09 0)
(7.03337e-11 -1.02455e-09 0)
(3.48898e-11 -2.20442e-09 0)
(3.20478e-11 -8.72192e-10 0)
(1.79754e-10 -2.07791e-09 0)
(4.20459e-11 -9.93602e-10 0)
(-1.64942e-11 -1.00939e-09 0)
(2.25129e-11 -9.22656e-10 0)
(2.43259e-11 -8.46739e-10 0)
(0 0 0)
(3.61441e-11 -8.93674e-10 0)
(5.74191e-11 -8.89868e-10 0)
(1.94018e-11 -8.90894e-10 0)
(6.10048e-11 -8.97134e-10 0)
(3.49912e-11 -9.34496e-10 0)
(3.56512e-11 -9.39962e-10 0)
(4.41513e-11 -9.02944e-10 0)
(4.20414e-11 -9.29659e-10 0)
(5.9209e-11 -9.33894e-10 0)
(1.2606e-11 -2.19143e-09 0)
(-3.85695e-11 -8.49014e-10 0)
(-4.24969e-11 -8.21622e-10 0)
(-1.67431e-11 -8.57061e-10 0)
(1.66359e-11 -8.84533e-10 0)
(-2.09136e-11 -2.0024e-09 0)
(-8.84049e-12 -9.1326e-10 0)
(2.82471e-11 -9.39855e-10 0)
(2.0941e-11 -1.98977e-09 0)
(1.26957e-11 -1.00711e-09 0)
(-1.27803e-11 -8.79287e-10 0)
(4.42549e-11 -1.98328e-09 0)
(7.18468e-11 -8.70441e-10 0)
(2.07318e-12 -1.15056e-09 0)
(0 0 0)
(3.21271e-11 -1.02267e-09 0)
(1.22802e-11 -9.57806e-10 0)
(-1.15764e-12 -1.30123e-09 0)
(-1.46793e-11 -5.68102e-10 0)
(-3.4135e-11 -9.38618e-10 0)
(1.42994e-11 -8.30336e-10 0)
(-5.37453e-11 -9.9639e-10 0)
(4.22658e-12 -7.33454e-10 0)
(2.14263e-10 -2.98128e-09 0)
(9.98876e-11 -8.79774e-10 0)
(-3.96607e-11 -1.00754e-09 0)
(0 0 0)
(4.69828e-12 -2.22403e-09 0)
(-1.29466e-13 -1.77025e-11 0)
(3.35685e-11 -2.22193e-09 0)
(-4.76636e-11 -9.80723e-10 0)
(-2.41844e-11 -9.07598e-10 0)
(-1.67752e-10 -2.05005e-09 0)
(-2.8517e-10 -2.27122e-09 0)
(0 0 0)
(3.53683e-11 -9.9148e-10 0)
(1.74827e-10 -1.92747e-09 0)
(1.74401e-10 -1.6818e-09 0)
(-3.54871e-11 -1.09346e-09 0)
(0 0 0)
(1.55057e-11 -8.34457e-10 0)
(2.29231e-11 -8.94844e-10 0)
(6.98222e-12 -9.39055e-10 0)
(0 0 0)
(5.75846e-11 -9.30157e-10 0)
(3.71975e-11 -9.5803e-10 0)
(1.38901e-12 -9.2499e-10 0)
(-1.62397e-12 -8.66378e-10 0)
(-2.86742e-11 -8.65881e-10 0)
(-8.80338e-12 -2.30444e-10 0)
(3.24517e-08 2.41431e-08 0)
(6.84288e-09 8.12634e-10 0)
(8.44844e-11 5.81953e-11 0)
(1.40203e-10 -8.71802e-10 0)
(8.11753e-11 -1.87881e-09 0)
(1.09679e-10 -9.8172e-10 0)
(1.1225e-10 -9.76709e-10 0)
(6.02496e-11 -1.0612e-09 0)
(2.71377e-11 -1.00548e-09 0)
(1.2301e-11 -9.27586e-10 0)
(-1.99663e-11 -1.00003e-09 0)
(3.72055e-12 -2.4212e-09 0)
(2.13069e-11 -9.95406e-10 0)
(2.26897e-11 -8.86273e-10 0)
(0 0 0)
(3.48869e-11 -9.24025e-10 0)
(5.82858e-11 -9.08212e-10 0)
(1.24775e-10 -2.05742e-09 0)
(5.33201e-11 -8.39691e-10 0)
(3.65284e-11 -8.09422e-10 0)
(1.53485e-10 -2.05286e-09 0)
(4.3174e-11 -8.97744e-10 0)
(9.31229e-12 -8.89055e-10 0)
(1.13857e-11 -9.12456e-10 0)
(5.87446e-11 -1.06921e-09 0)
(-3.96979e-11 -1.01594e-09 0)
(1.05341e-11 -9.48971e-10 0)
(1.51631e-11 -9.31822e-10 0)
(6.5869e-12 -9.88634e-10 0)
(7.08359e-11 -8.74462e-10 0)
(6.36482e-11 -9.17842e-10 0)
(0 0 0)
(0 0 0)
(0 0 0)
(-5.64215e-12 -1.00282e-09 0)
(0 0 0)
(0 0 0)
(6.57068e-11 -1.01795e-09 0)
(2.80785e-11 -1.12791e-09 0)
(6.10885e-11 -1.11407e-09 0)
(2.02669e-10 -2.6126e-09 0)
(7.76996e-11 -1.02136e-09 0)
(5.33072e-11 -9.65944e-10 0)
(-2.29041e-11 -9.14723e-10 0)
(1.78328e-11 -8.99208e-10 0)
(-2.57695e-11 -9.02971e-10 0)
(-5.13044e-11 -1.93113e-09 0)
(6.97655e-12 -1.88566e-09 0)
(-6.32299e-11 -8.63189e-10 0)
(-7.51035e-11 -9.07032e-10 0)
(-5.24337e-11 -9.73334e-10 0)
(-1.04546e-11 -1.02148e-09 0)
(-2.17594e-11 -1.02045e-09 0)
(0 0 0)
(-1.39583e-11 -9.28445e-10 0)
(-1.21903e-11 -9.65896e-10 0)
(-2.30295e-11 -1.00901e-09 0)
(-5.73585e-11 -1.00357e-09 0)
(-1.67799e-10 -9.51981e-10 0)
(-1.06797e-10 -8.7608e-10 0)
(3.35701e-11 -9.74513e-10 0)
(4.82333e-11 -9.15665e-10 0)
(-7.8948e-13 -1.00244e-09 0)
(0 0 0)
(3.12171e-11 -9.05039e-10 0)
(5.5797e-11 -8.8359e-10 0)
(5.42059e-11 -9.46418e-10 0)
(0 0 0)
(0 0 0)
(4.60508e-11 -9.48723e-10 0)
(1.36652e-11 -9.51779e-10 0)
(-9.54466e-12 -9.9361e-10 0)
(-7.95689e-12 -3.32434e-10 0)
(-9.04172e-12 -3.57006e-10 0)
(-2.1223e-11 -9.26473e-10 0)
(1.35781e-08 3.0069e-08 0)
(5.10549e-09 -1.03228e-09 0)
(7.39888e-11 -6.91777e-10 0)
(1.50607e-10 -9.45704e-10 0)
(0 0 0)
(0 0 0)
(1.58781e-10 -2.65348e-09 0)
(6.67725e-11 -4.56192e-10 0)
(7.22586e-11 -6.88466e-10 0)
(4.21981e-11 -5.12631e-10 0)
(-1.03258e-11 -9.32266e-10 0)
(-5.16747e-11 -9.78729e-10 0)
(2.31172e-11 -1.01601e-09 0)
(3.69905e-11 -9.57335e-10 0)
(0 0 0)
(6.1442e-11 -9.1326e-10 0)
(3.99483e-11 -9.16006e-10 0)
(2.92498e-11 -1.19052e-09 0)
(7.8408e-11 -1.74536e-09 0)
(5.46653e-11 -7.80515e-10 0)
(1.10299e-10 -1.99238e-09 0)
(9.51414e-11 -9.42593e-10 0)
(0 0 0)
(0 0 0)
(6.28814e-11 -2.61393e-09 0)
(0 0 0)
(0 0 0)
(0 0 0)
(2.4056e-11 -9.26426e-10 0)
(4.62364e-11 -9.18743e-10 0)
(5.9658e-11 -9.42159e-10 0)
(7.104e-11 -9.21789e-10 0)
(1.08007e-10 -2.01947e-09 0)
(-2.61284e-11 -2.05326e-09 0)
(-8.90616e-12 -9.6068e-10 0)
(-5.38936e-11 -1.95488e-09 0)
(-2.20773e-11 -1.94858e-09 0)
(-1.37853e-11 -9.20027e-10 0)
(-4.31212e-11 -9.9116e-10 0)
(-5.11376e-11 -1.09539e-09 0)
(1.78642e-11 -1.08287e-09 0)
(1.19631e-10 -8.96084e-10 0)
(1.12657e-10 -1.07934e-09 0)
(0 0 0)
(-6.72361e-11 -2.12422e-09 0)
(-2.986e-11 -8.26807e-10 0)
(-5.16184e-11 -8.91623e-10 0)
(-1.33341e-11 -9.30595e-10 0)
(-2.08423e-11 -9.32066e-10 0)
(-4.42804e-11 -9.16037e-10 0)
(-2.571e-11 -9.45213e-10 0)
(2.09091e-12 -9.9111e-10 0)
(0 0 0)
(-3.3672e-11 -9.03163e-10 0)
(-2.86023e-11 -1.00567e-09 0)
(-4.13156e-11 -9.62731e-10 0)
(2.20261e-11 -2.10389e-09 0)
(-2.81722e-11 -1.03046e-09 0)
(-4.229e-11 -9.61986e-10 0)
(-7.84073e-11 -8.81463e-10 0)
(-4.63694e-11 -8.54481e-10 0)
(1.84164e-11 -9.32108e-10 0)
(-7.72119e-12 -1.08327e-09 0)
(0 0 0)
(8.47775e-12 -1.09283e-10 0)
(6.27055e-11 -7.30264e-10 0)
(1.13193e-10 -8.91808e-10 0)
(1.30125e-10 -8.99424e-10 0)
(7.60078e-11 -9.4423e-10 0)
(5.04245e-11 -9.2508e-10 0)
(2.64792e-11 -9.2656e-10 0)
(1.60935e-11 -9.45797e-10 0)
(1.49495e-11 -9.55708e-10 0)
(-2.01081e-11 -9.8622e-10 0)
(-1.11243e-10 -2.18673e-09 0)
(-1.82565e-09 2.97594e-08 0)
(1.18705e-09 2.72297e-10 0)
(2.6001e-10 5.17662e-10 0)
(0 0 0)
(0 0 0)
(1.12216e-11 -9.88909e-10 0)
(0 0 0)
(1.05045e-10 -1.03508e-09 0)
(1.913e-10 -1.13086e-09 0)
(2.67689e-11 -1.12616e-09 0)
(-1.5377e-12 -1.00917e-09 0)
(-1.43472e-12 -9.55415e-10 0)
(1.65483e-11 -9.6468e-10 0)
(5.71302e-11 -9.48031e-10 0)
(0 0 0)
(6.06962e-11 -9.40349e-10 0)
(4.01488e-11 -9.2156e-10 0)
(0 0 0)
(5.93099e-11 -8.9419e-10 0)
(6.49127e-11 -1.83832e-09 0)
(-8.16916e-12 -7.65058e-10 0)
(5.44098e-11 -1.03452e-09 0)
(-1.624e-12 -2.79184e-10 0)
(4.62547e-11 -1.4374e-09 0)
(0 0 0)
(1.36464e-10 -2.30707e-09 0)
(7.93391e-11 -2.12272e-09 0)
(4.03822e-11 -7.92223e-10 0)
(4.48932e-11 -8.11304e-10 0)
(3.22975e-11 -8.87536e-10 0)
(1.61365e-11 -9.03759e-10 0)
(3.14482e-11 -9.13924e-10 0)
(4.74213e-11 -8.98053e-10 0)
(-7.38725e-11 -1.00659e-09 0)
(-2.04667e-11 -9.96672e-10 0)
(-1.15058e-10 -9.22842e-10 0)
(0 0 0)
(-1.16164e-10 -2.37986e-09 0)
(1.1165e-11 -1.01644e-09 0)
(0 0 0)
(4.82637e-11 -1.92534e-09 0)
(1.7341e-10 -2.15126e-09 0)
(3.0026e-10 -2.6528e-09 0)
(4.52698e-11 -9.45027e-10 0)
(-2.7584e-11 -8.37945e-10 0)
(-5.36408e-12 -7.96661e-10 0)
(2.20088e-12 -9.03577e-10 0)
(-1.12335e-11 -9.15681e-10 0)
(-6.50471e-11 -8.63053e-10 0)
(-2.176e-11 -8.63912e-10 0)
(-2.94066e-13 -8.89651e-10 0)
(0 0 0)
(-2.46463e-11 -2.22168e-09 0)
(-6.4303e-11 -9.59437e-10 0)
(-1.20501e-10 -1.99426e-09 0)
(-4.73681e-11 -7.31662e-10 0)
(3.32419e-12 -4.57792e-10 0)
(9.03103e-11 -1.39203e-09 0)
(7.36485e-11 -1.10497e-09 0)
(2.1651e-11 -9.06868e-10 0)
(1.54899e-11 -8.96751e-10 0)
(-3.49924e-12 -9.81909e-10 0)
(-1.19861e-12 -1.10126e-09 0)
(7.86916e-11 -9.22238e-10 0)
(0 0 0)
(1.02787e-10 -8.64591e-10 0)
(1.91448e-10 -1.01745e-09 0)
(8.57115e-11 -1.0558e-09 0)
(1.082e-10 -1.04299e-09 0)
(1.47948e-12 -8.63238e-11 0)
(1.51305e-11 -8.45157e-10 0)
(-4.6701e-12 -1.65329e-09 0)
(-7.32349e-11 -1.52197e-09 0)
(-2.85216e-11 -8.41705e-10 0)
(-3.07772e-11 -8.215e-10 0)
(3.33348e-10 5.65642e-08 0)
(5.35074e-10 -1.76986e-10 0)
(1.72582e-10 -9.24376e-11 0)
(-5.35359e-11 -7.6945e-10 0)
(-1.26081e-11 -8.41632e-10 0)
(0 0 0)
(-2.21164e-11 -9.56848e-10 0)
(3.83889e-12 -2.90323e-10 0)
(1.43512e-10 -2.86882e-09 0)
(5.52744e-11 -1.08097e-09 0)
(0 0 0)
(3.43546e-11 -9.88766e-10 0)
(0 0 0)
(3.42908e-11 -1.00921e-09 0)
(0 0 0)
(2.61276e-11 -1.91201e-09 0)
(1.77237e-11 -9.40125e-10 0)
(8.02147e-11 -1.98031e-09 0)
(2.0826e-11 -1.95538e-09 0)
(-5.8993e-11 -1.78557e-09 0)
(-3.96901e-11 -1.88961e-09 0)
(1.40409e-11 -9.38436e-10 0)
(1.01515e-10 -9.19563e-10 0)
(0 0 0)
(9.97597e-11 -2.21237e-09 0)
(4.89967e-11 -1.03753e-09 0)
(-2.60846e-11 -9.18622e-10 0)
(-7.23506e-12 -8.37662e-10 0)
(6.77908e-12 -8.5799e-10 0)
(1.94786e-11 -8.81712e-10 0)
(-8.98104e-12 -8.97139e-10 0)
(1.48375e-11 -1.86134e-09 0)
(9.6402e-11 -2.40133e-09 0)
(2.86533e-11 -9.9203e-10 0)
(-4.53437e-14 -9.96405e-10 0)
(-9.74231e-11 -8.8767e-10 0)
(-6.77384e-11 -8.28801e-10 0)
(-1.05635e-10 -8.83811e-10 0)
(-3.02977e-11 -9.68965e-10 0)
(9.08325e-12 -9.62482e-10 0)
(-2.04434e-12 -9.12514e-10 0)
(-2.24036e-12 -9.09934e-10 0)
(1.86066e-11 -1.06882e-09 0)
(9.50779e-11 -2.65223e-09 0)
(0 0 0)
(2.13854e-12 -8.48685e-10 0)
(1.18539e-11 -9.81783e-10 0)
(-8.41754e-11 -2.09549e-09 0)
(-5.89618e-11 -8.31306e-10 0)
(-7.64984e-12 -7.51009e-10 0)
(3.28497e-11 -8.45433e-10 0)
(5.93976e-11 -8.99086e-10 0)
(7.74582e-11 -1.03656e-09 0)
(-8.58488e-11 -9.85372e-10 0)
(0 0 0)
(-6.54525e-11 -9.02227e-10 0)
(-8.94579e-11 -9.91251e-10 0)
(0 0 0)
(-5.99363e-11 -9.97833e-10 0)
(2.30313e-11 -1.02282e-09 0)
(1.26347e-13 -1.00409e-09 0)
(-3.74724e-11 -1.48762e-09 0)
(-7.78532e-14 -1.54198e-09 0)
(7.52766e-11 -8.30617e-10 0)
(1.58804e-10 -1.92927e-09 0)
(3.18112e-11 -7.89744e-10 0)
(1.59747e-10 -3.67543e-09 0)
(8.68598e-11 -8.87598e-10 0)
(1.5373e-10 -8.74012e-10 0)
(3.27803e-12 -9.79989e-10 0)
(2.80278e-13 -9.79243e-10 0)
(1.33637e-11 -1.00984e-09 0)
(-1.22499e-10 -9.51907e-10 0)
(-1.88725e-10 -1.92985e-09 0)
(-4.06612e-11 -2.05565e-09 0)
(-2.04106e-08 2.63038e-08 0)
(-2.13071e-09 -3.07519e-09 0)
(1.16821e-10 -4.97817e-10 0)
(1.0815e-10 -1.02304e-09 0)
(9.37134e-11 -1.00703e-09 0)
(2.88587e-11 -2.23641e-09 0)
(-1.39702e-11 -7.30125e-10 0)
(-3.05834e-11 -2.36149e-09 0)
(-4.27602e-11 -9.82056e-10 0)
(1.37103e-10 -1.1691e-09 0)
(0 0 0)
(0 0 0)
(7.82584e-11 -9.41308e-10 0)
(4.06901e-11 -9.06028e-10 0)
(-3.77923e-12 -9.31057e-10 0)
(6.04683e-11 -2.01916e-09 0)
(2.33478e-11 -8.69334e-10 0)
(0 0 0)
(0 0 0)
(0 0 0)
(-4.77823e-11 -1.95867e-09 0)
(1.09175e-11 -8.70698e-10 0)
(6.19109e-11 -9.14871e-10 0)
(-1.81291e-11 -2.05075e-09 0)
(1.70123e-11 -2.10685e-09 0)
(-1.47657e-11 -1.07498e-09 0)
(1.02677e-11 -8.92805e-10 0)
(0 0 0)
(1.10829e-11 -1.78645e-09 0)
(-9.59571e-12 -2.00908e-09 0)
(-1.23049e-11 -8.50715e-10 0)
(-1.90475e-11 -8.67785e-10 0)
(0 0 0)
(8.51426e-11 -1.27504e-09 0)
(2.04108e-11 -2.36822e-09 0)
(0 0 0)
(1.50435e-11 -9.13858e-10 0)
(0 0 0)
(1.28302e-11 -9.3244e-10 0)
(3.75912e-11 -9.21388e-10 0)
(2.22806e-11 -8.90683e-10 0)
(8.1997e-12 -1.02337e-09 0)
(-3.56885e-11 -1.32341e-09 0)
(9.06254e-13 -1.21687e-09 0)
(-2.74471e-11 -9.05681e-10 0)
(-2.34412e-11 -7.21772e-10 0)
(2.00171e-12 -1.09358e-09 0)
(0 0 0)
(-5.25976e-12 -1.94083e-09 0)
(-2.72443e-11 -7.93922e-10 0)
(1.18147e-11 -7.98689e-10 0)
(1.04737e-11 -8.18399e-10 0)
(7.42549e-11 -2.76872e-09 0)
(-7.11032e-11 -1.13479e-09 0)
(0 0 0)
(-4.21987e-11 -9.17024e-10 0)
(-1.09133e-10 -9.65932e-10 0)
(-5.27829e-11 -9.53077e-10 0)
(0 0 0)
(-2.65594e-11 -9.88315e-10 0)
(-9.02989e-12 -9.67566e-10 0)
(-3.99225e-11 -9.65097e-10 0)
(-3.97271e-11 -2.08588e-09 0)
(1.93159e-11 -8.32451e-10 0)
(-3.45379e-11 -1.91151e-09 0)
(-1.40185e-10 -1.93045e-09 0)
(-1.45355e-10 -1.78289e-09 0)
(1.99486e-10 -3.05638e-09 0)
(3.51334e-10 -3.45912e-09 0)
(1.18854e-10 -7.52846e-10 0)
(2.34353e-11 -9.15204e-10 0)
(-3.26602e-11 -1.09504e-09 0)
(0 0 0)
(-9.09921e-11 -9.1636e-10 0)
(1.25011e-11 -8.72558e-10 0)
(-8.88898e-09 2.86687e-08 0)
(-1.35698e-09 3.22205e-10 0)
(2.47471e-11 -2.68467e-10 0)
(1.2903e-10 -9.19613e-10 0)
(1.37706e-10 -2.20247e-09 0)
(-3.99026e-11 -1.17062e-09 0)
(-3.06315e-11 -6.86813e-10 0)
(0 0 0)
(-5.33621e-13 -9.92912e-10 0)
(3.55961e-11 -2.44121e-09 0)
(7.63375e-11 -9.03085e-10 0)
(5.59922e-11 -8.52293e-10 0)
(5.2922e-11 -2.10984e-09 0)
(2.14728e-11 -8.93807e-10 0)
(0 0 0)
(0 0 0)
(5.71718e-11 -1.96596e-09 0)
(-7.32881e-12 -8.53264e-10 0)
(-4.52529e-11 -2.60775e-09 0)
(-5.28218e-11 -2.38785e-09 0)
(-6.1021e-11 -1.71512e-09 0)
(2.89664e-11 -8.26343e-10 0)
(1.07926e-10 -2.18232e-09 0)
(-6.70521e-11 -9.21513e-10 0)
(-1.82826e-10 -1.94942e-09 0)
(-2.37307e-11 -9.91e-10 0)
(0 0 0)
(2.38768e-11 -9.02493e-10 0)
(0 0 0)
(6.43189e-12 -9.50982e-10 0)
(2.94248e-11 -9.19778e-10 0)
(1.40504e-11 -8.75965e-10 0)
(6.0142e-11 -9.11818e-10 0)
(5.14044e-11 -1.06894e-09 0)
(-5.83857e-11 -1.19091e-09 0)
(2.48948e-11 -1.02457e-09 0)
(4.65105e-11 -9.165e-10 0)
(7.08819e-12 -9.50587e-10 0)
(2.79737e-11 -9.07073e-10 0)
(2.10707e-11 -8.66548e-10 0)
(3.70423e-12 -8.76818e-10 0)
(-5.86145e-12 -9.3151e-10 0)
(-1.3697e-11 -1.1741e-09 0)
(0 0 0)
(-1.30636e-12 -1.23074e-09 0)
(7.41249e-12 -9.155e-10 0)
(-7.84979e-12 -2.06661e-09 0)
(5.84596e-11 -9.18467e-10 0)
(3.00843e-11 -8.86015e-10 0)
(2.36235e-11 -8.50437e-10 0)
(-4.9684e-11 -1.96009e-09 0)
(-3.49858e-11 -9.80166e-10 0)
(-4.22425e-11 -1.22162e-09 0)
(0 0 0)
(1.10085e-10 -1.04332e-09 0)
(-2.39532e-11 -1.02435e-09 0)
(-6.65888e-11 -9.15045e-10 0)
(0 0 0)
(-9.28809e-12 -9.29338e-10 0)
(-3.39331e-11 -8.9289e-10 0)
(-3.06272e-11 -9.54343e-10 0)
(0 0 0)
(-8.99782e-12 -9.33548e-10 0)
(-1.57064e-11 -8.82916e-10 0)
(-6.98251e-11 -8.95044e-10 0)
(0 0 0)
(0 0 0)
(-6.21142e-11 -9.7688e-10 0)
(-1.36655e-10 -2.0746e-09 0)
(1.86806e-10 -3.4269e-09 0)
(2.35365e-11 -2.55858e-09 0)
(-5.33572e-11 -2.31405e-09 0)
(0 0 0)
(5.36472e-12 -9.17967e-10 0)
(2.12143e-11 -9.97794e-10 0)
(5.19774e-09 5.02625e-08 0)
(-8.44276e-10 2.45178e-09 0)
(-1.5643e-10 -9.4439e-10 0)
(-1.10216e-13 -1.08077e-10 0)
(4.16829e-11 -1.06724e-09 0)
(0 0 0)
(4.33387e-12 -9.35118e-10 0)
(-1.27472e-11 -2.447e-09 0)
(1.59124e-12 -9.61369e-10 0)
(7.25744e-12 -8.83151e-10 0)
(9.2901e-11 -9.17812e-10 0)
(2.19838e-10 -2.07701e-09 0)
(5.35085e-11 -8.64767e-10 0)
(5.69416e-11 -8.52724e-10 0)
(3.74054e-11 -8.48299e-10 0)
(2.9094e-11 -9.00466e-10 0)
(-7.66554e-12 -9.26658e-10 0)
(-1.66532e-11 -9.20577e-10 0)
(-7.46717e-11 -9.00505e-10 0)
(-2.00027e-11 -8.46404e-10 0)
(0 0 0)
(-6.49522e-11 -7.5691e-10 0)
(-1.52253e-11 -1.10106e-09 0)
(0 0 0)
(0 0 0)
(-2.14412e-11 -2.16196e-09 0)
(3.20121e-11 -8.58264e-10 0)
(3.57929e-11 -8.2269e-10 0)
(3.04432e-11 -8.44325e-10 0)
(5.18688e-12 -9.11714e-10 0)
(2.49163e-11 -9.15449e-10 0)
(-8.01087e-12 -8.71057e-10 0)
(8.58235e-12 -9.99983e-10 0)
(-1.95577e-12 -1.2609e-09 0)
(-3.71218e-11 -1.09679e-09 0)
(0 0 0)
(5.668e-11 -8.79181e-10 0)
(2.56309e-11 -8.81905e-10 0)
(5.48657e-11 -9.44905e-10 0)
(1.68046e-11 -8.9679e-10 0)
(-7.71377e-12 -8.76163e-10 0)
(-5.71879e-12 -8.76454e-10 0)
(-5.02416e-11 -2.95248e-09 0)
(-2.69347e-11 -1.13641e-09 0)
(4.33421e-13 -8.43723e-10 0)
(6.38295e-12 -8.34789e-10 0)
(-9.33263e-12 -8.87599e-10 0)
(1.33693e-11 -9.16563e-10 0)
(2.39415e-11 -9.04292e-10 0)
(-4.89975e-12 -8.75848e-10 0)
(-1.27962e-11 -8.49477e-10 0)
(-2.37162e-11 -9.0968e-10 0)
(-6.89088e-11 -1.06247e-09 0)
(3.05784e-11 -1.06354e-09 0)
(3.97106e-11 -1.16746e-09 0)
(0 0 0)
(-2.04325e-12 -2.07323e-10 0)
(-3.01236e-11 -1.48885e-09 0)
(-5.27977e-11 -2.10652e-09 0)
(-2.8213e-12 -8.22939e-10 0)
(-2.60661e-11 -8.67066e-10 0)
(0 0 0)
(-1.53431e-11 -9.03798e-10 0)
(-2.88679e-11 -1.91633e-09 0)
(0 0 0)
(-2.82738e-11 -8.91247e-10 0)
(-1.14237e-10 -2.21326e-09 0)
(0 0 0)
(-7.22282e-11 -9.79337e-10 0)
(0 0 0)
(-2.05023e-11 -1.03504e-09 0)
(-5.70158e-11 -1.13788e-09 0)
(-2.38444e-11 -1.02185e-09 0)
(3.674e-11 -1.38099e-09 0)
(3.67606e-11 -1.2913e-09 0)
(2.94996e-09 4.12504e-08 0)
(1.79895e-11 1.99582e-09 0)
(-5.01116e-11 -9.63265e-10 0)
(1.24597e-11 -1.19189e-09 0)
(3.88821e-11 -1.05604e-09 0)
(1.84619e-11 -9.07188e-10 0)
(1.19509e-11 -9.10065e-10 0)
(-8.45121e-11 -2.07254e-09 0)
(7.48211e-11 -9.63156e-10 0)
(7.66445e-11 -9.32239e-10 0)
(1.15289e-10 -1.28436e-09 0)
(1.35586e-10 -1.59749e-09 0)
(5.45709e-11 -8.71153e-10 0)
(6.73701e-11 -9.10454e-10 0)
(2.04415e-11 -1.98836e-09 0)
(-6.54392e-11 -2.15368e-09 0)
(5.95705e-12 -8.29373e-10 0)
(-1.50506e-12 -9.53971e-10 0)
(0 0 0)
(-5.53014e-11 -9.37588e-10 0)
(-2.5419e-11 -8.85832e-10 0)
(0 0 0)
(-4.67199e-11 -1.06161e-09 0)
(1.02757e-11 -2.27345e-09 0)
(0 0 0)
(0 0 0)
(1.7261e-11 -1.67873e-09 0)
(2.34881e-12 -1.26099e-10 0)
(3.14794e-11 -1.9971e-09 0)
(3.40027e-11 -9.23448e-10 0)
(1.04908e-11 -9.57533e-10 0)
(1.41157e-11 -8.99785e-10 0)
(-9.93449e-12 -1.00044e-09 0)
(1.118e-12 -1.14771e-09 0)
(-9.4896e-12 -1.00782e-09 0)
(4.06578e-11 -9.1839e-10 0)
(4.79989e-11 -8.5853e-10 0)
(1.99828e-11 -9.29918e-10 0)
(0 0 0)
(7.9544e-12 -1.25817e-09 0)
(-1.98532e-11 -1.56512e-09 0)
(-4.26756e-11 -9.3061e-10 0)
(-7.31787e-11 -2.86829e-09 0)
(3.25775e-11 -1.12145e-09 0)
(1.40572e-11 -8.50688e-10 0)
(-5.66847e-12 -8.23247e-10 0)
(7.25091e-12 -9.05692e-10 0)
(1.79528e-12 -9.18981e-10 0)
(-3.94851e-13 -9.03929e-10 0)
(1.14515e-11 -9.03679e-10 0)
(1.79149e-11 -8.9181e-10 0)
(5.01384e-12 -1.18351e-09 0)
(-1.58785e-10 -2.04089e-09 0)
(4.83174e-12 -9.70661e-10 0)
(3.37591e-11 -1.10618e-09 0)
(0 0 0)
(0 0 0)
(-1.63715e-11 -8.86969e-10 0)
(-3.54557e-11 -8.67258e-10 0)
(-1.85657e-11 -9.37432e-10 0)
(-1.0619e-12 -9.99998e-11 0)
(-7.77761e-12 -7.16061e-10 0)
(-2.90325e-11 -9.47564e-10 0)
(-3.5952e-11 -9.52169e-10 0)
(-4.00844e-11 -9.7324e-10 0)
(0 0 0)
(-3.08069e-11 -9.1652e-10 0)
(-9.10392e-11 -9.25376e-10 0)
(0 0 0)
(0 0 0)
(-5.71775e-12 -1.23466e-09 0)
(0 0 0)
(0 0 0)
(0 0 0)
(2.70136e-11 -9.2237e-10 0)
(-5.7074e-09 5.04472e-08 0)
(6.7729e-10 2.45754e-09 0)
(4.40843e-10 -8.01243e-10 0)
(-6.83313e-11 -8.97599e-10 0)
(0 0 0)
(3.33824e-11 -1.06063e-09 0)
(9.67691e-12 -9.49704e-10 0)
(-2.00207e-12 -9.3617e-10 0)
(5.15706e-11 -9.33685e-10 0)
(3.17806e-11 -1.00329e-09 0)
(3.40845e-11 -9.34634e-10 0)
(8.85932e-11 -2.11264e-09 0)
(6.67334e-11 -9.07541e-10 0)
(7.07192e-11 -9.88299e-10 0)
(-2.40747e-11 -1.01298e-09 0)
(-3.95887e-11 -8.56729e-10 0)
(-9.8951e-13 -8.44074e-10 0)
(4.68142e-11 -9.04778e-10 0)
(-1.90963e-12 -9.59824e-10 0)
(-1.95311e-11 -8.96473e-10 0)
(-1.50098e-11 -9.54635e-10 0)
(0 0 0)
(0 0 0)
(0 0 0)
(1.2533e-11 -9.97219e-10 0)
(-1.18461e-11 -9.85476e-10 0)
(0 0 0)
(0 0 0)
(0 0 0)
(0 0 0)
(6.36043e-12 -8.88778e-10 0)
(6.18391e-13 -2.00029e-09 0)
(-6.14722e-11 -8.6363e-10 0)
(-7.3515e-11 -2.71593e-09 0)
(4.7251e-11 -1.02692e-09 0)
(0 0 0)
(4.91746e-11 -9.49516e-10 0)
(3.17014e-11 -9.64753e-10 0)
(6.71328e-11 -2.13465e-09 0)
(-1.72076e-12 -9.98328e-10 0)
(-3.11007e-11 -9.71748e-10 0)
(-4.18012e-11 -1.07576e-09 0)
(-2.97251e-11 -1.21869e-09 0)
(0 0 0)
(4.3382e-11 -2.27178e-09 0)
(1.98162e-11 -9.08021e-10 0)
(-5.24802e-12 -9.77509e-10 0)
(-9.48129e-12 -9.20919e-10 0)
(-1.83427e-11 -9.07038e-10 0)
(-3.16079e-11 -9.02166e-10 0)
(-4.6103e-11 -9.09191e-10 0)
(-5.44677e-11 -2.55272e-09 0)
(-9.30447e-12 -9.29683e-10 0)
(1.67356e-11 -8.82917e-10 0)
(3.37675e-11 -1.05154e-09 0)
(1.28299e-10 -2.12494e-09 0)
(-6.86391e-12 -2.2592e-09 0)
(0 0 0)
(-4.20465e-11 -8.20652e-10 0)
(-4.23221e-11 -8.32834e-10 0)
(-9.10435e-12 -8.88839e-10 0)
(-6.7602e-12 -9.34908e-10 0)
(0 0 0)
(1.00792e-11 -9.40978e-10 0)
(-5.01942e-11 -9.48726e-10 0)
(-2.83561e-11 -9.5272e-10 0)
(-1.11175e-11 -9.35649e-10 0)
(0 0 0)
(-1.57442e-11 -9.06553e-10 0)
(-5.03085e-11 -1.0283e-09 0)
(-6.76714e-11 -1.07502e-09 0)
(0 0 0)
(2.54237e-11 -1.00308e-09 0)
(5.36687e-11 -9.32678e-10 0)
(3.13151e-11 -1.00173e-09 0)
(2.39233e-09 3.71845e-08 0)
(1.40049e-09 3.1291e-09 0)
(3.01286e-11 -3.64079e-10 0)
(0 0 0)
(1.1232e-10 -1.02172e-09 0)
(6.06409e-11 -1.02244e-09 0)
(6.05625e-12 -1.03201e-09 0)
(-1.2561e-11 -9.94102e-10 0)
(3.19414e-11 -9.88619e-10 0)
(1.38143e-11 -9.55173e-10 0)
(-1.2604e-11 -9.17167e-10 0)
(-3.4956e-11 -8.90003e-10 0)
(-9.48644e-12 -8.75492e-10 0)
(7.94673e-12 -2.49079e-09 0)
(4.41057e-11 -9.29267e-10 0)
(7.90438e-12 -7.64077e-10 0)
(-5.64912e-12 -8.70734e-10 0)
(1.34063e-11 -1.18893e-09 0)
(0 0 0)
(4.6102e-13 -9.37072e-10 0)
(0 0 0)
(0 0 0)
(2.38872e-11 -9.95626e-10 0)
(3.90607e-11 -1.18874e-09 0)
(0 0 0)
(2.62059e-11 -9.93665e-10 0)
(3.78554e-11 -9.18228e-10 0)
(4.47168e-11 -9.35486e-10 0)
(4.22656e-11 -9.1587e-10 0)
(3.87068e-11 -1.97656e-09 0)
(4.29954e-11 -1.91255e-09 0)
(-3.74603e-11 -9.34331e-10 0)
(0 0 0)
(-4.55775e-11 -1.08551e-09 0)
(9.27465e-11 -9.74594e-10 0)
(1.01249e-10 -9.25367e-10 0)
(5.31133e-11 -9.36819e-10 0)
(6.28983e-11 -9.32646e-10 0)
(3.83344e-11 -9.86212e-10 0)
(0 0 0)
(-2.97738e-11 -9.33957e-10 0)
(-9.31901e-11 -1.01241e-09 0)
(-2.00648e-11 -1.33035e-09 0)
(2.59618e-11 -1.15017e-09 0)
(0 0 0)
(4.35144e-12 -9.30551e-10 0)
(-3.76515e-11 -9.79471e-10 0)
(0 0 0)
(-1.88429e-11 -9.62586e-10 0)
(0 0 0)
(0 0 0)
(-2.20445e-11 -1.11637e-09 0)
(7.10629e-11 -9.74816e-10 0)
(6.72312e-11 -9.00385e-10 0)
(7.4535e-11 -9.65046e-10 0)
(-1.15338e-10 -1.11989e-09 0)
(-3.16189e-11 -1.0096e-09 0)
(-3.12452e-12 -9.39074e-10 0)
(-7.51963e-11 -2.09875e-09 0)
(0 0 0)
(8.12362e-13 -9.24536e-10 0)
(-1.08955e-11 -9.35885e-10 0)
(0 0 0)
(1.34254e-11 -9.40077e-10 0)
(0 0 0)
(0 0 0)
(-1.91318e-11 -9.63412e-10 0)
(-4.67578e-12 -9.26595e-10 0)
(-3.25221e-11 -2.10277e-09 0)
(-4.91739e-11 -9.23078e-10 0)
(-6.42921e-11 -1.00833e-09 0)
(-7.73097e-12 -1.01618e-09 0)
(1.19068e-11 -9.26902e-10 0)
(4.95102e-11 -9.18881e-10 0)
(-6.57668e-11 -2.41901e-09 0)
(9.78436e-09 4.29628e-08 0)
(7.29525e-10 2.27554e-09 0)
(4.46047e-10 -1.9259e-10 0)
(7.19822e-11 -8.81262e-10 0)
(6.8297e-11 -1.0493e-09 0)
(9.00137e-12 -9.74719e-10 0)
(1.02899e-11 -9.77563e-10 0)
(2.15826e-11 -9.94747e-10 0)
(2.10957e-11 -9.7699e-10 0)
(7.13476e-12 -9.88958e-10 0)
(-2.68335e-11 -9.61169e-10 0)
(-3.53272e-11 -9.48932e-10 0)
(-4.00357e-11 -9.68151e-10 0)
(-4.60612e-11 -1.0251e-09 0)
(3.41544e-11 -1.00761e-09 0)
(3.07181e-11 -8.64493e-10 0)
(-2.00931e-11 -8.12477e-10 0)
(2.00311e-11 -1.17192e-09 0)
(0 0 0)
(0 0 0)
(8.10048e-11 -9.56832e-10 0)
(0 0 0)
(-1.8149e-11 -2.16517e-09 0)
(-2.54952e-11 -1.0434e-09 0)
(5.86521e-11 -1.32812e-09 0)
(1.03581e-10 -1.79325e-09 0)
(3.13121e-11 -8.76995e-10 0)
(5.45339e-11 -1.91317e-09 0)
(3.79876e-11 -1.91608e-09 0)
(-3.08245e-11 -8.34089e-10 0)
(3.68685e-11 -8.71008e-10 0)
(0 0 0)
(-2.36024e-11 -9.14755e-10 0)
(-3.94585e-12 -9.55997e-10 0)
(2.05878e-11 -8.84703e-10 0)
(1.71894e-10 -2.02057e-09 0)
(4.75743e-11 -8.27642e-10 0)
(4.31822e-11 -8.73256e-10 0)
(2.11465e-11 -8.92158e-10 0)
(3.2683e-11 -1.00067e-09 0)
(0 0 0)
(0 0 0)
(0 0 0)
(-5.42234e-12 -1.22228e-09 0)
(2.71008e-11 -1.04242e-09 0)
(3.81058e-11 -9.53676e-10 0)
(-2.40653e-12 -9.61789e-10 0)
(1.34753e-11 -9.76e-10 0)
(0 0 0)
(-1.64117e-11 -9.78602e-10 0)
(-4.54448e-11 -1.01327e-09 0)
(-3.72828e-11 -9.69097e-10 0)
(5.23806e-12 -9.32379e-10 0)
(6.61051e-11 -9.21097e-10 0)
(1.033e-10 -2.85433e-09 0)
(-8.51733e-11 -1.12565e-09 0)
(-6.88037e-12 -1.01672e-09 0)
(-1.18841e-10 -2.22789e-09 0)
(-4.18883e-11 -8.33748e-10 0)
(-7.63593e-12 -8.16588e-10 0)
(-4.44604e-12 -1.99376e-09 0)
(9.81805e-12 -7.72818e-10 0)
(2.19242e-11 -8.56051e-10 0)
(1.96562e-11 -9.45361e-10 0)
(1.41095e-11 -9.68006e-10 0)
(0 0 0)
(-1.02305e-11 -9.55607e-10 0)
(-3.3085e-11 -9.45493e-10 0)
(-3.83786e-11 -9.07598e-10 0)
(-7.24637e-11 -1.81272e-09 0)
(-5.13342e-11 -1.14052e-09 0)
(-1.51293e-11 -9.20773e-10 0)
(6.10577e-12 -8.92573e-10 0)
(-4.18744e-11 -9.69355e-10 0)
(-6.17706e-11 -9.97528e-10 0)
(-1.52545e-09 1.73118e-08 0)
(-2.83556e-10 -6.06083e-10 0)
(2.0027e-10 -4.74142e-10 0)
(9.69916e-11 -9.11852e-10 0)
(8.52467e-11 -1.04007e-09 0)
(1.76935e-11 -9.97846e-10 0)
(1.95525e-11 -9.15e-10 0)
(2.27885e-11 -9.22864e-10 0)
(1.65786e-11 -9.34851e-10 0)
(3.89723e-12 -2.18098e-09 0)
(3.36733e-12 -9.41558e-10 0)
(0 0 0)
(-4.20141e-11 -9.54561e-10 0)
(-1.18993e-11 -1.00428e-09 0)
(1.41828e-11 -2.98277e-10 0)
(1.99078e-11 -3.9197e-10 0)
(6.27614e-12 -9.16255e-10 0)
(8.25956e-12 -1.73706e-09 0)
(6.22943e-12 -1.69926e-10 0)
(1.14552e-10 -9.48422e-10 0)
(7.98509e-11 -9.47957e-10 0)
(8.28389e-11 -1.06743e-09 0)
(-3.16969e-11 -1.09502e-09 0)
(-4.56532e-11 -9.93127e-10 0)
(7.07997e-11 -2.16567e-09 0)
(6.65921e-11 -1.37851e-09 0)
(2.41682e-11 -1.34041e-09 0)
(4.21261e-11 -7.76539e-10 0)
(3.11807e-11 -9.10241e-10 0)
(3.42699e-11 -9.50529e-10 0)
(0 0 0)
(-5.5564e-11 -2.16222e-09 0)
(-1.16902e-11 -9.03032e-10 0)
(-1.66973e-11 -2.00659e-09 0)
(-1.70727e-11 -1.91333e-09 0)
(1.70567e-11 -1.95042e-09 0)
(2.93936e-11 -7.91294e-10 0)
(8.47914e-11 -1.91515e-09 0)
(-4.10384e-11 -8.31361e-10 0)
(-4.93643e-11 -1.21038e-09 0)
(0 0 0)
(-1.5731e-10 -2.12997e-09 0)
(-5.30142e-12 -1.28828e-09 0)
(0 0 0)
(0 0 0)
(1.36704e-10 -2.10674e-09 0)
(0 0 0)
(-2.10835e-11 -9.24985e-10 0)
(1.3129e-11 -9.20559e-10 0)
(3.27988e-11 -9.46511e-10 0)
(-3.42305e-11 -9.42862e-10 0)
(-7.07135e-11 -9.10712e-10 0)
(-5.92053e-11 -2.00164e-09 0)
(0 0 0)
(-3.44723e-11 -1.27973e-09 0)
(1.67594e-13 -6.9067e-12 0)
(5.69451e-11 -2.61635e-09 0)
(-1.66521e-11 -9.45819e-10 0)
(-1.23586e-13 -8.21808e-10 0)
(2.59195e-11 -7.78089e-10 0)
(6.57895e-12 -8.87149e-10 0)
(1.62612e-11 -8.60587e-10 0)
(-4.67844e-12 -8.81445e-10 0)
(1.74587e-11 -9.14951e-10 0)
(1.07841e-11 -9.02291e-10 0)
(3.33967e-12 -8.85026e-10 0)
(-3.28714e-11 -9.98398e-10 0)
(-3.58083e-11 -9.34445e-10 0)
(-5.02337e-11 -9.51377e-10 0)
(-7.43988e-11 -9.54469e-10 0)
(-9.13478e-11 -9.86365e-10 0)
(-7.02304e-11 -9.86732e-10 0)
(-6.60057e-11 -9.52795e-10 0)
(-2.89515e-11 -9.64989e-10 0)
(-3.35588e-11 -9.68027e-10 0)
(-1.43513e-08 4.08198e-08 0)
(-8.13446e-10 5.43786e-10 0)
(-1.17909e-10 -3.13029e-10 0)
(-1.13273e-11 -7.86088e-10 0)
(1.2613e-10 -2.57034e-09 0)
(1.76412e-11 -9.49224e-10 0)
(4.25662e-11 -8.4155e-10 0)
(1.07152e-10 -1.99753e-09 0)
(1.19537e-11 -9.1331e-10 0)
(-2.66669e-11 -9.09507e-10 0)
(0 0 0)
(1.35982e-11 -8.82989e-10 0)
(-2.96967e-11 -9.48158e-10 0)
(1.60924e-11 -1.0265e-09 0)
(0 0 0)
(1.68303e-11 -9.60169e-10 0)
(0 0 0)
(4.37423e-11 -9.61539e-10 0)
(7.46988e-11 -9.48763e-10 0)
(3.35978e-11 -9.10489e-10 0)
(1.6662e-11 -8.73227e-10 0)
(2.32753e-11 -2.59454e-09 0)
(1.50524e-11 -4.934e-10 0)
(5.01713e-12 -1.55465e-10 0)
(-2.71364e-11 -9.0893e-10 0)
(-5.20108e-12 -2.09508e-09 0)
(-8.713e-12 -8.55667e-10 0)
(8.15513e-12 -8.61302e-10 0)
(6.33182e-12 -9.19074e-10 0)
(-1.47329e-11 -9.63727e-10 0)
(2.44125e-11 -1.01549e-09 0)
(-5.09394e-11 -1.09457e-09 0)
(-6.62564e-11 -9.69766e-10 0)
(-5.94781e-11 -2.12922e-09 0)
(-5.7609e-11 -8.09158e-10 0)
(-9.26111e-11 -1.88726e-09 0)
(-5.51295e-12 -1.97638e-09 0)
(-3.46157e-11 -2.10138e-09 0)
(-3.41315e-11 -8.47443e-10 0)
(-1.20987e-10 -2.21515e-09 0)
(2.59708e-11 -9.56735e-10 0)
(-3.94914e-11 -1.0049e-09 0)
(-4.23412e-11 -9.55584e-10 0)
(4.38158e-11 -2.06344e-09 0)
(1.67843e-10 -1.78148e-09 0)
(8.12473e-11 -9.62862e-10 0)
(1.5996e-10 -1.99171e-09 0)
(-1.45009e-11 -8.74798e-10 0)
(2.08318e-11 -1.87081e-09 0)
(6.99548e-11 -2.12115e-09 0)
(-2.05291e-11 -8.90606e-10 0)
(-2.22926e-11 -9.35639e-10 0)
(0 0 0)
(-1.00822e-10 -8.60529e-10 0)
(-8.44803e-11 -9.97438e-10 0)
(0 0 0)
(-1.41864e-11 -9.99584e-10 0)
(1.42518e-10 -1.58864e-09 0)
(3.55876e-11 -5.33378e-10 0)
(4.26664e-11 -2.99408e-09 0)
(-9.47214e-12 -1.8242e-09 0)
(-1.64438e-11 -7.65361e-10 0)
(1.60156e-11 -7.71694e-10 0)
(5.62175e-11 -1.90408e-09 0)
(-3.169e-11 -8.04382e-10 0)
(-1.2498e-11 -8.72977e-10 0)
(-5.57964e-11 -1.94671e-09 0)
(-2.52081e-11 -9.42025e-10 0)
(-5.55874e-11 -9.3795e-10 0)
(0 0 0)
(-6.355e-11 -1.05246e-09 0)
(0 0 0)
(-4.3963e-11 -9.23419e-10 0)
(-1.12785e-12 -9.72393e-10 0)
(0 0 0)
(-1.8606e-08 3.06298e-08 0)
(-1.15506e-09 1.73311e-09 0)
(-5.49017e-11 -7.67048e-10 0)
(-4.51181e-11 -9.9973e-10 0)
(-2.28338e-11 -1.05783e-09 0)
(4.36322e-11 -1.01844e-09 0)
(1.71179e-11 -9.54278e-10 0)
(-4.60883e-12 -1.50762e-09 0)
(3.9154e-11 -1.42551e-09 0)
(0 0 0)
(-3.34145e-12 -9.11836e-10 0)
(4.45986e-12 -9.85096e-10 0)
(0 0 0)
(2.68577e-11 -9.66166e-10 0)
(1.67402e-11 -9.69737e-10 0)
(0 0 0)
(-9.19466e-12 -1.94114e-09 0)
(3.46656e-11 -9.91116e-10 0)
(1.51847e-11 -9.86882e-10 0)
(2.79279e-12 -9.33657e-10 0)
(-1.59818e-11 -8.90799e-10 0)
(-2.48847e-11 -1.06136e-09 0)
(0 0 0)
(6.50327e-12 -3.4272e-10 0)
(6.37097e-12 -3.48781e-10 0)
(-1.63021e-12 -9.57744e-10 0)
(4.71073e-12 -9.36222e-10 0)
(-3.53722e-11 -9.11226e-10 0)
(-4.91375e-11 -8.87384e-10 0)
(-3.47746e-11 -8.84116e-10 0)
(-7.51639e-11 -2.55267e-09 0)
(-4.84778e-12 -1.0236e-09 0)
(0 0 0)
(-4.07217e-11 -8.61699e-10 0)
(-6.66395e-11 -9.38388e-10 0)
(-6.63117e-11 -9.25801e-10 0)
(-7.03144e-11 -9.13634e-10 0)
(-2.81774e-11 -1.03202e-09 0)
(-4.98103e-11 -1.08032e-09 0)
(2.55736e-11 -1.09763e-09 0)
(-2.12816e-11 -1.10798e-09 0)
(-5.54441e-12 -8.405e-11 0)
(-5.58192e-11 -8.16767e-10 0)
(-1.09473e-11 -9.44303e-10 0)
(-1.67487e-11 -9.32464e-10 0)
(-4.8141e-11 -8.92323e-10 0)
(2.71579e-11 -3.93348e-09 0)
(4.2976e-11 -1.71613e-09 0)
(4.71403e-11 -7.85987e-10 0)
(5.76749e-12 -1.11917e-09 0)
(0 0 0)
(2.01652e-12 -1.96722e-09 0)
(-5.25422e-11 -8.97299e-10 0)
(-2.52029e-11 -9.09135e-10 0)
(3.57454e-11 -1.01721e-09 0)
(0 0 0)
(-5.31788e-12 -9.85363e-10 0)
(3.20954e-12 -2.58577e-09 0)
(1.96625e-11 -9.34176e-10 0)
(2.11599e-11 -7.80389e-10 0)
(3.04232e-11 -1.62766e-09 0)
(5.42686e-11 -1.70063e-09 0)
(1.5182e-10 -1.70515e-09 0)
(8.92019e-11 -1.94215e-09 0)
(2.72698e-12 -8.5955e-10 0)
(-2.33156e-11 -9.05504e-10 0)
(-2.42997e-11 -9.08996e-10 0)
(-1.11628e-10 -1.96218e-09 0)
(0 0 0)
(-2.82038e-11 -1.17934e-09 0)
(0 0 0)
(-6.70274e-12 -9.58917e-10 0)
(0 0 0)
(2.30179e-11 -1.9844e-09 0)
(3.32797e-11 -9.07762e-10 0)
(-8.52196e-09 6.65611e-08 0)
(-9.49203e-10 3.54902e-09 0)
(1.50209e-10 -2.1331e-10 0)
(-9.61973e-11 -1.74819e-09 0)
(-9.1959e-12 -9.51403e-10 0)
(-2.13379e-11 -8.97367e-10 0)
(1.02762e-10 -2.14606e-09 0)
(1.40502e-11 -9.1297e-10 0)
(-2.70261e-12 -8.89783e-10 0)
(4.0378e-11 -9.3763e-10 0)
(4.34083e-11 -9.47657e-10 0)
(5.08942e-11 -9.45102e-10 0)
(6.59513e-11 -9.62972e-10 0)
(6.3946e-11 -9.48606e-10 0)
(6.12718e-11 -9.85782e-10 0)
(0 0 0)
(8.32364e-12 -9.81959e-10 0)
(1.24473e-11 -9.91276e-10 0)
(2.3971e-11 -9.49915e-10 0)
(5.33969e-11 -8.86255e-10 0)
(1.19942e-11 -9.00138e-10 0)
(0 0 0)
(6.85467e-11 -9.964e-10 0)
(4.83303e-11 -1.01652e-09 0)
(0 0 0)
(0 0 0)
(-1.0664e-10 -3.49623e-09 0)
(-4.36379e-11 -8.10343e-10 0)
(0 0 0)
(-3.84442e-11 -9.6146e-10 0)
(-3.80661e-11 -1.03956e-09 0)
(0 0 0)
(1.45827e-11 -9.68869e-10 0)
(0 0 0)
(-7.21088e-11 -9.13778e-10 0)
(-8.20885e-11 -9.24583e-10 0)
(-9.76269e-11 -9.26246e-10 0)
(-4.28329e-11 -1.134e-09 0)
(0 0 0)
(4.05211e-11 -1.2024e-09 0)
(0 0 0)
(-8.375e-11 -1.60637e-09 0)
(-1.71821e-11 -4.09825e-10 0)
(0 0 0)
(1.56281e-13 -9.29081e-10 0)
(0 0 0)
(0 0 0)
(5.60924e-11 -1.03618e-09 0)
(0 0 0)
(0 0 0)
(4.17954e-11 -1.05854e-09 0)
(0 0 0)
(-6.74094e-12 -1.47329e-10 0)
(-3.457e-11 -7.79637e-10 0)
(-2.41892e-11 -9.44026e-10 0)
(7.26892e-11 -2.69273e-09 0)
(0 0 0)
(0 0 0)
(0 0 0)
(0 0 0)
(5.02291e-11 -8.70466e-10 0)
(2.43279e-11 -8.20725e-10 0)
(6.94953e-11 -1.82849e-09 0)
(1.31631e-10 -1.9393e-09 0)
(4.93083e-11 -8.85502e-10 0)
(-9.20961e-11 -9.99431e-10 0)
(-5.72064e-11 -9.23065e-10 0)
(-1.15259e-10 -1.00828e-09 0)
(0 0 0)
(-8.52794e-11 -9.6519e-10 0)
(0 0 0)
(6.4526e-11 -1.85086e-09 0)
(0 0 0)
(2.80389e-11 -1.0138e-09 0)
(2.49216e-11 -1.02152e-09 0)
(5.64588e-08 7.06439e-08 0)
(2.51071e-09 5.32603e-09 0)
(6.93302e-11 -1.41671e-10 0)
(-8.53441e-12 -9.11765e-10 0)
(2.53332e-12 -9.0934e-10 0)
(0 0 0)
(1.61444e-11 -9.22095e-10 0)
(3.93912e-12 -9.59284e-10 0)
(1.06891e-11 -9.51472e-10 0)
(2.08643e-11 -1.28335e-09 0)
(4.44092e-11 -1.49515e-09 0)
(5.52366e-11 -9.1407e-10 0)
(6.47079e-11 -9.19069e-10 0)
(1.04687e-10 -2.08335e-09 0)
(8.79289e-11 -8.68897e-10 0)
(5.6087e-12 -2.0944e-09 0)
(7.59393e-12 -8.62694e-10 0)
(3.7426e-11 -9.14549e-10 0)
(1.69718e-11 -8.9258e-10 0)
(2.58333e-11 -2.17846e-09 0)
(2.31161e-11 -8.58482e-10 0)
(5.49467e-11 -9.04724e-10 0)
(6.39869e-11 -9.01301e-10 0)
(0 0 0)
(1.27343e-10 -2.16589e-09 0)
(1.75525e-11 -1.02183e-09 0)
(-9.74911e-11 -1.08472e-09 0)
(-2.88446e-11 -9.01446e-10 0)
(-9.40307e-11 -1.88197e-09 0)
(-1.82018e-11 -8.58062e-10 0)
(0 0 0)
(7.30355e-11 -2.15026e-09 0)
(0 0 0)
(-1.09342e-10 -3.55376e-09 0)
(0 0 0)
(-3.92402e-11 -9.27025e-10 0)
(0 0 0)
(0 0 0)
(-1.32778e-11 -1.00378e-09 0)
(-7.01654e-11 -9.48122e-10 0)
(9.71748e-11 -2.83494e-09 0)
(0 0 0)
(2.89131e-11 -9.06265e-10 0)
(3.24788e-11 -8.76824e-10 0)
(7.35098e-11 -2.02555e-09 0)
(0 0 0)
(5.33142e-13 -1.07113e-09 0)
(2.462e-13 -4.62107e-11 0)
(4.12095e-12 -8.89856e-10 0)
(-2.13533e-11 -9.75045e-10 0)
(-4.96687e-12 -9.93563e-10 0)
(3.03949e-11 -1.02745e-09 0)
(-6.41135e-11 -1.07718e-09 0)
(-2.41144e-11 -9.91426e-10 0)
(-2.58206e-10 -2.08155e-09 0)
(-1.85046e-10 -2.04181e-09 0)
(1.15295e-10 -2.28003e-09 0)
(9.88379e-11 -2.17951e-09 0)
(5.57794e-11 -8.66765e-10 0)
(5.76064e-11 -1.92858e-09 0)
(-6.57243e-11 -1.83439e-09 0)
(4.68145e-11 -1.49892e-09 0)
(-1.40868e-11 -5.98387e-10 0)
(-6.63008e-11 -3.62514e-09 0)
(-6.70249e-11 -2.55727e-09 0)
(-8.02102e-11 -8.77474e-10 0)
(-6.26919e-11 -1.01537e-09 0)
(0 0 0)
(-6.97972e-11 -9.05416e-10 0)
(-4.9268e-11 -9.40492e-10 0)
(0 0 0)
(-3.50486e-11 -8.83906e-10 0)
(-5.75405e-11 -9.89244e-10 0)
(-9.20951e-11 -8.26487e-10 0)
(-3.42842e-11 -1.97381e-09 0)
(2.07121e-08 1.98545e-08 0)
(4.98921e-09 -3.24777e-09 0)
(-6.31629e-10 -5.21546e-10 0)
(-3.68853e-11 -9.23823e-10 0)
(-8.08524e-11 -2.09205e-09 0)
(-3.58124e-11 -1.92529e-09 0)
(0 0 0)
(5.01661e-11 -9.17479e-10 0)
(1.92463e-11 -9.33864e-10 0)
(3.32587e-12 -9.89435e-10 0)
(0 0 0)
(8.90816e-11 -9.63397e-10 0)
(6.74791e-11 -9.30985e-10 0)
(8.36701e-11 -9.4994e-10 0)
(6.36154e-11 -9.22033e-10 0)
(-6.84174e-11 -2.16061e-09 0)
(-9.7622e-12 -8.65875e-10 0)
(-3.58376e-11 -1.98067e-09 0)
(2.80605e-12 -8.35086e-10 0)
(1.73515e-11 -8.36009e-10 0)
(3.1874e-11 -8.68932e-10 0)
(5.82352e-11 -9.12423e-10 0)
(2.18004e-11 -8.83454e-10 0)
(2.20143e-11 -8.88876e-10 0)
(2.24099e-11 -1.46485e-09 0)
(-6.26982e-11 -2.11124e-09 0)
(0 0 0)
(4.89642e-12 -8.39699e-10 0)
(-1.93605e-11 -8.79298e-10 0)
(-1.21325e-11 -8.27225e-10 0)
(1.95505e-12 -8.83057e-10 0)
(-1.12403e-11 -9.12709e-10 0)
(4.25116e-11 -9.75799e-10 0)
(-8.90542e-11 -1.09805e-09 0)
(-2.55296e-11 -9.10382e-10 0)
(-2.67866e-11 -9.36175e-10 0)
(0 0 0)
(-7.59765e-11 -1.02889e-09 0)
(0 0 0)
(-4.53118e-11 -1.0095e-09 0)
(0 0 0)
(0 0 0)
(5.91178e-11 -9.55405e-10 0)
(7.39597e-12 -2.04424e-09 0)
(8.4153e-12 -7.91021e-10 0)
(1.01507e-10 -8.83771e-10 0)
(7.69552e-11 -9.78906e-10 0)
(-3.43018e-11 -8.48236e-10 0)
(-2.15214e-11 -8.06093e-10 0)
(-1.73652e-11 -1.02395e-09 0)
(0 0 0)
(-1.96042e-11 -1.11368e-09 0)
(-1.23573e-12 -9.1757e-10 0)
(-6.96989e-11 -9.46887e-10 0)
(0 0 0)
(1.18267e-11 -8.44332e-10 0)
(-6.51451e-11 -2.12166e-09 0)
(-1.90573e-11 -2.02751e-09 0)
(6.67958e-11 -1.47851e-09 0)
(-3.59194e-11 -1.13635e-09 0)
(-3.63908e-11 -7.08785e-10 0)
(6.59475e-12 -5.95296e-10 0)
(-2.44021e-11 -7.43663e-10 0)
(-9.82311e-11 -7.67812e-10 0)
(-6.41586e-11 -2.41511e-09 0)
(1.81036e-11 -9.47847e-10 0)
(-5.68401e-11 -2.15703e-09 0)
(2.99494e-11 -9.44568e-10 0)
(2.56989e-11 -9.03264e-10 0)
(8.55405e-12 -8.78877e-10 0)
(-3.57488e-12 -9.06177e-10 0)
(-5.46582e-11 -1.01785e-09 0)
(-2.82005e-11 -9.38094e-10 0)
(-3.2308e-11 -7.0575e-10 0)
(-3.71601e-11 -7.66352e-10 0)
(-2.33155e-08 2.33843e-08 0)
(1.84844e-10 -7.7112e-11 0)
(-5.65022e-10 -9.50189e-10 0)
(-7.40114e-11 -9.22976e-10 0)
(-4.31203e-11 -9.57335e-10 0)
(4.94038e-12 -2.12944e-09 0)
(3.30444e-11 -8.22114e-10 0)
(2.59736e-11 -9.15613e-10 0)
(2.74453e-11 -9.5794e-10 0)
(0 0 0)
(0 0 0)
(-9.14844e-13 -2.05117e-09 0)
(3.67125e-11 -8.55836e-10 0)
(5.13425e-11 -9.13941e-10 0)
(7.88961e-11 -2.58434e-09 0)
(-4.30614e-11 -9.95672e-10 0)
(7.6348e-12 -8.45321e-10 0)
(-2.26894e-11 -8.37943e-10 0)
(1.64978e-11 -8.54398e-10 0)
(9.27195e-12 -9.24098e-10 0)
(8.96237e-12 -8.63813e-10 0)
(5.94412e-12 -1.94866e-09 0)
(-1.68755e-11 -8.63461e-10 0)
(5.17335e-12 -8.15171e-10 0)
(-4.27772e-11 -1.11336e-09 0)
(1.89628e-11 -5.12059e-10 0)
(6.07455e-11 -1.20318e-09 0)
(1.28261e-11 -8.67688e-10 0)
(0 0 0)
(2.31278e-12 -8.43844e-10 0)
(1.00603e-11 -9.05061e-10 0)
(0 0 0)
(2.05253e-12 -1.19142e-09 0)
(0 0 0)
(0 0 0)
(-5.04702e-12 -1.8844e-09 0)
(-4.18612e-11 -8.41103e-10 0)
(-2.38812e-11 -2.31858e-09 0)
(-3.62493e-11 -8.94434e-10 0)
(-5.47705e-11 -9.11898e-10 0)
(-3.03113e-12 -2.21213e-09 0)
(4.85306e-11 -2.00256e-09 0)
(3.50365e-11 -7.92239e-10 0)
(-5.60172e-11 -8.41367e-10 0)
(1.42997e-11 -8.17125e-10 0)
(2.01309e-12 -7.57766e-10 0)
(8.50857e-12 -2.46594e-09 0)
(-1.19248e-11 -8.83703e-10 0)
(5.01691e-12 -8.3019e-10 0)
(-1.94428e-11 -1.85193e-09 0)
(1.89374e-12 -1.80372e-09 0)
(-2.95241e-11 -3.42296e-09 0)
(-2.37161e-12 -8.56358e-10 0)
(1.14588e-10 -2.01035e-09 0)
(-3.13829e-11 -9.1934e-10 0)
(-2.51116e-11 -9.52779e-10 0)
(-4.57693e-11 -9.61823e-10 0)
(-1.16062e-11 -9.56636e-10 0)
(-3.88133e-12 -9.91454e-10 0)
(0 0 0)
(-3.49115e-11 -9.10671e-10 0)
(-9.4876e-12 -9.42374e-10 0)
(0 0 0)
(-5.9008e-11 -9.75651e-10 0)
(0 0 0)
(9.18896e-12 -1.12848e-09 0)
(0 0 0)
(5.70238e-11 -3.31669e-09 0)
(2.47597e-11 -1.97189e-09 0)
(3.50372e-11 -8.22392e-10 0)
(1.72193e-11 -8.22252e-10 0)
(1.20562e-11 -9.13338e-10 0)
(3.68395e-12 -9.68958e-10 0)
(0 0 0)
(0 0 0)
(-7.92207e-09 3.63441e-08 0)
(-8.4372e-10 -6.94839e-10 0)
(-7.3628e-10 -1.13223e-09 0)
(-1.68933e-10 -6.88663e-10 0)
(-1.11713e-11 -9.74095e-10 0)
(2.26444e-11 -9.15849e-10 0)
(7.1429e-11 -2.13747e-09 0)
(1.60297e-11 -8.93296e-10 0)
(-1.88756e-11 -8.89966e-10 0)
(1.23597e-11 -9.82605e-10 0)
(-4.5911e-12 -8.65766e-10 0)
(-6.26079e-11 -8.25042e-10 0)
(-4.59977e-11 -1.96937e-09 0)
(-4.36978e-11 -8.80369e-10 0)
(-4.18364e-11 -9.76427e-10 0)
(-2.48041e-12 -1.4025e-09 0)
(2.77046e-11 -1.6378e-09 0)
(1.54633e-11 -7.85373e-10 0)
(4.02346e-12 -9.71346e-10 0)
(0 0 0)
(1.93384e-11 -9.20758e-10 0)
(2.57217e-12 -9.11197e-10 0)
(-2.30504e-11 -9.03425e-10 0)
(-3.47433e-11 -9.01253e-10 0)
(-2.14699e-10 -2.33654e-09 0)
(5.32706e-11 -1.04223e-09 0)
(0 0 0)
(5.9713e-11 -2.11518e-09 0)
(3.3478e-11 -8.69126e-10 0)
(2.8877e-11 -8.55947e-10 0)
(1.40671e-11 -9.27955e-10 0)
(0 0 0)
(2.33797e-11 -2.34507e-09 0)
(2.25939e-11 -1.07854e-09 0)
(0 0 0)
(5.05098e-11 -8.82571e-10 0)
(5.20247e-11 -1.0395e-09 0)
(-3.4472e-11 -1.48511e-09 0)
(-1.52516e-10 -2.03975e-09 0)
(-7.45158e-11 -8.72642e-10 0)
(-6.2485e-11 -8.51777e-10 0)
(1.93653e-12 -8.13843e-10 0)
(7.10534e-12 -1.96569e-09 0)
(0 0 0)
(-4.3969e-11 -8.32992e-10 0)
(-9.74935e-11 -8.74219e-10 0)
(-1.83426e-10 -2.13202e-09 0)
(-5.41557e-11 -1.83122e-09 0)
(-1.92188e-11 -1.06929e-09 0)
(-1.29351e-11 -9.1002e-10 0)
(-1.6506e-11 -9.267e-10 0)
(-2.49089e-11 -9.47799e-10 0)
(3.89712e-13 -9.55739e-10 0)
(1.99117e-11 -9.22363e-10 0)
(2.47085e-11 -9.40095e-10 0)
(1.65808e-11 -9.69682e-10 0)
(-1.64418e-11 -1.00055e-09 0)
(-5.86596e-11 -9.50576e-10 0)
(-4.41561e-11 -9.88116e-10 0)
(0 0 0)
(-3.71016e-12 -9.50667e-10 0)
(-4.55548e-11 -1.00778e-09 0)
(0 0 0)
(-2.47273e-11 -9.94114e-10 0)
(0 0 0)
(0 0 0)
(3.69071e-11 -1.09868e-09 0)
(0 0 0)
(-6.07236e-12 -1.02502e-09 0)
(-7.15818e-12 -9.60809e-10 0)
(6.73795e-13 -8.75445e-10 0)
(-3.09738e-11 -2.13297e-09 0)
(-1.48289e-12 -8.7247e-10 0)
(1.39273e-10 -2.01931e-09 0)
(7.01569e-11 -8.33601e-10 0)
(-6.7391e-09 3.2424e-08 0)
(-1.7718e-09 -5.48779e-10 0)
(-1.41299e-09 -7.36855e-10 0)
(5.28344e-11 -6.74915e-10 0)
(1.04681e-11 -9.35892e-10 0)
(1.90959e-11 -9.50788e-10 0)
(6.24472e-11 -9.22224e-10 0)
(1.00209e-10 -2.30191e-09 0)
(-3.02752e-12 -8.89333e-10 0)
(-5.08401e-11 -2.04263e-09 0)
(-7.0939e-11 -7.74783e-10 0)
(-6.01237e-11 -8.19058e-10 0)
(-6.72304e-11 -8.7957e-10 0)
(-9.56398e-11 -1.54471e-09 0)
(-3.0894e-11 -3.80212e-10 0)
(-3.48102e-11 -9.92198e-10 0)
(-1.28421e-11 -9.40889e-10 0)
(7.88672e-12 -9.31756e-10 0)
(0 0 0)
(4.28139e-11 -8.94694e-10 0)
(2.33732e-11 -2.09872e-09 0)
(3.79496e-11 -9.17092e-10 0)
(0 0 0)
(-1.72142e-12 -9.62283e-10 0)
(-7.42806e-11 -9.93367e-10 0)
(1.70873e-11 -1.02549e-09 0)
(0 0 0)
(3.78101e-11 -9.48012e-10 0)
(4.15788e-11 -9.36292e-10 0)
(2.25835e-11 -9.17532e-10 0)
(2.00667e-11 -9.57965e-10 0)
(0 0 0)
(7.12788e-11 -1.12308e-09 0)
(-1.44944e-11 -1.03337e-09 0)
(-5.75406e-12 -9.67425e-10 0)
(-5.46021e-12 -8.57825e-10 0)
(-1.25906e-10 -2.60518e-09 0)
(1.20891e-11 -1.17518e-09 0)
(0 0 0)
(2.00328e-11 -9.52193e-10 0)
(-8.3292e-12 -9.20571e-10 0)
(2.17688e-11 -8.86795e-10 0)
(7.15714e-12 -9.27697e-10 0)
(-4.40594e-11 -3.20338e-09 0)
(-1.34797e-10 -1.8209e-09 0)
(0 0 0)
(-3.98513e-11 -9.98144e-10 0)
(-3.18087e-11 -9.43636e-10 0)
(-3.93554e-11 -9.22668e-10 0)
(-2.86155e-11 -9.0443e-10 0)
(-1.44228e-11 -1.54453e-09 0)
(-1.99513e-11 -1.33894e-09 0)
(-6.57858e-12 -9.20329e-10 0)
(2.27715e-12 -9.31161e-10 0)
(2.4457e-11 -9.84584e-10 0)
(1.61333e-10 -2.2307e-09 0)
(-6.04736e-11 -1.04684e-09 0)
(-3.37895e-11 -9.72714e-10 0)
(-5.98122e-11 -9.18667e-10 0)
(-8.19278e-12 -9.28491e-10 0)
(-1.8212e-11 -9.48494e-10 0)
(0 0 0)
(0 0 0)
(-2.97485e-12 -1.94725e-09 0)
(5.98476e-12 -9.11681e-10 0)
(4.3333e-11 -2.1896e-09 0)
(0 0 0)
(-7.70202e-12 -1.05359e-09 0)
(-8.84471e-12 -1.57728e-09 0)
(-1.48407e-11 -1.19307e-09 0)
(-2.12689e-12 -1.76842e-10 0)
(3.3892e-12 -1.78878e-09 0)
(-4.93256e-12 -8.73629e-10 0)
(-2.74035e-12 -7.91857e-10 0)
(-7.74978e-11 -2.01548e-09 0)
(-2.3292e-08 3.20803e-08 0)
(-2.67312e-09 -3.30458e-09 0)
(9.72718e-11 -4.20535e-10 0)
(-7.18734e-11 -1.68685e-09 0)
(1.64848e-11 -8.68875e-10 0)
(0 0 0)
(8.37843e-11 -2.04816e-09 0)
(1.64499e-10 -2.50727e-09 0)
(6.24648e-11 -8.85869e-10 0)
(-7.45316e-11 -2.22755e-09 0)
(-3.53463e-12 -8.0436e-10 0)
(0 0 0)
(-4.9654e-12 -8.60068e-10 0)
(-5.98219e-11 -9.05588e-10 0)
(-6.30963e-11 -9.70193e-10 0)
(-3.54873e-11 -9.83323e-10 0)
(0 0 0)
(0 0 0)
(2.87152e-11 -9.71506e-10 0)
(6.97286e-12 -1.05445e-09 0)
(1.47545e-11 -1.66037e-09 0)
(-2.92302e-11 -8.67049e-10 0)
(-2.26903e-11 -2.57014e-09 0)
(0 0 0)
(1.78446e-11 -9.76459e-10 0)
(4.21145e-12 -9.7812e-10 0)
(4.93217e-11 -9.222e-10 0)
(5.67914e-11 -8.58787e-10 0)
(5.5585e-11 -9.13328e-10 0)
(4.51708e-11 -9.06315e-10 0)
(1.66867e-11 -8.78737e-10 0)
(1.44601e-11 -1.00655e-09 0)
(-1.03308e-11 -1.31488e-09 0)
(-3.1976e-11 -1.05275e-09 0)
(-3.78531e-11 -8.0194e-10 0)
(-5.99762e-11 -8.27491e-10 0)
(-9.49453e-11 -9.84866e-10 0)
(0 0 0)
(0 0 0)
(0 0 0)
(5.63851e-12 -9.27527e-10 0)
(1.04861e-11 -9.4233e-10 0)
(0 0 0)
(-5.01403e-11 -8.01888e-10 0)
(-3.74182e-11 -9.65044e-10 0)
(-4.67512e-11 -9.9892e-10 0)
(5.76741e-12 -9.79506e-10 0)
(4.47171e-11 -9.37136e-10 0)
(-6.25748e-12 -1.02675e-09 0)
(-8.94231e-12 -9.7482e-10 0)
(-5.44367e-12 -1.02179e-09 0)
(0 0 0)
(0 0 0)
(0 0 0)
(-7.44533e-12 -1.02994e-09 0)
(1.16251e-11 -1.26553e-09 0)
(0 0 0)
(2.8466e-11 -8.89581e-10 0)
(0 0 0)
(0 0 0)
(-3.82381e-11 -9.12213e-10 0)
(-9.20727e-11 -1.94619e-09 0)
(-6.61613e-11 -2.0073e-09 0)
(-4.40846e-12 -7.3516e-10 0)
(1.31187e-11 -8.86161e-10 0)
(2.8694e-11 -1.90824e-09 0)
(1.14006e-10 -2.54525e-09 0)
(-2.44176e-11 -9.13195e-10 0)
(0 0 0)
(5.4155e-12 -8.89723e-10 0)
(0 0 0)
(-3.1117e-11 -1.00707e-09 0)
(-2.92937e-11 -9.89727e-10 0)
(-3.07028e-11 -9.54771e-10 0)
(0 0 0)
(-2.60227e-09 3.48817e-08 0)
(6.08608e-10 -1.17595e-09 0)
(3.18227e-10 -1.35105e-09 0)
(4.9743e-11 -7.57339e-10 0)
(2.11264e-11 -8.70644e-10 0)
(5.40972e-12 -9.54526e-10 0)
(-3.55819e-11 -9.51964e-10 0)
(-2.89672e-11 -1.04475e-09 0)
(4.58193e-11 -1.11224e-09 0)
(6.17981e-12 -9.2741e-10 0)
(9.05471e-12 -7.66466e-10 0)
(-1.03608e-11 -8.28456e-10 0)
(-2.79292e-11 -9.5397e-10 0)
(0 0 0)
(-3.07547e-11 -9.73292e-10 0)
(0 0 0)
(0 0 0)
(3.13099e-11 -9.45943e-10 0)
(6.51529e-11 -2.0928e-09 0)
(-1.24553e-11 -9.01941e-10 0)
(-4.12275e-11 -9.12707e-10 0)
(-4.75973e-11 -9.54383e-10 0)
(0 0 0)
(0 0 0)
(4.75291e-11 -1.06951e-09 0)
(4.03264e-12 -9.80944e-10 0)
(5.99877e-11 -2.15753e-09 0)
(2.93647e-11 -8.67688e-10 0)
(8.4109e-11 -1.96399e-09 0)
(-2.65892e-11 -2.04976e-09 0)
(-3.46153e-12 -7.26958e-10 0)
(-6.48231e-11 -7.99694e-10 0)
(-1.37356e-10 -2.58341e-09 0)
(7.39958e-11 -1.00754e-09 0)
(4.38024e-11 -8.35241e-10 0)
(1.17601e-12 -8.84085e-10 0)
(0 0 0)
(1.13782e-11 -1.06951e-09 0)
(0 0 0)
(1.00257e-10 -2.05558e-09 0)
(3.49727e-11 -1.00128e-09 0)
(0 0 0)
(-1.60332e-13 -9.85205e-10 0)
(1.33081e-12 -9.12414e-10 0)
(2.89373e-12 -9.83657e-10 0)
(-4.02391e-11 -9.97529e-10 0)
(0 0 0)
(0 0 0)
(1.20872e-11 -9.36981e-10 0)
(-6.34927e-12 -9.16578e-10 0)
(-6.83066e-11 -1.02023e-09 0)
(0 0 0)
(-6.05361e-12 -9.82655e-10 0)
(4.75717e-12 -9.90808e-10 0)
(0 0 0)
(0 0 0)
(0 0 0)
(3.38802e-11 -1.00988e-09 0)
(7.26615e-11 -9.80853e-10 0)
(-2.43844e-11 -1.09057e-09 0)
(-1.2073e-10 -1.03687e-09 0)
(0 0 0)
(2.60465e-12 -8.69448e-10 0)
(4.92856e-12 -8.43881e-10 0)
(-8.27153e-12 -8.73406e-10 0)
(-1.23574e-11 -9.45796e-10 0)
(1.46477e-11 -2.28769e-09 0)
(5.82194e-11 -2.32709e-09 0)
(9.49267e-11 -2.10567e-09 0)
(0 0 0)
(0 0 0)
(-4.36855e-11 -1.04312e-09 0)
(-5.81008e-11 -9.55627e-10 0)
(-8.96269e-11 -8.71329e-10 0)
(-2.94421e-11 -9.82818e-10 0)
(2.05483e-08 3.22332e-08 0)
(3.13049e-09 -3.95007e-09 0)
(2.6015e-10 -1.04777e-09 0)
(2.28309e-11 -7.78693e-10 0)
(0 0 0)
(1.34208e-11 -8.85826e-10 0)
(-1.41531e-11 -9.43797e-10 0)
(-3.2414e-11 -9.94798e-10 0)
(-2.2782e-11 -1.04242e-09 0)
(1.31968e-10 -2.31085e-09 0)
(4.81573e-11 -8.96767e-10 0)
(4.86261e-12 -8.83174e-10 0)
(-1.94692e-11 -9.22076e-10 0)
(-7.15517e-12 -9.7479e-10 0)
(-2.14827e-11 -9.74935e-10 0)
(0 0 0)
(1.8204e-11 -9.35537e-10 0)
(2.53205e-11 -9.54682e-10 0)
(0 0 0)
(-5.57301e-12 -9.78588e-10 0)
(-1.68853e-11 -1.00376e-09 0)
(-2.37203e-11 -9.98677e-10 0)
(5.44172e-12 -1.00262e-09 0)
(3.59454e-11 -1.07026e-09 0)
(-5.80671e-11 -9.98859e-10 0)
(-4.53932e-11 -2.07289e-09 0)
(-1.59861e-11 -7.97158e-10 0)
(1.65587e-11 -8.71208e-10 0)
(4.9611e-11 -8.72414e-10 0)
(-1.1849e-10 -2.14556e-09 0)
(-3.27898e-11 -8.44398e-10 0)
(-1.6402e-10 -2.16009e-09 0)
(-4.19422e-11 -9.74348e-10 0)
(6.81122e-11 -9.73418e-10 0)
(6.53571e-11 -9.44328e-10 0)
(2.23808e-11 -9.4841e-10 0)
(1.21424e-11 -9.8451e-10 0)
(1.00857e-11 -1.91258e-09 0)
(2.69638e-12 -9.73204e-11 0)
(1.04727e-11 -9.27445e-10 0)
(1.26745e-11 -9.19005e-10 0)
(2.91049e-11 -2.06718e-09 0)
(-1.05317e-10 -1.98643e-09 0)
(9.13158e-12 -7.69917e-10 0)
(-1.39844e-11 -2.10072e-09 0)
(4.41171e-13 -8.56875e-10 0)
(-4.43453e-11 -8.46638e-10 0)
(-1.43187e-11 -1.96987e-09 0)
(1.42984e-11 -2.1546e-09 0)
(0 0 0)
(0 0 0)
(-4.79078e-11 -9.48179e-10 0)
(-1.35343e-11 -9.77062e-10 0)
(8.41661e-12 -9.83749e-10 0)
(1.71072e-11 -9.99459e-10 0)
(2.98023e-11 -1.05568e-09 0)
(-1.8577e-11 -1.01688e-09 0)
(1.98417e-12 -9.16373e-10 0)
(-2.27278e-11 -2.67406e-09 0)
(-5.053e-11 -1.21828e-09 0)
(0 0 0)
(-1.27619e-11 -8.49072e-10 0)
(9.08295e-12 -8.53695e-10 0)
(-4.29993e-11 -9.37877e-10 0)
(1.19833e-11 -8.92886e-10 0)
(-3.482e-11 -8.8872e-10 0)
(5.96326e-13 -9.9033e-10 0)
(-1.53938e-11 -1.0661e-09 0)
(-8.54004e-13 -9.0955e-10 0)
(-3.04988e-11 -8.53424e-10 0)
(3.14143e-11 -2.45568e-09 0)
(-3.8761e-11 -1.09747e-09 0)
(-3.68666e-11 -8.50491e-10 0)
(-7.16321e-11 -8.28292e-10 0)
(-1.2062e-10 -1.87115e-09 0)
(1.03384e-08 4.70319e-08 0)
(-2.93372e-10 7.91505e-10 0)
(4.8738e-11 -4.66006e-10 0)
(0 0 0)
(9.52228e-12 -1.98416e-09 0)
(0 0 0)
(1.32025e-11 -8.91192e-10 0)
(1.23842e-11 -9.52929e-10 0)
(1.90761e-12 -1.01979e-09 0)
(2.21637e-11 -3.39118e-10 0)
(2.78212e-11 -4.05507e-10 0)
(2.18618e-11 -9.75231e-10 0)
(5.95372e-12 -9.86834e-10 0)
(1.37395e-11 -1.0044e-09 0)
(3.21677e-14 -9.55296e-10 0)
(-1.60492e-11 -2.1447e-09 0)
(2.22005e-11 -8.47153e-10 0)
(0 0 0)
(1.40154e-11 -9.27274e-10 0)
(0 0 0)
(9.11853e-13 -9.71266e-10 0)
(-6.46586e-12 -9.41657e-10 0)
(-8.33972e-11 -2.07705e-09 0)
(-1.71509e-10 -2.54807e-09 0)
(0 0 0)
(5.55295e-12 -7.69404e-10 0)
(1.01538e-11 -7.76221e-10 0)
(-1.23497e-11 -8.15744e-10 0)
(-1.08407e-10 -2.50702e-09 0)
(-2.78361e-14 -9.5176e-10 0)
(-1.51882e-11 -8.70232e-10 0)
(-5.13469e-11 -9.09426e-10 0)
(-4.09422e-11 -1.40448e-09 0)
(5.42342e-11 -1.63945e-09 0)
(3.45608e-11 -8.9865e-10 0)
(2.98783e-11 -9.17896e-10 0)
(-8.18856e-12 -4.26822e-10 0)
(-1.64791e-11 -1.1993e-09 0)
(-6.60614e-12 -2.04347e-09 0)
(-3.9173e-11 -1.17337e-09 0)
(-1.86162e-11 -1.69016e-09 0)
(-2.02859e-11 -9.34604e-10 0)
(-1.79698e-11 -9.02707e-10 0)
(0 0 0)
(-1.37167e-11 -9.165e-10 0)
(4.00121e-11 -2.11349e-09 0)
(-1.61639e-11 -9.21016e-10 0)
(0 0 0)
(0 0 0)
(0 0 0)
(7.39166e-12 -9.65391e-10 0)
(1.36785e-11 -9.91309e-10 0)
(5.392e-12 -9.80477e-10 0)
(7.95109e-12 -9.58129e-10 0)
(1.43982e-11 -9.41717e-10 0)
(-9.49729e-12 -2.63065e-09 0)
(-2.84173e-11 -9.32517e-10 0)
(-5.51418e-11 -9.77562e-10 0)
(0 0 0)
(-2.94038e-11 -1.1225e-09 0)
(5.60676e-11 -8.77891e-10 0)
(3.44007e-11 -8.20323e-10 0)
(-2.31243e-11 -1.7196e-09 0)
(-6.56162e-11 -8.76433e-10 0)
(-1.46998e-11 -8.17553e-10 0)
(2.18038e-11 -8.94422e-10 0)
(-8.81229e-12 -1.20348e-09 0)
(0 0 0)
(-1.4594e-11 -8.97404e-10 0)
(0 0 0)
(0 0 0)
(0 0 0)
(2.99903e-11 -1.00035e-09 0)
(0 0 0)
(0 0 0)
(5.03228e-10 2.99332e-08 0)
(9.57689e-10 -1.14866e-09 0)
(8.90613e-11 -1.2715e-09 0)
(0 0 0)
(0 0 0)
(2.88739e-11 -2.11693e-09 0)
(-2.06885e-11 -9.18704e-10 0)
(1.5787e-12 -9.18665e-10 0)
(3.91519e-12 -9.21961e-10 0)
(2.68244e-11 -9.61642e-10 0)
(7.97128e-11 -1.02452e-09 0)
(-5.7747e-13 -1.01965e-09 0)
(1.85678e-12 -9.9267e-10 0)
(5.22534e-11 -1.01778e-09 0)
(-1.39106e-11 -9.89641e-10 0)
(-1.78854e-11 -9.68445e-10 0)
(4.04898e-11 -8.5896e-10 0)
(6.13007e-11 -8.32433e-10 0)
(2.96369e-11 -8.65237e-10 0)
(3.78549e-12 -9.53816e-10 0)
(-7.02741e-11 -2.06465e-09 0)
(-4.4485e-11 -8.9494e-10 0)
(-1.3998e-10 -2.31912e-09 0)
(-4.064e-11 -9.83833e-10 0)
(1.62936e-11 -8.92513e-10 0)
(-1.27611e-11 -8.78268e-10 0)
(-2.6198e-11 -8.73423e-10 0)
(-5.24319e-11 -9.62885e-10 0)
(-4.97541e-11 -1.02617e-09 0)
(3.31894e-11 -9.88217e-10 0)
(1.92678e-11 -9.46981e-10 0)
(-3.9721e-11 -1.08433e-09 0)
(-1.40365e-10 -1.93602e-09 0)
(-5.08345e-11 -1.55438e-09 0)
(5.37435e-11 -1.22571e-09 0)
(3.4388e-11 -1.03121e-09 0)
(-3.83665e-11 -9.51961e-10 0)
(-8.06702e-11 -2.1061e-09 0)
(3.52692e-12 -7.91487e-10 0)
(-1.12418e-12 -7.85843e-10 0)
(2.64339e-12 -8.6843e-10 0)
(1.19953e-11 -9.42653e-10 0)
(-2.13265e-12 -9.46389e-10 0)
(4.8408e-11 -9.23726e-10 0)
(-8.79212e-12 -8.70679e-10 0)
(1.56125e-11 -9.60943e-10 0)
(0 0 0)
(0 0 0)
(1.77059e-11 -9.29717e-10 0)
(3.76456e-11 -9.82504e-10 0)
(2.83091e-11 -9.97175e-10 0)
(1.43228e-11 -9.95464e-10 0)
(-6.95672e-12 -9.71297e-10 0)
(-2.67539e-11 -9.52711e-10 0)
(-3.77401e-11 -9.43813e-10 0)
(-6.7532e-11 -1.02515e-09 0)
(-1.87081e-11 -1.07319e-09 0)
(0 0 0)
(-1.25618e-11 -9.46644e-10 0)
(3.8994e-11 -2.17219e-09 0)
(-7.45943e-11 -2.116e-09 0)
(1.27474e-11 -7.86196e-10 0)
(-1.80374e-11 -8.05219e-10 0)
(-4.39953e-11 -8.64829e-10 0)
(-2.64725e-11 -8.87883e-10 0)
(-1.8837e-11 -9.68478e-10 0)
(-2.59621e-11 -1.04259e-09 0)
(0 0 0)
(1.94459e-11 -1.14174e-09 0)
(-4.33851e-12 -1.06581e-09 0)
(-3.36993e-11 -1.98068e-09 0)
(2.52252e-11 -9.227e-10 0)
(2.62404e-11 -9.75892e-10 0)
(-1.11302e-10 -2.44709e-09 0)
(-9.8658e-11 -9.73434e-10 0)
(1.03787e-08 5.19129e-11 0)
(1.4731e-09 3.15366e-10 0)
(2.48684e-10 -2.80862e-10 0)
(-2.27223e-11 -8.6978e-10 0)
(0 0 0)
(-1.84158e-11 -9.60875e-10 0)
(-4.58336e-11 -9.43017e-10 0)
(-4.69536e-11 -9.46295e-10 0)
(-2.91373e-11 -9.20551e-10 0)
(2.15915e-11 -9.39073e-10 0)
(5.31865e-11 -2.57841e-09 0)
(-1.97103e-11 -9.79354e-10 0)
(2.6786e-11 -9.52581e-10 0)
(1.6612e-11 -1.18876e-09 0)
(0 0 0)
(0 0 0)
(2.72147e-12 -2.06207e-10 0)
(5.13198e-11 -1.35077e-09 0)
(4.79761e-11 -2.02658e-09 0)
(-2.67774e-11 -9.14608e-10 0)
(-5.42702e-11 -9.5683e-10 0)
(-4.95175e-11 -9.24133e-10 0)
(-6.88494e-11 -9.68973e-10 0)
(-7.98571e-11 -9.84539e-10 0)
(-3.57007e-11 -9.63163e-10 0)
(3.47245e-12 -9.45477e-10 0)
(-3.38501e-11 -9.32642e-10 0)
(-3.30023e-11 -9.57932e-10 0)
(-6.28774e-11 -9.53863e-10 0)
(-3.30787e-11 -9.42428e-10 0)
(-7.75566e-13 -2.37926e-09 0)
(-8.04425e-11 -1.00487e-09 0)
(-9.75676e-11 -9.40818e-10 0)
(-1.24104e-10 -1.93276e-09 0)
(-4.6768e-11 -8.14203e-10 0)
(-2.11789e-11 -2.49273e-09 0)
(3.66669e-11 -9.61408e-10 0)
(2.04816e-11 -8.40545e-10 0)
(1.68947e-11 -9.19198e-10 0)
(0 0 0)
(8.19021e-12 -2.14543e-09 0)
(7.43828e-12 -9.53705e-10 0)
(3.41297e-12 -3.11243e-10 0)
(1.42368e-11 -1.50253e-09 0)
(-6.81601e-12 -9.26292e-10 0)
(0 0 0)
(5.72242e-11 -9.73512e-10 0)
(2.76453e-11 -9.29209e-10 0)
(3.3515e-11 -9.59085e-10 0)
(2.26935e-11 -9.69176e-10 0)
(9.18512e-12 -9.66615e-10 0)
(3.98337e-12 -9.83943e-10 0)
(-3.81964e-11 -9.73698e-10 0)
(-2.72084e-11 -9.81575e-10 0)
(-2.42946e-11 -9.87456e-10 0)
(-2.87338e-11 -1.02396e-09 0)
(-8.38302e-13 -1.06261e-09 0)
(0 0 0)
(3.59737e-11 -1.06213e-09 0)
(-6.83429e-12 -1.00544e-09 0)
(0 0 0)
(-4.09029e-11 -8.62522e-10 0)
(-1.23491e-10 -2.01555e-09 0)
(-3.40162e-11 -8.63517e-10 0)
(-3.99246e-11 -8.67458e-10 0)
(1.83389e-12 -9.89484e-10 0)
(0 0 0)
(7.79093e-11 -1.06849e-09 0)
(-3.25977e-12 -1.06783e-09 0)
(5.23782e-11 -1.96366e-09 0)
(3.83088e-11 -8.85929e-10 0)
(3.07488e-11 -8.64999e-10 0)
(-9.18296e-11 -2.43647e-09 0)
(-4.35776e-11 -9.81678e-10 0)
(0 0 0)
(-1.81227e-08 2.00707e-08 0)
(-1.10538e-09 5.38115e-13 0)
(-1.39775e-11 4.94983e-11 0)
(1.42763e-11 -1.06794e-09 0)
(-2.45805e-11 -9.56816e-10 0)
(2.28072e-11 -2.07029e-09 0)
(-9.81552e-11 -8.75408e-10 0)
(-6.78167e-11 -9.15252e-10 0)
(-6.35065e-11 -9.33753e-10 0)
(-5.55658e-11 -9.3389e-10 0)
(-1.5282e-10 -2.28442e-09 0)
(4.80103e-11 -9.50208e-10 0)
(4.23457e-11 -8.88543e-10 0)
(2.7964e-11 -9.86563e-10 0)
(7.5954e-11 -1.04978e-09 0)
(6.45007e-11 -9.53869e-10 0)
(4.5671e-11 -9.32257e-10 0)
(4.68849e-11 -8.99827e-10 0)
(4.56956e-11 -9.05681e-10 0)
(2.91012e-11 -1.0037e-09 0)
(0 0 0)
(-7.25554e-11 -9.69068e-10 0)
(-2.32176e-11 -4.46441e-10 0)
(-1.28914e-11 -2.37995e-10 0)
(-8.69975e-11 -2.18922e-09 0)
(-2.32444e-11 -9.0246e-10 0)
(-4.76933e-11 -8.46251e-10 0)
(-7.25835e-11 -2.08302e-09 0)
(-4.53216e-11 -8.41499e-10 0)
(-6.19848e-11 -8.80563e-10 0)
(-3.14378e-11 -1.08642e-09 0)
(9.56006e-12 -1.00856e-09 0)
(-2.15533e-11 -8.94191e-10 0)
(-3.56182e-11 -8.55636e-10 0)
(-5.39509e-11 -9.1603e-10 0)
(-5.96901e-11 -9.81758e-10 0)
(2.95718e-11 -9.82005e-10 0)
(4.60292e-11 -9.47359e-10 0)
(2.04488e-11 -9.42239e-10 0)
(2.1984e-11 -9.27699e-10 0)
(-1.27832e-12 -9.65407e-10 0)
(1.02691e-11 -9.70394e-10 0)
(1.7393e-11 -9.493e-10 0)
(2.25886e-11 -9.43879e-10 0)
(1.16015e-11 -9.4076e-10 0)
(1.62308e-11 -9.53348e-10 0)
(2.83358e-11 -9.56532e-10 0)
(3.89263e-11 -9.23291e-10 0)
(4.39789e-11 -9.09575e-10 0)
(4.96086e-11 -9.67506e-10 0)
(0 0 0)
(4.70383e-11 -1.08699e-09 0)
(0 0 0)
(-1.26068e-10 -2.57307e-09 0)
(-6.56408e-11 -1.52863e-09 0)
(-7.70356e-12 -1.00638e-09 0)
(-4.53624e-12 -8.10223e-10 0)
(1.48363e-11 -1.01644e-09 0)
(0 0 0)
(5.75041e-11 -9.55855e-10 0)
(-5.80641e-11 -2.19088e-09 0)
(-1.43433e-10 -2.03778e-09 0)
(-1.11009e-10 -8.43306e-10 0)
(-8.52693e-11 -8.49732e-10 0)
(-4.46255e-11 -8.876e-10 0)
(-2.97475e-11 -9.48918e-10 0)
(3.90904e-11 -9.8567e-10 0)
(-2.3511e-11 -1.07436e-09 0)
(3.12598e-11 -9.03778e-10 0)
(1.92308e-11 -8.39547e-10 0)
(1.68604e-11 -1.93761e-09 0)
(-2.85116e-10 -3.3611e-09 0)
(-7.24705e-11 -8.52466e-10 0)
(6.64162e-11 -8.69443e-10 0)
(0 0 0)
(-1.69162e-08 4.44151e-08 0)
(-1.40292e-09 9.53892e-10 0)
(-1.88647e-10 -1.87858e-09 0)
(0 0 0)
(2.56735e-11 -9.12198e-10 0)
(8.11814e-12 -9.92927e-10 0)
(-7.28518e-11 -1.08078e-09 0)
(-6.51496e-11 -9.40788e-10 0)
(-5.80429e-11 -2.08901e-09 0)
(-5.06184e-11 -8.71446e-10 0)
(-4.66502e-11 -9.40816e-10 0)
(1.30334e-11 -2.09454e-09 0)
(4.62474e-11 -8.82564e-10 0)
(2.99076e-11 -2.14913e-09 0)
(6.5787e-11 -8.8483e-10 0)
(5.83569e-11 -8.60439e-10 0)
(2.68819e-11 -8.61761e-10 0)
(4.99801e-11 -8.97385e-10 0)
(5.46965e-11 -9.22502e-10 0)
(7.86479e-11 -1.0024e-09 0)
(-3.85626e-11 -1.04365e-09 0)
(0 0 0)
(0 0 0)
(2.43838e-12 -1.02671e-09 0)
(0 0 0)
(-4.51177e-11 -9.55965e-10 0)
(-1.55941e-10 -1.991e-09 0)
(-7.71452e-11 -8.88597e-10 0)
(-1.25054e-10 -2.05779e-09 0)
(-9.1115e-11 -8.95665e-10 0)
(-8.8192e-11 -9.67017e-10 0)
(-3.9967e-11 -1.03049e-09 0)
(-6.37231e-12 -9.97916e-10 0)
(-3.26758e-11 -9.38139e-10 0)
(-7.08091e-11 -2.10704e-09 0)
(-2.20873e-11 -9.07797e-10 0)
(1.32565e-11 -9.25433e-10 0)
(3.00904e-12 -9.37685e-10 0)
(1.35939e-11 -9.42866e-10 0)
(1.62263e-11 -9.46191e-10 0)
(-2.71481e-12 -9.44785e-10 0)
(-1.35608e-12 -9.2287e-10 0)
(2.71111e-12 -9.27541e-10 0)
(1.12221e-11 -8.97045e-10 0)
(3.01397e-11 -9.50553e-10 0)
(1.99042e-11 -9.45461e-10 0)
(3.92008e-11 -9.84119e-10 0)
(4.64027e-11 -9.61948e-10 0)
(3.17028e-12 -8.89949e-10 0)
(-1.88465e-12 -9.76779e-10 0)
(0 0 0)
(-2.52555e-11 -1.19309e-09 0)
(0 0 0)
(-5.17592e-11 -8.9988e-10 0)
(-2.63231e-11 -8.87334e-10 0)
(1.17695e-11 -8.85348e-10 0)
(1.97089e-11 -9.03698e-10 0)
(0 0 0)
(1.54861e-10 -2.32591e-09 0)
(1.73653e-11 -1.1709e-09 0)
(-7.94068e-11 -2.36714e-09 0)
(0 0 0)
(0 0 0)
(0 0 0)
(0 0 0)
(0 0 0)
(0 0 0)
(-6.26018e-11 -2.4778e-09 0)
(5.62083e-12 -1.0485e-09 0)
(-2.22647e-11 -8.40504e-10 0)
(-1.13907e-10 -2.5705e-09 0)
(0 0 0)
(1.16122e-11 -9.27315e-10 0)
(5.19433e-12 -2.2144e-09 0)
(0 0 0)
(-7.44183e-09 4.24239e-08 0)
(-8.55655e-10 2.19932e-10 0)
(-2.5376e-10 -8.98886e-10 0)
(0 0 0)
(-2.83014e-12 -7.54293e-10 0)
(2.1038e-11 -1.14995e-09 0)
(0 0 0)
(1.05523e-11 -9.59567e-10 0)
(-7.54975e-12 -9.72836e-10 0)
(0 0 0)
(-2.38173e-11 -9.62565e-10 0)
(-7.49843e-12 -9.61751e-10 0)
(2.95379e-11 -1.00841e-09 0)
(1.27376e-11 -9.4422e-10 0)
(8.54049e-11 -2.18019e-09 0)
(2.71251e-11 -8.48166e-10 0)
(1.53822e-11 -9.2408e-10 0)
(1.08332e-11 -9.00912e-10 0)
(1.48677e-11 -8.68263e-10 0)
(1.33381e-10 -2.50521e-09 0)
(2.45752e-12 -4.48336e-10 0)
(1.2578e-12 -1.87352e-10 0)
(8.62973e-11 -9.25517e-10 0)
(-5.36463e-11 -1.11441e-09 0)
(0 0 0)
(-2.66215e-10 -3.23132e-09 0)
(-1.89588e-10 -1.98798e-09 0)
(0 0 0)
(-4.49684e-11 -9.57332e-10 0)
(0 0 0)
(-7.76249e-11 -1.04201e-09 0)
(0 0 0)
(-9.86962e-12 -9.82315e-10 0)
(-4.10872e-11 -9.34495e-10 0)
(-5.4967e-11 -9.09689e-10 0)
(-3.41896e-11 -9.62596e-10 0)
(-3.20935e-11 -9.62216e-10 0)
(8.22843e-12 -9.73327e-10 0)
(1.14618e-11 -1.05691e-09 0)
(0 0 0)
(2.40533e-11 -2.13065e-09 0)
(1.97302e-11 -9.65854e-10 0)
(1.58688e-12 -3.60672e-10 0)
(-2.08304e-11 -1.36928e-09 0)
(5.61365e-12 -9.08026e-10 0)
(3.13593e-11 -8.37452e-10 0)
(3.5611e-11 -8.93512e-10 0)
(6.25047e-11 -9.25973e-10 0)
(2.54052e-11 -9.27388e-10 0)
(2.60542e-12 -8.97092e-10 0)
(2.87067e-11 -9.69188e-10 0)
(-1.88078e-11 -1.13433e-09 0)
(0 0 0)
(-2.98817e-12 -1.00925e-09 0)
(-1.68363e-11 -9.05772e-10 0)
(-9.77165e-12 -9.05292e-10 0)
(3.16216e-11 -8.27245e-10 0)
(1.48774e-11 -7.7321e-10 0)
(-1.31144e-10 -2.64097e-09 0)
(-3.00573e-11 -1.27841e-09 0)
(-4.48075e-11 -1.1109e-09 0)
(0 0 0)
(-4.76032e-11 -8.68748e-10 0)
(-1.46427e-12 -8.60077e-10 0)
(1.48531e-11 -8.50464e-10 0)
(4.05565e-11 -9.29044e-10 0)
(-3.75253e-11 -2.5856e-09 0)
(0 0 0)
(-5.07204e-11 -2.16916e-09 0)
(-4.21152e-11 -8.8844e-10 0)
(0 0 0)
(1.96539e-11 -1.07554e-09 0)
(2.43846e-11 -9.9488e-10 0)
(0 0 0)
(-2.93643e-11 -9.89785e-10 0)
(-8.29157e-09 -8.5806e-09 0)
(-9.39558e-10 -2.25117e-09 0)
(-2.63708e-10 -1.61012e-09 0)
(-5.05938e-12 -7.92854e-10 0)
(0 0 0)
(-1.86576e-11 -1.01054e-09 0)
(1.14598e-10 -1.0456e-09 0)
(0 0 0)
(1.58765e-11 -9.74362e-10 0)
(1.84842e-11 -9.85557e-10 0)
(-7.76224e-12 -9.80921e-10 0)
(-3.64189e-13 -9.78132e-10 0)
(-3.65164e-13 -9.60225e-10 0)
(2.37524e-11 -9.64809e-10 0)
(2.68251e-11 -9.68732e-10 0)
(3.75822e-11 -9.40607e-10 0)
(-2.75214e-11 -9.46509e-10 0)
(-1.94104e-11 -9.16824e-10 0)
(-1.58696e-11 -8.88203e-10 0)
(-2.85609e-11 -2.39154e-09 0)
(8.91593e-11 -9.23893e-10 0)
(8.20171e-11 -1.61562e-09 0)
(-2.29896e-11 -2.97936e-09 0)
(5.13611e-11 -9.73799e-10 0)
(2.99866e-11 -9.39311e-10 0)
(-5.69915e-11 -9.8255e-10 0)
(0 0 0)
(-6.96543e-12 -7.9526e-10 0)
(-1.3143e-10 -2.14415e-09 0)
(0 0 0)
(0 0 0)
(-3.00716e-11 -2.00092e-09 0)
(-5.08399e-11 -2.22363e-09 0)
(0 0 0)
(-3.98293e-11 -9.6329e-10 0)
(0 0 0)
(-2.33769e-12 -9.87143e-10 0)
(0 0 0)
(7.49242e-12 -1.01236e-09 0)
(2.22739e-11 -9.96057e-10 0)
(1.7225e-11 -1.00114e-09 0)
(3.70408e-11 -9.97642e-10 0)
(1.39046e-11 -9.90814e-10 0)
(-3.04195e-11 -9.73998e-10 0)
(-4.57579e-11 -9.09591e-10 0)
(-9.11599e-12 -8.56216e-10 0)
(2.81015e-11 -1.93703e-09 0)
(3.6355e-11 -2.04385e-09 0)
(9.29599e-12 -8.67397e-10 0)
(1.32234e-11 -9.1403e-10 0)
(-9.64751e-12 -1.04172e-09 0)
(0 0 0)
(0 0 0)
(2.4067e-11 -1.98715e-09 0)
(0 0 0)
(-7.22821e-12 -9.20596e-10 0)
(4.4296e-12 -8.81601e-10 0)
(-2.3722e-11 -9.29657e-10 0)
(0 0 0)
(0 0 0)
(-6.99715e-11 -1.09628e-09 0)
(2.08193e-11 -1.02006e-09 0)
(2.9678e-11 -1.8574e-09 0)
(2.26847e-11 -8.96912e-10 0)
(-3.36053e-11 -1.75656e-09 0)
(-4.26879e-11 -9.32708e-10 0)
(0 0 0)
(1.91187e-11 -1.11737e-09 0)
(0 0 0)
(-4.96634e-12 -9.39164e-10 0)
(9.3218e-12 -1.01363e-09 0)
(6.48555e-12 -1.37903e-10 0)
(3.76992e-11 -7.5934e-10 0)
(3.65773e-11 -9.75477e-10 0)
(3.63227e-11 -2.298e-09 0)
(-1.39392e-09 4.10923e-08 0)
(-1.15091e-09 3.50694e-10 0)
(-8.86705e-10 -8.68868e-10 0)
(-1.30502e-10 -1.4376e-09 0)
(-1.00087e-11 -8.69032e-10 0)
(-1.58465e-12 -9.55902e-10 0)
(2.26387e-11 -3.77666e-10 0)
(1.94029e-11 -3.08253e-10 0)
(6.56101e-11 -9.14404e-10 0)
(5.63791e-11 -1.00734e-09 0)
(-1.04726e-11 -9.98058e-10 0)
(-2.57233e-11 -9.43092e-10 0)
(-9.73943e-12 -9.42436e-10 0)
(-1.10388e-11 -9.47809e-10 0)
(2.18027e-12 -9.75142e-10 0)
(4.73373e-12 -9.85394e-10 0)
(-5.12719e-11 -9.87438e-10 0)
(-3.69075e-11 -9.16162e-10 0)
(-3.3241e-11 -9.12174e-10 0)
(-1.05921e-10 -1.94751e-09 0)
(1.02384e-10 -2.06769e-09 0)
(1.03681e-11 -8.96468e-10 0)
(-3.02447e-11 -9.5836e-10 0)
(5.66611e-11 -9.68711e-10 0)
(1.03036e-10 -1.19605e-09 0)
(0 0 0)
(-6.38147e-11 -9.04503e-10 0)
(-5.36074e-11 -9.19777e-10 0)
(0 0 0)
(9.38666e-12 -8.92296e-10 0)
(-1.915e-11 -8.88948e-10 0)
(0 0 0)
(-2.0698e-11 -9.39768e-10 0)
(-5.66136e-12 -4.64988e-10 0)
(-1.32981e-12 -9.81235e-11 0)
(2.92412e-11 -1.01793e-09 0)
(0 0 0)
(4.35344e-11 -1.02106e-09 0)
(1.64989e-11 -9.77782e-10 0)
(1.55591e-11 -9.70303e-10 0)
(1.01833e-11 -9.66226e-10 0)
(3.3017e-11 -1.02075e-09 0)
(3.13047e-11 -9.98982e-10 0)
(-5.80119e-11 -1.00455e-09 0)
(-2.36141e-11 -8.63255e-10 0)
(-2.44358e-11 -8.49606e-10 0)
(-3.62352e-11 -8.76956e-10 0)
(9.25789e-12 -2.06032e-09 0)
(2.69407e-11 -8.55056e-10 0)
(6.03056e-11 -9.11681e-10 0)
(4.88039e-11 -1.07596e-09 0)
(-4.17531e-11 -1.08438e-09 0)
(0 0 0)
(-1.59304e-11 -8.72333e-10 0)
(2.47398e-11 -9.23086e-10 0)
(0 0 0)
(2.12413e-11 -8.76932e-10 0)
(4.86469e-11 -1.08145e-09 0)
(-4.40415e-11 -1.11366e-09 0)
(-2.62009e-10 -2.73581e-09 0)
(0 0 0)
(0 0 0)
(2.36914e-11 -9.53241e-10 0)
(-2.61007e-11 -2.06286e-09 0)
(-1.71688e-11 -7.88883e-10 0)
(1.82964e-12 -8.60526e-10 0)
(-3.60004e-11 -2.66787e-09 0)
(-5.14773e-12 -1.03942e-09 0)
(0 0 0)
(5.76752e-11 -2.00213e-09 0)
(-2.23139e-11 -2.07749e-09 0)
(-5.45196e-11 -2.96266e-09 0)
(2.44408e-11 -1.09309e-09 0)
(3.49434e-11 -2.04493e-09 0)
(4.76823e-11 -8.84001e-10 0)
(-1.07097e-08 2.41627e-08 0)
(-8.22747e-10 3.83916e-10 0)
(-2.81623e-10 -3.56216e-10 0)
(-1.25244e-10 -1.66178e-09 0)
(-5.79595e-11 -1.86164e-09 0)
(-2.28888e-11 -1.94933e-09 0)
(8.84213e-11 -9.14474e-10 0)
(7.3088e-11 -8.98073e-10 0)
(6.30871e-11 -9.28545e-10 0)
(9.41987e-11 -1.09287e-09 0)
(0 0 0)
(-4.12442e-11 -9.79495e-10 0)
(0 0 0)
(0 0 0)
(0 0 0)
(-1.89289e-11 -1.10081e-09 0)
(-1.14323e-10 -1.04483e-09 0)
(-1.73146e-11 -9.006e-10 0)
(-4.78604e-11 -8.61283e-10 0)
(-6.48129e-11 -8.46891e-10 0)
(-2.08827e-11 -9.01092e-10 0)
(2.92931e-11 -2.18168e-09 0)
(-8.90933e-11 -2.09197e-09 0)
(8.47054e-12 -8.67725e-10 0)
(2.135e-10 -2.75252e-09 0)
(-3.63414e-11 -1.06058e-09 0)
(-8.64878e-11 -8.14826e-10 0)
(0 0 0)
(-2.36162e-11 -8.86207e-10 0)
(-1.03822e-11 -9.39577e-10 0)
(0 0 0)
(-1.14083e-11 -9.22736e-10 0)
(-6.52e-12 -9.90358e-10 0)
(0 0 0)
(-4.83227e-12 -9.52269e-10 0)
(-8.63262e-12 -9.82757e-10 0)
(0 0 0)
(6.82204e-11 -2.12566e-09 0)
(1.84276e-11 -9.27429e-10 0)
(1.39908e-11 -9.15878e-10 0)
(-1.33032e-11 -9.07046e-10 0)
(-4.05217e-11 -9.49199e-10 0)
(-3.10428e-12 -1.20194e-09 0)
(0 0 0)
(-1.26122e-11 -9.51058e-10 0)
(-4.01312e-12 -9.29915e-10 0)
(-4.8782e-11 -9.07335e-10 0)
(-2.1658e-11 -9.16867e-10 0)
(-2.5801e-11 -8.74265e-10 0)
(-2.37505e-13 -8.68319e-10 0)
(4.28638e-11 -2.73718e-09 0)
(-5.13671e-11 -1.04561e-09 0)
(-1.78499e-11 -8.65041e-10 0)
(-9.49987e-12 -9.18403e-10 0)
(0 0 0)
(3.17788e-11 -1.94788e-09 0)
(-2.59143e-11 -7.56017e-10 0)
(1.02388e-11 -1.21835e-09 0)
(-5.44756e-11 -1.24207e-09 0)
(-4.38297e-11 -1.06837e-09 0)
(-2.55259e-11 -9.88643e-10 0)
(0 0 0)
(-2.73004e-11 -9.2826e-10 0)
(-3.05804e-11 -9.23442e-10 0)
(-1.73073e-11 -9.21221e-10 0)
(-1.82468e-10 -2.05809e-09 0)
(-4.15241e-11 -1.05476e-09 0)
(4.18353e-11 -9.68292e-10 0)
(6.34708e-11 -9.74849e-10 0)
(0 0 0)
(-8.40201e-11 -1.03263e-09 0)
(-8.86487e-11 -9.56092e-10 0)
(-2.65921e-12 -8.80168e-10 0)
(1.59937e-11 -1.96065e-09 0)
(5.92122e-11 -8.66859e-10 0)
(-2.78936e-08 3.69344e-08 0)
(-3.73525e-09 8.75266e-09 0)
(2.71454e-12 1.35256e-10 0)
(0 0 0)
(-3.24509e-11 -8.59636e-10 0)
(1.04349e-11 -8.35305e-10 0)
(3.2512e-11 -1.88669e-09 0)
(7.33252e-11 -1.93163e-09 0)
(5.59395e-11 -8.20739e-10 0)
(1.36178e-11 -2.34314e-09 0)
(3.01656e-11 -9.68701e-10 0)
(0 0 0)
(0 0 0)
(9.60211e-11 -1.73669e-09 0)
(5.77071e-11 -1.05238e-09 0)
(-2.595e-11 -1.18469e-09 0)
(0 0 0)
(-3.01765e-11 -9.27171e-10 0)
(-3.01076e-11 -9.57374e-10 0)
(-1.5143e-10 -9.44839e-10 0)
(-3.51777e-11 -1.08208e-09 0)
(-9.35301e-11 -2.05805e-09 0)
(-2.69018e-11 -9.25256e-10 0)
(-5.69227e-11 -7.56594e-10 0)
(-5.76004e-11 -1.15185e-09 0)
(1.26996e-10 -2.65195e-09 0)
(6.66474e-11 -8.71933e-10 0)
(4.30423e-11 -1.69061e-09 0)
(-8.66165e-13 -1.7655e-09 0)
(4.69829e-11 -1.80713e-09 0)
(6.20661e-11 -8.11228e-10 0)
(2.89877e-11 -8.51443e-10 0)
(1.05202e-11 -8.886e-10 0)
(2.33664e-11 -9.85186e-10 0)
(2.40141e-11 -9.20334e-10 0)
(2.29498e-11 -9.02637e-10 0)
(1.04522e-11 -9.28387e-10 0)
(1.66419e-11 -9.31248e-10 0)
(4.18151e-11 -8.80124e-10 0)
(2.59866e-11 -8.48178e-10 0)
(-2.39916e-12 -9.8826e-10 0)
(0 0 0)
(-6.99605e-11 -1.00477e-09 0)
(8.19453e-12 -1.1012e-09 0)
(1.71647e-11 -9.16725e-10 0)
(-1.32775e-11 -9.08492e-10 0)
(-4.25584e-11 -8.96111e-10 0)
(-4.37973e-11 -9.05707e-10 0)
(-8.53996e-11 -8.2218e-10 0)
(-1.82591e-10 -1.96265e-09 0)
(2.19026e-11 -1.18069e-09 0)
(1.17238e-10 -2.39786e-09 0)
(5.12933e-12 -2.73869e-10 0)
(5.25787e-12 -3.85476e-10 0)
(-2.94409e-11 -1.03398e-09 0)
(-8.68478e-11 -1.661e-09 0)
(-3.53738e-11 -8.25746e-10 0)
(-9.97144e-11 -1.04054e-09 0)
(-4.69899e-11 -2.28586e-09 0)
(9.88792e-11 -1.11169e-09 0)
(4.2672e-12 -9.62525e-10 0)
(-4.4518e-13 -8.51223e-10 0)
(-4.93322e-12 -8.3675e-10 0)
(1.99852e-11 -8.65521e-10 0)
(-3.31118e-11 -8.97335e-10 0)
(-3.46905e-11 -9.16596e-10 0)
(-2.48234e-11 -8.92938e-10 0)
(1.65857e-11 -8.70883e-10 0)
(5.09528e-11 -9.65312e-10 0)
(-2.2357e-11 -1.11684e-09 0)
(-6.7846e-11 -1.04236e-09 0)
(1.31871e-12 -8.69685e-10 0)
(1.94542e-11 -8.62762e-10 0)
(-4.65081e-11 -8.74105e-10 0)
(-6.85585e-11 -1.14633e-09 0)
(2.55637e-08 7.2264e-08 0)
(6.24284e-10 5.60564e-09 0)
(1.28545e-11 -1.11935e-09 0)
(-9.83577e-12 -1.52833e-09 0)
(-6.02429e-11 -8.01259e-10 0)
(-6.78688e-11 -2.07292e-09 0)
(-6.81985e-11 -1.51071e-09 0)
(1.91977e-12 -1.53333e-09 0)
(-5.66416e-12 -1.03581e-09 0)
(-3.38918e-11 -1.03797e-09 0)
(8.80756e-12 -1.40138e-10 0)
(4.96127e-11 -7.41797e-10 0)
(4.11363e-11 -8.40295e-10 0)
(7.01237e-12 -8.7953e-10 0)
(4.46215e-13 -9.77907e-10 0)
(1.29641e-11 -9.55489e-10 0)
(8.44435e-11 -9.62032e-10 0)
(4.42306e-11 -2.099e-09 0)
(-1.07894e-10 -1.11317e-09 0)
(0 0 0)
(0 0 0)
(-4.83787e-11 -1.45881e-09 0)
(2.15118e-11 -1.73257e-09 0)
(-9.15701e-11 -9.72789e-10 0)
(-1.06858e-10 -9.98024e-10 0)
(3.44934e-11 -1.07419e-09 0)
(8.20784e-11 -9.93605e-10 0)
(3.94545e-11 -1.01452e-09 0)
(0 0 0)
(3.43633e-11 -1.81143e-09 0)
(1.15526e-10 -1.86203e-09 0)
(4.64291e-11 -8.24309e-10 0)
(1.0395e-10 -2.00297e-09 0)
(3.64876e-11 -8.95918e-10 0)
(1.62193e-11 -8.90323e-10 0)
(-6.54113e-11 -2.17474e-09 0)
(7.69292e-12 -8.35082e-10 0)
(3.03447e-11 -8.5209e-10 0)
(1.08821e-10 -2.09548e-09 0)
(4.38631e-11 -9.84819e-10 0)
(0 0 0)
(-9.75057e-11 -2.09047e-09 0)
(-4.02185e-11 -9.26532e-10 0)
(-2.33542e-12 -9.60796e-10 0)
(-1.76025e-11 -9.56517e-10 0)
(-2.29365e-11 -1.00221e-09 0)
(0 0 0)
(-3.16857e-11 -8.55403e-10 0)
(-5.77488e-11 -8.58898e-10 0)
(-1.45506e-10 -8.76968e-10 0)
(-9.11587e-11 -9.55491e-10 0)
(0 0 0)
(7.54442e-11 -2.53555e-09 0)
(-6.46682e-14 -9.32189e-10 0)
(-9.29474e-12 -8.64946e-10 0)
(0 0 0)
(-2.83886e-11 -8.67729e-10 0)
(-8.30035e-11 -9.88414e-10 0)
(0 0 0)
(5.37323e-12 -2.82136e-09 0)
(2.5616e-12 -4.54478e-10 0)
(6.68263e-12 -1.1716e-09 0)
(-1.62486e-11 -1.91832e-09 0)
(-2.18737e-11 -1.91807e-09 0)
(-1.03197e-11 -7.95172e-10 0)
(-1.38983e-11 -9.50478e-10 0)
(-4.00351e-11 -8.40534e-10 0)
(0 0 0)
(-6.79934e-11 -2.09407e-09 0)
(-6.95749e-11 -2.18699e-09 0)
(6.13298e-11 -9.20328e-10 0)
(1.7588e-10 -2.10114e-09 0)
(-2.89344e-12 -9.67727e-10 0)
(-4.50091e-11 -8.91645e-10 0)
(-5.93221e-11 -8.77724e-10 0)
(2.23446e-08 2.4202e-08 0)
(1.18495e-09 -2.04749e-09 0)
(-4.6324e-11 9.71407e-12 0)
(-1.54635e-10 -8.15603e-10 0)
(-1.16649e-10 -8.87637e-10 0)
(-8.1254e-11 -9.13287e-10 0)
(-2.15819e-11 -9.17525e-10 0)
(0 0 0)
(2.94332e-11 -1.07309e-09 0)
(-4.84497e-11 -1.02828e-09 0)
(5.21578e-11 -9.56806e-10 0)
(2.94015e-11 -8.86566e-10 0)
(3.07254e-11 -8.76892e-10 0)
(3.23911e-12 -9.00297e-10 0)
(-2.78219e-11 -9.62962e-10 0)
(5.61505e-11 -9.92783e-10 0)
(7.76475e-11 -1.03736e-09 0)
(-2.98229e-11 -1.17044e-09 0)
(0 0 0)
(-6.59347e-11 -1.05701e-09 0)
(0 0 0)
(-1.09963e-11 -8.60833e-10 0)
(-1.48443e-10 -2.61145e-09 0)
(1.57516e-11 -9.75556e-10 0)
(-2.454e-11 -9.02457e-10 0)
(3.28231e-11 -1.02152e-09 0)
(0 0 0)
(4.15924e-11 -9.47441e-10 0)
(3.63721e-11 -8.73394e-10 0)
(0 0 0)
(2.22887e-11 -9.18838e-10 0)
(6.47426e-11 -9.797e-10 0)
(4.80114e-11 -9.35209e-10 0)
(5.37738e-11 -9.93394e-10 0)
(-5.17955e-11 -1.09526e-09 0)
(-7.23402e-11 -2.02869e-09 0)
(-2.12484e-11 -7.6799e-10 0)
(-4.91685e-11 -1.88271e-09 0)
(1.32716e-11 -8.07278e-10 0)
(3.18037e-10 -3.26612e-09 0)
(-9.34871e-11 -2.04341e-09 0)
(0 0 0)
(-2.26616e-11 -7.85079e-10 0)
(2.99644e-11 -9.3256e-10 0)
(8.02465e-12 -9.74084e-10 0)
(-1.16539e-11 -9.82908e-10 0)
(-4.18203e-11 -9.7957e-10 0)
(-4.89361e-11 -2.01838e-09 0)
(-5.32482e-11 -9.15387e-10 0)
(-5.49227e-11 -9.17285e-10 0)
(-4.66554e-11 -9.84542e-10 0)
(1.96747e-11 -1.02913e-09 0)
(-3.20864e-11 -1.03571e-09 0)
(4.87227e-11 -9.83348e-10 0)
(1.99501e-11 -8.77328e-10 0)
(3.00899e-11 -1.97646e-09 0)
(-2.4284e-11 -9.31978e-10 0)
(0 0 0)
(0 0 0)
(-9.73311e-11 -1.13836e-09 0)
(8.29243e-12 -2.06041e-10 0)
(2.45691e-11 -6.11841e-10 0)
(6.57411e-12 -9.2906e-10 0)
(1.3799e-12 -9.2254e-10 0)
(-1.1258e-11 -9.20661e-10 0)
(-1.43559e-11 -9.6319e-10 0)
(-1.30831e-11 -9.83999e-10 0)
(0 0 0)
(0 0 0)
(-5.19469e-11 -9.07451e-10 0)
(5.62727e-12 -2.01044e-09 0)
(2.0191e-11 -8.17592e-10 0)
(7.12027e-11 -2.61813e-09 0)
(0 0 0)
(-4.27651e-11 -9.37955e-10 0)
(7.7888e-09 1.10163e-08 0)
(1.1839e-09 -3.79642e-10 0)
(-6.77531e-10 -5.902e-10 0)
(0 0 0)
(-6.32031e-11 -9.18984e-10 0)
(-5.86924e-11 -8.86422e-10 0)
(-5.71519e-11 -1.93492e-09 0)
(-2.02909e-11 -1.2204e-09 0)
(3.12089e-11 -2.1659e-09 0)
(0 0 0)
(1.62075e-11 -8.44141e-10 0)
(3.372e-11 -8.21545e-10 0)
(1.72091e-11 -8.02504e-10 0)
(6.06943e-12 -1.42887e-09 0)
(-8.82145e-12 -1.326e-09 0)
(4.16422e-11 -8.97065e-10 0)
(-2.52505e-11 -1.07916e-09 0)
(-1.72793e-11 -1.18945e-09 0)
(-7.8964e-12 -9.41772e-10 0)
(2.21722e-12 -8.78479e-10 0)
(0 0 0)
(-1.38349e-10 -2.0909e-09 0)
(0 0 0)
(1.87578e-12 -1.01726e-09 0)
(2.55158e-12 -1.24285e-10 0)
(1.63248e-11 -7.67749e-10 0)
(3.17279e-11 -1.01372e-09 0)
(0 0 0)
(8.33099e-11 -9.71177e-10 0)
(0 0 0)
(5.56812e-11 -8.67064e-10 0)
(2.75981e-11 -8.99164e-10 0)
(8.44128e-12 -8.94768e-10 0)
(-8.51686e-11 -2.70218e-09 0)
(-4.48444e-11 -9.07881e-10 0)
(-4.27707e-11 -8.57702e-10 0)
(-7.85155e-11 -1.97808e-09 0)
(-4.56154e-11 -7.39344e-10 0)
(-3.09387e-11 -8.57602e-10 0)
(3.51186e-11 -2.48705e-09 0)
(-4.77671e-11 -9.51092e-10 0)
(-1.37851e-10 -1.99356e-09 0)
(3.57478e-11 -8.60584e-10 0)
(1.36569e-11 -3.48024e-10 0)
(1.34319e-11 -3.51846e-10 0)
(1.65261e-12 -1.02267e-09 0)
(-4.03697e-11 -9.87537e-10 0)
(-6.73286e-12 -9.52566e-10 0)
(0 0 0)
(-1.93212e-11 -9.19928e-10 0)
(-6.68588e-11 -9.87208e-10 0)
(0 0 0)
(-2.23469e-11 -2.14633e-09 0)
(3.78536e-11 -2.05718e-09 0)
(3.47055e-11 -8.30744e-10 0)
(-4.30524e-11 -8.74507e-10 0)
(1.9472e-11 -9.18693e-10 0)
(2.75531e-11 -9.77544e-10 0)
(-1.09244e-11 -1.20642e-09 0)
(0 0 0)
(-2.20688e-11 -1.07643e-09 0)
(1.41585e-11 -9.05271e-10 0)
(3.27253e-12 -8.91291e-10 0)
(0 0 0)
(2.80802e-11 -9.7535e-10 0)
(-1.56889e-11 -9.90727e-10 0)
(-7.19958e-11 -1.01199e-09 0)
(-1.09753e-10 -2.0819e-09 0)
(-3.68614e-11 -8.84131e-10 0)
(-2.53524e-11 -9.68339e-10 0)
(-2.52574e-11 -9.08721e-10 0)
(-7.00076e-11 -9.47761e-10 0)
(0 0 0)
(-8.53116e-12 -1.12454e-09 0)
(0 0 0)
(1.631e-08 3.91392e-08 0)
(1.59732e-09 -1.89052e-09 0)
(-7.03083e-10 -8.48021e-10 0)
(3.95534e-12 -8.92491e-10 0)
(0 0 0)
(-6.20766e-11 -9.15845e-10 0)
(-6.39053e-11 -9.40517e-10 0)
(-5.05933e-11 -9.79247e-10 0)
(-6.32244e-11 -1.04882e-09 0)
(1.80224e-11 -1.02351e-09 0)
(1.3354e-10 -2.04618e-09 0)
(-9.49887e-12 -9.82879e-10 0)
(-4.46059e-11 -1.90093e-09 0)
(-8.04151e-11 -1.93905e-09 0)
(-3.16224e-11 -1.84149e-09 0)
(-6.66528e-11 -1.86615e-09 0)
(-1.69357e-10 -2.19389e-09 0)
(1.86828e-11 -1.08866e-09 0)
(6.00509e-11 -1.00833e-09 0)
(0 0 0)
(5.40288e-11 -9.18245e-10 0)
(-3.50604e-11 -9.19386e-10 0)
(0 0 0)
(2.69048e-11 -1.03729e-09 0)
(0 0 0)
(4.53544e-11 -1.01248e-09 0)
(4.2045e-11 -9.85459e-10 0)
(6.68272e-11 -9.73984e-10 0)
(0 0 0)
(1.00139e-10 -2.02986e-09 0)
(1.20292e-10 -1.99387e-09 0)
(9.22454e-12 -8.90121e-10 0)
(-4.05171e-11 -9.73386e-10 0)
(-1.33826e-10 -1.05094e-09 0)
(-1.17757e-12 -1.65495e-09 0)
(3.48651e-12 -9.20317e-11 0)
(-5.64419e-11 -8.53749e-10 0)
(-7.55419e-11 -8.92927e-10 0)
(0 0 0)
(-1.33296e-10 -2.73002e-09 0)
(-1.29899e-12 -1.01368e-09 0)
(4.15086e-12 -7.93294e-10 0)
(1.52351e-11 -7.72289e-10 0)
(6.04537e-11 -2.37112e-09 0)
(6.49507e-13 -1.00289e-09 0)
(1.76512e-11 -1.04988e-09 0)
(0 0 0)
(1.834e-11 -8.875e-10 0)
(5.49833e-11 -1.0135e-09 0)
(0 0 0)
(-6.04451e-11 -1.03987e-09 0)
(0 0 0)
(-3.46765e-11 -9.9982e-10 0)
(-1.98704e-11 -9.32176e-10 0)
(-3.18334e-11 -2.18881e-09 0)
(0 0 0)
(2.15474e-11 -9.39657e-10 0)
(4.2276e-11 -1.00471e-09 0)
(-7.07047e-11 -1.31554e-09 0)
(-5.38953e-12 -3.49191e-10 0)
(-2.86416e-12 -1.55953e-09 0)
(9.69865e-12 -1.99493e-09 0)
(2.55337e-11 -8.40231e-10 0)
(0 0 0)
(3.42547e-11 -9.46581e-10 0)
(0 0 0)
(0 0 0)
(-6.23886e-11 -9.38425e-10 0)
(-3.57541e-11 -9.2428e-10 0)
(-7.58441e-11 -1.46852e-09 0)
(-5.18645e-11 -1.2526e-09 0)
(-4.18157e-11 -8.17098e-10 0)
(0 0 0)
(-2.31125e-11 -1.04023e-09 0)
(-3.93998e-12 -1.02067e-09 0)
(3.26535e-09 2.89721e-08 0)
(-3.89867e-11 -1.29544e-09 0)
(2.43723e-10 -1.63662e-09 0)
(-9.74625e-11 -8.73795e-10 0)
(-3.87412e-11 -8.84571e-10 0)
(0 0 0)
(0 0 0)
(0 0 0)
(0 0 0)
(0 0 0)
(0 0 0)
(-8.28278e-11 -9.21903e-10 0)
(-1.00834e-10 -1.17282e-09 0)
(-1.59413e-10 -1.70554e-09 0)
(-2.64658e-10 -1.99e-09 0)
(-1.06006e-10 -9.05009e-10 0)
(-1.43443e-10 -2.06607e-09 0)
(-3.46784e-11 -2.2418e-09 0)
(5.95754e-11 -9.14752e-10 0)
(7.30749e-11 -9.77816e-10 0)
(0 0 0)
(1.07968e-12 -9.89159e-10 0)
(3.42383e-11 -1.01555e-09 0)
(7.8785e-11 -1.0307e-09 0)
(9.46298e-11 -1.05344e-09 0)
(2.5816e-11 -1.05251e-09 0)
(2.49319e-11 -9.51394e-10 0)
(4.11989e-11 -1.89332e-09 0)
(-2.50372e-11 -1.87953e-09 0)
(3.9589e-11 -8.06555e-10 0)
(1.20921e-11 -8.36757e-10 0)
(6.23515e-11 -1.73085e-09 0)
(-6.36467e-11 -1.37253e-09 0)
(-3.03763e-11 -9.0956e-10 0)
(0 0 0)
(-8.45836e-12 -9.32845e-10 0)
(-6.82859e-11 -9.40801e-10 0)
(-2.88699e-11 -4.34325e-10 0)
(-7.78778e-12 -1.13427e-10 0)
(-1.72479e-10 -1.07921e-09 0)
(-1.37426e-11 -1.1034e-09 0)
(9.88134e-12 -9.52156e-10 0)
(-2.25043e-11 -9.33569e-10 0)
(-3.63776e-11 -1.02791e-09 0)
(0 0 0)
(2.20515e-11 -2.15758e-09 0)
(8.68191e-11 -9.32508e-10 0)
(0 0 0)
(4.69464e-11 -9.40525e-10 0)
(0 0 0)
(-2.60296e-11 -1.092e-09 0)
(0 0 0)
(0 0 0)
(5.80348e-12 -9.746e-10 0)
(-2.97347e-11 -1.01561e-09 0)
(-3.84162e-11 -9.53103e-10 0)
(-1.6718e-10 -1.96855e-09 0)
(-2.43335e-10 -2.45309e-09 0)
(-5.4875e-11 -1.00359e-09 0)
(8.65527e-12 -1.06258e-09 0)
(1.50782e-11 -2.13052e-09 0)
(3.18866e-11 -8.59933e-10 0)
(-8.95951e-13 -7.873e-10 0)
(3.94118e-11 -8.8384e-10 0)
(5.84906e-12 -9.4519e-10 0)
(-3.42096e-11 -1.18661e-09 0)
(0 0 0)
(-2.52922e-11 -8.84557e-10 0)
(-2.24699e-12 -9.44978e-10 0)
(0 0 0)
(-3.0105e-11 -8.79653e-10 0)
(-4.4746e-11 -9.60244e-10 0)
(-3.88076e-11 -9.63826e-10 0)
(-4.98887e-11 -9.76606e-10 0)
(0 0 0)
(1.69688e-09 2.84154e-08 0)
(-3.62505e-11 -1.2981e-10 0)
(1.67168e-10 2.34521e-11 0)
(-7.49117e-11 -8.14063e-10 0)
(3.16239e-11 -2.00668e-09 0)
(0 0 0)
(1.34617e-11 -9.70704e-10 0)
(3.07046e-11 -1.04575e-09 0)
(1.54593e-11 -1.08136e-09 0)
(-4.13338e-11 -9.96562e-10 0)
(-1.66572e-10 -1.84026e-09 0)
(-1.02129e-10 -6.7747e-10 0)
(-9.4277e-11 -7.96107e-10 0)
(-6.50813e-11 -8.56707e-10 0)
(-4.9771e-11 -9.78175e-10 0)
(0 0 0)
(-3.73539e-11 -9.68444e-10 0)
(-3.76487e-12 -9.9009e-10 0)
(3.31726e-11 -1.03311e-09 0)
(0 0 0)
(2.89097e-11 -1.0036e-09 0)
(2.3098e-11 -1.00751e-09 0)
(-5.38535e-12 -2.18038e-09 0)
(-5.79796e-11 -8.60337e-10 0)
(-8.09948e-11 -2.49952e-09 0)
(-6.86085e-12 -1.0082e-09 0)
(1.76936e-11 -8.31283e-10 0)
(4.9651e-11 -1.8148e-09 0)
(-3.02804e-11 -7.68055e-10 0)
(1.82417e-11 -1.81509e-09 0)
(-2.65016e-12 -8.34821e-10 0)
(-3.2393e-12 -2.40106e-09 0)
(3.77223e-11 -9.87144e-10 0)
(0 0 0)
(-1.50023e-11 -8.40863e-10 0)
(-2.8738e-11 -9.83311e-10 0)
(0 0 0)
(-4.65035e-11 -8.83593e-10 0)
(-5.59077e-11 -9.49486e-10 0)
(-5.63107e-11 -1.03896e-09 0)
(0 0 0)
(-2.08131e-11 -1.08976e-09 0)
(0 0 0)
(-5.82571e-11 -9.98946e-10 0)
(-3.79501e-11 -2.25054e-09 0)
(-2.12588e-11 -9.14013e-10 0)
(5.78171e-11 -2.17222e-09 0)
(7.02042e-13 -2.82123e-11 0)
(2.14987e-11 -1.64356e-09 0)
(2.67907e-11 -1.506e-09 0)
(3.87467e-11 -9.75366e-10 0)
(3.85494e-11 -7.9837e-10 0)
(2.08902e-11 -9.00428e-10 0)
(7.05537e-14 -1.0672e-09 0)
(-1.18372e-10 -1.04909e-09 0)
(-9.95302e-11 -8.9898e-10 0)
(-1.04875e-10 -8.73881e-10 0)
(-4.9491e-11 -9.73541e-10 0)
(1.64008e-11 -9.79088e-10 0)
(3.63466e-11 -8.87086e-10 0)
(5.07634e-11 -9.80175e-10 0)
(6.37687e-12 -9.57159e-10 0)
(5.02274e-11 -1.34592e-09 0)
(4.39303e-11 -1.59892e-09 0)
(0 0 0)
(-5.07877e-11 -1.07771e-09 0)
(4.00188e-11 -1.00773e-09 0)
(0 0 0)
(5.86086e-11 -1.82121e-09 0)
(9.6986e-11 -2.03684e-09 0)
(0 0 0)
(-3.39663e-12 -9.56656e-10 0)
(-2.48641e-11 -1.03759e-09 0)
(0 0 0)
(3.97816e-11 -9.79121e-10 0)
(-6.28445e-09 1.85114e-09 0)
(-3.59032e-10 -2.14417e-10 0)
(-2.56126e-11 -6.52061e-10 0)
(-3.31382e-11 -1.85532e-09 0)
(1.32939e-11 -8.62224e-10 0)
(8.68401e-12 -8.25943e-10 0)
(-2.23686e-11 -8.49415e-10 0)
(2.91501e-11 -2.10448e-09 0)
(-7.14597e-11 -1.07635e-09 0)
(-1.3476e-10 -2.10274e-09 0)
(-1.44678e-10 -2.02812e-09 0)
(-4.4495e-11 -8.07311e-10 0)
(-2.66043e-11 -8.8627e-10 0)
(0 0 0)
(-2.62344e-11 -8.93054e-10 0)
(0 0 0)
(-5.01629e-11 -9.92481e-10 0)
(-3.81791e-11 -9.90663e-10 0)
(-1.52275e-11 -9.84177e-10 0)
(1.78674e-11 -9.92503e-10 0)
(0 0 0)
(5.41321e-11 -2.69483e-09 0)
(-6.79844e-11 -1.82448e-09 0)
(-8.63897e-11 -8.99164e-10 0)
(-9.87256e-11 -9.03466e-10 0)
(1.36845e-11 -9.57207e-10 0)
(4.67389e-11 -2.01212e-09 0)
(1.41545e-11 -9.17146e-10 0)
(-5.25437e-12 -9.06618e-10 0)
(-2.85936e-11 -9.05396e-10 0)
(-3.91018e-11 -9.00999e-10 0)
(-7.31714e-11 -2.24043e-09 0)
(8.68301e-11 -9.64375e-10 0)
(6.22694e-11 -8.9452e-10 0)
(-3.13098e-11 -9.26092e-10 0)
(-4.26083e-11 -9.47465e-10 0)
(0 0 0)
(-1.47383e-11 -8.91881e-10 0)
(-2.00955e-11 -1.01653e-09 0)
(0 0 0)
(-1.57552e-11 -9.96512e-10 0)
(1.39719e-11 -1.03905e-09 0)
(0 0 0)
(0 0 0)
(-3.58084e-11 -9.69537e-10 0)
(-2.37986e-11 -9.64662e-10 0)
(-3.00421e-11 -9.40587e-10 0)
(-1.38428e-11 -9.17726e-10 0)
(-8.11935e-12 -2.12525e-09 0)
(-2.0093e-11 -9.31903e-10 0)
(5.66051e-11 -9.47325e-10 0)
(1.0003e-10 -2.09665e-09 0)
(-1.35877e-11 -9.99677e-10 0)
(-3.24015e-11 -1.29301e-09 0)
(0 0 0)
(0 0 0)
(-1.22084e-10 -1.88715e-09 0)
(-1.44912e-10 -2.23455e-09 0)
(0 0 0)
(2.26281e-11 -9.50469e-10 0)
(5.9766e-11 -1.10857e-09 0)
(-9.9807e-12 -2.28319e-10 0)
(-5.16538e-11 -1.51068e-09 0)
(1.8721e-11 -8.69915e-10 0)
(6.4489e-11 -2.61163e-09 0)
(-1.34382e-11 -1.045e-09 0)
(0 0 0)
(4.59197e-11 -9.06031e-10 0)
(5.39106e-11 -9.01557e-10 0)
(3.7219e-11 -9.27603e-10 0)
(3.39135e-12 -3.13553e-10 0)
(4.07099e-12 -4.132e-10 0)
(0 0 0)
(0 0 0)
(5.90725e-12 -1.95175e-09 0)
(-4.0682e-09 3.00887e-08 0)
(-1.92701e-09 6.77267e-09 0)
(-3.46797e-10 5.0822e-11 0)
(-1.48655e-11 -7.91019e-10 0)
(-1.11053e-11 -8.66922e-10 0)
(-4.41666e-11 -8.72801e-10 0)
(-1.61101e-11 -8.40944e-10 0)
(-1.77854e-10 -2.44916e-09 0)
(-3.8659e-11 -1.67142e-09 0)
(5.18582e-11 -1.4725e-09 0)
(1.53213e-11 -9.18132e-10 0)
(-6.52133e-11 -8.08882e-10 0)
(-2.3908e-11 -8.67437e-10 0)
(-1.85756e-11 -9.34245e-10 0)
(-2.91035e-11 -9.45134e-10 0)
(2.90392e-12 -9.36549e-10 0)
(-1.73713e-11 -9.60844e-10 0)
(-2.19492e-11 -1.01228e-09 0)
(0 0 0)
(2.02346e-11 -1.49743e-09 0)
(4.53518e-11 -1.30693e-09 0)
(1.0513e-12 -2.45248e-11 0)
(-9.37408e-11 -1.21121e-09 0)
(-8.84762e-11 -1.01024e-09 0)
(-6.94819e-11 -8.79329e-10 0)
(6.16011e-12 -9.34792e-10 0)
(0 0 0)
(0 0 0)
(-1.22159e-11 -9.82608e-10 0)
(-3.31865e-11 -9.85386e-10 0)
(-7.15669e-11 -9.30698e-10 0)
(-9.12032e-11 -9.12914e-10 0)
(-7.04403e-11 -9.26908e-10 0)
(-3.16994e-11 -2.47614e-09 0)
(-3.43183e-12 -1.9816e-09 0)
(1.70156e-11 -8.07756e-10 0)
(0 0 0)
(2.20811e-11 -8.86791e-10 0)
(2.86112e-11 -1.00109e-09 0)
(0 0 0)
(3.21535e-12 -9.78976e-10 0)
(3.41434e-11 -1.00795e-09 0)
(2.70424e-11 -1.06206e-09 0)
(-6.13454e-11 -1.04237e-09 0)
(-4.58913e-11 -9.86407e-10 0)
(-2.3836e-11 -9.38455e-10 0)
(-2.40159e-11 -9.44127e-10 0)
(-3.6189e-11 -9.23351e-10 0)
(-5.17722e-11 -9.15295e-10 0)
(-2.63252e-11 -9.07291e-10 0)
(6.60376e-11 -2.20892e-09 0)
(5.81316e-12 -9.80858e-10 0)
(-1.28341e-10 -9.29069e-10 0)
(-2.89592e-11 -1.24385e-09 0)
(0 0 0)
(0 0 0)
(2.75903e-12 -8.96483e-10 0)
(-7.66665e-11 -8.85226e-10 0)
(-1.48592e-11 -8.85311e-10 0)
(-5.59143e-11 -9.32157e-10 0)
(1.25482e-11 -1.05708e-09 0)
(8.1795e-13 -1.00174e-09 0)
(-2.59928e-11 -8.04917e-10 0)
(-2.37469e-12 -8.79411e-10 0)
(-1.37459e-11 -1.02139e-09 0)
(4.31862e-11 -1.07555e-09 0)
(7.67823e-11 -9.92297e-10 0)
(6.10469e-11 -8.99022e-10 0)
(1.16278e-10 -2.02889e-09 0)
(2.05343e-11 -8.58921e-10 0)
(6.6768e-11 -9.79195e-10 0)
(-7.17481e-11 -9.8118e-10 0)
(-3.15455e-11 -9.55871e-10 0)
(0 0 0)
(-3.67958e-11 -9.63498e-10 0)
(-2.15805e-09 2.73463e-08 0)
(1.23184e-10 1.77978e-09 0)
(-3.49263e-11 7.05341e-11 0)
(0 0 0)
(-6.51327e-11 -2.03415e-09 0)
(-2.6322e-11 -8.66197e-10 0)
(-5.64761e-11 -9.35264e-10 0)
(-9.96321e-11 -9.619e-10 0)
(4.10809e-12 -1.04484e-09 0)
(0 0 0)
(-1.69777e-11 -9.33664e-10 0)
(0 0 0)
(-4.45424e-11 -1.92789e-09 0)
(-3.72782e-11 -2.01354e-09 0)
(-4.17048e-11 -8.78882e-10 0)
(-3.35318e-11 -8.85433e-10 0)
(-3.69441e-12 -2.17309e-09 0)
(-2.40248e-12 -8.66598e-10 0)
(-1.42827e-12 -8.66288e-10 0)
(2.24077e-11 -8.21335e-10 0)
(4.14993e-11 -9.28064e-10 0)
(2.61859e-12 -1.22598e-09 0)
(-1.02879e-11 -5.22475e-10 0)
(-1.65028e-11 -1.05703e-09 0)
(-4.9034e-12 -9.16932e-10 0)
(0 0 0)
(-1.52388e-11 -8.54845e-10 0)
(2.12472e-11 -9.80366e-10 0)
(0 0 0)
(-1.09094e-11 -9.31221e-10 0)
(-3.77355e-11 -9.711e-10 0)
(0 0 0)
(-1.05719e-10 -9.20788e-10 0)
(-1.01156e-10 -1.0072e-09 0)
(-5.21015e-11 -1.00775e-09 0)
(1.47337e-11 -7.64613e-10 0)
(8.70907e-11 -1.66122e-09 0)
(5.99583e-11 -7.63585e-10 0)
(1.21909e-10 -2.13455e-09 0)
(9.668e-11 -9.45857e-10 0)
(-2.28985e-11 -9.0932e-10 0)
(-3.91292e-11 -2.19671e-09 0)
(-3.83687e-11 -1.11439e-09 0)
(0 0 0)
(-4.08036e-11 -9.32255e-10 0)
(0 0 0)
(-3.25455e-12 -9.09289e-10 0)
(-2.71772e-11 -9.33632e-10 0)
(-3.84467e-11 -9.32495e-10 0)
(-5.31909e-11 -9.33273e-10 0)
(-7.0931e-11 -9.45532e-10 0)
(-1.03809e-10 -2.61922e-09 0)
(-3.45961e-11 -9.9185e-10 0)
(-6.92344e-11 -9.49584e-10 0)
(4.20387e-11 -9.94125e-10 0)
(0 0 0)
(6.08935e-11 -2.84406e-09 0)
(-1.63097e-12 -2.05186e-10 0)
(-1.53404e-12 -8.22347e-10 0)
(-4.23253e-11 -8.15684e-10 0)
(0 0 0)
(2.47449e-11 -9.95966e-10 0)
(2.43822e-11 -9.45458e-10 0)
(-2.93807e-11 -8.92317e-10 0)
(-1.22261e-11 -1.93895e-09 0)
(1.9964e-11 -8.33234e-10 0)
(5.35149e-11 -8.90238e-10 0)
(1.77372e-11 -8.52137e-10 0)
(1.11694e-10 -2.00372e-09 0)
(5.93413e-11 -7.95615e-10 0)
(1.04242e-10 -2.46406e-09 0)
(0 0 0)
(-5.70461e-12 -8.54514e-10 0)
(0 0 0)
(1.19306e-11 -8.37497e-10 0)
(9.18309e-10 3.6555e-08 0)
(-5.56749e-10 8.23692e-10 0)
(-4.84894e-10 -3.12425e-10 0)
(-1.40026e-10 -8.47217e-10 0)
(-5.03434e-11 -9.37687e-10 0)
(0 0 0)
(-7.70625e-11 -3.34964e-09 0)
(0 0 0)
(0 0 0)
(-2.87225e-11 -9.28711e-10 0)
(-7.2119e-12 -9.20138e-10 0)
(9.16388e-12 -1.00226e-09 0)
(-4.08096e-11 -9.434e-10 0)
(-1.86295e-11 -9.87716e-10 0)
(-1.12407e-11 -9.6119e-10 0)
(-8.45024e-12 -9.26375e-10 0)
(-1.56508e-11 -9.36075e-10 0)
(-1.88838e-11 -9.27347e-10 0)
(-3.12358e-11 -9.83658e-10 0)
(3.52165e-11 -8.9657e-10 0)
(6.10227e-11 -1.0151e-09 0)
(1.32637e-10 -2.92135e-09 0)
(7.0303e-11 -1.06483e-09 0)
(0 0 0)
(0 0 0)
(-1.62156e-11 -7.80357e-10 0)
(-1.77033e-12 -1.5271e-10 0)
(-3.23625e-11 -1.62744e-09 0)
(5.18222e-12 -9.03834e-10 0)
(-3.31129e-11 -9.70434e-10 0)
(-1.2728e-11 -9.45552e-10 0)
(-1.06698e-10 -2.19525e-09 0)
(0 0 0)
(0 0 0)
(0 0 0)
(0 0 0)
(2.37502e-11 -8.39841e-10 0)
(6.88881e-11 -7.77081e-10 0)
(1.32862e-11 -9.28396e-10 0)
(1.54561e-10 -2.48942e-09 0)
(1.63719e-11 -9.05791e-10 0)
(0 0 0)
(-1.04021e-10 -2.30913e-09 0)
(2.78703e-11 -9.79655e-10 0)
(1.64145e-11 -8.79798e-10 0)
(2.49818e-11 -9.09272e-10 0)
(1.51209e-11 -9.31221e-10 0)
(0 0 0)
(0 0 0)
(-4.73976e-11 -1.0049e-09 0)
(-7.60632e-11 -1.05338e-09 0)
(-8.07016e-11 -1.15368e-09 0)
(1.82034e-11 -1.14943e-09 0)
(5.64025e-12 -1.07456e-09 0)
(1.74258e-11 -1.02741e-09 0)
(2.74371e-11 -9.97017e-10 0)
(-2.29536e-11 -9.62829e-10 0)
(-2.86605e-11 -9.04935e-10 0)
(-1.17583e-11 -8.70347e-10 0)
(0 0 0)
(2.99001e-12 -1.01854e-09 0)
(2.50023e-12 -1.04599e-09 0)
(0 0 0)
(0 0 0)
(1.53993e-11 -9.61073e-10 0)
(4.89784e-11 -8.6086e-10 0)
(1.3928e-10 -2.18865e-09 0)
(4.30831e-11 -9.15366e-10 0)
(-7.10158e-13 -9.28469e-10 0)
(0 0 0)
(-1.10522e-10 -2.17093e-09 0)
(-6.46358e-11 -2.22953e-09 0)
(9.71409e-11 -2.0988e-09 0)
(1.07792e-11 -8.80373e-10 0)
(-6.31406e-12 -9.32951e-10 0)
(6.54715e-09 -7.57296e-10 0)
(-2.3105e-10 3.89973e-10 0)
(3.22427e-11 -1.50756e-10 0)
(-5.22347e-11 -7.7868e-10 0)
(-2.57827e-11 -8.55508e-10 0)
(-2.03e-11 -1.88328e-09 0)
(-3.01829e-11 -9.61439e-10 0)
(3.98221e-12 -9.33349e-10 0)
(1.04284e-10 -2.0098e-09 0)
(5.24184e-11 -2.11779e-09 0)
(2.81885e-11 -9.75249e-10 0)
(0 0 0)
(0 0 0)
(0 0 0)
(-2.50833e-11 -9.75136e-10 0)
(-3.55379e-11 -9.789e-10 0)
(-1.25361e-11 -9.40209e-10 0)
(-2.3271e-11 -9.35845e-10 0)
(2.36625e-12 -9.74975e-10 0)
(-2.22055e-11 -9.60231e-10 0)
(-5.02112e-11 -9.81992e-10 0)
(-1.17658e-10 -2.4366e-09 0)
(1.15099e-10 -2.32577e-09 0)
(4.87e-11 -8.96874e-10 0)
(4.57116e-11 -8.3993e-10 0)
(5.12276e-11 -2.95232e-09 0)
(-1.85232e-11 -8.16123e-10 0)
(-1.71691e-11 -9.34204e-10 0)
(-3.1852e-11 -9.47498e-10 0)
(0 0 0)
(0 0 0)
(1.30807e-11 -2.10567e-09 0)
(-4.21695e-11 -9.71846e-10 0)
(0 0 0)
(0 0 0)
(3.34246e-11 -9.66169e-10 0)
(0 0 0)
(3.91052e-11 -8.92489e-10 0)
(4.05412e-11 -1.937e-09 0)
(0 0 0)
(6.33335e-11 -1.08146e-09 0)
(1.13164e-10 -1.12715e-09 0)
(-5.62349e-11 -1.22774e-09 0)
(-1.40615e-10 -2.08625e-09 0)
(2.76059e-12 -8.87863e-10 0)
(4.62748e-11 -1.82167e-09 0)
(3.44164e-11 -1.84367e-09 0)
(0 0 0)
(-2.36143e-11 -9.7463e-10 0)
(0 0 0)
(-2.51291e-11 -1.03898e-09 0)
(0 0 0)
(-5.33655e-12 -1.05805e-09 0)
(0 0 0)
(1.50795e-11 -1.05811e-09 0)
(0 0 0)
(3.4827e-11 -2.13274e-09 0)
(3.82377e-11 -1.99683e-09 0)
(-3.25816e-11 -1.89428e-09 0)
(-9.86559e-12 -8.16732e-10 0)
(-1.48725e-11 -8.95807e-10 0)
(-6.34167e-12 -2.31257e-09 0)
(-2.36528e-12 -9.16248e-10 0)
(5.65443e-11 -2.11345e-09 0)
(4.87347e-11 -1.38721e-09 0)
(6.36049e-11 -1.31343e-09 0)
(4.55069e-11 -9.20549e-10 0)
(2.42171e-11 -8.95144e-10 0)
(0 0 0)
(3.50804e-11 -1.10122e-09 0)
(0 0 0)
(0 0 0)
(0 0 0)
(0 0 0)
(4.39126e-12 -9.3746e-10 0)
(-6.50244e-09 2.97267e-08 0)
(-1.32047e-09 -1.69418e-09 0)
(8.34762e-11 -4.41242e-10 0)
(-2.87967e-11 -1.98187e-09 0)
(-2.54201e-11 -7.74488e-10 0)
(1.57547e-11 -8.21392e-10 0)
(0 0 0)
(4.95339e-11 -2.18678e-09 0)
(3.28336e-12 -8.62237e-10 0)
(1.19709e-11 -9.83042e-10 0)
(-1.37708e-12 -9.73532e-10 0)
(1.40032e-11 -9.70192e-10 0)
(5.55066e-12 -9.59676e-10 0)
(7.18171e-12 -9.58031e-10 0)
(5.07178e-12 -9.55945e-10 0)
(-1.72468e-11 -9.41511e-10 0)
(2.68976e-11 -1.95059e-09 0)
(5.54322e-12 -7.65822e-10 0)
(-1.53739e-12 -9.38615e-10 0)
(2.87277e-12 -1.12078e-09 0)
(-1.05367e-11 -1.47701e-09 0)
(-2.39635e-11 -9.17392e-10 0)
(-8.36754e-12 -9.34657e-10 0)
(-3.49949e-12 -9.39377e-10 0)
(-1.11458e-11 -9.08805e-10 0)
(-1.42805e-11 -9.36442e-10 0)
(0 0 0)
(0 0 0)
(2.56024e-11 -1.02962e-09 0)
(-8.93676e-12 -9.69799e-10 0)
(-1.25771e-11 -9.56249e-10 0)
(1.53986e-11 -9.67511e-10 0)
(-6.44394e-12 -9.87521e-10 0)
(-2.1261e-11 -9.19059e-10 0)
(0 0 0)
(-2.14618e-12 -8.46776e-10 0)
(1.42804e-11 -9.17368e-10 0)
(0 0 0)
(1.86583e-11 -1.0455e-09 0)
(-1.55444e-12 -1.67994e-09 0)
(2.29276e-11 -8.96075e-10 0)
(4.83061e-11 -2.32647e-09 0)
(-4.40916e-11 -9.28232e-10 0)
(-3.48759e-11 -7.98324e-10 0)
(-9.40595e-12 -6.40705e-10 0)
(1.99818e-11 -7.2654e-10 0)
(3.18111e-12 -9.82191e-10 0)
(0 0 0)
(8.0542e-13 -9.40146e-10 0)
(-2.03849e-13 -1.04588e-09 0)
(-2.55816e-11 -1.04071e-09 0)
(-1.75826e-11 -1.09846e-09 0)
(0 0 0)
(-8.37306e-12 -1.05538e-09 0)
(-9.39513e-12 -1.06504e-09 0)
(2.03077e-11 -9.28759e-10 0)
(1.37943e-11 -1.9882e-09 0)
(-1.15703e-11 -8.56551e-10 0)
(6.50743e-13 -1.7289e-09 0)
(-2.08163e-11 -8.35719e-10 0)
(-6.53134e-12 -8.84783e-10 0)
(-2.12175e-11 -9.54567e-10 0)
(-8.62166e-12 -9.39576e-10 0)
(0 0 0)
(1.33903e-11 -2.05325e-09 0)
(2.35499e-11 -8.01115e-10 0)
(4.42208e-11 -9.30953e-10 0)
(0 0 0)
(5.32936e-12 -2.66102e-10 0)
(-8.44739e-12 -1.7922e-09 0)
(-6.47813e-11 -1.01431e-09 0)
(-3.38744e-12 -8.5048e-10 0)
(2.54893e-11 -8.79724e-10 0)
(1.26604e-11 -9.3191e-10 0)
(-5.7333e-11 -1.87753e-09 0)
)
;


// ************************************************************************* //
