/*--------------------------------*- C++ -*----------------------------------*\
  =========                 |
  \\      /  F ield         | OpenFOAM: The Open Source CFD Toolbox
   \\    /   O peration     | Website:  https://openfoam.org
    \\  /    A nd           | Version:  12
     \\/     M anipulation  |
\*---------------------------------------------------------------------------*/
FoamFile
{
    format      ascii;
    class       vectorField;
    location    "0.55/lagrangian/cloud";
    object      U;
}
// * * * * * * * * * * * * * * * * * * * * * * * * * * * * * * * * * * * * * //


2433
(
(0.000348675 -0.029181 0)
(-7.49833e-05 -0.0283227 0)
(0.000150529 -0.0286134 0)
(0.000142629 -0.0289345 0)
(0.000265778 -0.0294639 0)
(0.000209244 -0.0293338 0)
(0.000374018 -0.0292385 0)
(0.000218571 -0.0300205 0)
(0.000332353 -0.0311237 0)
(0.00159271 -0.0300602 0)
(0.000271568 -0.0260896 0)
(-0.000135297 -0.0269707 0)
(-0.000832484 -0.0260687 0)
(1.21268e-05 -0.0272901 0)
(-0.000414073 -0.0278 0)
(0.000299668 -0.0262723 0)
(-4.13053e-05 -0.0273681 0)
(-0.00102875 -0.0299602 0)
(-0.000879797 -0.0302606 0)
(-0.00207963 -0.0302953 0)
(-0.000115647 -0.0298575 0)
(-6.50428e-05 -0.0291638 0)
(-0.000147108 -0.0316937 0)
(-0.000306882 -0.0356016 0)
(-2.29296e-06 -0.0293524 0)
(-0.000514548 -0.0283273 0)
(0.000657548 -0.0305581 0)
(0.000480934 -0.0300969 0)
(-4.99723e-05 -0.0330323 0)
(0.00107973 -0.0327489 0)
(0.000555793 -0.0313706 0)
(8.02576e-05 -0.0315593 0)
(0.000204316 -0.0340313 0)
(-1.48033e-05 -0.0314259 0)
(-0.000915406 -0.0311427 0)
(-0.000476884 -0.0311538 0)
(0.00041588 -0.0300647 0)
(-0.000614721 -0.0295876 0)
(-0.000183386 -0.0327232 0)
(-0.000428129 -0.0313763 0)
(0.000617974 -0.0321844 0)
(0.00122285 -0.0323689 0)
(-0.000457248 -0.0338096 0)
(-0.000357404 -0.0326261 0)
(0.000902946 -0.0346023 0)
(0.000589788 -0.0318756 0)
(0.00115123 -0.0316736 0)
(-0.000981551 -0.0298843 0)
(0.00400897 -0.02976 0)
(0.000506375 -0.0308724 0)
(0.000864359 -0.0335132 0)
(0.00047084 -0.03425 0)
(0.000269167 -0.0352306 0)
(0.000316247 -0.0354041 0)
(0.000117675 -0.0362942 0)
(0.000134035 -0.0377495 0)
(0.0004445 -0.0370602 0)
(0.000566697 -0.0360099 0)
(-0.000728259 -0.0390026 0)
(-0.000223895 -0.0380366 0)
(0.000293989 -0.0383467 0)
(0.000671852 -0.036559 0)
(-0.000267058 -0.0369011 0)
(0.000353045 -0.0365427 0)
(0.000344798 -0.0370293 0)
(0.000518588 -0.0370418 0)
(-0.000309409 -0.0358712 0)
(-0.00177079 -0.0282345 0)
(-0.000588825 -0.028655 0)
(-0.000352468 -0.0285222 0)
(0.000296441 -0.0258719 0)
(-2.70373e-06 -0.0216126 0)
(0.00193435 -0.0312279 0)
(0.00217316 -0.0338425 0)
(-0.000366429 -0.0302065 0)
(-0.000434238 -0.0328268 0)
(-0.000972365 -0.0329093 0)
(0.00100232 -0.0328952 0)
(-0.000392379 -0.034129 0)
(0.000231193 -0.0371438 0)
(-0.00234644 -0.031499 0)
(-0.000959436 -0.0314407 0)
(0.000390601 -0.0309042 0)
(0.000255575 -0.0314221 0)
(-5.8371e-05 -0.0319195 0)
(-0.00164546 -0.0326378 0)
(0.000389075 -0.038628 0)
(0.000647226 -0.0366195 0)
(-0.000358874 -0.0351061 0)
(0.00179561 -0.0322802 0)
(3.57678e-05 -0.0281665 0)
(-0.000101472 -0.030854 0)
(0.000977289 -0.0359387 0)
(0.000412821 -0.0339645 0)
(9.04953e-05 -0.0353699 0)
(1.23919e-06 -0.0360888 0)
(0.000135255 -0.0361423 0)
(0.000547324 -0.0370633 0)
(0.000843225 -0.0383057 0)
(0.00038826 -0.0403474 0)
(-0.00152759 -0.0367562 0)
(-0.000398157 -0.0348307 0)
(5.22966e-05 -0.032967 0)
(0.00116879 -0.0349448 0)
(-0.000417507 -0.0347689 0)
(0.000428446 -0.0349244 0)
(0.000594255 -0.0360308 0)
(-0.000350275 -0.0355331 0)
(-0.00052041 -0.0344655 0)
(0.000350773 -0.047427 0)
(0.00118338 -0.044932 0)
(-0.00018254 -0.0443551 0)
(-7.3954e-05 -0.0439471 0)
(0.000327509 -0.0461714 0)
(-0.000250036 -0.0455625 0)
(0.000773965 -0.0424845 0)
(0.000797859 -0.0391907 0)
(0.000244945 -0.0382934 0)
(-0.00172415 -0.0363398 0)
(-0.00163252 -0.0440046 0)
(-0.000201426 -0.0415519 0)
(0.00110923 -0.0404472 0)
(-0.000792886 -0.0414103 0)
(-0.000526284 -0.0424974 0)
(9.36872e-05 -0.0420566 0)
(-0.00138889 -0.0344953 0)
(-0.00125884 -0.038023 0)
(-0.00139155 -0.0405589 0)
(0.000124446 -0.0384511 0)
(1.916e-05 -0.0380378 0)
(0.000233548 -0.0388548 0)
(-0.000158819 -0.0385672 0)
(-0.000176145 -0.0384955 0)
(-0.000103534 -0.0373908 0)
(-0.000233885 -0.0345556 0)
(-0.000841355 -0.0397129 0)
(0.000183601 -0.0403411 0)
(0.000215997 -0.0399879 0)
(8.02747e-05 -0.0409906 0)
(-6.77111e-05 -0.0444143 0)
(-0.000392578 -0.0427598 0)
(0.000414669 -0.0421548 0)
(0.000108596 -0.0452275 0)
(0.000452321 -0.0454467 0)
(-4.28747e-05 -0.0470125 0)
(0.000909528 -0.0457833 0)
(0.000726867 -0.0433696 0)
(0.00132309 -0.0427182 0)
(0.000121061 -0.0432728 0)
(-0.000143164 -0.0431653 0)
(0.000172099 -0.0432792 0)
(-0.000746382 -0.0422554 0)
(-0.000165723 -0.0423252 0)
(0.00045868 -0.0418393 0)
(-0.00182351 -0.0397253 0)
(-0.000220295 -0.044653 0)
(8.55417e-05 -0.0443326 0)
(-0.000822381 -0.0432566 0)
(3.249e-06 -0.0437999 0)
(0.000165653 -0.0429549 0)
(0.000346187 -0.0453728 0)
(-4.09805e-05 -0.0469479 0)
(-0.000235108 -0.0478155 0)
(0.000202486 -0.0445183 0)
(-6.72061e-05 -0.0458176 0)
(0.000769674 -0.0450432 0)
(-0.000704647 -0.0447215 0)
(-0.000739092 -0.0439418 0)
(-0.000342832 -0.0410025 0)
(-0.00113275 -0.0431056 0)
(-0.00105544 -0.0429069 0)
(0.000492633 -0.040564 0)
(0.000618055 -0.0409734 0)
(0.000468381 -0.0428842 0)
(-0.000758828 -0.0408151 0)
(-0.000305454 -0.0413096 0)
(0.000202029 -0.0418002 0)
(7.82802e-05 -0.0421739 0)
(-0.000175564 -0.042726 0)
(-0.000945497 -0.0411527 0)
(0.000690033 -0.0441678 0)
(-9.0891e-05 -0.0456468 0)
(0.000366856 -0.0419845 0)
(0.00160313 -0.0425905 0)
(-0.00104276 -0.0436201 0)
(0.000172765 -0.0448697 0)
(-0.000538757 -0.0445534 0)
(-0.000237644 -0.0446907 0)
(-6.73246e-05 -0.0447605 0)
(0.000112487 -0.0448409 0)
(8.1998e-05 -0.0465895 0)
(0.000373512 -0.0463909 0)
(-0.00124156 -0.0451494 0)
(-0.000204127 -0.0445653 0)
(0.00028769 -0.0444779 0)
(-0.000234961 -0.0451418 0)
(-0.000200131 -0.0448226 0)
(0.000164681 -0.0459546 0)
(0.000162175 -0.0464538 0)
(0.000228832 -0.0461049 0)
(0.000157709 -0.0455813 0)
(-0.000190292 -0.0445328 0)
(0.000711661 -0.0455961 0)
(-0.00132477 -0.0447378 0)
(-0.00066384 -0.0452231 0)
(0.000802955 -0.0451945 0)
(0.000188592 -0.0479623 0)
(-0.000139269 -0.0473567 0)
(-0.000259604 -0.0477892 0)
(-0.00082143 -0.0466731 0)
(0.000883703 -0.0451091 0)
(-0.000224035 -0.045312 0)
(-0.00114039 -0.04561 0)
(-0.000261204 -0.0452775 0)
(-0.000757957 -0.045691 0)
(-0.000976599 -0.0451591 0)
(-0.000364136 -0.0442413 0)
(-0.000549558 -0.0435101 0)
(0.000496146 -0.0416118 0)
(0.00102446 -0.0431501 0)
(0.000473308 -0.0436021 0)
(0.000360023 -0.0425537 0)
(4.88418e-05 -0.043853 0)
(0.000112594 -0.0442576 0)
(0.000164828 -0.0455985 0)
(0.00185281 -0.046421 0)
(-0.000266129 -0.0440562 0)
(1.1135e-05 -0.0441208 0)
(-0.000638404 -0.0451289 0)
(0.000609262 -0.0429545 0)
(0.000357644 -0.0453864 0)
(-0.000132579 -0.0451562 0)
(-0.000216274 -0.0443001 0)
(0.000304492 -0.0434172 0)
(0.00272338 -0.0432399 0)
(0.000281539 -0.0445003 0)
(0.00026336 -0.0446981 0)
(-7.65924e-05 -0.04614 0)
(0.000244025 -0.0466192 0)
(-0.000475594 -0.0463595 0)
(0.000193211 -0.0459181 0)
(0.000217298 -0.0443051 0)
(0.000507558 -0.0456946 0)
(-0.000159645 -0.0461078 0)
(-0.000346636 -0.0458561 0)
(0.000162493 -0.0451713 0)
(-4.1252e-05 -0.0419639 0)
(0.000908941 -0.0427302 0)
(0.000718039 -0.0434765 0)
(0.000410513 -0.0420641 0)
(0.000357334 -0.0424822 0)
(0.000115063 -0.042948 0)
(-0.000107772 -0.0478404 0)
(-0.00025595 -0.0471943 0)
(0.000782275 -0.0459594 0)
(0.000346403 -0.0455944 0)
(0.000223438 -0.0451577 0)
(-1.0477e-05 -0.0445507 0)
(-0.000175727 -0.0455324 0)
(-0.000293918 -0.0455702 0)
(1.87616e-05 -0.0450968 0)
(-0.000511215 -0.0452448 0)
(-0.00031768 -0.0446811 0)
(-0.000300351 -0.044578 0)
(0.000570142 -0.0412883 0)
(0.00149857 -0.0430354 0)
(0.000765159 -0.04628 0)
(0.000325258 -0.0472361 0)
(0.000568081 -0.0459384 0)
(0.000514051 -0.0448051 0)
(6.29516e-05 -0.0451904 0)
(-0.000422864 -0.0464293 0)
(-0.000251085 -0.0468941 0)
(-2.00578e-05 -0.0469338 0)
(-0.001787 -0.046005 0)
(0.000744455 -0.0459017 0)
(-0.000879264 -0.0459817 0)
(-0.000806369 -0.0470782 0)
(0.000235745 -0.0465507 0)
(9.5935e-05 -0.0458862 0)
(2.79e-05 -0.0436943 0)
(2.08031e-05 -0.0448649 0)
(0.000188463 -0.0450805 0)
(0.000246419 -0.045997 0)
(0.00036863 -0.0464693 0)
(0.000851164 -0.0461735 0)
(0.000154369 -0.0466952 0)
(0.000615357 -0.0473102 0)
(-0.00145839 -0.0468103 0)
(-0.000220488 -0.0473725 0)
(-0.000335707 -0.0471918 0)
(-0.000501653 -0.0479949 0)
(-0.000164376 -0.0484436 0)
(0.000638949 -0.0448454 0)
(0.000343921 -0.0475601 0)
(-0.000692629 -0.0476996 0)
(-0.000266504 -0.0460994 0)
(0.000513212 -0.0432171 0)
(-0.000268009 -0.0475637 0)
(-0.000277997 -0.0470032 0)
(-3.2952e-05 -0.0463608 0)
(-9.4962e-05 -0.0471054 0)
(-0.00119478 -0.041437 0)
(-0.000195117 -0.0441389 0)
(0.000123339 -0.0442337 0)
(-0.000164133 -0.0448223 0)
(-0.000344827 -0.0449633 0)
(-0.000187705 -0.0445745 0)
(0.000128972 -0.0446681 0)
(-4.73399e-05 -0.045794 0)
(-0.000175265 -0.0460365 0)
(-0.000415927 -0.0450583 0)
(0.00102622 -0.043759 0)
(0.000684663 -0.0460596 0)
(0.000429744 -0.0462042 0)
(0.00031566 -0.0485336 0)
(-0.000404763 -0.0500442 0)
(0.000195505 -0.0504052 0)
(-4.44904e-05 -0.0499836 0)
(0.000246743 -0.0489158 0)
(0.000123233 -0.048162 0)
(9.49772e-05 -0.0485115 0)
(0.000207841 -0.0483974 0)
(-0.00157229 -0.0479261 0)
(-0.000558151 -0.0476612 0)
(-0.00055489 -0.047704 0)
(-0.000116025 -0.0479385 0)
(-0.000513423 -0.0468529 0)
(-0.000308937 -0.0466762 0)
(-0.000181679 -0.0449966 0)
(-0.000475645 -0.0457397 0)
(-0.000577208 -0.045597 0)
(0.000451395 -0.0454167 0)
(0.00077526 -0.0463254 0)
(0.000263242 -0.0466549 0)
(6.74339e-05 -0.0470802 0)
(-5.38983e-05 -0.0473032 0)
(0.000299621 -0.0457384 0)
(0.000703059 -0.0456325 0)
(-0.000456326 -0.0468835 0)
(-0.00106777 -0.047297 0)
(8.33188e-05 -0.048903 0)
(0.000147133 -0.0481106 0)
(0.000513661 -0.0473204 0)
(-0.000551257 -0.047902 0)
(0.000102048 -0.0455687 0)
(-0.000522236 -0.0461801 0)
(-0.000287082 -0.045781 0)
(-0.00052295 -0.04603 0)
(0.000405383 -0.0467626 0)
(-0.000431442 -0.0422798 0)
(0.000659786 -0.0484396 0)
(7.6684e-05 -0.0486736 0)
(-6.42063e-05 -0.0482973 0)
(-0.000555238 -0.0469002 0)
(-2.03823e-05 -0.0471167 0)
(-2.53402e-05 -0.0473294 0)
(-0.000122358 -0.0463834 0)
(5.97411e-05 -0.0460111 0)
(0.00142289 -0.0461944 0)
(-0.00168682 -0.0453887 0)
(-0.000596699 -0.0456843 0)
(0.00105464 -0.0480036 0)
(0.000759908 -0.0487337 0)
(-0.000583702 -0.0508084 0)
(-0.000446377 -0.0528717 0)
(0.000146447 -0.0520037 0)
(0.000337184 -0.0504911 0)
(-0.000363965 -0.0503997 0)
(0.000359865 -0.0494238 0)
(0.000315323 -0.0492925 0)
(-0.000196926 -0.0481691 0)
(-9.70474e-05 -0.0486531 0)
(-3.41516e-05 -0.04849 0)
(0.000107281 -0.0485213 0)
(0.000333789 -0.0477503 0)
(-0.000650177 -0.0511037 0)
(-0.000143491 -0.0497006 0)
(-2.85558e-05 -0.0466709 0)
(0.000273269 -0.0483849 0)
(0.000173873 -0.0479191 0)
(0.000581996 -0.047393 0)
(-0.000197639 -0.0468762 0)
(2.65825e-05 -0.0474406 0)
(2.53365e-05 -0.0475222 0)
(0.000197334 -0.0478523 0)
(0.000424994 -0.0473219 0)
(0.000414992 -0.0467344 0)
(0.000289778 -0.0459442 0)
(-0.000221348 -0.0476247 0)
(-0.000222581 -0.0463301 0)
(0.000456248 -0.0460648 0)
(-0.000230447 -0.048166 0)
(0.00057332 -0.0483826 0)
(0.00021792 -0.0461216 0)
(0.000168661 -0.0475362 0)
(-0.000301962 -0.0476127 0)
(-0.0011172 -0.0457613 0)
(-0.000177859 -0.0474225 0)
(-0.000975678 -0.0487964 0)
(-0.000257749 -0.0472405 0)
(0.000784574 -0.0476471 0)
(0.000587382 -0.051186 0)
(-0.000848511 -0.0498119 0)
(-0.000700686 -0.0499966 0)
(-0.000396336 -0.0516499 0)
(-7.00042e-05 -0.0518043 0)
(0.000329617 -0.0516748 0)
(0.000807747 -0.0497077 0)
(0.000735185 -0.0485925 0)
(0.000551636 -0.0519205 0)
(0.00146286 -0.0494426 0)
(0.000553099 -0.0497392 0)
(-0.000335214 -0.0526153 0)
(-0.000944048 -0.0527804 0)
(-0.000260094 -0.0522605 0)
(0.000323888 -0.0521333 0)
(0.000254741 -0.0498139 0)
(-7.56925e-05 -0.0495633 0)
(-0.000886504 -0.0505535 0)
(-0.000472613 -0.0498804 0)
(-0.000274813 -0.0499318 0)
(-3.26778e-05 -0.0494298 0)
(0.000248837 -0.05017 0)
(-3.03315e-05 -0.0506011 0)
(0.000524938 -0.0496359 0)
(-0.000969767 -0.0487672 0)
(-4.41903e-05 -0.0479722 0)
(-0.000170689 -0.0475475 0)
(-0.000366764 -0.0493535 0)
(0.000282718 -0.0486406 0)
(0.000178346 -0.0465553 0)
(8.6142e-05 -0.0476919 0)
(-1.80979e-05 -0.0472667 0)
(0.000459641 -0.0483463 0)
(7.09841e-05 -0.0467418 0)
(0.000207921 -0.0461325 0)
(-0.000215487 -0.0460553 0)
(8.1497e-05 -0.0453993 0)
(-0.000158074 -0.0434192 0)
(-0.000373985 -0.0445382 0)
(0.000480805 -0.0456249 0)
(0.000439228 -0.0451978 0)
(0.000613581 -0.0471063 0)
(-0.00130333 -0.0465415 0)
(0.000943979 -0.0466407 0)
(-0.000512252 -0.0470293 0)
(0.000392632 -0.0472534 0)
(0.000647623 -0.0479225 0)
(0.000109038 -0.0483833 0)
(-0.00120397 -0.0487133 0)
(-0.000556753 -0.0501878 0)
(0.000718822 -0.0507308 0)
(0.0014222 -0.0513564 0)
(-0.000273904 -0.0525769 0)
(-0.000223449 -0.0539457 0)
(-0.00027179 -0.0544963 0)
(0.00136348 -0.0534706 0)
(0.000868522 -0.0530193 0)
(0.000442957 -0.0522494 0)
(-0.000731924 -0.0514141 0)
(-0.000572182 -0.0535531 0)
(-0.000715616 -0.0525529 0)
(0.000134251 -0.0544926 0)
(-0.000403056 -0.0514421 0)
(-0.000104595 -0.0488297 0)
(-0.000167466 -0.0498158 0)
(-3.37016e-05 -0.0485478 0)
(0.000549755 -0.0482686 0)
(0.000479784 -0.0510026 0)
(3.31788e-05 -0.0506038 0)
(0.000434096 -0.0490123 0)
(0.000128864 -0.0474932 0)
(0.000106716 -0.048906 0)
(0.000322782 -0.0490162 0)
(-0.000365237 -0.0488741 0)
(-0.000368337 -0.0491066 0)
(0.000280515 -0.0513312 0)
(0.000208438 -0.0485968 0)
(-0.000185443 -0.0473634 0)
(0.000681166 -0.0472142 0)
(-0.000248375 -0.0468924 0)
(0.00182169 -0.0460281 0)
(-0.000372901 -0.0445615 0)
(0.000275932 -0.0452925 0)
(-6.75119e-05 -0.044069 0)
(0.000849126 -0.0415995 0)
(5.13375e-05 -0.0420842 0)
(0.000294254 -0.0438959 0)
(0.000518002 -0.0443059 0)
(-0.00130026 -0.0444655 0)
(9.25993e-05 -0.0458516 0)
(0.000257422 -0.0475042 0)
(0.00106708 -0.0448268 0)
(6.03997e-05 -0.0452686 0)
(8.56342e-05 -0.0456297 0)
(-3.97917e-06 -0.0466652 0)
(0.000695276 -0.0470057 0)
(-0.00161582 -0.0461477 0)
(-0.00085496 -0.0465877 0)
(-0.000420612 -0.0466002 0)
(0.00125773 -0.0469855 0)
(-0.000135534 -0.0487494 0)
(-0.000766827 -0.0502687 0)
(-0.00130421 -0.0502519 0)
(0.000577744 -0.0541107 0)
(0.000161628 -0.0537343 0)
(-0.000439087 -0.0522493 0)
(0.000627805 -0.0495194 0)
(0.000201993 -0.0511795 0)
(0.000146156 -0.0508134 0)
(-0.000587435 -0.0515961 0)
(-0.000193581 -0.0509092 0)
(-8.00867e-05 -0.049354 0)
(-0.000470645 -0.0494906 0)
(0.000650597 -0.0482435 0)
(0.000402824 -0.047241 0)
(0.000379838 -0.0461972 0)
(8.53678e-05 -0.0464629 0)
(-0.000514649 -0.044798 0)
(-0.000597301 -0.0453604 0)
(-3.02744e-05 -0.0475017 0)
(-0.000478637 -0.0466941 0)
(-0.00169634 -0.0463164 0)
(-0.000287716 -0.047608 0)
(7.03928e-06 -0.0490353 0)
(-9.99394e-05 -0.048921 0)
(-0.00015321 -0.0477065 0)
(-0.00018501 -0.0467002 0)
(6.31476e-05 -0.047391 0)
(0.00104484 -0.0465123 0)
(0.00101787 -0.0440809 0)
(0.000531607 -0.045201 0)
(0.00052839 -0.0450963 0)
(0.000111874 -0.043732 0)
(-0.000173807 -0.0426925 0)
(-0.000431527 -0.0441093 0)
(-0.000258546 -0.0461474 0)
(-0.00119772 -0.047073 0)
(0.0010123 -0.0455141 0)
(0.0005213 -0.0457771 0)
(0.000719122 -0.0448768 0)
(0.000157605 -0.043804 0)
(-3.19798e-05 -0.0432278 0)
(3.00034e-05 -0.0423826 0)
(-0.000406651 -0.0412466 0)
(-0.00109712 -0.0410356 0)
(-0.000281169 -0.0397596 0)
(0.000298608 -0.0386721 0)
(2.78133e-05 -0.0405013 0)
(-0.00106805 -0.0427498 0)
(8.45609e-06 -0.0430995 0)
(0.000906611 -0.0420954 0)
(3.25752e-05 -0.0447156 0)
(4.74254e-05 -0.0431696 0)
(-3.27766e-05 -0.0483233 0)
(-0.000229681 -0.0492288 0)
(-0.000197814 -0.0503207 0)
(-0.000495552 -0.0512319 0)
(-0.000363714 -0.0506 0)
(5.09853e-05 -0.0497963 0)
(0.000595594 -0.0489546 0)
(-0.000566588 -0.0480886 0)
(4.45638e-05 -0.0471753 0)
(-7.52168e-06 -0.0485756 0)
(0.000279147 -0.0464578 0)
(0.000223211 -0.0459077 0)
(-5.93177e-05 -0.0458627 0)
(-3.7378e-05 -0.0455565 0)
(0.000325064 -0.0476718 0)
(-0.000100284 -0.0472855 0)
(-4.25539e-05 -0.0480122 0)
(-0.000219577 -0.0485576 0)
(-4.00193e-05 -0.0484697 0)
(-0.000486417 -0.0480083 0)
(-0.00030777 -0.0474114 0)
(0.000291134 -0.047682 0)
(0.000207895 -0.0466213 0)
(0.000815926 -0.0441798 0)
(-3.74361e-05 -0.043971 0)
(0.000662629 -0.0449811 0)
(-0.00142594 -0.04168 0)
(0.00107358 -0.0424352 0)
(-0.000184732 -0.0445975 0)
(0.000123733 -0.0453593 0)
(-0.000170601 -0.0465136 0)
(-0.00110175 -0.0487914 0)
(0.000482567 -0.0458882 0)
(0.000724163 -0.0457506 0)
(0.000569482 -0.0461568 0)
(0.000473886 -0.0458991 0)
(-4.34157e-05 -0.0449138 0)
(-0.000627151 -0.0438542 0)
(-0.00121063 -0.0429952 0)
(0.000590678 -0.0407608 0)
(-1.59644e-05 -0.0397167 0)
(0.000800465 -0.0387849 0)
(8.60975e-05 -0.040721 0)
(0.000149412 -0.0372647 0)
(-0.000152409 -0.0357969 0)
(-0.000103051 -0.0367246 0)
(0.000224573 -0.0397594 0)
(1.51797e-05 -0.0421615 0)
(0.000402279 -0.0444268 0)
(6.79642e-05 -0.0451762 0)
(-0.00232987 -0.0472425 0)
(0.000269766 -0.0451905 0)
(-0.00305245 -0.0451168 0)
(0.000558405 -0.0471967 0)
(-0.000580495 -0.0468329 0)
(-0.00102586 -0.0455961 0)
(-0.000125439 -0.0460898 0)
(-0.000313897 -0.0465799 0)
(-6.50297e-05 -0.0466887 0)
(0.000147104 -0.0461812 0)
(0.000164408 -0.0458828 0)
(0.000448635 -0.0456955 0)
(-0.000564519 -0.0459884 0)
(-0.00042288 -0.0468196 0)
(-0.000309954 -0.0475437 0)
(-0.000256606 -0.0480091 0)
(0.000619866 -0.0481591 0)
(0.000199409 -0.048097 0)
(0.000618235 -0.0465029 0)
(-0.00101372 -0.0470981 0)
(-0.000456632 -0.046054 0)
(-0.00109402 -0.0425417 0)
(-6.84434e-05 -0.0428328 0)
(0.000732478 -0.0417417 0)
(0.00178623 -0.0415413 0)
(0.000927515 -0.042309 0)
(0.00121952 -0.0417516 0)
(-0.000105577 -0.0439354 0)
(0.000134814 -0.0451519 0)
(0.00112814 -0.0468907 0)
(0.000194978 -0.0468797 0)
(0.00148702 -0.044558 0)
(0.000115957 -0.0452092 0)
(0.00030725 -0.0467222 0)
(0.000184323 -0.0448205 0)
(-0.000555528 -0.0472974 0)
(0.00180916 -0.0398574 0)
(-0.00105601 -0.041218 0)
(-0.000136875 -0.042627 0)
(-4.53276e-05 -0.0421573 0)
(-0.000205086 -0.0459648 0)
(-0.000179795 -0.0464245 0)
(0.000808665 -0.0453544 0)
(0.000782044 -0.0444327 0)
(0.000741927 -0.0437558 0)
(0.00140676 -0.0420818 0)
(-0.000298198 -0.0447334 0)
(0.000508007 -0.0465009 0)
(0.000142372 -0.0466812 0)
(2.84856e-05 -0.045698 0)
(2.65501e-05 -0.045572 0)
(0.000690139 -0.045323 0)
(-0.000953065 -0.0452818 0)
(-0.000268548 -0.0445017 0)
(-0.000587077 -0.0451752 0)
(-0.000610146 -0.0451838 0)
(2.59422e-05 -0.0441919 0)
(0.000246983 -0.0456622 0)
(-7.173e-06 -0.0465853 0)
(-0.000301509 -0.0471365 0)
(0.000182693 -0.0472542 0)
(0.000434122 -0.0460555 0)
(-2.69257e-05 -0.0461583 0)
(0.000319986 -0.0449273 0)
(0.000600821 -0.0466226 0)
(-0.000238005 -0.0455971 0)
(-0.000285166 -0.0456407 0)
(-0.000363501 -0.0456868 0)
(3.13055e-05 -0.0447465 0)
(1.53502e-06 -0.0422807 0)
(0.00190018 -0.0403801 0)
(0.00100846 -0.0410263 0)
(0.000133897 -0.0445689 0)
(-0.000378163 -0.044725 0)
(0.000684824 -0.0445399 0)
(0.0014906 -0.0437929 0)
(-0.000315024 -0.0467375 0)
(-9.23808e-05 -0.0422003 0)
(0.000629166 -0.0438952 0)
(0.00115375 -0.0439265 0)
(-0.000411249 -0.0443822 0)
(-0.000558447 -0.0468882 0)
(0.000221377 -0.0465328 0)
(-0.00020062 -0.0482402 0)
(0.000542581 -0.0480696 0)
(-0.000418408 -0.0473352 0)
(-0.000905987 -0.0488612 0)
(-0.000265701 -0.0488335 0)
(-0.000229527 -0.048211 0)
(1.76556e-05 -0.0473903 0)
(0.000190236 -0.0460066 0)
(0.000352128 -0.0451979 0)
(0.00112804 -0.0449755 0)
(0.000568645 -0.0443701 0)
(0.000638619 -0.045047 0)
(0.000396026 -0.0437127 0)
(0.000213386 -0.0416009 0)
(-0.000192446 -0.0433392 0)
(0.000232329 -0.0443129 0)
(-0.000546671 -0.0464001 0)
(-0.0014196 -0.0465989 0)
(0.000154047 -0.0451276 0)
(-0.000789065 -0.0428647 0)
(-0.000758965 -0.0439646 0)
(-0.000580614 -0.0460718 0)
(0.000586383 -0.0469927 0)
(0.000573202 -0.0454647 0)
(0.000478342 -0.0450328 0)
(0.000507838 -0.0446693 0)
(-0.000258721 -0.0445435 0)
(-0.00043635 -0.0456254 0)
(-0.000714319 -0.0437486 0)
(-0.000494414 -0.0449827 0)
(-0.000217018 -0.0469423 0)
(-0.00087555 -0.0450083 0)
(0.0009979 -0.0471486 0)
(0.000417593 -0.0471137 0)
(-0.000773498 -0.044996 0)
(0.000209781 -0.0400574 0)
(-0.000961756 -0.0440429 0)
(-0.000889327 -0.0454185 0)
(-0.000517941 -0.0457785 0)
(-0.000202226 -0.0473839 0)
(-0.000488559 -0.0466052 0)
(-0.000520251 -0.0471343 0)
(-0.000564783 -0.046644 0)
(0.000120732 -0.0428237 0)
(-0.000184138 -0.0444501 0)
(0.000884411 -0.0464309 0)
(-0.000127441 -0.0478746 0)
(0.000821403 -0.0468007 0)
(-7.06536e-05 -0.0492728 0)
(-0.000443658 -0.0499748 0)
(-4.41955e-05 -0.0489991 0)
(-0.000333366 -0.0467039 0)
(0.00140949 -0.0464056 0)
(-0.000188753 -0.0472126 0)
(-0.000227292 -0.0479115 0)
(0.000154216 -0.0459635 0)
(0.000723738 -0.0453109 0)
(0.000194472 -0.0425778 0)
(0.000493317 -0.041944 0)
(0.000864823 -0.0428539 0)
(0.000125851 -0.0402707 0)
(0.0004899 -0.0410052 0)
(-0.00059322 -0.0434587 0)
(-0.00114522 -0.0452725 0)
(-0.00147868 -0.0433965 0)
(-0.00114836 -0.0431575 0)
(-0.000147701 -0.0447863 0)
(-0.000127191 -0.0439586 0)
(6.96044e-05 -0.0453594 0)
(0.000341121 -0.0459682 0)
(0.000122775 -0.0456875 0)
(-1.39989e-05 -0.0448412 0)
(-9.39158e-05 -0.0441423 0)
(-0.000110478 -0.0435722 0)
(0.000343608 -0.0450715 0)
(-0.000397995 -0.0435188 0)
(-0.000634474 -0.0464172 0)
(-0.00055236 -0.0455058 0)
(0.000396281 -0.0441436 0)
(-0.000418777 -0.0452043 0)
(0.000392277 -0.0458741 0)
(0.00127325 -0.0467452 0)
(-0.00030372 -0.0473699 0)
(-0.00126466 -0.0468891 0)
(0.000265 -0.0464318 0)
(-0.000802462 -0.0482184 0)
(-0.000445838 -0.0474911 0)
(7.42807e-05 -0.0471051 0)
(0.000696577 -0.0472823 0)
(-0.00114694 -0.0474445 0)
(-0.000404329 -0.0485514 0)
(-7.11007e-05 -0.0477802 0)
(-7.46077e-05 -0.0474073 0)
(-0.00014936 -0.0470633 0)
(0.000201488 -0.0482533 0)
(-0.000145047 -0.0489423 0)
(2.15757e-05 -0.0485636 0)
(0.000396937 -0.0487345 0)
(0.000144363 -0.046552 0)
(-8.77083e-05 -0.0470598 0)
(-5.83474e-05 -0.0478987 0)
(-0.00103886 -0.0480781 0)
(-9.92665e-05 -0.0469071 0)
(0.00117651 -0.0448775 0)
(-7.8148e-05 -0.0451666 0)
(0.00075832 -0.041322 0)
(0.000793667 -0.0395369 0)
(0.00134283 -0.0404393 0)
(0.000389346 -0.043515 0)
(-0.0004566 -0.0449971 0)
(0.000540273 -0.0442017 0)
(0.000201962 -0.0431497 0)
(-0.000484824 -0.0445781 0)
(-8.90447e-05 -0.045192 0)
(0.000733078 -0.0465801 0)
(0.000148449 -0.0471141 0)
(-4.02654e-05 -0.0464785 0)
(-0.000609047 -0.0449993 0)
(-0.00032461 -0.0442353 0)
(4.55894e-05 -0.0446681 0)
(3.88571e-05 -0.0454625 0)
(0.000360516 -0.0469899 0)
(0.000208596 -0.0459606 0)
(0.000321792 -0.0455818 0)
(0.000458694 -0.0452774 0)
(0.000761071 -0.0427011 0)
(-0.000829946 -0.0420069 0)
(0.000417116 -0.0428903 0)
(0.000178787 -0.0442243 0)
(-2.18404e-05 -0.0447428 0)
(0.000278943 -0.0473111 0)
(-0.000306043 -0.0461333 0)
(-0.000792708 -0.0454006 0)
(0.000349678 -0.0471154 0)
(-0.000827812 -0.0490046 0)
(-0.000617489 -0.0477762 0)
(-0.000408998 -0.048163 0)
(-0.00114793 -0.0487114 0)
(0.0009033 -0.0487488 0)
(-2.63595e-05 -0.049441 0)
(0.000199347 -0.0492608 0)
(0.000193738 -0.0492501 0)
(0.000235246 -0.0494731 0)
(0.00019932 -0.0495979 0)
(-0.000187704 -0.0480499 0)
(0.000180799 -0.0473959 0)
(0.00016759 -0.0479922 0)
(-0.000442628 -0.0473108 0)
(0.000398595 -0.0479244 0)
(-0.000668838 -0.0488492 0)
(-0.000150802 -0.0458544 0)
(-0.000431602 -0.0470604 0)
(-0.000421407 -0.0449109 0)
(-0.000360943 -0.0456865 0)
(-0.000140951 -0.0465096 0)
(0.000344245 -0.0471267 0)
(0.000916484 -0.0446555 0)
(-0.000246394 -0.0464086 0)
(0.000624586 -0.0452537 0)
(0.000555874 -0.0444192 0)
(0.000189986 -0.0440852 0)
(-0.00106934 -0.0425984 0)
(-0.000486233 -0.0439116 0)
(0.0005887 -0.041958 0)
(0.000166447 -0.0417512 0)
(-0.000117507 -0.0428693 0)
(-0.00011741 -0.0446974 0)
(0.00021484 -0.0460946 0)
(0.00026858 -0.0466077 0)
(0.000360816 -0.0473665 0)
(0.000759148 -0.045347 0)
(0.000229127 -0.0435675 0)
(0.000198401 -0.0458759 0)
(-0.000241722 -0.0459578 0)
(-0.000329424 -0.0468382 0)
(0.000626873 -0.0464405 0)
(1.13689e-05 -0.0450761 0)
(-0.000488273 -0.0437897 0)
(-0.000131332 -0.0436328 0)
(-0.000159509 -0.0450917 0)
(0.000324325 -0.0461703 0)
(-0.000517117 -0.0461629 0)
(-0.000274452 -0.0465433 0)
(0.000366405 -0.0490814 0)
(-5.7571e-05 -0.0505574 0)
(-0.000185628 -0.0501894 0)
(9.81602e-05 -0.0503049 0)
(9.13193e-05 -0.0487248 0)
(0.000119545 -0.0494523 0)
(0.000109802 -0.0504845 0)
(-0.000213188 -0.05094 0)
(-0.00010081 -0.0482276 0)
(0.000289505 -0.0484826 0)
(-0.00024872 -0.0490005 0)
(-0.000383914 -0.0496064 0)
(-8.47895e-05 -0.0492175 0)
(-0.00010293 -0.0497448 0)
(-0.000417604 -0.0492548 0)
(0.000623344 -0.0491813 0)
(6.16154e-05 -0.0489578 0)
(6.50347e-05 -0.0483571 0)
(-5.7193e-05 -0.0482791 0)
(-0.000513754 -0.0473329 0)
(0.00029858 -0.0452254 0)
(0.000827881 -0.0471172 0)
(0.000535516 -0.0442222 0)
(0.000378903 -0.0432133 0)
(-0.000425004 -0.0412656 0)
(-0.000449663 -0.0401832 0)
(0.00110071 -0.0414932 0)
(-0.000292877 -0.0442231 0)
(0.000731709 -0.0432968 0)
(0.000827559 -0.0434795 0)
(-0.00026445 -0.044824 0)
(-0.000601419 -0.047141 0)
(-0.000531646 -0.0484715 0)
(0.000332821 -0.0482893 0)
(0.000791092 -0.046999 0)
(0.00103643 -0.0459885 0)
(0.00117508 -0.0451524 0)
(0.00125407 -0.0473961 0)
(0.000401898 -0.0478865 0)
(0.000120433 -0.0486325 0)
(-0.000121521 -0.0480616 0)
(0.000127101 -0.0469881 0)
(-0.000256662 -0.0466474 0)
(-0.00061435 -0.0460794 0)
(0.0002579 -0.046009 0)
(0.000456899 -0.0468982 0)
(7.55472e-05 -0.0496699 0)
(-0.000745404 -0.0483501 0)
(-0.000932087 -0.0486261 0)
(0.000357636 -0.0499929 0)
(-0.000531532 -0.0486997 0)
(-0.000200747 -0.0508074 0)
(0.00049774 -0.0511837 0)
(-0.000288182 -0.0497173 0)
(-0.000282604 -0.0490807 0)
(0.000855996 -0.0490825 0)
(-0.00091929 -0.0502993 0)
(-0.000350624 -0.0509794 0)
(-4.78406e-06 -0.0508934 0)
(-0.000311491 -0.0512545 0)
(-0.000487058 -0.050203 0)
(-0.000707988 -0.0496092 0)
(0.000922167 -0.0501345 0)
(0.000276408 -0.0483319 0)
(0.00112982 -0.0481198 0)
(-0.00138149 -0.0468562 0)
(-5.6677e-05 -0.0460853 0)
(0.000752821 -0.0453334 0)
(0.000333708 -0.0453785 0)
(0.000227321 -0.0443826 0)
(-0.000228643 -0.0458163 0)
(-0.00068962 -0.041948 0)
(0.000923584 -0.0450899 0)
(0.000604446 -0.0479555 0)
(0.00116347 -0.0472611 0)
(0.00151342 -0.0469378 0)
(0.000256139 -0.0473419 0)
(-0.00118703 -0.0489702 0)
(-0.00024668 -0.0494381 0)
(2.03874e-06 -0.0483417 0)
(0.000328486 -0.0496901 0)
(0.000865836 -0.0487286 0)
(0.00035401 -0.0488356 0)
(0.000697824 -0.0475171 0)
(0.000690889 -0.0465953 0)
(0.000958085 -0.045365 0)
(0.000622122 -0.046101 0)
(5.39599e-05 -0.0467591 0)
(-0.000624418 -0.0480112 0)
(-0.000290922 -0.0480863 0)
(-0.000826985 -0.0481534 0)
(0.000674326 -0.0467269 0)
(-0.000949752 -0.0467069 0)
(-0.00103377 -0.0477514 0)
(-0.000154979 -0.0490847 0)
(0.00012368 -0.0489902 0)
(-0.000487186 -0.048116 0)
(-0.000242183 -0.0494324 0)
(-0.000175774 -0.0512466 0)
(-0.000393568 -0.0525729 0)
(7.50272e-05 -0.0508722 0)
(-0.000352821 -0.0500464 0)
(-0.000105956 -0.0498227 0)
(0.00018009 -0.049548 0)
(0.00113558 -0.0513867 0)
(0.000596247 -0.049759 0)
(0.00046441 -0.0503883 0)
(-0.00014533 -0.0502177 0)
(-0.000422643 -0.0499566 0)
(-0.000453743 -0.0483109 0)
(0.00050406 -0.0478917 0)
(0.000102706 -0.0473841 0)
(-0.000353376 -0.0462087 0)
(0.000486215 -0.0474181 0)
(0.000357686 -0.0477527 0)
(-0.000127722 -0.0472402 0)
(8.5802e-05 -0.0448284 0)
(0.00051435 -0.045578 0)
(0.00182261 -0.0462374 0)
(0.000938884 -0.0483285 0)
(0.00139292 -0.0473348 0)
(0.000586339 -0.0470126 0)
(0.000594346 -0.0492486 0)
(0.000112757 -0.0500586 0)
(0.000521728 -0.0495468 0)
(0.000250202 -0.0493661 0)
(7.03913e-05 -0.0481081 0)
(4.20206e-06 -0.050122 0)
(0.000226395 -0.0472249 0)
(0.000504194 -0.0458782 0)
(0.000656717 -0.0460255 0)
(5.45814e-05 -0.0437166 0)
(-0.00120593 -0.0446917 0)
(-0.000884934 -0.0418686 0)
(-0.000575174 -0.0439146 0)
(-0.000864921 -0.0422756 0)
(-0.000255712 -0.0425538 0)
(-0.00102159 -0.0416678 0)
(0.0008495 -0.0408676 0)
(0.00171243 -0.0378182 0)
(0.000360181 -0.0439333 0)
(-0.000223341 -0.0435263 0)
(-0.000268064 -0.0447119 0)
(0.00018941 -0.0484984 0)
(-0.0015505 -0.0465117 0)
(-0.000990055 -0.046544 0)
(-5.62032e-05 -0.0478954 0)
(0.000256734 -0.049823 0)
(8.00277e-05 -0.0499893 0)
(-9.60897e-05 -0.0505998 0)
(-2.4436e-06 -0.0507296 0)
(0.000253332 -0.0497796 0)
(-0.000116443 -0.050181 0)
(0.000854333 -0.0502749 0)
(0.000356374 -0.0493054 0)
(0.00092057 -0.0487457 0)
(0.000249418 -0.0503702 0)
(-0.000110851 -0.0492542 0)
(3.59779e-05 -0.0484955 0)
(0.000721539 -0.0476599 0)
(-0.000621124 -0.0471907 0)
(-0.000639565 -0.0442482 0)
(0.00102282 -0.0478114 0)
(7.78441e-05 -0.0502425 0)
(0.000251923 -0.0507392 0)
(0.000438422 -0.0504273 0)
(-0.000114513 -0.0486178 0)
(-0.000110371 -0.048821 0)
(-7.06335e-06 -0.0496124 0)
(-1.44601e-07 -0.0492123 0)
(0.00091542 -0.0506101 0)
(0.00181126 -0.0500496 0)
(0.000430815 -0.0490261 0)
(-0.000230168 -0.0483249 0)
(-0.000239917 -0.0465329 0)
(0.000402251 -0.0464324 0)
(-0.000546398 -0.0459293 0)
(0.000262384 -0.0448989 0)
(-2.29142e-05 -0.0439845 0)
(0.000235508 -0.0439224 0)
(-5.82182e-05 -0.0440638 0)
(-0.000406559 -0.0439175 0)
(-0.0013156 -0.0444878 0)
(3.20639e-05 -0.044337 0)
(-0.00110354 -0.0433905 0)
(0.000188301 -0.0463805 0)
(0.000730284 -0.048282 0)
(0.000333975 -0.041804 0)
(0.00171767 -0.0388592 0)
(-0.000101436 -0.0368582 0)
(-0.000425491 -0.0385286 0)
(-0.000325297 -0.041173 0)
(-4.09828e-05 -0.041275 0)
(-0.00151562 -0.0399893 0)
(0.000713952 -0.0406379 0)
(-0.000107501 -0.0431815 0)
(0.000176505 -0.0429778 0)
(0.000126978 -0.0457424 0)
(0.000271245 -0.0474887 0)
(6.53371e-06 -0.0477284 0)
(-0.000266527 -0.0484882 0)
(0.00022733 -0.0489111 0)
(-0.000325001 -0.0498667 0)
(0.000245281 -0.0499583 0)
(0.000196978 -0.0484326 0)
(0.000373535 -0.0489261 0)
(0.000613692 -0.0490874 0)
(0.000437545 -0.048065 0)
(0.000697228 -0.0510999 0)
(-0.00109906 -0.0459736 0)
(-0.000116177 -0.0482046 0)
(0.000437472 -0.0474251 0)
(0.000396489 -0.0508952 0)
(7.77577e-05 -0.0530502 0)
(-2.26513e-06 -0.053661 0)
(1.44019e-05 -0.0527164 0)
(-0.000470797 -0.0512736 0)
(-0.000293071 -0.050204 0)
(0.00050554 -0.0495719 0)
(0.00079992 -0.050803 0)
(0.000345691 -0.04787 0)
(-0.000480522 -0.047508 0)
(1.39317e-05 -0.0446875 0)
(-0.000351315 -0.0454067 0)
(-0.000334799 -0.0449733 0)
(0.000224105 -0.0442489 0)
(-0.000320991 -0.0430102 0)
(0.00013948 -0.0435004 0)
(0.000149534 -0.04437 0)
(-0.000268624 -0.044997 0)
(-0.000497411 -0.044574 0)
(0.00137174 -0.0453296 0)
(8.85661e-05 -0.0459671 0)
(-0.000523591 -0.0446379 0)
(0.000261236 -0.0463439 0)
(0.00101141 -0.0459912 0)
(-5.79469e-05 -0.0466001 0)
(-0.00114715 -0.0449891 0)
(-0.00011843 -0.0450126 0)
(0.000106356 -0.0414421 0)
(-0.000344748 -0.0391636 0)
(-0.000224245 -0.0381808 0)
(0.000131032 -0.0413971 0)
(0.00134016 -0.0466073 0)
(0.0012652 -0.046418 0)
(0.000432483 -0.0475785 0)
(-9.32074e-05 -0.0470585 0)
(-0.000362863 -0.0464263 0)
(9.45197e-05 -0.0494954 0)
(5.02121e-07 -0.047014 0)
(0.00032308 -0.0496051 0)
(-0.000152924 -0.0489138 0)
(-0.00172694 -0.0494303 0)
(-0.000767164 -0.0476288 0)
(-0.000481696 -0.0491625 0)
(-5.67419e-05 -0.0500997 0)
(-0.00028729 -0.0450406 0)
(-0.000862267 -0.0517525 0)
(0.00183193 -0.0489436 0)
(-0.000244942 -0.0528968 0)
(-0.000546793 -0.054621 0)
(0.000754982 -0.053785 0)
(0.000332399 -0.0531099 0)
(-0.000467895 -0.0529315 0)
(-0.0012499 -0.0508129 0)
(0.000568365 -0.0495316 0)
(0.00108164 -0.0503009 0)
(-0.00108912 -0.0496836 0)
(-0.000263097 -0.0462129 0)
(-0.000597388 -0.0471899 0)
(-0.000755781 -0.0446744 0)
(-0.000664328 -0.0447389 0)
(-0.000104086 -0.0445671 0)
(-0.000990818 -0.0431846 0)
(0.000778133 -0.0438456 0)
(0.000174284 -0.0444199 0)
(-0.000156498 -0.0469311 0)
(0.000641779 -0.0424228 0)
(6.01967e-05 -0.0456119 0)
(0.000385155 -0.0471954 0)
(-0.000129337 -0.0457754 0)
(-0.000363277 -0.0454302 0)
(0.000168512 -0.0440002 0)
(0.000450795 -0.0422471 0)
(-0.000149887 -0.043384 0)
(-0.00100262 -0.0460177 0)
(-0.000195552 -0.0454993 0)
(0.000267255 -0.0453642 0)
(-0.000131813 -0.0478995 0)
(5.42129e-05 -0.0479131 0)
(0.000626461 -0.0458127 0)
(0.000555016 -0.0459382 0)
(0.000801485 -0.0474667 0)
(0.00103992 -0.0474987 0)
(0.000244809 -0.0471161 0)
(0.000130803 -0.0454286 0)
(-0.000379988 -0.0464847 0)
(-0.000147472 -0.0460707 0)
(0.000699643 -0.0458555 0)
(-0.000167883 -0.0479154 0)
(0.00032875 -0.0485783 0)
(6.77709e-05 -0.0505753 0)
(-0.000382734 -0.0500288 0)
(-0.000976477 -0.0502886 0)
(-0.000681334 -0.0522823 0)
(-0.000175341 -0.0534986 0)
(0.00041978 -0.0527805 0)
(-0.00144865 -0.0545693 0)
(-0.000880112 -0.0507128 0)
(-0.00075094 -0.0497552 0)
(-0.000636922 -0.050751 0)
(-8.41922e-05 -0.0483656 0)
(-6.49211e-05 -0.0493492 0)
(0.00114916 -0.0515522 0)
(-0.00237044 -0.0496573 0)
(-0.000754534 -0.046888 0)
(-0.000365172 -0.0478487 0)
(-0.00062651 -0.0455664 0)
(-0.00023029 -0.0455987 0)
(0.000301152 -0.044744 0)
(9.71564e-05 -0.0424653 0)
(0.000307647 -0.0445744 0)
(-0.000133716 -0.0460549 0)
(-0.000392934 -0.046947 0)
(0.000278766 -0.0475521 0)
(-7.98921e-05 -0.0472414 0)
(-0.000304066 -0.0468128 0)
(0.000151886 -0.0465244 0)
(0.000543247 -0.0449471 0)
(0.000523281 -0.0435315 0)
(-0.000755322 -0.0393514 0)
(0.000866663 -0.0396811 0)
(0.000321042 -0.0403946 0)
(-0.00222208 -0.0458744 0)
(-0.000452314 -0.0492629 0)
(-0.0015887 -0.0501932 0)
(-0.000578775 -0.0481825 0)
(-0.000119947 -0.0457854 0)
(0.000111205 -0.0473958 0)
(-0.000822247 -0.0467092 0)
(0.000326178 -0.0475641 0)
(0.000263374 -0.0463485 0)
(0.000475009 -0.0458908 0)
(0.00201679 -0.0456815 0)
(0.00122418 -0.0443704 0)
(0.00207149 -0.0405996 0)
(0.000357657 -0.0415735 0)
(0.000460128 -0.0470452 0)
(0.000508337 -0.0452842 0)
(0.000743827 -0.0446923 0)
(0.00125968 -0.0474846 0)
(0.00116394 -0.0500446 0)
(0.000105322 -0.0504036 0)
(0.000107224 -0.0525227 0)
(0.000153541 -0.0523698 0)
(-0.000124951 -0.0484172 0)
(-0.0015619 -0.0480885 0)
(-0.00100309 -0.0483338 0)
(-6.01411e-05 -0.0492861 0)
(0.000912723 -0.0498073 0)
(0.00107298 -0.0526418 0)
(-0.00152713 -0.0516725 0)
(-0.00105216 -0.0455201 0)
(-9.59889e-05 -0.0464994 0)
(0.000210906 -0.0465631 0)
(-0.000345969 -0.0465402 0)
(0.000360369 -0.04493 0)
(-0.000349707 -0.0476911 0)
(0.000144397 -0.0487605 0)
(-0.000114242 -0.0462917 0)
(0.00054665 -0.0458219 0)
(-0.000479445 -0.0467343 0)
(-0.000462884 -0.0482977 0)
(-0.00022966 -0.0489416 0)
(-0.000250169 -0.0488505 0)
(-0.000271663 -0.0482292 0)
(-0.000239372 -0.0477838 0)
(-0.000310449 -0.0449538 0)
(0.00244046 -0.0389887 0)
(0.00468514 -0.0383253 0)
(0.00155862 -0.0412049 0)
(-0.000104986 -0.0483228 0)
(-0.000344189 -0.0470326 0)
(-0.00102595 -0.0473727 0)
(0.000804043 -0.0457518 0)
(0.000286887 -0.0456241 0)
(0.000491912 -0.0460554 0)
(0.00046284 -0.0448465 0)
(0.000569173 -0.0446812 0)
(0.000570891 -0.0422997 0)
(0.000445671 -0.0417245 0)
(0.00069436 -0.0419556 0)
(0.000217382 -0.0418329 0)
(-0.00012824 -0.0397804 0)
(0.000113067 -0.0362061 0)
(-0.000189152 -0.041191 0)
(-0.000246882 -0.0385888 0)
(0.000575362 -0.0434383 0)
(0.000690298 -0.0428977 0)
(-0.000182417 -0.042349 0)
(0.000550319 -0.0436486 0)
(-0.000963714 -0.043378 0)
(0.00025515 -0.0457122 0)
(1.43323e-05 -0.0450246 0)
(9.27336e-05 -0.0457653 0)
(-0.000702294 -0.0483105 0)
(0.000365622 -0.0475146 0)
(-0.000213607 -0.0489496 0)
(0.000718281 -0.0509459 0)
(-0.000243771 -0.0493067 0)
(-0.000403381 -0.0486927 0)
(0.000656733 -0.0428889 0)
(-0.00117038 -0.0421864 0)
(-0.00256132 -0.0427742 0)
(-0.000812127 -0.0430657 0)
(-0.00141369 -0.0464522 0)
(-0.000124307 -0.0469352 0)
(0.000820465 -0.0466805 0)
(0.000340979 -0.0481505 0)
(5.03939e-05 -0.0485156 0)
(-6.9343e-05 -0.0483845 0)
(-2.94228e-05 -0.0482 0)
(0.000110379 -0.0481309 0)
(-1.4724e-05 -0.0480103 0)
(0.000290427 -0.0479756 0)
(1.24212e-05 -0.0489117 0)
(-0.000390825 -0.0463154 0)
(0.00295946 -0.039531 0)
(0.00182201 -0.0419809 0)
(0.0023653 -0.0455976 0)
(1.26935e-06 -0.0464753 0)
(0.000433681 -0.0459215 0)
(0.00141228 -0.0452237 0)
(0.000298381 -0.0414839 0)
(0.000426372 -0.041709 0)
(1.54218e-06 -0.0427472 0)
(7.17363e-05 -0.0438798 0)
(0.000178271 -0.0443272 0)
(0.000480849 -0.0433984 0)
(0.000709607 -0.0435243 0)
(8.77067e-05 -0.0459612 0)
(0.000384295 -0.0426253 0)
(-0.000360435 -0.0413116 0)
(-0.000587192 -0.0413236 0)
(-0.000491114 -0.0416404 0)
(-0.000524405 -0.0419078 0)
(0.000724172 -0.0428081 0)
(0.000969571 -0.0440848 0)
(-0.000186677 -0.0427646 0)
(-0.00102885 -0.041851 0)
(-0.000159116 -0.0430217 0)
(-0.000471924 -0.0448183 0)
(-0.000514185 -0.0446509 0)
(-0.000256193 -0.0448282 0)
(-2.53163e-05 -0.0436839 0)
(0.0005331 -0.0420548 0)
(-0.00156785 -0.0425402 0)
(-0.00276428 -0.0426412 0)
(-0.0034836 -0.0422779 0)
(-0.00268521 -0.0403927 0)
(-0.000784538 -0.03996 0)
(0.000427818 -0.0410238 0)
(0.000327457 -0.0450485 0)
(-0.000981613 -0.046373 0)
(-0.000550431 -0.0461423 0)
(7.53303e-05 -0.0491172 0)
(-0.000814972 -0.0481637 0)
(0.00102809 -0.0502986 0)
(0.000159425 -0.0476143 0)
(-0.000260844 -0.0468691 0)
(0.000286229 -0.0467776 0)
(0.000453011 -0.0472943 0)
(-0.000160016 -0.0458578 0)
(-0.000425841 -0.0448146 0)
(-7.16239e-05 -0.0470804 0)
(4.94355e-05 -0.0467602 0)
(0.00228116 -0.0440263 0)
(0.00121302 -0.0450341 0)
(0.00109483 -0.0468476 0)
(0.000630131 -0.0454402 0)
(0.00224302 -0.0433722 0)
(4.57418e-05 -0.0429205 0)
(0.000991449 -0.0430096 0)
(0.000907062 -0.0427594 0)
(-9.13162e-05 -0.0427694 0)
(-0.000251474 -0.0443966 0)
(-0.000487433 -0.0458983 0)
(0.000259354 -0.0452769 0)
(0.000307416 -0.044322 0)
(7.70913e-05 -0.0453587 0)
(0.000556759 -0.0418601 0)
(-0.000113426 -0.0443507 0)
(-0.00124198 -0.0443002 0)
(-0.000134563 -0.0434309 0)
(-0.00032997 -0.0442385 0)
(0.00118882 -0.0438651 0)
(0.000254254 -0.0438613 0)
(0.000476689 -0.0436101 0)
(-0.000323694 -0.0445499 0)
(-0.000875165 -0.0426312 0)
(-0.000317669 -0.0437778 0)
(0.00036242 -0.0430665 0)
(0.00066789 -0.0417497 0)
(0.00191481 -0.0412632 0)
(-9.49362e-05 -0.0397136 0)
(0.000313904 -0.040359 0)
(0.000242172 -0.0451391 0)
(-0.00109265 -0.0431467 0)
(-8.9284e-05 -0.0431256 0)
(-6.71832e-05 -0.0434107 0)
(-6.27747e-05 -0.0442759 0)
(-0.000695573 -0.0438019 0)
(0.000577614 -0.0455869 0)
(-0.000838069 -0.0469749 0)
(-0.00084685 -0.0462973 0)
(-0.00141239 -0.0495821 0)
(0.00150603 -0.0494716 0)
(0.000211264 -0.0450684 0)
(0.000666725 -0.0453373 0)
(0.000160685 -0.0455021 0)
(-0.000136125 -0.0450621 0)
(-0.000960704 -0.0413343 0)
(-0.00035409 -0.0421568 0)
(-0.000120412 -0.0440277 0)
(-0.00100359 -0.0438587 0)
(0.000390522 -0.0466493 0)
(0.000509395 -0.0480275 0)
(-0.00010774 -0.0459655 0)
(0.000907515 -0.0460785 0)
(0.00122371 -0.045088 0)
(0.00137399 -0.0442078 0)
(0.000912047 -0.0435632 0)
(0.00236485 -0.0442108 0)
(0.0014677 -0.0430015 0)
(0.000954857 -0.0437145 0)
(0.000594405 -0.0445352 0)
(0.00102573 -0.0443818 0)
(2.99174e-05 -0.0455667 0)
(0.000449877 -0.0450514 0)
(-0.000790695 -0.044131 0)
(-0.000264588 -0.0430901 0)
(-0.000349283 -0.0462299 0)
(0.00144346 -0.0434312 0)
(-0.000515493 -0.0449611 0)
(0.000187384 -0.043358 0)
(0.000306072 -0.040154 0)
(-0.000876605 -0.041323 0)
(-0.000683516 -0.0438783 0)
(-0.000557916 -0.0412373 0)
(-0.000695803 -0.0411894 0)
(-0.000356204 -0.040272 0)
(-0.000839904 -0.0412438 0)
(-0.000447945 -0.0452991 0)
(-0.000114517 -0.0453762 0)
(0.0018743 -0.0433833 0)
(-0.000201352 -0.0441391 0)
(0.000508951 -0.0440857 0)
(9.03561e-05 -0.0433257 0)
(-0.00148199 -0.0416045 0)
(-0.000222877 -0.0414797 0)
(-0.000510382 -0.0428083 0)
(-0.000576321 -0.0431714 0)
(-0.000467127 -0.043874 0)
(-0.000418687 -0.0447983 0)
(5.08266e-05 -0.0456782 0)
(-0.000369452 -0.0426632 0)
(0.00043569 -0.046589 0)
(0.00087902 -0.0453807 0)
(0.00111855 -0.0453434 0)
(-0.000266705 -0.0430021 0)
(-0.00137204 -0.0439897 0)
(-0.000253478 -0.0442551 0)
(-0.000170719 -0.0438727 0)
(-0.000225844 -0.0480391 0)
(-0.00052787 -0.0477576 0)
(8.39897e-05 -0.0466882 0)
(0.00040261 -0.0467263 0)
(0.000431349 -0.0445792 0)
(0.000846976 -0.0444845 0)
(9.78928e-05 -0.04471 0)
(6.17225e-05 -0.0448048 0)
(4.70748e-05 -0.0445699 0)
(0.000926361 -0.0440958 0)
(0.000655227 -0.0450552 0)
(0.000276332 -0.0456104 0)
(-0.000406548 -0.0442383 0)
(-0.000178094 -0.0412508 0)
(-0.000591031 -0.0414202 0)
(-0.000779626 -0.0454475 0)
(-0.000343717 -0.0460381 0)
(0.000188527 -0.0459117 0)
(0.000261064 -0.047643 0)
(-0.000528569 -0.0450717 0)
(-0.000593275 -0.044836 0)
(0.000460304 -0.0461357 0)
(-0.000164879 -0.0400884 0)
(0.00207796 -0.0418842 0)
(-0.00191812 -0.0387761 0)
(0.00215186 -0.0402886 0)
(-0.00036266 -0.0389503 0)
(-0.000466259 -0.0405281 0)
(-0.000553017 -0.0403749 0)
(-0.00062765 -0.0428328 0)
(0.000720814 -0.0453848 0)
(-0.00033472 -0.0472982 0)
(-0.000269278 -0.044547 0)
(-0.000318538 -0.0465658 0)
(0.000269886 -0.0451797 0)
(-0.000156784 -0.0435512 0)
(-0.000330157 -0.0454389 0)
(-0.000306285 -0.0478664 0)
(-0.000739575 -0.0468218 0)
(-0.000749934 -0.0470635 0)
(-0.000441645 -0.0456443 0)
(0.00192725 -0.0425515 0)
(0.000896464 -0.0450046 0)
(0.00141256 -0.0451739 0)
(0.00319612 -0.0476243 0)
(0.00109605 -0.0467384 0)
(0.000832105 -0.0488718 0)
(-0.000320753 -0.0478298 0)
(0.000666256 -0.0468989 0)
(-0.000566769 -0.0475634 0)
(-0.000816778 -0.0481816 0)
(0.000143424 -0.0469392 0)
(0.000647634 -0.043981 0)
(-0.000990402 -0.0434005 0)
(0.00043478 -0.0447064 0)
(-0.000305243 -0.0402529 0)
(-0.000694443 -0.040772 0)
(-0.00106862 -0.0429052 0)
(0.000428581 -0.0431869 0)
(0.000828521 -0.0432417 0)
(0.000915489 -0.0445486 0)
(0.000548346 -0.0467657 0)
(-0.000377573 -0.0443053 0)
(-0.000513832 -0.04304 0)
(0.000273484 -0.0459147 0)
(-0.000104897 -0.0460184 0)
(0.000167105 -0.0455534 0)
(-0.000697573 -0.0455504 0)
(-0.000183655 -0.0449777 0)
(-0.000177248 -0.0446194 0)
(-0.000519766 -0.0446344 0)
(7.66171e-06 -0.0445472 0)
(0.00017997 -0.0422415 0)
(-0.000602529 -0.0437021 0)
(0.000431734 -0.0444523 0)
(-0.000244611 -0.0424767 0)
(0.00068992 -0.0439266 0)
(0.000257757 -0.0420833 0)
(-0.000653198 -0.0431395 0)
(0.000828758 -0.0446527 0)
(0.000523351 -0.0449179 0)
(0.000871045 -0.0473644 0)
(0.000263571 -0.0490023 0)
(-0.000148108 -0.0489776 0)
(8.02817e-06 -0.0485526 0)
(0.00112511 -0.0499812 0)
(0.000753956 -0.0500414 0)
(-0.000406161 -0.0495635 0)
(-0.000932279 -0.049736 0)
(-0.000718056 -0.0518348 0)
(-0.000542635 -0.0494599 0)
(-0.00025888 -0.0464034 0)
(-0.000198206 -0.0480105 0)
(0.000247496 -0.0486008 0)
(0.000714609 -0.0445479 0)
(-9.05029e-05 -0.0444241 0)
(-0.000690908 -0.0498171 0)
(0.000202132 -0.0501516 0)
(0.000521725 -0.0501343 0)
(-0.000251131 -0.0448007 0)
(-0.00080352 -0.0444311 0)
(-0.00123424 -0.0423691 0)
(-0.000284406 -0.0416826 0)
(0.000400863 -0.0401799 0)
(0.0013973 -0.0386483 0)
(0.00077523 -0.0381093 0)
(0.00129094 -0.0378226 0)
(0.00113542 -0.0402826 0)
(0.00148578 -0.0419142 0)
(0.00129426 -0.0432971 0)
(6.7198e-05 -0.0450004 0)
(7.77236e-06 -0.0445854 0)
(0.000418974 -0.0435893 0)
(0.000209609 -0.0433952 0)
(-0.000747932 -0.0443851 0)
(-0.000723711 -0.0431338 0)
(-1.00817e-05 -0.0426851 0)
(0.000372248 -0.0436289 0)
(0.000568343 -0.0415693 0)
(-0.000898465 -0.0416038 0)
(0.000387723 -0.0429871 0)
(-0.00113206 -0.0425549 0)
(-0.00126271 -0.0420885 0)
(0.000373639 -0.0424003 0)
(0.00112659 -0.0424999 0)
(0.000604249 -0.0424492 0)
(0.000586688 -0.0417549 0)
(0.00112706 -0.04171 0)
(-0.00048477 -0.0422032 0)
(-0.00100092 -0.0466611 0)
(-3.05375e-05 -0.0478589 0)
(-0.000144395 -0.0480183 0)
(0.000301605 -0.0477374 0)
(-0.000227896 -0.0479216 0)
(0.000897965 -0.0496831 0)
(0.0001092 -0.0489523 0)
(-6.91353e-05 -0.0480222 0)
(-0.000525508 -0.0492666 0)
(-0.00084997 -0.0493442 0)
(-0.000236076 -0.0495055 0)
(0.000138823 -0.0501678 0)
(-0.000515103 -0.0506111 0)
(-0.000371754 -0.0471364 0)
(0.00260251 -0.0459051 0)
(-0.0016353 -0.0469984 0)
(-0.00106316 -0.0482422 0)
(0.00111763 -0.0489749 0)
(0.00176721 -0.0511252 0)
(0.000462928 -0.0447395 0)
(-4.60799e-05 -0.0450791 0)
(-0.000548816 -0.0452203 0)
(0.0038112 -0.0441118 0)
(0.00373375 -0.0443474 0)
(0.00283251 -0.0382303 0)
(0.00530744 -0.0380278 0)
(0.00563045 -0.0394737 0)
(0.00206235 -0.0439005 0)
(0.00100719 -0.0439747 0)
(0.000539419 -0.0452147 0)
(-0.000244989 -0.0462908 0)
(-0.000373547 -0.0459307 0)
(-0.000640043 -0.044295 0)
(-0.000575249 -0.0430942 0)
(-0.000910216 -0.0412115 0)
(0.00148832 -0.0410111 0)
(0.000245961 -0.0430381 0)
(-0.000750481 -0.0439339 0)
(-3.41343e-05 -0.0443014 0)
(0.000262602 -0.0443665 0)
(0.000382562 -0.0437695 0)
(0.000736538 -0.0442434 0)
(-0.000175592 -0.0398968 0)
(0.00090675 -0.0401611 0)
(0.000449613 -0.0413664 0)
(0.000183813 -0.0389998 0)
(-0.00159028 -0.0357853 0)
(-0.000332133 -0.0385042 0)
(0.000155502 -0.0398941 0)
(0.000134889 -0.0367224 0)
(-0.000350614 -0.0391595 0)
(0.000335188 -0.0418562 0)
(0.000769973 -0.0432028 0)
(0.000680244 -0.0445954 0)
(0.000371924 -0.0451477 0)
(-0.000163319 -0.0461841 0)
(-0.000482115 -0.047454 0)
(-0.000860913 -0.0488513 0)
(-0.00070038 -0.0490717 0)
(-0.000417388 -0.048614 0)
(0.000189387 -0.0492303 0)
(0.000387316 -0.049698 0)
(0.00113015 -0.0459036 0)
(-0.000150131 -0.0480333 0)
(-0.000258645 -0.0503273 0)
(-0.000503319 -0.0513114 0)
(0.000311854 -0.0512074 0)
(-0.000203206 -0.05141 0)
(-4.46083e-05 -0.0415473 0)
(-0.000663688 -0.0416277 0)
(0.000162263 -0.042764 0)
(-0.000701406 -0.0428114 0)
(0.000250727 -0.0435807 0)
(0.00127283 -0.0466062 0)
(0.00054694 -0.0456484 0)
(0.00310869 -0.0417359 0)
(0.000785135 -0.0435802 0)
(0.000225069 -0.0427964 0)
(0.00065601 -0.0438199 0)
(0.000662331 -0.0441595 0)
(0.000643126 -0.0452373 0)
(-0.000733676 -0.0455044 0)
(-0.000513413 -0.0477362 0)
(-3.13384e-05 -0.044562 0)
(-1.60529e-05 -0.0446856 0)
(-0.00061729 -0.0457984 0)
(-0.000338957 -0.0438134 0)
(0.000403932 -0.0447123 0)
(-9.24301e-05 -0.0467725 0)
(-0.000566233 -0.0453807 0)
(-0.000366325 -0.0476523 0)
(-0.000132594 -0.0486383 0)
(-0.000378687 -0.0484439 0)
(5.83064e-05 -0.0477963 0)
(0.000375637 -0.0467496 0)
(0.000333368 -0.0452841 0)
(-0.000444751 -0.0446077 0)
(0.000602847 -0.0407265 0)
(-0.000600705 -0.0428572 0)
(-0.00122124 -0.0462486 0)
(-0.000594226 -0.0416685 0)
(-0.000406292 -0.0415094 0)
(0.000194135 -0.0429289 0)
(0.000552628 -0.0446382 0)
(0.000426899 -0.046207 0)
(2.43786e-05 -0.0472045 0)
(-0.000468809 -0.0479253 0)
(-0.000308262 -0.048874 0)
(8.06229e-05 -0.0493721 0)
(0.000299657 -0.0489029 0)
(-0.000323821 -0.048951 0)
(-0.000114577 -0.0459923 0)
(-1.01469e-06 -0.0477995 0)
(-7.25035e-05 -0.0481143 0)
(2.51498e-05 -0.0484445 0)
(0.000132632 -0.0486767 0)
(0.00171474 -0.04839 0)
(0.000408271 -0.0489294 0)
(8.52696e-05 -0.044001 0)
(-0.000367034 -0.04235 0)
(-0.000122865 -0.0418899 0)
(-0.000370038 -0.0451776 0)
(0.000791404 -0.0475534 0)
(0.00178845 -0.046719 0)
(0.00116057 -0.043864 0)
(0.000476668 -0.0435794 0)
(0.00087689 -0.0420416 0)
(0.00184457 -0.0407969 0)
(-0.00177128 -0.0405102 0)
(0.00142443 -0.0427804 0)
(0.000239871 -0.0469914 0)
(-0.000206521 -0.0477944 0)
(-0.000573402 -0.0468214 0)
(-0.000313597 -0.0450928 0)
(-0.00121451 -0.0447836 0)
(0.00100715 -0.0451265 0)
(0.00141772 -0.0455915 0)
(-0.000424632 -0.047123 0)
(-0.000697661 -0.0491434 0)
(7.71229e-05 -0.0490632 0)
(-0.00054029 -0.0508948 0)
(-0.000279226 -0.0511776 0)
(-4.8958e-05 -0.0497155 0)
(0.000297834 -0.0487504 0)
(0.000438606 -0.0473361 0)
(0.000557751 -0.0452022 0)
(-1.25056e-05 -0.0456502 0)
(-0.00085255 -0.0454803 0)
(-0.00120122 -0.0470193 0)
(-0.000976853 -0.0481292 0)
(0.000894701 -0.048159 0)
(0.000251085 -0.0480176 0)
(0.000311036 -0.0477904 0)
(-0.00132643 -0.0452596 0)
(0.00122414 -0.0455069 0)
(0.000178462 -0.0464568 0)
(0.000338802 -0.0461778 0)
(-0.0010477 -0.0463157 0)
(0.00031537 -0.0469272 0)
(0.00136822 -0.0476601 0)
(0.00159 -0.046034 0)
(0.000148169 -0.0472335 0)
(-0.000531287 -0.0476966 0)
(-0.000392254 -0.0488557 0)
(-0.000191875 -0.04887 0)
(0.000112067 -0.0482348 0)
(0.00072854 -0.0494543 0)
(0.000152067 -0.045101 0)
(-0.00197328 -0.0470411 0)
(-0.000790545 -0.0457649 0)
(0.00103293 -0.0463619 0)
(-0.00044292 -0.0486909 0)
(0.000339411 -0.0492541 0)
(0.000508381 -0.046439 0)
(0.00115186 -0.0452325 0)
(0.000989597 -0.044382 0)
(0.00296181 -0.0393946 0)
(0.00137274 -0.0393326 0)
(0.000969161 -0.0403785 0)
(0.000300145 -0.0433625 0)
(4.28409e-05 -0.0443467 0)
(-0.000219037 -0.0440598 0)
(0.000247718 -0.0436328 0)
(0.000359237 -0.0447615 0)
(-0.000159693 -0.0459414 0)
(-0.000802591 -0.0467013 0)
(-0.000728671 -0.0473672 0)
(-0.000204264 -0.0480426 0)
(-0.000109916 -0.0501828 0)
(0.000241947 -0.0501832 0)
(0.000294044 -0.0501478 0)
(-2.22364e-06 -0.0462786 0)
(-0.000900271 -0.0462009 0)
(-8.18445e-05 -0.0488512 0)
(0.00181904 -0.0497184 0)
(0.000821248 -0.0477172 0)
(-0.000998672 -0.0511333 0)
(8.10499e-05 -0.0491007 0)
(0.000188566 -0.0499597 0)
(-5.94031e-05 -0.0495608 0)
(-0.000147522 -0.048617 0)
(-0.00039082 -0.0467266 0)
(0.000563655 -0.0449911 0)
(0.00109006 -0.0446488 0)
(-0.000838385 -0.0467398 0)
(0.000253409 -0.0475668 0)
(0.00024143 -0.0489526 0)
(-0.000963698 -0.0479655 0)
(-0.000117376 -0.0490938 0)
(0.000492577 -0.0468904 0)
(0.000173499 -0.0455791 0)
(-0.000392128 -0.0462152 0)
(-0.000839341 -0.0473381 0)
(0.00016122 -0.0491955 0)
(0.000281989 -0.0480577 0)
(0.00016783 -0.0489103 0)
(-0.000349796 -0.0468205 0)
(-2.68468e-05 -0.0484952 0)
(-4.38095e-05 -0.0483198 0)
(0.000222471 -0.0489013 0)
(0.000641629 -0.0496274 0)
(-0.000225985 -0.0454333 0)
(0.000269709 -0.0460396 0)
(0.00104152 -0.0431579 0)
(0.00156357 -0.0404076 0)
(0.00019499 -0.0394653 0)
(0.000215679 -0.0418518 0)
(0.000767617 -0.0465561 0)
(-0.000341565 -0.0461682 0)
(-0.000147072 -0.0451442 0)
(-0.000347849 -0.0449934 0)
(0.000282058 -0.0457015 0)
(0.000738218 -0.0451967 0)
(0.000783413 -0.0446336 0)
(0.000290227 -0.0458492 0)
(-0.000895581 -0.0467023 0)
(0.000252354 -0.0471676 0)
(-0.000109656 -0.0454639 0)
(-0.000260981 -0.0468189 0)
(-0.000596381 -0.0480532 0)
(-0.000412588 -0.0477722 0)
(-0.000816807 -0.0484789 0)
(0.000184645 -0.0498729 0)
(0.000232757 -0.0505922 0)
(-9.41596e-06 -0.0503288 0)
(-8.70143e-05 -0.0493673 0)
(0.000186544 -0.0483887 0)
(-0.000271244 -0.0483166 0)
(0.000107425 -0.0476524 0)
(0.000453187 -0.0460961 0)
(0.000682973 -0.0442134 0)
(0.000505865 -0.0450079 0)
(-0.000175209 -0.0465957 0)
(-0.000264726 -0.046958 0)
(0.000537829 -0.0473033 0)
(0.0020368 -0.0450247 0)
(0.000232279 -0.0453834 0)
(-0.000501571 -0.0454986 0)
(-0.000493079 -0.0461657 0)
(-0.000903962 -0.046791 0)
(-0.000289415 -0.0476747 0)
(-0.000112969 -0.0476547 0)
(0.000400398 -0.0479809 0)
(0.000353344 -0.0477903 0)
(-0.000800691 -0.0468076 0)
(-0.000787633 -0.0486626 0)
(0.000116533 -0.0479554 0)
(0.000207606 -0.0486071 0)
(0.000140143 -0.0471407 0)
(-0.00168688 -0.0453723 0)
(0.0002929 -0.0462343 0)
(-0.000552263 -0.0430294 0)
(-0.000168266 -0.0445668 0)
(-2.92053e-05 -0.0455649 0)
(-0.000521968 -0.0453883 0)
(-0.000125002 -0.0462583 0)
(6.95931e-05 -0.0466276 0)
(0.000674647 -0.0438521 0)
(0.000646359 -0.0422918 0)
(2.21115e-05 -0.0438163 0)
(-0.000203938 -0.0449789 0)
(-0.000425365 -0.0456461 0)
(0.00110814 -0.045291 0)
(0.000694569 -0.0468718 0)
(0.000932614 -0.0454709 0)
(-6.60844e-06 -0.0468375 0)
(-6.59736e-05 -0.0445357 0)
(-0.00196652 -0.0480244 0)
(0.000112836 -0.0496521 0)
(0.000199561 -0.0502992 0)
(0.000761652 -0.0462852 0)
(-0.000166348 -0.044654 0)
(-4.18034e-05 -0.0459118 0)
(-0.000537393 -0.0472142 0)
(-0.000438353 -0.0481018 0)
(-0.000296738 -0.0456155 0)
(0.000150332 -0.0446368 0)
(0.000364291 -0.0442394 0)
(0.000781572 -0.0436934 0)
(0.00101674 -0.0438515 0)
(-8.28895e-05 -0.0426948 0)
(6.50199e-05 -0.0435805 0)
(0.000958491 -0.0455848 0)
(7.38115e-05 -0.0448687 0)
(-0.000242721 -0.045032 0)
(-6.79094e-05 -0.0444687 0)
(0.000643427 -0.0437082 0)
(0.000631207 -0.04597 0)
(0.000221452 -0.0457298 0)
(-0.000432035 -0.0473782 0)
(-0.00015302 -0.0466725 0)
(-3.31068e-05 -0.0468505 0)
(-0.000213783 -0.0479659 0)
(-0.00039938 -0.0455047 0)
(0.000667238 -0.0437582 0)
(-0.000899747 -0.0423099 0)
(0.000227143 -0.042148 0)
(0.000709702 -0.0442357 0)
(-0.000329019 -0.0442773 0)
(-0.000905491 -0.0456602 0)
(-0.00161368 -0.0447877 0)
(-0.000853664 -0.0437658 0)
(-0.000665907 -0.0446298 0)
(0.000210863 -0.0457943 0)
(0.000352485 -0.0446097 0)
(0.000180264 -0.0453901 0)
(0.000479821 -0.0434883 0)
(0.000802008 -0.0427599 0)
(0.000272736 -0.0433355 0)
(4.90679e-05 -0.0448604 0)
(-4.97743e-05 -0.0459479 0)
(0.000376479 -0.0455908 0)
(0.00100062 -0.0450661 0)
(0.00137006 -0.0445104 0)
(0.00127833 -0.0438588 0)
(-0.00127408 -0.0457569 0)
(-0.000218034 -0.0478052 0)
(-0.000699101 -0.0466803 0)
(-0.000714568 -0.0453498 0)
(0.00012433 -0.0450197 0)
(0.000329773 -0.0454018 0)
(0.000476146 -0.0455377 0)
(0.000115483 -0.0453659 0)
(0.000220968 -0.0455609 0)
(0.000443902 -0.0444207 0)
(0.000311875 -0.0436457 0)
(0.000475352 -0.0427913 0)
(0.000998307 -0.0419166 0)
(-0.00038463 -0.0424003 0)
(3.09273e-05 -0.0417023 0)
(0.000869408 -0.0425905 0)
(0.000833652 -0.0440611 0)
(0.000593853 -0.0437405 0)
(-0.000476103 -0.0443193 0)
(0.0010806 -0.0436658 0)
(-0.000971234 -0.0445964 0)
(-0.000494772 -0.0463218 0)
(-0.000379408 -0.0471035 0)
(3.62243e-05 -0.0459962 0)
(-0.000201122 -0.0459419 0)
(-0.000169018 -0.0464361 0)
(-0.00033542 -0.0470922 0)
(0.000513493 -0.0458762 0)
(2.80253e-05 -0.0420026 0)
(0.00037863 -0.0418326 0)
(0.000126705 -0.0426829 0)
(4.61421e-06 -0.0446279 0)
(0.000119788 -0.0459142 0)
(-0.000270762 -0.047382 0)
(0.000248665 -0.0468901 0)
(0.00081753 -0.0444168 0)
(0.000904116 -0.0435996 0)
(0.00100084 -0.0411424 0)
(0.000504253 -0.0410872 0)
(0.000278722 -0.0421835 0)
(0.000257698 -0.0416707 0)
(0.000280199 -0.0404889 0)
(-0.000303008 -0.0440952 0)
(0.000158152 -0.0454859 0)
(0.000784727 -0.0451795 0)
(0.000102375 -0.0432521 0)
(-0.000321662 -0.0424904 0)
(-0.00027642 -0.0424317 0)
(0.000264006 -0.0447417 0)
(0.000142161 -0.0449754 0)
(-0.000575279 -0.0457387 0)
(-8.86664e-05 -0.0434499 0)
(0.000327624 -0.0438067 0)
(0.000452237 -0.0445271 0)
(0.000308254 -0.0458514 0)
(0.000570235 -0.0458968 0)
(0.000754925 -0.0457545 0)
(-0.000133928 -0.0451803 0)
(0.000251903 -0.0447407 0)
(5.47646e-05 -0.042082 0)
(-0.000131774 -0.0417593 0)
(1.92657e-05 -0.0406213 0)
(0.000369342 -0.0423114 0)
(-0.000594142 -0.0421589 0)
(-0.000841142 -0.0401931 0)
(-0.000228283 -0.0390567 0)
(-0.000521146 -0.0423589 0)
(-0.000662599 -0.0430314 0)
(-0.000765261 -0.0434604 0)
(-0.000424675 -0.0440297 0)
(-1.49924e-05 -0.0452275 0)
(0.000542498 -0.0470013 0)
(0.000842391 -0.0465748 0)
(0.00191788 -0.0454995 0)
(-0.00093712 -0.0435754 0)
(0.000783478 -0.045579 0)
(0.000313849 -0.0444741 0)
(0.000784929 -0.0411752 0)
(0.000490115 -0.0430119 0)
(0.000182304 -0.0446815 0)
(-0.000712532 -0.0466249 0)
(0.000106343 -0.0486509 0)
(0.000256535 -0.0469162 0)
(-0.000397512 -0.0450207 0)
(-0.00084774 -0.0437646 0)
(0.000479847 -0.0416859 0)
(0.000318265 -0.0417251 0)
(0.000410897 -0.0407434 0)
(0.0004025 -0.0421059 0)
(-2.50892e-05 -0.0416326 0)
(0.000127616 -0.0395917 0)
(0.000590068 -0.0407757 0)
(-0.000649877 -0.0423642 0)
(-0.000245602 -0.0414073 0)
(-0.000452664 -0.0413579 0)
(-0.000119199 -0.041218 0)
(-4.03456e-05 -0.0410092 0)
(0.000166382 -0.0422576 0)
(-0.000383384 -0.0419293 0)
(0.000287604 -0.0441939 0)
(1.89417e-05 -0.0438675 0)
(0.00120208 -0.0406618 0)
(0.00220471 -0.040975 0)
(0.00105775 -0.0434112 0)
(0.00121785 -0.0425995 0)
(-0.000497276 -0.0430449 0)
(0.000605825 -0.0434484 0)
(-0.00109994 -0.0427772 0)
(-0.000398927 -0.0414781 0)
(0.000489957 -0.0421208 0)
(-0.000799078 -0.042211 0)
(-0.000469213 -0.0401291 0)
(-0.00166345 -0.0407629 0)
(0.000185644 -0.0413136 0)
(2.85074e-05 -0.0410747 0)
(-0.000501637 -0.0418471 0)
(-0.000235786 -0.0433049 0)
(-0.000265426 -0.0445909 0)
(0.000667782 -0.0462498 0)
(0.000146002 -0.0426498 0)
(0.000579359 -0.0465281 0)
(0.000289834 -0.0447187 0)
(0.000489895 -0.0458817 0)
(0.00011265 -0.0474346 0)
(0.000307116 -0.045873 0)
(-0.000427378 -0.0452613 0)
(-0.000130975 -0.0454956 0)
(0.000166795 -0.0452886 0)
(0.000179271 -0.0456368 0)
(1.63676e-05 -0.0458921 0)
(-2.95769e-06 -0.0452766 0)
(0.000176804 -0.0447899 0)
(-0.000425135 -0.0441259 0)
(-0.000117212 -0.0440807 0)
(6.03163e-05 -0.0419378 0)
(-0.000210648 -0.0403975 0)
(0.00044783 -0.0402963 0)
(7.37955e-05 -0.0399561 0)
(-0.000215137 -0.0399651 0)
(-0.00149134 -0.0397296 0)
(-0.000297026 -0.0414527 0)
(-0.000563767 -0.0421429 0)
(0.000825858 -0.0417288 0)
(-0.000286421 -0.0378864 0)
(0.00014632 -0.0404536 0)
(0.0006562 -0.0396931 0)
(0.000749723 -0.0396381 0)
(0.000580278 -0.0406535 0)
(0.000803829 -0.0407623 0)
(0.00137349 -0.0407158 0)
(0.000195837 -0.0406301 0)
(0.000793604 -0.0422202 0)
(-0.000947013 -0.0411842 0)
(-0.000296533 -0.0408522 0)
(-0.00109993 -0.0399064 0)
(-0.000926648 -0.0413354 0)
(-0.000327917 -0.0413859 0)
(-0.0018135 -0.0416931 0)
(-0.000615506 -0.0430395 0)
(0.000897915 -0.0391523 0)
(0.000577944 -0.0415491 0)
(-0.000185328 -0.0433271 0)
(-0.000267235 -0.0436187 0)
(-0.000340671 -0.0431961 0)
(-0.000554745 -0.0440938 0)
(-0.000150785 -0.0441453 0)
(0.000468555 -0.044443 0)
(0.000748567 -0.0456397 0)
(0.00019935 -0.0446751 0)
(-0.000312469 -0.0469432 0)
(8.48581e-05 -0.0467092 0)
(9.23408e-05 -0.0466854 0)
(0.000335636 -0.0476083 0)
(0.000440887 -0.0461188 0)
(0.000388225 -0.0457761 0)
(-6.53202e-07 -0.0455883 0)
(0.000139265 -0.0453109 0)
(-0.000360948 -0.0452195 0)
(0.00058442 -0.0430362 0)
(0.000365442 -0.0426039 0)
(1.71533e-05 -0.045768 0)
(-0.000772574 -0.0433253 0)
(-0.000432342 -0.0428937 0)
(-0.000523973 -0.0424123 0)
(-0.000442736 -0.0427045 0)
(-0.000384475 -0.0410556 0)
(-0.000229531 -0.0397407 0)
(-0.000595427 -0.0437777 0)
(-0.00124229 -0.0451621 0)
(0.000733098 -0.0415148 0)
(-0.000155612 -0.0412287 0)
(0.000165741 -0.0417344 0)
(0.000457459 -0.0427224 0)
(0.000372759 -0.0425165 0)
(0.00191549 -0.0433827 0)
(0.000728849 -0.0430731 0)
(0.000362691 -0.0410131 0)
(0.000714574 -0.0420414 0)
(0.000135258 -0.0406292 0)
(0.00057045 -0.0397061 0)
(-0.000771924 -0.0387899 0)
(-0.00169461 -0.0394299 0)
(-0.00106821 -0.0412835 0)
(-0.00185177 -0.0427338 0)
(-0.00114417 -0.041052 0)
(0.00151886 -0.0432967 0)
(0.00196055 -0.0429583 0)
(0.00041431 -0.0434698 0)
(0.000542352 -0.0438547 0)
(-0.000247974 -0.0446365 0)
(-0.000427621 -0.0449337 0)
(-0.000779277 -0.044321 0)
(3.21335e-05 -0.0443158 0)
(0.00185891 -0.0452844 0)
(0.000690612 -0.0457822 0)
(0.000526974 -0.0453165 0)
(-0.000279675 -0.0459221 0)
(-0.000363082 -0.0464453 0)
(-0.000415078 -0.0467652 0)
(-0.000119076 -0.0465114 0)
(0.000656807 -0.0468863 0)
(-3.31208e-05 -0.0461117 0)
(0.00100813 -0.0463302 0)
(0.000749013 -0.0464176 0)
(-0.000458493 -0.0450272 0)
(-0.000591112 -0.0446648 0)
(0.000161013 -0.042864 0)
(0.000652069 -0.0431366 0)
(0.000877127 -0.0433501 0)
(0.000130402 -0.0457422 0)
(-0.000459438 -0.047631 0)
(6.99888e-05 -0.047907 0)
(-6.46194e-05 -0.0474494 0)
(-0.000111766 -0.0469259 0)
(8.52828e-05 -0.0464642 0)
(-0.000718044 -0.0454302 0)
(-0.000207783 -0.0456363 0)
(-0.000156383 -0.0461192 0)
(-0.000709985 -0.0429737 0)
(0.00102092 -0.0419074 0)
(6.80265e-05 -0.0431351 0)
(-0.000488713 -0.0439844 0)
(-0.000284272 -0.0425583 0)
(-4.81374e-05 -0.0435004 0)
(0.000803978 -0.0434963 0)
(-0.000342293 -0.0444012 0)
(-0.00192889 -0.0417312 0)
(-3.90866e-05 -0.0437888 0)
(-0.000400741 -0.043524 0)
(-0.00175312 -0.0408378 0)
(-0.00191981 -0.0421688 0)
(-0.000235263 -0.041953 0)
(-0.000667477 -0.0422829 0)
(-5.99997e-05 -0.0441357 0)
(0.00140836 -0.0415327 0)
(0.00115275 -0.041845 0)
(0.00138978 -0.0421701 0)
(-0.000296072 -0.0447783 0)
(-0.000407429 -0.0468949 0)
(6.90989e-05 -0.0471034 0)
(-0.000436595 -0.04736 0)
(0.000187016 -0.0460118 0)
(0.00094412 -0.0475072 0)
(0.00181811 -0.0451596 0)
(-2.53179e-05 -0.0461215 0)
(-0.000559219 -0.0460185 0)
(-0.000275359 -0.045915 0)
(0.000592328 -0.0454287 0)
(0.000989738 -0.0495787 0)
(-0.00208662 -0.0438897 0)
(0.00149579 -0.0431527 0)
(0.000530068 -0.0444712 0)
(0.000479579 -0.0447987 0)
(-0.000196378 -0.0460033 0)
(-0.000245944 -0.0456658 0)
(0.000354962 -0.0457919 0)
(-0.00013399 -0.0442528 0)
(0.000467127 -0.0444146 0)
(-0.00026275 -0.0457668 0)
(0.000222436 -0.0468342 0)
(6.4931e-05 -0.0468106 0)
(-0.000106667 -0.0440505 0)
(-0.000102452 -0.0436494 0)
(0.000146492 -0.0444885 0)
(0.000444211 -0.0425009 0)
(0.000404438 -0.0427092 0)
(2.72715e-06 -0.0439964 0)
(7.60149e-05 -0.0449752 0)
(-0.000104705 -0.0439847 0)
(-5.17564e-05 -0.0427861 0)
(0.000174265 -0.0416906 0)
(-0.00047953 -0.0407116 0)
(-0.000706035 -0.0428274 0)
(0.000309792 -0.045473 0)
(-0.000204313 -0.0470072 0)
(0.000487892 -0.0451526 0)
(0.000642385 -0.043948 0)
(-0.000544923 -0.0435658 0)
(-0.00053863 -0.0437315 0)
(-0.000615228 -0.0421729 0)
(-0.000473846 -0.0408567 0)
(0.00211146 -0.0402967 0)
(0.00199157 -0.0421024 0)
(-0.000433417 -0.042207 0)
(0.000418663 -0.042392 0)
(8.13001e-05 -0.0431905 0)
(-0.00030861 -0.0436903 0)
(0.00042758 -0.0447138 0)
(0.00026957 -0.0464966 0)
(0.00125167 -0.045213 0)
(0.00103494 -0.0443525 0)
(-0.00147959 -0.0458017 0)
(-0.00500143 -0.0447012 0)
(0.000239115 -0.0436237 0)
(-0.00033659 -0.0441209 0)
(-0.00070776 -0.0413021 0)
(-0.00018815 -0.0405944 0)
(0.000137041 -0.0400384 0)
(-9.19434e-05 -0.0413669 0)
(8.58746e-06 -0.0427315 0)
(0.000802449 -0.0409518 0)
(-7.87907e-05 -0.0421659 0)
(0.00014425 -0.0440239 0)
(0.000500881 -0.0448701 0)
(0.000514472 -0.0450702 0)
(-0.000446491 -0.043365 0)
(-9.35659e-05 -0.0411643 0)
(-0.000950631 -0.0423643 0)
(0.000119646 -0.0430912 0)
(-3.4255e-05 -0.0431873 0)
(-0.000303089 -0.0414345 0)
(0.000158748 -0.0420045 0)
(-0.00113253 -0.0417237 0)
(-0.000426349 -0.0418385 0)
(-0.000226721 -0.0421163 0)
(-8.23821e-05 -0.042617 0)
(0.000129411 -0.0425782 0)
(0.000355842 -0.0425422 0)
(-8.90865e-05 -0.0419997 0)
(-0.000340166 -0.0388185 0)
(-0.000654192 -0.0395351 0)
(0.000543874 -0.0395145 0)
(0.00110043 -0.0405322 0)
(0.000533356 -0.039382 0)
(-0.00122327 -0.0423026 0)
(-0.00096829 -0.0434145 0)
(-0.00168248 -0.0417507 0)
(-0.00117702 -0.0401719 0)
(-0.00158933 -0.0410204 0)
(-0.000345411 -0.0401586 0)
(0.00040503 -0.0383385 0)
(0.000710753 -0.0411549 0)
(0.000772921 -0.0402646 0)
(0.000172034 -0.0398179 0)
(-0.00116251 -0.0408546 0)
(-0.000268855 -0.0415363 0)
(0.00018298 -0.0406031 0)
(0.000410395 -0.0390836 0)
(0.000509061 -0.0375616 0)
(-0.000654661 -0.034176 0)
(-0.00414372 -0.0339076 0)
(-0.00356924 -0.0390708 0)
(-0.00428484 -0.0372202 0)
(0.000294029 -0.0387377 0)
(0.000556374 -0.0352752 0)
(-0.00160129 -0.0390442 0)
(0.000305052 -0.0391177 0)
(0.000136947 -0.0359063 0)
(0.000408624 -0.037626 0)
(0.000554405 -0.0375584 0)
(0.000462144 -0.0347819 0)
(-4.19947e-05 -0.0313749 0)
(5.99378e-05 -0.04024 0)
(-0.00242743 -0.0370907 0)
(0.000655079 -0.0432551 0)
(-0.00145178 -0.0373816 0)
(-0.00192117 -0.0348386 0)
(0.000810293 -0.0354552 0)
(-0.000146117 -0.0400241 0)
(0.000501462 -0.0412205 0)
(0.000407083 -0.0418365 0)
(-0.00116515 -0.0392053 0)
(-0.000629861 -0.0382687 0)
(-0.000799051 -0.0373865 0)
(3.42247e-05 -0.0374564 0)
(-0.000253633 -0.0370218 0)
(-0.00022554 -0.0365143 0)
(8.92211e-05 -0.0360409 0)
(-0.000183724 -0.0357113 0)
(8.18665e-05 -0.036634 0)
(0.000549564 -0.0367626 0)
(0.000266187 -0.0355245 0)
(0.000493686 -0.033233 0)
(0.000630462 -0.0360281 0)
(-0.00202523 -0.0320397 0)
(-8.08649e-06 -0.0350841 0)
(0.000280057 -0.0370153 0)
(-0.000554019 -0.0395363 0)
(-0.00142695 -0.0371434 0)
(-0.00027799 -0.0390365 0)
(3.9336e-05 -0.0379753 0)
(-8.89025e-05 -0.0360836 0)
(0.000552099 -0.0319805 0)
(0.000960112 -0.0304103 0)
(-4.07393e-06 -0.0313782 0)
(0.000781881 -0.0359079 0)
(0.000332386 -0.0358597 0)
(0.000843982 -0.0352554 0)
(-0.00062553 -0.0356215 0)
(-0.00187611 -0.0304992 0)
(-0.00515998 -0.029304 0)
(-0.0013599 -0.0291758 0)
(-0.00187753 -0.0293029 0)
(-0.00069466 -0.0310868 0)
(-0.00131099 -0.0350759 0)
(0.000287985 -0.0375945 0)
(0.000423609 -0.0375364 0)
(-0.000322883 -0.0377572 0)
(0.00134662 -0.0342703 0)
(0.000362913 -0.0296667 0)
(3.62366e-05 -0.0293735 0)
(-0.000371306 -0.0301786 0)
(1.41156e-05 -0.0271781 0)
(0.000271733 -0.0236283 0)
(-0.00071336 -0.0324312 0)
(-0.00130092 -0.030215 0)
(-0.00179375 -0.0294541 0)
(0.000616613 -0.0328726 0)
(-0.000832539 -0.0322175 0)
(0.000480555 -0.0297257 0)
(-0.000296426 -0.036257 0)
(-0.00146118 -0.0338922 0)
(-0.000334677 -0.0337328 0)
(-0.000491247 -0.0337463 0)
(-0.00120533 -0.0349369 0)
(-7.24743e-05 -0.0372406 0)
(0.000105522 -0.0303147 0)
(-3.28016e-05 -0.0300219 0)
(2.24454e-05 -0.0286964 0)
(0.000484319 -0.0302727 0)
(-1.66281e-05 -0.0318861 0)
(0.000283637 -0.0305369 0)
(-0.000870276 -0.030732 0)
(0.000488069 -0.030727 0)
(0.000723155 -0.0278182 0)
(0.00164001 -0.0309346 0)
(-0.000550816 -0.0311732 0)
(-0.000696806 -0.0285806 0)
(-0.00146687 -0.0326927 0)
(0.000268938 -0.0362112 0)
(-0.00209893 -0.0379292 0)
(-0.000935529 -0.0286659 0)
(0.000568592 -0.0293995 0)
(0.000125742 -0.0274231 0)
(0.000567485 -0.028877 0)
(0.000288183 -0.0288365 0)
(0.000487356 -0.0294072 0)
(-0.000176049 -0.0295353 0)
(-0.000492637 -0.0263364 0)
(-0.00106825 -0.0312604 0)
(-0.00239533 -0.0274176 0)
(-0.000779663 -0.0275214 0)
(-0.000937379 -0.0273464 0)
(-0.000979404 -0.0281077 0)
(-0.00178881 -0.0334484 0)
(0.000888321 -0.03345 0)
(-0.000930498 -0.0347459 0)
(-0.000718838 -0.040937 0)
(-0.000195055 -0.0326494 0)
(-0.000382009 -0.031751 0)
(-0.000354669 -0.029614 0)
(-0.000109874 -0.0283996 0)
(-3.321e-06 -0.0277404 0)
(0.000573374 -0.0292539 0)
(-0.000563527 -0.0294535 0)
(-0.000797431 -0.0286958 0)
(-0.000653834 -0.0323236 0)
(-0.00055971 -0.0296311 0)
(-0.000857663 -0.0303284 0)
(0.000215864 -0.0326919 0)
(0.0003505 -0.0322147 0)
(0.000129472 -0.032425 0)
(0.000377838 -0.0327767 0)
(-0.000444014 -0.0301205 0)
(-0.00151084 -0.0291811 0)
(-4.41396e-05 -0.0296306 0)
(-0.000745161 -0.0299087 0)
(-0.000256589 -0.0313761 0)
(-0.000372634 -0.032344 0)
(-0.000116576 -0.0331299 0)
(0.000466418 -0.0309446 0)
(0.00147546 -0.0295762 0)
(0.000287659 -0.0268561 0)
(0.00036098 -0.0323185 0)
(0.000135769 -0.0318061 0)
(0.00075086 -0.0309558 0)
(0.000659912 -0.0301935 0)
(0.000414375 -0.0293414 0)
(-1.75456e-06 -0.0290127 0)
(-5.69148e-05 -0.0291316 0)
(3.06503e-05 -0.028802 0)
(0.000230153 -0.0316799 0)
(5.10732e-05 -0.030172 0)
(-0.000161037 -0.0312533 0)
(-0.00209637 -0.029191 0)
(-0.000100112 -0.0307003 0)
(0.000492579 -0.0296029 0)
(-0.000620797 -0.0290863 0)
(-0.00066927 -0.0291964 0)
(0.00107178 -0.0294195 0)
(-0.00036026 -0.029548 0)
(0.000382886 -0.0303459 0)
(0.000589116 -0.030007 0)
(-0.000153117 -0.0280609 0)
(0.000271126 -0.029864 0)
(-0.000413392 -0.0312287 0)
(-0.000936619 -0.0314585 0)
(-0.000751844 -0.0307053 0)
(-0.000330987 -0.0309733 0)
(-0.000241451 -0.03331 0)
(-0.0020521 -0.0337104 0)
(-0.00153669 -0.0354678 0)
(-0.000857796 -0.0352372 0)
(-0.00207406 -0.0347464 0)
(-0.00550696 -0.0364507 0)
)


// ************************************************************************* //
