/*--------------------------------*- C++ -*----------------------------------*\
  =========                 |
  \\      /  F ield         | OpenFOAM: The Open Source CFD Toolbox
   \\    /   O peration     | Website:  https://openfoam.org
    \\  /    A nd           | Version:  12
     \\/     M anipulation  |
\*---------------------------------------------------------------------------*/
FoamFile
{
    format      ascii;
    class       volVectorField::Internal;
    location    "0.45";
    object      cloud:UTrans;
}
// * * * * * * * * * * * * * * * * * * * * * * * * * * * * * * * * * * * * * //

dimensions      [1 1 -1 0 0 0 0];

value           nonuniform List<vector> 
3750
(
(5.94089e-11 -1.91427e-09 0)
(5.95642e-11 -1.89866e-09 0)
(0 0 0)
(3.27077e-12 -1.96105e-09 0)
(2.15686e-11 -2.00174e-09 0)
(5.35168e-11 -2.14836e-09 0)
(4.14801e-11 -2.24752e-09 0)
(-2.38966e-11 -2.199e-09 0)
(-2.94032e-12 -2.04697e-09 0)
(-4.56699e-11 -2.00087e-09 0)
(2.89223e-11 -2.02958e-09 0)
(-1.3082e-12 -4.67464e-09 0)
(1.2381e-10 -2.00492e-09 0)
(2.5121e-11 -2.00662e-09 0)
(6.87048e-11 -2.29031e-09 0)
(-6.26038e-12 -2.06657e-09 0)
(-3.99788e-11 -4.79e-09 0)
(7.95907e-11 -1.70289e-09 0)
(4.31061e-12 -1.81178e-09 0)
(-1.35672e-11 -1.94874e-09 0)
(3.60375e-11 -2.03141e-09 0)
(-5.69246e-11 -2.29233e-09 0)
(-5.51106e-11 -2.20924e-09 0)
(-1.84201e-12 -2.11086e-09 0)
(-1.36969e-11 -2.17643e-09 0)
(-4.24746e-11 -2.08511e-09 0)
(-1.16526e-10 -4.26027e-09 0)
(5.27725e-11 -1.75565e-09 0)
(-3.49111e-11 -2.0468e-09 0)
(2.59115e-11 -2.02118e-09 0)
(3.75151e-11 -2.07126e-09 0)
(7.95065e-12 -2.09704e-09 0)
(0 0 0)
(-2.47294e-11 -1.82382e-09 0)
(5.9538e-11 -2.30575e-09 0)
(-7.61124e-11 -2.26282e-09 0)
(-8.18358e-11 -2.19821e-09 0)
(1.52134e-11 -2.41196e-09 0)
(1.48307e-11 -2.1073e-09 0)
(2.69299e-11 -4.46632e-09 0)
(-6.74138e-12 -2.10827e-09 0)
(0 0 0)
(6.7922e-12 -2.20654e-09 0)
(-1.48179e-10 -3.5703e-09 0)
(-6.8556e-12 -4.29461e-10 0)
(1.54858e-10 -5.05817e-09 0)
(2.33733e-11 -2.08892e-09 0)
(1.21342e-10 -1.88599e-09 0)
(-1.70295e-10 -2.89786e-09 0)
(-1.49969e-10 -4.08992e-09 0)
(7.07032e-11 -2.07019e-09 0)
(6.21926e-11 -1.85749e-09 0)
(8.85064e-11 -2.00562e-09 0)
(0 0 0)
(-1.4552e-11 -1.99866e-09 0)
(-1.31545e-11 -2.17426e-09 0)
(-1.40873e-11 -2.03593e-09 0)
(-5.60059e-11 -2.49662e-09 0)
(9.69688e-11 -2.04068e-09 0)
(-2.01923e-12 -1.87394e-09 0)
(0 0 0)
(0 0 0)
(0 0 0)
(0 0 0)
(0 0 0)
(0 0 0)
(0 0 0)
(0 0 0)
(0 0 0)
(0 0 0)
(0 0 0)
(0 0 0)
(0 0 0)
(0 0 0)
(0 0 0)
(-1.2136e-10 -6.44326e-09 0)
(-1.01915e-10 -4.76943e-09 0)
(1.21207e-11 -1.86038e-09 0)
(5.37312e-11 -1.85131e-09 0)
(0 0 0)
(1.13952e-10 -2.03362e-09 0)
(0 0 0)
(-3.66547e-11 -2.24288e-09 0)
(7.31569e-12 -2.01058e-09 0)
(-2.98626e-11 -1.90364e-09 0)
(-1.91406e-10 -5.19036e-09 0)
(-1.30427e-11 -2.13902e-09 0)
(0 0 0)
(0 0 0)
(0 0 0)
(2.01053e-11 -2.12868e-09 0)
(4.56836e-11 -1.51142e-09 0)
(-3.06776e-11 -4.14318e-09 0)
(3.2565e-11 -1.74076e-09 0)
(-2.46825e-10 -4.3686e-09 0)
(-2.19841e-10 -4.55703e-09 0)
(3.21659e-11 -1.89585e-09 0)
(3.28371e-11 -2.03295e-09 0)
(6.08093e-11 -2.12972e-09 0)
(0 0 0)
(0 0 0)
(-6.65658e-11 -1.80904e-09 0)
(3.19226e-11 -1.82902e-09 0)
(6.88394e-11 -1.81621e-09 0)
(4.38881e-11 -2.14273e-09 0)
(-1.31321e-11 -2.33342e-09 0)
(0 0 0)
(1.69263e-10 -6.65711e-09 0)
(-1.30582e-11 -1.69263e-09 0)
(0 0 0)
(0 0 0)
(-3.17491e-10 -2.0997e-09 0)
(-1.05256e-10 -4.30323e-09 0)
(-1.98565e-10 -4.09818e-09 0)
(1.24907e-11 -3.99442e-09 0)
(-2.49308e-11 -1.88422e-09 0)
(7.48712e-11 -1.82349e-09 0)
(-1.40792e-11 -1.9699e-09 0)
(0 0 0)
(0 0 0)
(-9.11357e-11 -2.52742e-09 0)
(-3.17676e-11 -2.07641e-09 0)
(2.59212e-11 -1.98072e-09 0)
(0 0 0)
(-2.90432e-11 -1.9945e-09 0)
(5.49471e-11 -2.14705e-09 0)
(3.3528e-11 -1.96451e-09 0)
(-8.6259e-11 -1.80351e-09 0)
(3.87855e-11 -1.94587e-09 0)
(-2.77162e-11 -1.85016e-09 0)
(0 0 0)
(0 0 0)
(0 0 0)
(0 0 0)
(0 0 0)
(0 0 0)
(0 0 0)
(0 0 0)
(0 0 0)
(0 0 0)
(0 0 0)
(0 0 0)
(0 0 0)
(0 0 0)
(0 0 0)
(0 0 0)
(0 0 0)
(0 0 0)
(0 0 0)
(0 0 0)
(-1.56086e-10 -1.83646e-09 0)
(-1.71519e-10 -1.95796e-09 0)
(4.30138e-11 -2.0312e-09 0)
(5.82755e-11 -3.33484e-09 0)
(3.82229e-11 -2.30115e-09 0)
(-2.06634e-11 -1.76736e-09 0)
(1.16536e-11 -2.43507e-09 0)
(0 0 0)
(-3.46224e-11 -4.44372e-09 0)
(1.53308e-11 -1.75058e-09 0)
(0 0 0)
(1.67498e-12 -2.22397e-09 0)
(2.07071e-10 -1.78518e-09 0)
(3.41403e-12 -1.87996e-09 0)
(-4.09719e-11 -7.63777e-09 0)
(2.04807e-11 -1.15527e-09 0)
(3.62669e-12 -1.94049e-10 0)
(-7.534e-11 -2.05685e-09 0)
(-1.16571e-10 -2.0162e-09 0)
(-1.459e-10 -4.26276e-09 0)
(-1.36333e-10 -2.03427e-09 0)
(2.83499e-11 -2.12783e-09 0)
(0 0 0)
(8.0619e-11 -2.11282e-09 0)
(5.34984e-11 -2.09687e-09 0)
(-5.43014e-11 -2.04743e-09 0)
(-5.26322e-11 -1.92063e-09 0)
(-3.78297e-13 -1.82532e-09 0)
(1.68485e-11 -1.91824e-09 0)
(-3.81474e-10 -4.92245e-09 0)
(-7.40913e-11 -1.74647e-09 0)
(-4.51631e-11 -2.00897e-09 0)
(-9.70657e-11 -4.19421e-09 0)
(-5.98598e-11 -1.90024e-09 0)
(-1.14826e-10 -5.0445e-09 0)
(5.02901e-11 -2.31221e-09 0)
(0 0 0)
(-2.52848e-11 -2.19624e-09 0)
(-4.71279e-11 -2.073e-09 0)
(2.86079e-11 -2.04069e-09 0)
(3.71431e-11 -2.12982e-09 0)
(3.29785e-11 -2.2171e-09 0)
(-2.92385e-12 -1.96766e-09 0)
(4.94446e-11 -1.97764e-09 0)
(-3.93032e-12 -2.07585e-10 0)
(-3.76839e-11 -1.79597e-09 0)
(1.99089e-11 -3.27349e-09 0)
(1.06818e-11 -1.14943e-09 0)
(2.40122e-10 -7.72617e-09 0)
(-2.69194e-11 -2.04998e-09 0)
(2.88798e-12 -1.93441e-09 0)
(1.05561e-11 -1.90287e-09 0)
(1.51666e-12 -1.80807e-09 0)
(-7.36971e-11 -1.6965e-09 0)
(0 0 0)
(0 0 0)
(0 0 0)
(0 0 0)
(0 0 0)
(0 0 0)
(0 0 0)
(0 0 0)
(0 0 0)
(0 0 0)
(0 0 0)
(0 0 0)
(0 0 0)
(0 0 0)
(0 0 0)
(0 0 0)
(0 0 0)
(0 0 0)
(0 0 0)
(0 0 0)
(0 0 0)
(-2.42147e-11 -2.90559e-10 0)
(-9.71369e-11 -1.92556e-09 0)
(1.32444e-10 -4.63977e-09 0)
(-6.31499e-11 -2.87003e-09 0)
(-2.69727e-11 -2.81389e-09 0)
(-1.00318e-10 -1.83636e-09 0)
(1.43182e-11 -2.44222e-09 0)
(0 0 0)
(7.822e-11 -2.07582e-09 0)
(1.47039e-11 -1.98639e-09 0)
(6.53684e-11 -2.4099e-09 0)
(2.3104e-11 -1.06974e-09 0)
(1.08688e-10 -2.70719e-09 0)
(-9.04608e-11 -1.91979e-09 0)
(0 0 0)
(2.15465e-11 -2.12933e-09 0)
(-7.1414e-13 -6.32869e-11 0)
(-2.21153e-11 -2.0687e-09 0)
(-1.33679e-10 -2.08246e-09 0)
(-1.0562e-10 -1.92925e-09 0)
(-5.17897e-11 -2.09278e-09 0)
(-1.78267e-11 -2.06673e-09 0)
(5.59233e-11 -2.15271e-09 0)
(3.84559e-11 -2.52852e-09 0)
(-1.0206e-11 -2.31789e-09 0)
(-3.29669e-11 -1.84997e-09 0)
(-2.83132e-11 -1.68811e-09 0)
(-3.58133e-11 -1.64142e-09 0)
(-2.25532e-10 -4.44648e-09 0)
(-9.30087e-11 -1.88032e-09 0)
(-5.61421e-11 -2.01291e-09 0)
(-6.28026e-11 -1.99134e-09 0)
(-1.05443e-10 -2.03223e-09 0)
(-9.25291e-11 -2.13764e-09 0)
(-1.02607e-10 -2.61266e-09 0)
(2.75988e-11 -3.3234e-09 0)
(1.45226e-11 -4.12408e-10 0)
(8.1644e-11 -2.12e-09 0)
(6.25179e-11 -2.04123e-09 0)
(-2.54026e-12 -2.05912e-09 0)
(2.77885e-11 -2.13308e-09 0)
(-4.60991e-11 -2.12953e-09 0)
(-2.03423e-11 -1.98485e-09 0)
(1.39062e-11 -2.02493e-09 0)
(-1.10103e-11 -2.06787e-09 0)
(-4.54224e-11 -2.12754e-09 0)
(-8.66116e-11 -2.1227e-09 0)
(-1.1597e-10 -2.14467e-09 0)
(-8.91093e-11 -2.00722e-09 0)
(-1.48265e-11 -4.31062e-09 0)
(3.11626e-11 -1.7772e-09 0)
(-1.32072e-11 -1.76278e-09 0)
(0 0 0)
(0 0 0)
(0 0 0)
(0 0 0)
(0 0 0)
(0 0 0)
(0 0 0)
(0 0 0)
(0 0 0)
(0 0 0)
(0 0 0)
(0 0 0)
(0 0 0)
(0 0 0)
(0 0 0)
(0 0 0)
(0 0 0)
(0 0 0)
(0 0 0)
(0 0 0)
(0 0 0)
(0 0 0)
(0 0 0)
(-1.56098e-10 -4.46027e-09 0)
(-2.04144e-11 -1.80702e-09 0)
(0 0 0)
(5.36552e-11 -1.67732e-09 0)
(3.44402e-11 -2.0392e-09 0)
(-5.88448e-11 -2.11377e-09 0)
(1.2316e-11 -6.0711e-10 0)
(3.40524e-11 -1.11092e-09 0)
(-2.37641e-12 -2.16576e-09 0)
(0 0 0)
(-1.16245e-10 -2.10326e-09 0)
(1.34821e-10 -2.13088e-09 0)
(8.075e-11 -3.39527e-09 0)
(-3.67425e-12 -5.60677e-10 0)
(-7.5091e-11 -1.95593e-09 0)
(-2.35554e-11 -2.07683e-09 0)
(5.43539e-11 -2.10976e-09 0)
(-1.39001e-11 -2.25648e-09 0)
(0 0 0)
(-4.55229e-11 -2.06572e-09 0)
(-2.04283e-10 -2.02058e-09 0)
(-1.12358e-10 -2.06435e-09 0)
(-3.34994e-11 -2.14609e-09 0)
(-9.51679e-11 -2.19477e-09 0)
(-1.59814e-11 -2.17734e-09 0)
(5.62108e-11 -2.02881e-09 0)
(1.15278e-10 -4.22316e-09 0)
(-6.88406e-11 -1.66373e-09 0)
(-1.76758e-10 -1.94184e-09 0)
(-4.50289e-11 -1.9731e-09 0)
(-3.50499e-11 -2.07398e-09 0)
(3.76995e-11 -2.25925e-09 0)
(-7.37727e-12 -4.66298e-10 0)
(-2.43163e-11 -1.31557e-09 0)
(-8.36004e-11 -2.14292e-09 0)
(-7.49404e-11 -2.17872e-09 0)
(6.8116e-11 -2.22214e-09 0)
(3.21678e-11 -2.02507e-09 0)
(2.17139e-11 -2.00292e-09 0)
(-3.12852e-11 -2.41114e-09 0)
(1.62713e-11 -4.75866e-09 0)
(-1.76587e-11 -2.0017e-09 0)
(8.23505e-11 -1.95165e-09 0)
(3.70299e-11 -1.90494e-09 0)
(5.93763e-11 -1.96473e-09 0)
(4.11311e-11 -2.03659e-09 0)
(0 0 0)
(0 0 0)
(-1.36657e-10 -1.88305e-09 0)
(-5.63742e-11 -2.01906e-09 0)
(-4.61659e-11 -1.94129e-09 0)
(4.55111e-12 -4.53827e-09 0)
(0 0 0)
(0 0 0)
(0 0 0)
(0 0 0)
(0 0 0)
(0 0 0)
(0 0 0)
(0 0 0)
(0 0 0)
(0 0 0)
(0 0 0)
(0 0 0)
(0 0 0)
(0 0 0)
(0 0 0)
(0 0 0)
(0 0 0)
(0 0 0)
(0 0 0)
(0 0 0)
(0 0 0)
(0 0 0)
(0 0 0)
(-1.26398e-10 -1.57496e-09 0)
(-4.76073e-11 -1.77517e-09 0)
(-5.00972e-11 -1.89823e-09 0)
(-6.78332e-11 -1.86518e-09 0)
(1.90777e-11 -2.24491e-09 0)
(0 0 0)
(2.14887e-11 -2.12753e-09 0)
(1.26277e-10 -2.39092e-09 0)
(5.13302e-12 -3.05256e-10 0)
(2.97362e-11 -1.61298e-09 0)
(3.95435e-11 -2.08227e-09 0)
(7.54606e-11 -2.1166e-09 0)
(6.5651e-11 -2.14798e-09 0)
(-1.45242e-11 -2.27983e-09 0)
(0 0 0)
(-2.59997e-11 -1.93544e-09 0)
(2.24367e-11 -1.99518e-09 0)
(4.67282e-11 -2.1623e-09 0)
(6.07633e-11 -2.21423e-09 0)
(2.44994e-11 -2.14543e-09 0)
(-1.88502e-10 -2.09014e-09 0)
(-2.16509e-10 -2.00377e-09 0)
(-1.87131e-10 -4.82764e-09 0)
(-8.64788e-12 -1.94543e-09 0)
(2.43538e-11 -1.97937e-09 0)
(-5.58376e-12 -1.95686e-09 0)
(-5.11603e-12 -1.87415e-09 0)
(-9.18979e-11 -1.85551e-09 0)
(-6.03176e-11 -1.89381e-09 0)
(-9.98909e-11 -2.25846e-09 0)
(-4.88908e-11 -2.11015e-09 0)
(-1.74958e-11 -4.08762e-09 0)
(-2.30412e-12 -3.15869e-10 0)
(-4.56722e-11 -2.30465e-09 0)
(-6.14749e-11 -2.06771e-09 0)
(-9.75362e-11 -2.05732e-09 0)
(-6.50672e-11 -2.0136e-09 0)
(-1.69849e-12 -2.04099e-09 0)
(2.22588e-11 -2.1758e-09 0)
(-5.8613e-11 -2.19092e-09 0)
(1.42577e-11 -2.15505e-09 0)
(6.04069e-13 -2.1835e-09 0)
(2.85679e-11 -2.0387e-09 0)
(-4.67811e-11 -1.96599e-09 0)
(4.24007e-11 -2.0205e-09 0)
(6.04985e-11 -2.00654e-09 0)
(-2.62728e-11 -3.54475e-09 0)
(6.51819e-12 -2.83179e-09 0)
(-8.1453e-11 -1.89442e-09 0)
(0 0 0)
(0 0 0)
(-8.36541e-11 -2.119e-09 0)
(-6.09836e-11 -1.95267e-09 0)
(0 0 0)
(0 0 0)
(0 0 0)
(0 0 0)
(0 0 0)
(0 0 0)
(0 0 0)
(0 0 0)
(0 0 0)
(0 0 0)
(0 0 0)
(0 0 0)
(0 0 0)
(0 0 0)
(0 0 0)
(0 0 0)
(0 0 0)
(0 0 0)
(0 0 0)
(0 0 0)
(0 0 0)
(0 0 0)
(8.39322e-12 -8.71954e-10 0)
(3.58889e-11 -2.90132e-09 0)
(-2.62872e-11 -9.39323e-10 0)
(-9.05356e-11 -1.79701e-09 0)
(-1.74241e-11 -2.03715e-09 0)
(2.15519e-11 -2.14198e-09 0)
(7.0848e-11 -2.07706e-09 0)
(7.57567e-11 -2.15963e-09 0)
(1.42749e-10 -2.24044e-09 0)
(0 0 0)
(1.33152e-10 -1.94112e-09 0)
(1.46901e-10 -2.13486e-09 0)
(1.3339e-11 -2.20711e-09 0)
(-2.75586e-11 -2.20769e-09 0)
(5.02877e-11 -2.17087e-09 0)
(5.65767e-11 -2.0047e-09 0)
(2.84994e-11 -1.9944e-09 0)
(1.11681e-10 -4.83001e-09 0)
(1.00505e-10 -1.91747e-09 0)
(-2.58452e-11 -4.94573e-09 0)
(-1.55338e-10 -1.85261e-09 0)
(-1.32575e-10 -1.82553e-09 0)
(-1.20232e-10 -1.85815e-09 0)
(-1.82174e-11 -2.07769e-09 0)
(1.22e-11 -2.06226e-09 0)
(6.1706e-11 -2.05314e-09 0)
(4.68794e-11 -2.15672e-09 0)
(-7.4366e-11 -1.97139e-09 0)
(-3.53628e-11 -1.88511e-09 0)
(-2.13063e-10 -2.11962e-09 0)
(-1.72403e-11 -2.03905e-09 0)
(7.47326e-11 -2.05768e-09 0)
(1.83452e-11 -2.39261e-09 0)
(-7.31964e-12 -6.33758e-10 0)
(-4.35942e-11 -3.56508e-09 0)
(-8.2265e-11 -1.94555e-09 0)
(-1.04161e-10 -1.93517e-09 0)
(-1.3637e-10 -1.97035e-09 0)
(1.04901e-11 -2.3842e-09 0)
(0 0 0)
(-8.66603e-12 -2.24146e-09 0)
(-2.20029e-11 -2.08692e-09 0)
(2.42556e-12 -2.06517e-09 0)
(1.44768e-10 -4.68137e-09 0)
(-1.05296e-11 -1.89024e-09 0)
(-1.42708e-11 -2.03056e-09 0)
(-1.12813e-10 -2.00661e-09 0)
(-4.50449e-11 -4.85976e-09 0)
(-5.8084e-13 -4.35783e-11 0)
(-3.73401e-11 -2.24985e-09 0)
(-6.87911e-11 -4.48628e-09 0)
(0 0 0)
(-6.00788e-11 -1.84487e-09 0)
(0 0 0)
(0 0 0)
(0 0 0)
(0 0 0)
(0 0 0)
(0 0 0)
(0 0 0)
(0 0 0)
(0 0 0)
(0 0 0)
(0 0 0)
(0 0 0)
(0 0 0)
(0 0 0)
(0 0 0)
(0 0 0)
(0 0 0)
(0 0 0)
(0 0 0)
(0 0 0)
(0 0 0)
(0 0 0)
(-7.72678e-11 -1.98723e-09 0)
(-2.78418e-12 -2.08169e-09 0)
(-7.09454e-11 -2.09584e-09 0)
(-5.09691e-11 -1.92575e-09 0)
(1.17905e-11 -1.92037e-09 0)
(7.91718e-11 -2.0591e-09 0)
(8.47415e-11 -2.0003e-09 0)
(8.43717e-11 -2.06115e-09 0)
(1.77042e-10 -2.13336e-09 0)
(2.35799e-10 -2.02297e-09 0)
(2.06812e-10 -2.85901e-09 0)
(1.09123e-10 -4.28098e-09 0)
(0 0 0)
(-8.19661e-11 -2.18854e-09 0)
(-3.04669e-11 -2.06396e-09 0)
(-1.97935e-11 -1.93409e-09 0)
(-9.65223e-11 -4.22367e-09 0)
(7.33806e-12 -3.1118e-09 0)
(-7.00155e-11 -3.68619e-09 0)
(-3.71749e-11 -4.15886e-09 0)
(3.14628e-13 -1.95793e-09 0)
(-5.87175e-11 -1.74238e-09 0)
(0 0 0)
(3.30294e-11 -1.98496e-09 0)
(-2.75845e-11 -2.14357e-09 0)
(7.23378e-12 -2.01136e-09 0)
(1.49617e-11 -2.26225e-09 0)
(0 0 0)
(-8.50612e-12 -1.92447e-09 0)
(-3.03601e-11 -1.97308e-09 0)
(-1.0446e-11 -2.05811e-09 0)
(9.33215e-12 -2.07369e-09 0)
(-9.60024e-11 -2.19655e-09 0)
(-4.0194e-11 -2.24856e-09 0)
(2.47116e-12 -5.10616e-09 0)
(-8.69755e-12 -2.00075e-09 0)
(-1.5841e-11 -9.40892e-10 0)
(-6.26553e-12 -2.75126e-10 0)
(-5.14115e-11 -2.13868e-09 0)
(1.90954e-11 -2.40073e-09 0)
(-2.46867e-12 -1.96509e-10 0)
(-2.54096e-11 -1.81338e-09 0)
(3.1144e-11 -2.04725e-09 0)
(8.46005e-12 -2.04609e-09 0)
(-3.6201e-11 -3.09259e-09 0)
(-1.4811e-10 -3.914e-09 0)
(-6.67868e-11 -1.92208e-09 0)
(-1.17487e-10 -2.07176e-09 0)
(2.99067e-11 -2.0503e-09 0)
(-2.97557e-11 -1.81339e-09 0)
(-3.09652e-12 -4.21708e-09 0)
(4.42304e-11 -1.8801e-09 0)
(2.77168e-11 -1.86207e-09 0)
(0 0 0)
(0 0 0)
(0 0 0)
(0 0 0)
(0 0 0)
(0 0 0)
(0 0 0)
(0 0 0)
(0 0 0)
(0 0 0)
(0 0 0)
(0 0 0)
(0 0 0)
(0 0 0)
(0 0 0)
(0 0 0)
(0 0 0)
(0 0 0)
(0 0 0)
(0 0 0)
(0 0 0)
(0 0 0)
(-5.34921e-12 -5.49938e-10 0)
(1.76062e-11 -3.84405e-09 0)
(1.49446e-10 -1.90576e-09 0)
(7.06523e-11 -1.8109e-09 0)
(3.50153e-11 -1.93597e-09 0)
(9.0592e-11 -1.98128e-09 0)
(9.61034e-11 -2.07282e-09 0)
(2.56882e-11 -2.0746e-09 0)
(9.25886e-11 -4.50835e-09 0)
(6.43516e-11 -2.66374e-09 0)
(2.62201e-10 -3.54641e-09 0)
(-3.85178e-12 -2.1156e-09 0)
(4.7407e-11 -3.09195e-09 0)
(-1.20986e-11 -9.81833e-10 0)
(-5.62744e-11 -2.02734e-09 0)
(-8.28368e-11 -1.98363e-09 0)
(-1.7076e-10 -1.85201e-09 0)
(-3.46554e-10 -4.35915e-09 0)
(-7.5202e-11 -1.74936e-09 0)
(-5.05965e-11 -5.47778e-09 0)
(0 0 0)
(3.21893e-11 -1.91596e-09 0)
(-3.09507e-12 -2.0318e-09 0)
(4.78737e-11 -2.28639e-09 0)
(0 0 0)
(4.41426e-11 -2.09216e-09 0)
(9.70519e-12 -2.02997e-09 0)
(2.34927e-11 -1.0323e-09 0)
(1.72475e-12 -8.86772e-10 0)
(-4.44802e-12 -1.58438e-09 0)
(-1.16023e-11 -3.41694e-09 0)
(-8.56987e-11 -3.26594e-09 0)
(-5.41657e-11 -1.94746e-09 0)
(-1.33866e-11 -1.96575e-09 0)
(-6.80051e-11 -2.01662e-09 0)
(2.2224e-11 -1.99386e-09 0)
(-3.54781e-11 -2.03108e-09 0)
(-1.05206e-10 -2.04306e-09 0)
(-9.61946e-11 -2.15928e-09 0)
(-3.36123e-11 -2.13508e-09 0)
(-1.80059e-13 -1.41544e-10 0)
(-4.18641e-12 -1.79442e-09 0)
(2.96228e-12 -2.01619e-09 0)
(-1.48584e-11 -2.18382e-09 0)
(-1.54198e-10 -2.43769e-09 0)
(0 0 0)
(2.78807e-11 -2.00766e-09 0)
(-5.22531e-11 -2.08516e-09 0)
(-3.59896e-11 -2.0274e-09 0)
(-2.00174e-12 -2.05799e-09 0)
(1.54364e-11 -1.92152e-09 0)
(3.73903e-11 -1.8442e-09 0)
(5.64909e-11 -1.81139e-09 0)
(0 0 0)
(0 0 0)
(0 0 0)
(0 0 0)
(0 0 0)
(0 0 0)
(0 0 0)
(0 0 0)
(0 0 0)
(0 0 0)
(0 0 0)
(0 0 0)
(0 0 0)
(0 0 0)
(0 0 0)
(0 0 0)
(0 0 0)
(0 0 0)
(0 0 0)
(0 0 0)
(0 0 0)
(0 0 0)
(-8.55508e-11 -2.0994e-09 0)
(-5.37385e-11 -1.94059e-09 0)
(9.87958e-11 -1.91601e-09 0)
(9.55871e-11 -1.95303e-09 0)
(8.03183e-11 -1.91345e-09 0)
(3.05394e-11 -2.75699e-09 0)
(8.23936e-11 -3.71644e-09 0)
(4.74646e-11 -1.81377e-09 0)
(-2.87369e-11 -2.17959e-09 0)
(-2.91736e-11 -3.8526e-09 0)
(1.77811e-10 -4.81325e-09 0)
(1.34737e-10 -2.11837e-09 0)
(2.50183e-11 -2.13762e-09 0)
(-7.81428e-12 -2.12127e-09 0)
(-6.05696e-11 -2.87516e-09 0)
(-5.22008e-11 -1.84086e-09 0)
(-3.30443e-11 -1.16819e-09 0)
(-7.01799e-11 -2.02215e-09 0)
(-1.78385e-10 -3.09427e-09 0)
(-6.6766e-11 -1.02933e-09 0)
(1.68607e-11 -2.09394e-09 0)
(2.60527e-11 -2.03944e-09 0)
(-2.8017e-11 -2.02315e-09 0)
(1.03991e-11 -1.99377e-09 0)
(0 0 0)
(2.89009e-11 -2.12623e-09 0)
(5.55749e-12 -2.13317e-09 0)
(0 0 0)
(4.02475e-11 -2.04281e-09 0)
(6.82852e-13 -2.14383e-09 0)
(-4.18333e-11 -2.12634e-09 0)
(-4.51471e-11 -2.13861e-09 0)
(-1.96112e-11 -3.02225e-09 0)
(-2.55197e-11 -3.33893e-09 0)
(1.60409e-12 -1.87864e-09 0)
(1.91489e-11 -1.94654e-09 0)
(-4.58803e-11 -2.03283e-09 0)
(-5.74824e-11 -2.10288e-09 0)
(-3.71801e-12 -3.71831e-10 0)
(-1.29453e-11 -1.31947e-09 0)
(-5.03941e-12 -2.09095e-09 0)
(-6.24702e-11 -2.0674e-09 0)
(-9.16563e-11 -1.9635e-09 0)
(-7.02851e-11 -2.344e-09 0)
(0 0 0)
(6.1128e-11 -2.11362e-09 0)
(1.77201e-11 -2.32756e-09 0)
(0 0 0)
(5.331e-11 -2.07176e-09 0)
(-2.3709e-11 -2.01423e-09 0)
(-1.78063e-11 -2.24839e-09 0)
(-2.34249e-11 -1.93381e-09 0)
(-2.04772e-11 -1.95531e-09 0)
(-7.81659e-12 -1.94318e-09 0)
(0 0 0)
(0 0 0)
(0 0 0)
(0 0 0)
(0 0 0)
(0 0 0)
(0 0 0)
(0 0 0)
(0 0 0)
(0 0 0)
(0 0 0)
(0 0 0)
(0 0 0)
(0 0 0)
(0 0 0)
(0 0 0)
(0 0 0)
(0 0 0)
(0 0 0)
(0 0 0)
(0 0 0)
(0 0 0)
(7.36084e-12 -2.02092e-09 0)
(-3.33589e-11 -1.92248e-09 0)
(-5.41537e-11 -2.00715e-09 0)
(1.79087e-11 -2.16316e-09 0)
(5.8245e-12 -2.14539e-09 0)
(-6.03997e-11 -2.04204e-09 0)
(2.442e-10 -4.56743e-09 0)
(-1.03831e-10 -1.81699e-09 0)
(-1.16784e-10 -1.85099e-09 0)
(-1.31111e-10 -4.34516e-09 0)
(2.49614e-10 -5.23671e-09 0)
(8.07337e-11 -2.06499e-09 0)
(2.52613e-11 -3.61483e-09 0)
(-2.29948e-11 -2.64083e-09 0)
(-8.76446e-11 -1.72598e-09 0)
(-1.73848e-10 -1.74942e-09 0)
(-6.84033e-11 -2.11781e-09 0)
(0 0 0)
(-1.79464e-10 -2.13583e-09 0)
(-8.14379e-11 -4.5983e-09 0)
(-2.62794e-11 -1.89801e-09 0)
(-3.23971e-11 -1.87922e-09 0)
(0 0 0)
(5.2715e-11 -1.8803e-09 0)
(9.56178e-11 -2.07295e-09 0)
(9.69201e-12 -1.90216e-09 0)
(1.0267e-11 -2.02444e-09 0)
(5.56537e-11 -2.05754e-09 0)
(3.39198e-11 -2.33049e-09 0)
(0 0 0)
(-3.47024e-11 -2.12073e-09 0)
(-4.31554e-11 -2.11236e-09 0)
(-4.81541e-11 -2.04256e-09 0)
(3.9886e-11 -2.00216e-09 0)
(-8.4908e-12 -5.01054e-09 0)
(-3.15378e-12 -1.92871e-09 0)
(2.0477e-12 -1.9185e-09 0)
(1.57425e-11 -1.99877e-09 0)
(7.06817e-11 -2.10429e-09 0)
(-8.72212e-11 -1.96503e-09 0)
(-3.16343e-11 -7.04648e-10 0)
(-1.94325e-10 -2.10488e-09 0)
(-1.27832e-10 -3.5101e-09 0)
(0 0 0)
(-2.53151e-11 -2.09328e-09 0)
(1.2502e-12 -2.29447e-09 0)
(0 0 0)
(3.9817e-11 -2.07098e-09 0)
(0 0 0)
(9.2182e-11 -2.12719e-09 0)
(1.98245e-11 -1.87575e-09 0)
(4.71923e-11 -2.00708e-09 0)
(9.54677e-12 -2.19586e-09 0)
(-3.16125e-11 -2.14901e-09 0)
(0 0 0)
(0 0 0)
(0 0 0)
(0 0 0)
(0 0 0)
(0 0 0)
(0 0 0)
(0 0 0)
(0 0 0)
(0 0 0)
(0 0 0)
(0 0 0)
(0 0 0)
(0 0 0)
(0 0 0)
(0 0 0)
(0 0 0)
(0 0 0)
(0 0 0)
(0 0 0)
(3.15784e-11 -1.87934e-09 0)
(4.02167e-11 -1.91078e-09 0)
(-2.55443e-11 -1.96868e-09 0)
(-3.3971e-11 -1.9787e-09 0)
(6.65563e-11 -2.30843e-09 0)
(3.56733e-11 -1.0649e-09 0)
(1.6539e-11 -5.04507e-10 0)
(7.74341e-12 -2.13965e-09 0)
(-1.06359e-10 -2.01573e-09 0)
(-1.94398e-10 -1.97817e-09 0)
(-1.74493e-10 -1.9209e-09 0)
(-1.44768e-10 -5.27271e-09 0)
(7.1318e-11 -2.29311e-09 0)
(3.99052e-11 -1.94062e-09 0)
(-9.8765e-11 -4.85484e-09 0)
(-4.21845e-11 -1.67452e-09 0)
(-2.19893e-11 -1.80016e-09 0)
(1.92547e-12 -4.2864e-09 0)
(-1.90098e-11 -1.93247e-09 0)
(0 0 0)
(0 0 0)
(-2.78285e-11 -1.96621e-09 0)
(6.18857e-11 -2.05484e-09 0)
(6.11722e-11 -2.03899e-09 0)
(1.20764e-10 -2.25463e-09 0)
(1.05421e-10 -2.13888e-09 0)
(4.44211e-11 -2.01319e-09 0)
(4.31385e-11 -1.83593e-09 0)
(-6.15757e-11 -2.02133e-09 0)
(-1.87104e-11 -2.56463e-09 0)
(0 0 0)
(1.45869e-11 -2.07682e-09 0)
(-3.31301e-11 -2.07692e-09 0)
(-6.79849e-11 -2.07941e-09 0)
(-9.60178e-12 -2.05338e-09 0)
(-4.63076e-11 -2.18202e-09 0)
(5.8827e-12 -2.17496e-09 0)
(4.94607e-11 -2.08053e-09 0)
(6.14267e-11 -2.14547e-09 0)
(1.60752e-10 -4.98561e-09 0)
(-1.4322e-10 -2.08146e-09 0)
(-4.34991e-11 -1.94258e-09 0)
(-6.50353e-11 -9.15225e-10 0)
(-3.26606e-11 -4.21603e-10 0)
(5.44737e-11 -4.74532e-09 0)
(3.51222e-11 -1.96001e-09 0)
(5.45476e-11 -2.106e-09 0)
(0 0 0)
(1.20342e-11 -1.93925e-09 0)
(7.95086e-11 -1.96796e-09 0)
(-1.86438e-11 -4.29709e-09 0)
(-1.41531e-10 -1.69885e-09 0)
(-1.31161e-10 -1.80824e-09 0)
(-6.54798e-11 -2.21974e-09 0)
(0 0 0)
(0 0 0)
(0 0 0)
(0 0 0)
(0 0 0)
(0 0 0)
(0 0 0)
(0 0 0)
(0 0 0)
(0 0 0)
(0 0 0)
(0 0 0)
(0 0 0)
(0 0 0)
(0 0 0)
(0 0 0)
(0 0 0)
(0 0 0)
(0 0 0)
(0 0 0)
(0 0 0)
(-9.80546e-11 -2.02519e-09 0)
(-1.57569e-11 -2.14977e-09 0)
(0 0 0)
(-1.42029e-11 -2.12166e-09 0)
(-5.38934e-11 -3.02355e-09 0)
(2.22584e-10 -3.79048e-09 0)
(0 0 0)
(0 0 0)
(0 0 0)
(0 0 0)
(0 0 0)
(0 0 0)
(0 0 0)
(-7.59132e-11 -2.73553e-09 0)
(1.81166e-12 -2.1706e-09 0)
(0 0 0)
(0 0 0)
(0 0 0)
(1.11581e-10 -4.71645e-09 0)
(2.2902e-11 -2.23184e-09 0)
(0 0 0)
(-2.02931e-11 -2.06951e-09 0)
(3.3405e-11 -2.01011e-09 0)
(3.53177e-11 -1.95759e-09 0)
(3.96047e-12 -3.13652e-09 0)
(2.54159e-10 -3.13428e-09 0)
(-2.22306e-11 -4.37892e-09 0)
(-1.55514e-11 -1.83359e-09 0)
(-1.76399e-11 -1.98927e-09 0)
(7.32677e-12 -6.68028e-10 0)
(1.97233e-11 -1.70226e-09 0)
(-3.18819e-11 -3.04978e-09 0)
(-1.01707e-10 -2.80844e-09 0)
(-2.30371e-12 -1.1516e-09 0)
(7.02634e-13 -1.07603e-09 0)
(-4.76273e-11 -2.10141e-09 0)
(-1.95491e-11 -2.15214e-09 0)
(5.23986e-11 -2.07443e-09 0)
(7.14788e-11 -3.41181e-09 0)
(-4.24648e-11 -3.73772e-09 0)
(-7.89768e-12 -2.05835e-09 0)
(-3.32161e-12 -1.90426e-09 0)
(-2.97014e-11 -8.17182e-10 0)
(-2.83371e-11 -6.69011e-10 0)
(0 0 0)
(1.52909e-10 -2.10266e-09 0)
(3.72565e-11 -1.00328e-09 0)
(1.40947e-10 -2.4374e-09 0)
(2.828e-11 -1.9168e-09 0)
(1.41773e-10 -4.35212e-09 0)
(-9.20381e-11 -2.60353e-09 0)
(-1.34993e-10 -3.51634e-09 0)
(-1.6287e-10 -1.89539e-09 0)
(0 0 0)
(0 0 0)
(0 0 0)
(0 0 0)
(0 0 0)
(0 0 0)
(0 0 0)
(0 0 0)
(0 0 0)
(0 0 0)
(0 0 0)
(0 0 0)
(0 0 0)
(0 0 0)
(0 0 0)
(0 0 0)
(0 0 0)
(0 0 0)
(0 0 0)
(0 0 0)
(0 0 0)
(0 0 0)
(-4.24346e-11 -1.94013e-09 0)
(2.41256e-12 -2.07986e-09 0)
(5.83426e-12 -2.31202e-09 0)
(-1.75476e-11 -1.82535e-09 0)
(-9.32782e-12 -1.77947e-09 0)
(5.9671e-12 -4.11339e-10 0)
(2.43434e-10 -4.42857e-09 0)
(8.42152e-11 -2.20591e-09 0)
(-7.74196e-11 -1.91111e-09 0)
(-5.43216e-11 -1.88843e-09 0)
(0 0 0)
(-3.98816e-11 -2.01021e-09 0)
(-4.59674e-10 -5.68472e-09 0)
(0 0 0)
(-6.19619e-11 -2.20719e-09 0)
(6.1084e-11 -2.56062e-09 0)
(9.40467e-11 -2.74388e-09 0)
(-4.86601e-12 -3.48185e-09 0)
(-1.57636e-10 -1.91942e-09 0)
(-1.98111e-10 -2.15689e-09 0)
(-7.12752e-11 -2.10261e-09 0)
(-4.23375e-11 -2.01945e-09 0)
(3.93992e-11 -2.00464e-09 0)
(9.43856e-11 -1.97153e-09 0)
(1.33254e-10 -4.37445e-09 0)
(8.17709e-11 -4.72079e-09 0)
(4.74715e-11 -1.76084e-09 0)
(3.10889e-11 -1.84453e-09 0)
(4.20124e-11 -1.87604e-09 0)
(9.90129e-11 -2.20576e-09 0)
(-5.01479e-11 -2.32309e-09 0)
(-1.52744e-10 -3.26824e-09 0)
(-9.72595e-11 -2.67025e-09 0)
(3.1233e-12 -1.31915e-09 0)
(8.35313e-12 -8.40303e-10 0)
(-3.59493e-11 -2.08764e-09 0)
(8.05209e-11 -2.11406e-09 0)
(8.60464e-11 -2.16738e-09 0)
(9.92104e-12 -2.37726e-09 0)
(-7.91438e-11 -2.31655e-09 0)
(8.10748e-11 -2.13937e-09 0)
(1.8346e-11 -2.16022e-09 0)
(4.04533e-11 -2.01973e-09 0)
(1.84351e-11 -1.99516e-09 0)
(7.85387e-11 -2.08722e-09 0)
(1.16263e-10 -2.07073e-09 0)
(0 0 0)
(0 0 0)
(1.85698e-11 -2.33896e-09 0)
(-1.31433e-10 -2.09741e-09 0)
(-1.77822e-10 -1.8784e-09 0)
(-1.53348e-10 -1.87297e-09 0)
(0 0 0)
(0 0 0)
(0 0 0)
(0 0 0)
(0 0 0)
(0 0 0)
(0 0 0)
(0 0 0)
(0 0 0)
(0 0 0)
(0 0 0)
(0 0 0)
(0 0 0)
(0 0 0)
(0 0 0)
(0 0 0)
(0 0 0)
(0 0 0)
(0 0 0)
(0 0 0)
(0 0 0)
(0 0 0)
(0 0 0)
(-1.35304e-11 -1.97519e-09 0)
(-3.83541e-11 -1.97852e-09 0)
(-4.86093e-11 -2.09539e-09 0)
(9.74833e-11 -1.93591e-09 0)
(5.74455e-11 -1.85492e-09 0)
(-9.81823e-12 -2.1231e-09 0)
(0 0 0)
(6.85849e-11 -5.33449e-09 0)
(9.374e-11 -1.82106e-09 0)
(0 0 0)
(6.38288e-11 -4.00145e-09 0)
(-2.79454e-11 -4.60692e-09 0)
(-3.80563e-11 -1.09602e-09 0)
(-1.47274e-11 -4.3615e-10 0)
(-1.36762e-10 -2.16171e-09 0)
(-1.42011e-10 -1.9956e-09 0)
(5.9586e-11 -2.02522e-09 0)
(-6.23481e-11 -2.1032e-09 0)
(-1.09439e-10 -1.97859e-09 0)
(-1.35313e-10 -1.96702e-09 0)
(-4.99761e-11 -2.00482e-09 0)
(2.03608e-11 -1.97616e-09 0)
(3.57711e-11 -2.0147e-09 0)
(2.31648e-11 -2.21171e-09 0)
(5.79096e-13 -2.1353e-09 0)
(1.09378e-11 -2.07e-09 0)
(1.41911e-10 -2.01145e-09 0)
(1.23372e-10 -1.93584e-09 0)
(7.23677e-11 -2.32361e-09 0)
(2.82026e-11 -4.9856e-09 0)
(-9.53513e-11 -2.22893e-09 0)
(-1.46521e-11 -1.84198e-09 0)
(-6.97117e-11 -1.92157e-09 0)
(-1.59477e-11 -1.81652e-09 0)
(-3.11546e-11 -1.94373e-09 0)
(2.48333e-11 -2.0625e-09 0)
(-3.45818e-11 -2.26665e-09 0)
(3.12808e-11 -2.42954e-09 0)
(5.78599e-11 -2.34695e-09 0)
(3.93315e-11 -2.01894e-09 0)
(5.3158e-11 -2.05811e-09 0)
(-3.67204e-11 -2.04553e-09 0)
(1.49555e-11 -1.98994e-09 0)
(7.30869e-11 -2.96066e-09 0)
(2.32073e-10 -3.24592e-09 0)
(3.43719e-10 -4.45389e-09 0)
(1.15166e-10 -1.81761e-09 0)
(1.73274e-10 -4.01164e-09 0)
(-5.06673e-11 -4.70376e-09 0)
(0 0 0)
(-1.72996e-11 -1.94779e-09 0)
(0 0 0)
(0 0 0)
(0 0 0)
(0 0 0)
(0 0 0)
(0 0 0)
(0 0 0)
(0 0 0)
(0 0 0)
(0 0 0)
(0 0 0)
(0 0 0)
(0 0 0)
(0 0 0)
(0 0 0)
(0 0 0)
(0 0 0)
(0 0 0)
(0 0 0)
(0 0 0)
(0 0 0)
(0 0 0)
(0 0 0)
(0 0 0)
(-9.94895e-12 -2.00339e-09 0)
(-4.12797e-11 -1.99396e-09 0)
(-2.32959e-11 -2.06954e-09 0)
(3.47226e-11 -2.48876e-09 0)
(1.16741e-10 -3.70921e-09 0)
(4.79383e-12 -2.03711e-09 0)
(0 0 0)
(-1.86605e-11 -2.03648e-09 0)
(1.53698e-10 -3.35275e-09 0)
(1.10575e-10 -2.14573e-09 0)
(1.28888e-10 -4.90423e-09 0)
(-4.60818e-11 -2.15621e-09 0)
(-7.88659e-11 -2.30318e-09 0)
(-3.11906e-12 -4.00872e-10 0)
(-1.08536e-11 -1.35808e-09 0)
(-9.89563e-12 -1.82523e-09 0)
(6.64071e-11 -4.99262e-09 0)
(-3.70557e-11 -1.8954e-09 0)
(-5.15432e-11 -1.8808e-09 0)
(4.64614e-11 -1.94302e-09 0)
(9.3717e-11 -2.02726e-09 0)
(0 0 0)
(-3.84742e-12 -1.94754e-09 0)
(1.99686e-11 -2.27472e-09 0)
(0 0 0)
(-7.23353e-12 -2.13188e-09 0)
(1.37312e-10 -2.09432e-09 0)
(9.1385e-11 -2.03434e-09 0)
(-1.52581e-12 -2.06933e-09 0)
(-2.82061e-10 -5.29222e-09 0)
(-1.01319e-10 -2.03038e-09 0)
(-4.51376e-11 -4.55223e-09 0)
(-4.61292e-11 -1.74625e-09 0)
(-7.66817e-11 -1.82083e-09 0)
(-3.47598e-11 -1.9492e-09 0)
(0 0 0)
(-6.75445e-11 -3.27775e-09 0)
(3.03726e-11 -2.6785e-09 0)
(1.72013e-11 -5.98715e-10 0)
(2.64983e-10 -4.10749e-09 0)
(6.54289e-11 -2.85103e-09 0)
(-1.45981e-11 -2.07936e-09 0)
(2.53329e-11 -1.79875e-09 0)
(4.18098e-11 -1.82484e-09 0)
(1.97579e-10 -1.97605e-09 0)
(1.03802e-10 -1.9516e-09 0)
(-5.49145e-11 -4.09596e-09 0)
(-6.46105e-11 -1.67865e-09 0)
(-1.29943e-11 -1.78122e-09 0)
(1.88299e-10 -5.15853e-09 0)
(0 0 0)
(0 0 0)
(0 0 0)
(0 0 0)
(0 0 0)
(0 0 0)
(0 0 0)
(0 0 0)
(0 0 0)
(0 0 0)
(0 0 0)
(0 0 0)
(0 0 0)
(0 0 0)
(0 0 0)
(0 0 0)
(0 0 0)
(0 0 0)
(0 0 0)
(0 0 0)
(0 0 0)
(0 0 0)
(0 0 0)
(0 0 0)
(0 0 0)
(0 0 0)
(-3.89259e-12 -2.00906e-09 0)
(-1.99445e-11 -1.89297e-09 0)
(6.48368e-11 -4.36279e-09 0)
(4.86812e-11 -1.86812e-09 0)
(1.1386e-10 -2.06182e-09 0)
(6.12228e-11 -2.13331e-09 0)
(-1.83026e-11 -2.11581e-09 0)
(4.36192e-12 -2.01256e-09 0)
(-1.26534e-11 -1.92253e-09 0)
(-1.05161e-10 -2.12888e-09 0)
(0 0 0)
(-7.28397e-11 -2.36729e-09 0)
(2.31272e-11 -2.27062e-09 0)
(9.48292e-12 -2.03179e-09 0)
(5.33879e-12 -1.88801e-09 0)
(-9.82029e-11 -2.10916e-09 0)
(2.7298e-11 -2.20092e-09 0)
(-4.4982e-11 -1.8738e-09 0)
(6.12701e-11 -1.94034e-09 0)
(1.23759e-10 -2.05914e-09 0)
(0 0 0)
(-1.79689e-11 -2.08276e-09 0)
(-5.90085e-11 -2.00647e-09 0)
(0 0 0)
(6.13816e-11 -2.02484e-09 0)
(9.35672e-11 -2.08747e-09 0)
(9.18456e-12 -3.42376e-09 0)
(-1.1859e-10 -3.48899e-09 0)
(-1.70748e-10 -2.16578e-09 0)
(-1.03496e-10 -2.09928e-09 0)
(-2.39301e-11 -1.96915e-09 0)
(6.51244e-12 -1.90704e-09 0)
(-1.50853e-11 -1.90207e-09 0)
(-1.71373e-11 -1.95959e-09 0)
(3.29302e-12 -2.03165e-09 0)
(-4.52968e-11 -2.03448e-09 0)
(-2.17262e-11 -2.04351e-09 0)
(-2.01891e-11 -2.08947e-09 0)
(3.39623e-11 -2.30207e-09 0)
(1.51719e-11 -2.495e-09 0)
(1.57925e-11 -2.28166e-09 0)
(1.91748e-11 -2.0171e-09 0)
(1.06316e-10 -1.88347e-09 0)
(1.36173e-10 -4.19066e-09 0)
(1.12915e-10 -4.31144e-09 0)
(7.98983e-11 -2.60398e-09 0)
(-6.63559e-11 -3.16392e-09 0)
(-3.81236e-11 -1.79697e-09 0)
(4.66145e-11 -2.1518e-09 0)
(-4.41686e-11 -2.27287e-09 0)
(0 0 0)
(0 0 0)
(0 0 0)
(0 0 0)
(0 0 0)
(0 0 0)
(0 0 0)
(0 0 0)
(0 0 0)
(0 0 0)
(0 0 0)
(0 0 0)
(0 0 0)
(0 0 0)
(0 0 0)
(0 0 0)
(0 0 0)
(0 0 0)
(0 0 0)
(0 0 0)
(0 0 0)
(0 0 0)
(0 0 0)
(0 0 0)
(4.60858e-11 -2.09018e-09 0)
(4.07835e-11 -2.98176e-09 0)
(3.03596e-11 -3.11672e-09 0)
(2.84675e-11 -1.80519e-09 0)
(3.20615e-11 -1.88858e-09 0)
(1.49111e-10 -2.84103e-09 0)
(1.33494e-10 -4.04725e-09 0)
(1.47787e-10 -2.1041e-09 0)
(2.26386e-11 -1.98158e-09 0)
(-8.37354e-11 -1.94315e-09 0)
(-1.26334e-10 -2.30294e-09 0)
(-6.50501e-12 -6.11669e-10 0)
(-1.17612e-11 -1.11982e-09 0)
(-1.77537e-11 -2.17759e-09 0)
(4.26219e-11 -2.03578e-09 0)
(2.09748e-11 -1.9835e-09 0)
(2.72373e-11 -2.3768e-09 0)
(0 0 0)
(2.70727e-11 -2.05324e-09 0)
(6.80944e-11 -1.89652e-09 0)
(1.05477e-10 -2.05051e-09 0)
(6.24816e-12 -2.37905e-09 0)
(5.17697e-11 -2.02221e-09 0)
(-9.52114e-12 -2.00182e-09 0)
(7.68694e-12 -1.97798e-09 0)
(1.74699e-11 -1.97099e-09 0)
(6.3485e-13 -2.11592e-09 0)
(-4.89675e-11 -2.49326e-09 0)
(-1.14177e-10 -2.32539e-09 0)
(-4.96326e-11 -2.33274e-09 0)
(0 0 0)
(3.06497e-11 -1.95294e-09 0)
(-3.48662e-11 -1.97849e-09 0)
(-5.6562e-11 -1.97942e-09 0)
(-2.21013e-11 -1.86846e-09 0)
(2.28259e-11 -4.20044e-09 0)
(-2.0098e-11 -1.91937e-09 0)
(-3.34902e-11 -1.91413e-09 0)
(5.4187e-12 -3.82799e-09 0)
(9.3489e-11 -2.7692e-09 0)
(1.40564e-10 -2.45137e-09 0)
(0 0 0)
(0 0 0)
(1.90082e-11 -1.72278e-09 0)
(8.60779e-11 -1.84582e-09 0)
(1.21991e-10 -3.79884e-09 0)
(-5.3385e-11 -2.72034e-09 0)
(-1.35003e-10 -1.84807e-09 0)
(-1.49761e-10 -1.84612e-09 0)
(-1.52775e-10 -1.86624e-09 0)
(-8.0911e-11 -5.28321e-09 0)
(0 0 0)
(0 0 0)
(0 0 0)
(0 0 0)
(0 0 0)
(0 0 0)
(0 0 0)
(0 0 0)
(0 0 0)
(0 0 0)
(0 0 0)
(0 0 0)
(0 0 0)
(0 0 0)
(0 0 0)
(0 0 0)
(0 0 0)
(0 0 0)
(0 0 0)
(0 0 0)
(0 0 0)
(0 0 0)
(0 0 0)
(0 0 0)
(4.82391e-11 -2.15419e-09 0)
(-1.3133e-10 -1.95484e-09 0)
(1.2692e-10 -4.29222e-09 0)
(-1.19821e-11 -1.67957e-09 0)
(4.23028e-11 -4.2064e-09 0)
(5.16042e-11 -1.82249e-09 0)
(4.22148e-11 -2.06633e-09 0)
(1.37985e-10 -2.13678e-09 0)
(1.15726e-11 -2.1088e-09 0)
(-3.83492e-11 -1.93281e-09 0)
(-1.27874e-10 -1.92774e-09 0)
(-6.1513e-11 -2.09912e-09 0)
(4.16665e-11 -2.20272e-09 0)
(0 0 0)
(-1.67624e-11 -2.03324e-09 0)
(8.94373e-12 -2.04407e-09 0)
(4.14424e-11 -2.20213e-09 0)
(1.08042e-10 -2.24317e-09 0)
(6.02813e-11 -2.08136e-09 0)
(4.82313e-11 -1.90749e-09 0)
(2.6908e-11 -2.00188e-09 0)
(4.19289e-11 -2.04803e-09 0)
(5.82703e-11 -2.09962e-09 0)
(4.71034e-11 -1.88161e-09 0)
(6.02517e-11 -1.84078e-09 0)
(5.77399e-11 -1.94344e-09 0)
(3.1708e-11 -2.15927e-09 0)
(-9.86354e-11 -2.60982e-09 0)
(0 0 0)
(-1.55604e-10 -2.15293e-09 0)
(6.17986e-11 -2.12128e-09 0)
(3.2012e-11 -2.40153e-09 0)
(0 0 0)
(0 0 0)
(-4.04886e-11 -1.86425e-09 0)
(-1.37772e-10 -3.59296e-09 0)
(-1.04275e-10 -2.15468e-09 0)
(-1.04602e-11 -1.84863e-09 0)
(-6.0024e-11 -1.88175e-09 0)
(-7.34325e-11 -4.95683e-09 0)
(1.37945e-11 -2.06979e-09 0)
(1.24236e-10 -5.10418e-09 0)
(1.40645e-10 -3.58919e-09 0)
(5.60703e-12 -1.46574e-09 0)
(4.55874e-11 -4.39239e-09 0)
(2.31236e-11 -2.31517e-09 0)
(-1.10002e-10 -2.28375e-09 0)
(-1.98829e-10 -2.01453e-09 0)
(-1.98637e-10 -1.72545e-09 0)
(-1.31241e-10 -1.78186e-09 0)
(-1.32004e-10 -1.88693e-09 0)
(0 0 0)
(0 0 0)
(0 0 0)
(0 0 0)
(0 0 0)
(0 0 0)
(0 0 0)
(0 0 0)
(0 0 0)
(0 0 0)
(0 0 0)
(0 0 0)
(0 0 0)
(0 0 0)
(0 0 0)
(0 0 0)
(0 0 0)
(0 0 0)
(0 0 0)
(0 0 0)
(0 0 0)
(0 0 0)
(0 0 0)
(0 0 0)
(7.91971e-12 -5.32756e-09 0)
(-4.49813e-11 -1.89793e-09 0)
(-2.38816e-11 -2.41541e-09 0)
(3.91554e-11 -3.20485e-09 0)
(-8.68182e-11 -4.0906e-09 0)
(6.39942e-11 -1.73439e-09 0)
(8.28491e-11 -1.85219e-09 0)
(1.60123e-10 -4.96217e-09 0)
(1.43774e-11 -2.26977e-09 0)
(0 0 0)
(-5.1673e-11 -2.08025e-09 0)
(-1.3162e-11 -2.07403e-09 0)
(2.7188e-11 -2.14863e-09 0)
(1.62193e-11 -2.19237e-09 0)
(0 0 0)
(5.11007e-11 -2.10112e-09 0)
(8.09271e-11 -2.17665e-09 0)
(9.47374e-11 -2.22102e-09 0)
(9.23291e-11 -2.10672e-09 0)
(9.8085e-11 -1.97837e-09 0)
(5.43455e-12 -1.98956e-09 0)
(1.82264e-11 -2.08543e-09 0)
(6.10474e-11 -1.93329e-09 0)
(4.02089e-11 -2.18998e-09 0)
(4.82428e-11 -2.10039e-09 0)
(7.91479e-11 -2.04195e-09 0)
(1.08174e-10 -2.27394e-09 0)
(0 0 0)
(5.94542e-12 -2.4399e-09 0)
(3.83996e-13 -2.18296e-09 0)
(3.75783e-11 -2.08704e-09 0)
(8.65978e-11 -2.19073e-09 0)
(8.63566e-11 -2.17039e-09 0)
(-2.27009e-11 -1.93947e-09 0)
(-1.04138e-10 -1.96897e-09 0)
(-6.16847e-11 -2.13479e-09 0)
(-1.38804e-10 -3.94488e-09 0)
(-1.10523e-10 -1.74412e-09 0)
(-8.9413e-11 -1.98119e-09 0)
(-2.13986e-10 -3.59188e-09 0)
(-4.842e-11 -3.41392e-09 0)
(2.21744e-11 -1.16464e-09 0)
(7.18668e-12 -2.09864e-10 0)
(1.98259e-10 -1.64001e-09 0)
(-5.91847e-11 -1.95177e-09 0)
(-3.14317e-11 -2.11082e-09 0)
(-1.49039e-10 -5.46173e-09 0)
(-1.17333e-10 -1.93182e-09 0)
(-1.06003e-10 -1.74109e-09 0)
(-1.18771e-10 -1.77357e-09 0)
(-2.44794e-11 -1.88862e-09 0)
(0 0 0)
(0 0 0)
(0 0 0)
(0 0 0)
(0 0 0)
(0 0 0)
(0 0 0)
(0 0 0)
(0 0 0)
(0 0 0)
(0 0 0)
(0 0 0)
(0 0 0)
(0 0 0)
(0 0 0)
(0 0 0)
(0 0 0)
(0 0 0)
(0 0 0)
(0 0 0)
(0 0 0)
(0 0 0)
(0 0 0)
(0 0 0)
(-6.58879e-11 -2.08054e-09 0)
(2.30787e-11 -2.02039e-09 0)
(1.8174e-11 -1.94279e-09 0)
(6.11834e-11 -4.25926e-09 0)
(-7.60202e-11 -1.70028e-09 0)
(-1.96185e-10 -3.01806e-09 0)
(-1.1621e-10 -2.39013e-09 0)
(-6.60957e-11 -1.95606e-09 0)
(2.19899e-12 -2.26481e-09 0)
(1.00178e-10 -5.04804e-09 0)
(3.57155e-13 -1.45982e-10 0)
(3.74679e-13 -1.73747e-09 0)
(-3.20948e-12 -2.07225e-09 0)
(4.9913e-11 -2.06491e-09 0)
(4.08022e-11 -2.09251e-09 0)
(6.33045e-11 -2.17154e-09 0)
(0 0 0)
(1.04717e-10 -2.10521e-09 0)
(1.3296e-10 -2.0265e-09 0)
(6.62981e-11 -1.98633e-09 0)
(3.00678e-11 -2.05012e-09 0)
(8.63155e-11 -2.13094e-09 0)
(1.05306e-10 -2.1461e-09 0)
(1.44858e-11 -2.06645e-09 0)
(1.12823e-10 -2.02348e-09 0)
(3.56531e-11 -2.10128e-09 0)
(-3.34014e-11 -2.54438e-09 0)
(0 0 0)
(1.1429e-11 -2.19911e-09 0)
(2.31974e-12 -2.01997e-09 0)
(4.59836e-11 -2.02433e-09 0)
(3.89016e-11 -2.16731e-09 0)
(-8.19631e-11 -2.15947e-09 0)
(-2.3079e-10 -2.16274e-09 0)
(-7.18872e-11 -3.47794e-09 0)
(-1.31329e-10 -2.32942e-09 0)
(-1.35158e-10 -1.68512e-09 0)
(-1.47818e-10 -1.7998e-09 0)
(-2.30697e-10 -4.91565e-09 0)
(-1.0877e-10 -2.03701e-09 0)
(5.48547e-13 -2.33577e-09 0)
(0 0 0)
(1.07719e-10 -2.20851e-09 0)
(-6.29377e-11 -2.12844e-09 0)
(-4.63807e-11 -2.13808e-09 0)
(-2.95168e-11 -2.4695e-09 0)
(0 0 0)
(0 0 0)
(0 0 0)
(0 0 0)
(6.56813e-11 -4.08366e-09 0)
(7.58011e-11 -1.83377e-09 0)
(9.36355e-11 -1.79288e-09 0)
(0 0 0)
(0 0 0)
(0 0 0)
(0 0 0)
(0 0 0)
(0 0 0)
(0 0 0)
(0 0 0)
(0 0 0)
(0 0 0)
(0 0 0)
(0 0 0)
(0 0 0)
(0 0 0)
(0 0 0)
(0 0 0)
(0 0 0)
(0 0 0)
(0 0 0)
(0 0 0)
(0 0 0)
(0 0 0)
(-9.44642e-11 -2.17371e-09 0)
(-6.65422e-11 -2.09206e-09 0)
(-6.42035e-11 -2.04273e-09 0)
(-4.22068e-11 -2.00207e-09 0)
(-5.1481e-11 -1.95243e-09 0)
(-2.61028e-10 -4.46626e-09 0)
(-9.11444e-11 -1.82583e-09 0)
(-7.37416e-11 -1.93184e-09 0)
(-6.85836e-11 -2.64891e-09 0)
(1.19297e-11 -4.03231e-09 0)
(1.03735e-10 -1.94686e-09 0)
(1.42553e-11 -1.96265e-09 0)
(4.31294e-11 -1.97693e-09 0)
(7.38531e-11 -2.00523e-09 0)
(1.8647e-11 -2.10377e-09 0)
(1.12577e-11 -2.19124e-09 0)
(1.64694e-11 -9.83335e-10 0)
(8.07352e-12 -4.14102e-10 0)
(9.59506e-11 -2.07454e-09 0)
(1.4877e-10 -2.10391e-09 0)
(1.58487e-10 -2.09284e-09 0)
(1.25683e-10 -2.35189e-09 0)
(2.9174e-11 -2.08636e-09 0)
(4.52907e-11 -2.04462e-09 0)
(1.08913e-10 -2.00863e-09 0)
(2.58003e-11 -2.14551e-09 0)
(3.65088e-11 -2.40177e-09 0)
(4.60499e-11 -2.18355e-09 0)
(-9.87833e-12 -2.09409e-09 0)
(-5.48533e-11 -1.93722e-09 0)
(-5.21042e-11 -2.75582e-09 0)
(-1.27036e-10 -4.01051e-09 0)
(-1.21731e-11 -1.11845e-09 0)
(1.77221e-11 -1.39733e-09 0)
(1.24419e-11 -7.73159e-10 0)
(-1.07736e-11 -1.95012e-09 0)
(-7.12153e-11 -1.84179e-09 0)
(-8.40843e-11 -1.96343e-09 0)
(-1.05023e-10 -2.01982e-09 0)
(-7.70339e-11 -2.11166e-09 0)
(4.3464e-12 -2.26161e-09 0)
(5.80118e-11 -2.21606e-09 0)
(7.53169e-12 -2.37375e-09 0)
(4.05689e-12 -7.01669e-10 0)
(4.19895e-12 -8.47522e-10 0)
(1.12171e-11 -2.06627e-09 0)
(-1.65749e-11 -2.24791e-09 0)
(6.88719e-11 -2.32644e-09 0)
(2.16448e-11 -1.74051e-09 0)
(5.39901e-11 -3.91872e-09 0)
(-5.4989e-13 -1.77738e-09 0)
(7.4796e-11 -1.98165e-09 0)
(9.70041e-11 -1.961e-09 0)
(6.76313e-11 -2.03584e-09 0)
(0 0 0)
(0 0 0)
(0 0 0)
(0 0 0)
(0 0 0)
(0 0 0)
(0 0 0)
(0 0 0)
(0 0 0)
(0 0 0)
(0 0 0)
(0 0 0)
(0 0 0)
(0 0 0)
(0 0 0)
(0 0 0)
(0 0 0)
(0 0 0)
(0 0 0)
(0 0 0)
(0 0 0)
(0 0 0)
(0 0 0)
(0 0 0)
(0 0 0)
(0 0 0)
(0 0 0)
(-1.6045e-10 -2.60161e-09 0)
(-1.8732e-10 -4.03919e-09 0)
(-8.87739e-11 -1.90827e-09 0)
(-4.388e-11 -1.99866e-09 0)
(-1.51586e-11 -1.97968e-09 0)
(9.527e-12 -1.90991e-09 0)
(-6.6192e-12 -1.86616e-09 0)
(5.72382e-11 -2.15054e-09 0)
(7.99485e-11 -2.08129e-09 0)
(7.27752e-11 -2.0532e-09 0)
(3.24662e-11 -2.36258e-09 0)
(1.46597e-11 -1.67077e-09 0)
(9.25511e-11 -2.0107e-09 0)
(1.60243e-10 -2.2068e-09 0)
(8.82405e-11 -2.19731e-09 0)
(1.481e-10 -2.10925e-09 0)
(7.09784e-11 -2.06933e-09 0)
(1.0467e-10 -2.05863e-09 0)
(9.61423e-11 -2.04819e-09 0)
(-1.82573e-10 -3.81539e-09 0)
(-4.59539e-10 -2.65514e-09 0)
(1.41092e-11 -4.91275e-09 0)
(2.96543e-11 -1.88784e-09 0)
(2.15998e-11 -1.80531e-09 0)
(-8.03078e-11 -2.01762e-09 0)
(-4.62088e-11 -2.27932e-09 0)
(0 0 0)
(3.94419e-11 -2.02539e-09 0)
(6.62471e-11 -2.42677e-09 0)
(2.36094e-12 -3.38807e-10 0)
(1.02069e-11 -1.61016e-09 0)
(-3.87431e-11 -2.02661e-09 0)
(-8.90541e-11 -1.9758e-09 0)
(0 0 0)
(1.13676e-11 -2.12315e-09 0)
(-1.43382e-11 -2.28e-09 0)
(-4.18339e-11 -2.19935e-09 0)
(3.22972e-11 -2.15014e-09 0)
(5.67001e-12 -2.23996e-09 0)
(8.78504e-12 -2.44327e-09 0)
(0 0 0)
(-6.06109e-12 -2.14449e-09 0)
(7.35202e-11 -2.00052e-09 0)
(1.59268e-11 -1.78134e-09 0)
(1.55654e-11 -1.90005e-09 0)
(1.39815e-10 -1.92351e-09 0)
(6.3559e-11 -2.00204e-09 0)
(4.8406e-11 -1.98617e-09 0)
(0 0 0)
(0 0 0)
(0 0 0)
(0 0 0)
(0 0 0)
(0 0 0)
(0 0 0)
(0 0 0)
(0 0 0)
(0 0 0)
(0 0 0)
(0 0 0)
(0 0 0)
(0 0 0)
(0 0 0)
(0 0 0)
(0 0 0)
(0 0 0)
(0 0 0)
(0 0 0)
(0 0 0)
(4.17716e-12 -2.00662e-09 0)
(8.72831e-12 -1.9055e-09 0)
(1.3478e-11 -1.98638e-09 0)
(1.7241e-11 -2.04509e-09 0)
(-4.08999e-11 -2.3861e-09 0)
(0 0 0)
(0 0 0)
(0 0 0)
(-2.87793e-10 -2.1746e-09 0)
(-2.3812e-10 -2.25404e-09 0)
(-1.74161e-10 -2.09871e-09 0)
(-5.7813e-11 -2.0612e-09 0)
(-6.93031e-13 -2.01583e-09 0)
(-2.40679e-11 -1.95762e-09 0)
(1.48594e-10 -2.92071e-09 0)
(1.75324e-10 -4.12487e-09 0)
(1.0274e-10 -1.9419e-09 0)
(6.92879e-11 -1.79494e-09 0)
(8.03345e-11 -1.97177e-09 0)
(3.11669e-11 -2.0386e-09 0)
(1.95673e-11 -2.60201e-09 0)
(1.35426e-10 -4.17379e-09 0)
(4.41392e-11 -1.91558e-09 0)
(2.27293e-11 -3.13473e-09 0)
(-9.9892e-11 -6.06482e-09 0)
(-4.61984e-11 -1.092e-09 0)
(-5.67529e-12 -1.35292e-10 0)
(-6.13226e-11 -2.00622e-09 0)
(7.09434e-11 -2.08522e-09 0)
(4.88259e-11 -1.7589e-09 0)
(-1.61324e-10 -2.05972e-09 0)
(-3.9842e-13 -1.49123e-10 0)
(1.15711e-11 -2.01867e-09 0)
(0 0 0)
(9.46939e-11 -2.11847e-09 0)
(1.68452e-10 -2.3127e-09 0)
(0 0 0)
(2.79122e-12 -2.07735e-09 0)
(-2.27393e-11 -2.12592e-09 0)
(-1.64101e-11 -2.20144e-09 0)
(4.46724e-11 -2.34503e-09 0)
(-1.34547e-10 -2.36106e-09 0)
(-1.26802e-11 -1.02828e-09 0)
(-4.51197e-12 -4.07657e-10 0)
(4.63168e-11 -2.07867e-09 0)
(-3.53613e-13 -2.19124e-09 0)
(4.65803e-11 -2.19333e-09 0)
(7.83861e-11 -2.0698e-09 0)
(-9.49893e-11 -2.24866e-09 0)
(-1.81118e-10 -2.04647e-09 0)
(2.17347e-11 -1.9573e-09 0)
(3.22484e-11 -1.97317e-09 0)
(-2.34427e-11 -1.95482e-09 0)
(-2.44638e-11 -1.85933e-09 0)
(0 0 0)
(0 0 0)
(0 0 0)
(0 0 0)
(0 0 0)
(0 0 0)
(0 0 0)
(0 0 0)
(0 0 0)
(0 0 0)
(0 0 0)
(0 0 0)
(0 0 0)
(0 0 0)
(0 0 0)
(0 0 0)
(0 0 0)
(0 0 0)
(0 0 0)
(0 0 0)
(0 0 0)
(-9.13621e-12 -4.39214e-09 0)
(7.13789e-11 -1.8516e-09 0)
(2.2977e-11 -1.88822e-09 0)
(3.2966e-11 -2.05705e-09 0)
(-3.26547e-11 -2.07455e-09 0)
(6.35697e-11 -2.012e-09 0)
(3.90445e-11 -1.93989e-09 0)
(-1.79617e-10 -2.78325e-09 0)
(-1.35111e-10 -1.38636e-09 0)
(-2.80045e-10 -2.04124e-09 0)
(-2.80968e-10 -2.09299e-09 0)
(-8.4587e-11 -2.00728e-09 0)
(-2.01174e-11 -1.96868e-09 0)
(-3.84485e-11 -2.00137e-09 0)
(7.70946e-11 -2.08118e-09 0)
(-6.94644e-12 -2.11713e-09 0)
(6.186e-11 -4.89133e-09 0)
(7.47497e-11 -1.79934e-09 0)
(2.77267e-11 -4.65258e-09 0)
(-9.62121e-12 -1.739e-09 0)
(-3.58142e-12 -4.28637e-09 0)
(6.01853e-12 -1.85167e-09 0)
(-7.6756e-11 -3.01203e-09 0)
(-7.91367e-11 -3.05197e-09 0)
(3.06784e-11 -2.28881e-09 0)
(7.30078e-12 -1.02435e-09 0)
(1.31469e-12 -2.76031e-10 0)
(8.46535e-12 -2.42775e-09 0)
(0 0 0)
(1.00229e-10 -1.95246e-09 0)
(-8.7565e-11 -1.81643e-09 0)
(-5.53395e-11 -2.0048e-09 0)
(-1.79684e-10 -4.06519e-09 0)
(-7.18324e-11 -4.48994e-09 0)
(0 0 0)
(4.78769e-11 -2.31648e-09 0)
(1.42461e-11 -6.7851e-10 0)
(1.84372e-11 -7.65473e-10 0)
(3.40522e-11 -2.05661e-09 0)
(1.73429e-11 -2.12462e-09 0)
(4.43629e-11 -2.40988e-09 0)
(0 0 0)
(8.72698e-12 -2.15734e-09 0)
(-4.17398e-11 -2.08115e-09 0)
(2.92793e-11 -2.08131e-09 0)
(-4.27189e-11 -2.14306e-09 0)
(8.32762e-12 -2.08757e-09 0)
(2.02166e-11 -2.05264e-09 0)
(6.3196e-11 -2.05948e-09 0)
(5.78075e-11 -2.5354e-09 0)
(8.78697e-11 -3.83931e-09 0)
(-1.31395e-11 -1.7863e-09 0)
(-2.43078e-11 -1.82429e-09 0)
(0 0 0)
(0 0 0)
(0 0 0)
(0 0 0)
(0 0 0)
(0 0 0)
(0 0 0)
(0 0 0)
(0 0 0)
(0 0 0)
(0 0 0)
(0 0 0)
(0 0 0)
(0 0 0)
(0 0 0)
(0 0 0)
(0 0 0)
(0 0 0)
(0 0 0)
(0 0 0)
(0 0 0)
(0 0 0)
(-1.24308e-10 -2.05015e-09 0)
(-8.83188e-11 -4.52268e-09 0)
(1.92697e-11 -1.93813e-09 0)
(-4.60275e-11 -1.81275e-09 0)
(-2.14714e-10 -2.03357e-09 0)
(7.27175e-11 -2.15079e-09 0)
(-7.68095e-11 -4.57377e-09 0)
(-3.3612e-11 -1.91217e-09 0)
(-1.61076e-10 -1.97578e-09 0)
(-1.85026e-10 -2.03344e-09 0)
(-1.25129e-10 -2.04648e-09 0)
(0 0 0)
(-2.60889e-11 -1.97828e-09 0)
(-1.79984e-11 -2.03024e-09 0)
(-3.2357e-11 -5.15282e-09 0)
(-2.76502e-11 -1.99034e-09 0)
(3.46367e-11 -2.05016e-09 0)
(2.86912e-11 -2.07228e-09 0)
(-5.85456e-11 -2.05927e-09 0)
(-5.9934e-13 -1.9688e-09 0)
(3.03772e-11 -4.26383e-09 0)
(-7.7347e-11 -4.27819e-09 0)
(-2.04087e-11 -1.94603e-09 0)
(-7.16999e-11 -1.87989e-09 0)
(-9.66855e-11 -2.05376e-09 0)
(7.02862e-11 -2.20575e-09 0)
(5.97965e-11 -2.14445e-09 0)
(0 0 0)
(7.01041e-11 -4.40368e-09 0)
(-7.52885e-12 -4.74751e-09 0)
(2.46135e-11 -1.90251e-09 0)
(-9.17689e-11 -4.47801e-09 0)
(3.7218e-11 -1.97619e-09 0)
(-3.58686e-11 -7.66505e-10 0)
(1.75044e-10 -4.98017e-09 0)
(2.06905e-11 -8.49347e-10 0)
(2.29081e-11 -1.74859e-09 0)
(6.28792e-11 -1.96092e-09 0)
(4.44207e-11 -1.99595e-09 0)
(3.65204e-12 -2.02859e-09 0)
(4.56801e-11 -2.19556e-09 0)
(-5.14986e-11 -2.11934e-09 0)
(-2.809e-11 -2.08205e-09 0)
(5.07307e-11 -4.61292e-09 0)
(-1.89466e-11 -1.83932e-09 0)
(-2.27601e-11 -1.99106e-09 0)
(2.37944e-11 -2.05126e-09 0)
(5.64985e-11 -2.04088e-09 0)
(3.11125e-11 -2.04258e-09 0)
(-6.47023e-12 -2.08802e-09 0)
(-9.27365e-12 -2.12664e-09 0)
(-2.05343e-11 -2.03437e-09 0)
(0 0 0)
(0 0 0)
(0 0 0)
(0 0 0)
(0 0 0)
(0 0 0)
(0 0 0)
(0 0 0)
(0 0 0)
(0 0 0)
(0 0 0)
(0 0 0)
(0 0 0)
(0 0 0)
(0 0 0)
(0 0 0)
(0 0 0)
(0 0 0)
(0 0 0)
(0 0 0)
(0 0 0)
(0 0 0)
(0 0 0)
(0 0 0)
(0 0 0)
(-3.70827e-11 -1.99804e-09 0)
(-1.80669e-10 -4.80139e-09 0)
(-1.49886e-10 -1.90247e-09 0)
(-1.89381e-10 -2.00994e-09 0)
(-4.84778e-11 -2.08288e-09 0)
(0 0 0)
(-4.12831e-12 -1.23287e-10 0)
(-2.47777e-10 -3.97364e-09 0)
(-1.43439e-10 -1.73225e-09 0)
(-4.10125e-11 -1.84701e-09 0)
(4.43556e-11 -2.02885e-09 0)
(4.20088e-11 -2.18712e-09 0)
(3.35656e-11 -2.20958e-09 0)
(7.44608e-11 -2.11286e-09 0)
(6.69032e-11 -1.96472e-09 0)
(5.33739e-11 -1.99446e-09 0)
(2.92839e-11 -2.00387e-09 0)
(0 0 0)
(0 0 0)
(-5.04773e-11 -4.9607e-09 0)
(-4.81291e-11 -1.92838e-09 0)
(-2.05993e-10 -4.42802e-09 0)
(-2.05613e-10 -4.26381e-09 0)
(2.74309e-11 -1.80464e-09 0)
(4.79599e-11 -1.97021e-09 0)
(1.46047e-11 -1.95092e-09 0)
(0 0 0)
(0 0 0)
(1.26603e-11 -2.15249e-09 0)
(2.76148e-11 -2.28854e-09 0)
(1.06012e-10 -2.03893e-09 0)
(0 0 0)
(7.94868e-11 -1.93942e-09 0)
(7.43312e-11 -1.11357e-09 0)
(2.33201e-11 -3.3243e-10 0)
(-1.24878e-10 -4.43623e-09 0)
(-1.36731e-11 -1.89081e-09 0)
(-7.90494e-11 -2.87935e-09 0)
(-7.17427e-11 -2.65018e-09 0)
(-5.50444e-13 -2.58241e-10 0)
(-2.41021e-12 -2.0134e-09 0)
(-5.22192e-11 -2.10305e-09 0)
(-5.70067e-11 -2.02765e-09 0)
(7.50648e-12 -2.08423e-09 0)
(3.19402e-11 -2.09975e-09 0)
(6.32422e-11 -2.09258e-09 0)
(3.85864e-11 -2.05816e-09 0)
(4.03487e-11 -2.05167e-09 0)
(0 0 0)
(-3.6251e-12 -1.90471e-09 0)
(2.26343e-11 -2.06514e-09 0)
(0 0 0)
(0 0 0)
(0 0 0)
(0 0 0)
(0 0 0)
(0 0 0)
(0 0 0)
(0 0 0)
(0 0 0)
(0 0 0)
(0 0 0)
(0 0 0)
(0 0 0)
(0 0 0)
(0 0 0)
(0 0 0)
(0 0 0)
(0 0 0)
(0 0 0)
(0 0 0)
(0 0 0)
(0 0 0)
(-9.03155e-11 -1.95195e-09 0)
(-4.47329e-11 -2.05898e-09 0)
(-1.78502e-10 -2.09339e-09 0)
(-1.66787e-10 -2.09566e-09 0)
(-7.20198e-11 -3.50421e-09 0)
(-5.59109e-12 -2.61129e-10 0)
(-1.69748e-10 -2.10778e-09 0)
(-1.53297e-11 -2.37734e-09 0)
(0 0 0)
(0 0 0)
(-2.48261e-11 -1.87119e-09 0)
(5.38968e-11 -1.9336e-09 0)
(-5.11884e-11 -3.00451e-09 0)
(-2.23921e-12 -3.67514e-09 0)
(6.16682e-11 -2.11984e-09 0)
(5.57657e-11 -1.99243e-09 0)
(2.53757e-11 -1.90681e-09 0)
(9.51449e-11 -1.90055e-09 0)
(2.19316e-11 -7.56733e-10 0)
(3.31677e-11 -1.73942e-09 0)
(-1.26719e-10 -4.42331e-09 0)
(-4.84781e-11 -1.03125e-09 0)
(-1.71588e-10 -3.14892e-09 0)
(-8.47902e-11 -1.08845e-09 0)
(-2.18855e-11 -2.54162e-10 0)
(-2.72563e-10 -4.32004e-09 0)
(-3.27142e-11 -1.92728e-09 0)
(-3.06558e-11 -1.94129e-09 0)
(-6.05336e-11 -2.01905e-09 0)
(-3.38348e-11 -2.04841e-09 0)
(4.29795e-11 -2.17785e-09 0)
(1.41881e-10 -2.06433e-09 0)
(0 0 0)
(2.50237e-10 -1.65904e-09 0)
(1.80303e-10 -1.96768e-09 0)
(5.20874e-10 -5.23014e-09 0)
(2.48498e-11 -1.99347e-09 0)
(-5.11305e-11 -1.9e-09 0)
(5.0745e-11 -1.85059e-09 0)
(3.7159e-13 -3.28564e-09 0)
(3.78825e-12 -5.14846e-10 0)
(7.33169e-11 -2.09316e-09 0)
(-4.34982e-11 -2.15654e-09 0)
(-5.73904e-12 -4.973e-10 0)
(-1.26254e-11 -1.0816e-09 0)
(2.14228e-11 -2.06769e-09 0)
(3.83185e-11 -2.08626e-09 0)
(2.8885e-11 -2.11912e-09 0)
(-2.61555e-11 -2.13094e-09 0)
(-7.25062e-12 -2.00171e-09 0)
(1.07485e-10 -1.96041e-09 0)
(4.21026e-11 -1.95514e-09 0)
(3.76521e-11 -1.9527e-09 0)
(0 0 0)
(0 0 0)
(0 0 0)
(0 0 0)
(0 0 0)
(0 0 0)
(0 0 0)
(0 0 0)
(0 0 0)
(0 0 0)
(0 0 0)
(0 0 0)
(0 0 0)
(0 0 0)
(0 0 0)
(0 0 0)
(0 0 0)
(0 0 0)
(0 0 0)
(0 0 0)
(0 0 0)
(0 0 0)
(-8.53643e-13 -1.79404e-09 0)
(-3.37218e-11 -2.3213e-09 0)
(-1.17489e-10 -2.05479e-09 0)
(2.90436e-11 -1.76104e-09 0)
(-1.45248e-10 -1.752e-09 0)
(-2.57965e-10 -1.97979e-09 0)
(-1.48477e-10 -2.35078e-09 0)
(-2.43301e-11 -9.5693e-10 0)
(-1.40355e-11 -6.06343e-10 0)
(9.73456e-12 -2.00548e-09 0)
(6.03231e-11 -4.43766e-09 0)
(-4.42698e-11 -1.84455e-09 0)
(-1.17445e-10 -1.91594e-09 0)
(-1.32016e-10 -2.28497e-09 0)
(9.99975e-11 -4.43056e-09 0)
(1.62972e-10 -1.91925e-09 0)
(1.12087e-10 -1.93367e-09 0)
(6.14264e-11 -1.96759e-09 0)
(3.58856e-11 -2.01499e-09 0)
(-9.51143e-11 -2.26851e-09 0)
(0 0 0)
(-1.38968e-10 -4.94558e-09 0)
(-1.64882e-10 -2.13377e-09 0)
(-1.2995e-10 -2.06126e-09 0)
(0 0 0)
(-1.61854e-10 -1.9186e-09 0)
(-6.0685e-11 -1.98763e-09 0)
(-4.96339e-11 -2.03314e-09 0)
(-3.25312e-11 -2.04348e-09 0)
(0 0 0)
(-8.34036e-11 -4.31274e-09 0)
(1.69135e-10 -1.81698e-09 0)
(1.22521e-10 -2.05132e-09 0)
(9.63061e-11 -4.42281e-09 0)
(5.118e-11 -3.74889e-09 0)
(1.24661e-10 -5.54769e-09 0)
(7.39069e-11 -1.82407e-09 0)
(3.95633e-11 -4.16623e-09 0)
(-1.7458e-11 -1.76046e-09 0)
(-1.95342e-11 -1.87745e-09 0)
(-3.3876e-11 -4.52709e-09 0)
(5.79384e-12 -4.40214e-09 0)
(-3.32363e-11 -7.82291e-10 0)
(-3.89617e-11 -1.42129e-09 0)
(-1.50943e-11 -1.1801e-09 0)
(2.66e-10 -1.84945e-09 0)
(0 0 0)
(1.11363e-10 -2.12046e-09 0)
(1.4403e-11 -2.2039e-09 0)
(3.39918e-11 -2.13388e-09 0)
(0 0 0)
(1.71067e-13 -1.9328e-11 0)
(2.40574e-11 -4.12868e-09 0)
(6.69916e-11 -1.78092e-09 0)
(0 0 0)
(0 0 0)
(0 0 0)
(0 0 0)
(0 0 0)
(0 0 0)
(0 0 0)
(0 0 0)
(0 0 0)
(0 0 0)
(0 0 0)
(0 0 0)
(0 0 0)
(0 0 0)
(0 0 0)
(0 0 0)
(0 0 0)
(0 0 0)
(0 0 0)
(0 0 0)
(0 0 0)
(0 0 0)
(3.05342e-11 -4.36693e-09 0)
(3.8867e-11 -5.05418e-09 0)
(-1.47062e-10 -1.85928e-09 0)
(-3.05947e-10 -1.95815e-09 0)
(-2.2714e-10 -2.01578e-09 0)
(-1.98369e-10 -2.13222e-09 0)
(9.50456e-12 -2.21484e-09 0)
(7.38162e-11 -1.95504e-09 0)
(3.99244e-11 -1.98496e-09 0)
(4.8012e-11 -2.19566e-09 0)
(-2.40546e-11 -2.16453e-09 0)
(-1.07325e-10 -1.92464e-09 0)
(-7.89281e-11 -1.86639e-09 0)
(-2.94472e-11 -1.90532e-09 0)
(8.33738e-11 -2.00808e-09 0)
(2.17226e-10 -2.0953e-09 0)
(1.01533e-10 -1.90536e-09 0)
(-5.71935e-11 -1.66627e-09 0)
(-1.13612e-10 -4.34054e-09 0)
(3.62302e-11 -4.7076e-09 0)
(5.71392e-12 -2.32038e-09 0)
(0 0 0)
(-2.29272e-10 -2.04053e-09 0)
(0 0 0)
(-2.89489e-11 -1.94637e-09 0)
(-2.9306e-11 -2.0895e-09 0)
(0 0 0)
(-7.13862e-11 -4.21547e-09 0)
(3.00121e-11 -4.28262e-09 0)
(0 0 0)
(2.01026e-10 -1.97277e-09 0)
(1.95908e-10 -2.06747e-09 0)
(-1.4891e-11 -2.24804e-09 0)
(0 0 0)
(3.84064e-11 -2.23367e-09 0)
(1.65171e-10 -2.28323e-09 0)
(1.01686e-10 -2.01751e-09 0)
(-1.34015e-10 -1.85238e-09 0)
(-7.54138e-11 -1.87799e-09 0)
(0 0 0)
(-3.00484e-11 -2.39845e-09 0)
(-1.89548e-11 -2.07314e-09 0)
(0 0 0)
(-8.15048e-11 -4.51684e-09 0)
(9.42447e-11 -1.98045e-09 0)
(6.50427e-11 -2.10759e-09 0)
(9.14394e-11 -2.26613e-09 0)
(0 0 0)
(1.09312e-10 -2.06791e-09 0)
(1.46879e-11 -8.24661e-10 0)
(1.93678e-10 -4.82132e-09 0)
(2.73558e-11 -1.81542e-09 0)
(-4.06769e-12 -1.77134e-09 0)
(0 0 0)
(0 0 0)
(0 0 0)
(0 0 0)
(0 0 0)
(0 0 0)
(0 0 0)
(0 0 0)
(0 0 0)
(0 0 0)
(0 0 0)
(0 0 0)
(0 0 0)
(0 0 0)
(0 0 0)
(0 0 0)
(0 0 0)
(0 0 0)
(0 0 0)
(0 0 0)
(0 0 0)
(-6.77605e-11 -2.09137e-09 0)
(-9.28391e-11 -2.39675e-09 0)
(1.72466e-10 -3.97744e-09 0)
(1.9051e-10 -2.10908e-09 0)
(-3.02638e-10 -3.38929e-09 0)
(-1.82056e-10 -2.69943e-09 0)
(-1.03158e-10 -1.87979e-09 0)
(-8.37392e-13 -2.05738e-09 0)
(0 0 0)
(5.58873e-11 -3.3972e-09 0)
(-2.95169e-11 -3.13218e-09 0)
(3.32618e-11 -2.18646e-09 0)
(2.13676e-11 -1.88258e-09 0)
(-1.92984e-12 -1.85247e-09 0)
(3.11569e-11 -1.93762e-09 0)
(0 0 0)
(1.59055e-11 -2.11183e-09 0)
(1.52704e-10 -1.99838e-09 0)
(-1.83373e-11 -3.05195e-09 0)
(4.7501e-13 -6.39804e-10 0)
(-3.9134e-11 -2.05432e-09 0)
(-3.50832e-11 -2.30506e-09 0)
(-1.38001e-11 -2.32334e-09 0)
(0 0 0)
(-2.05558e-11 -2.08007e-09 0)
(-3.28963e-11 -2.04112e-09 0)
(-8.64896e-12 -2.06899e-09 0)
(-2.44494e-11 -1.9858e-09 0)
(0 0 0)
(0 0 0)
(1.03219e-10 -4.08805e-09 0)
(1.11376e-10 -4.18397e-09 0)
(6.64578e-12 -4.90672e-09 0)
(0 0 0)
(2.22596e-10 -4.7333e-09 0)
(6.23878e-11 -2.91661e-09 0)
(1.10876e-10 -3.43676e-09 0)
(3.51209e-11 -1.94076e-09 0)
(-6.14355e-11 -2.06692e-09 0)
(-9.33818e-11 -2.00985e-09 0)
(-1.02373e-10 -2.08271e-09 0)
(-1.11312e-10 -2.37373e-09 0)
(-1.00959e-11 -2.15936e-09 0)
(1.18314e-10 -1.98834e-09 0)
(0 0 0)
(1.18789e-11 -1.91112e-09 0)
(-2.5702e-11 -1.87494e-09 0)
(-1.5909e-11 -2.02128e-09 0)
(1.82592e-10 -2.14467e-09 0)
(1.78846e-11 -1.24046e-09 0)
(5.41115e-13 -3.70515e-11 0)
(2.74478e-12 -1.99664e-09 0)
(-3.87853e-13 -2.0562e-09 0)
(0 0 0)
(0 0 0)
(0 0 0)
(0 0 0)
(0 0 0)
(0 0 0)
(0 0 0)
(0 0 0)
(0 0 0)
(0 0 0)
(0 0 0)
(0 0 0)
(0 0 0)
(0 0 0)
(0 0 0)
(0 0 0)
(0 0 0)
(0 0 0)
(0 0 0)
(0 0 0)
(0 0 0)
(0 0 0)
(4.19582e-12 -2.16725e-09 0)
(-1.21368e-11 -1.10649e-09 0)
(7.4804e-11 -2.81571e-09 0)
(-6.01806e-11 -2.13459e-09 0)
(-9.20987e-11 -1.83724e-09 0)
(-1.83916e-10 -1.76963e-09 0)
(-8.56904e-11 -1.80653e-09 0)
(-3.30908e-11 -1.9227e-09 0)
(-1.25514e-12 -2.83664e-09 0)
(-1.0597e-10 -3.37803e-09 0)
(-1.34223e-10 -4.45034e-09 0)
(-5.28897e-12 -1.96084e-09 0)
(8.44258e-11 -2.0084e-09 0)
(3.51724e-11 -1.95863e-09 0)
(0 0 0)
(-2.65515e-11 -2.49521e-09 0)
(-5.06947e-11 -3.91993e-09 0)
(4.12425e-12 -2.13343e-09 0)
(3.08966e-11 -2.11025e-09 0)
(4.16352e-12 -1.81246e-09 0)
(-1.21081e-10 -2.05292e-09 0)
(-5.34302e-11 -2.45421e-09 0)
(3.45155e-13 -1.72064e-10 0)
(6.6042e-12 -1.89719e-09 0)
(-3.35006e-11 -2.07889e-09 0)
(-4.91945e-11 -2.07913e-09 0)
(-2.17647e-11 -2.05479e-09 0)
(0 0 0)
(3.74254e-11 -4.31958e-09 0)
(-7.04065e-11 -2.90345e-09 0)
(-1.39998e-10 -2.64625e-09 0)
(-1.07172e-12 -4.19939e-09 0)
(-7.57784e-11 -1.92376e-09 0)
(2.04756e-10 -1.90609e-09 0)
(-6.06313e-13 -1.96617e-09 0)
(1.60446e-10 -4.81348e-09 0)
(5.98328e-11 -2.00841e-09 0)
(-1.69402e-11 -2.28378e-09 0)
(-7.03719e-12 -2.48595e-10 0)
(-5.39634e-11 -1.66375e-09 0)
(-7.88871e-11 -2.04915e-09 0)
(-1.06911e-10 -2.11243e-09 0)
(-2.85226e-11 -2.58031e-09 0)
(-1.02416e-11 -3.12729e-09 0)
(-7.16866e-12 -3.36407e-09 0)
(1.56201e-11 -1.986e-09 0)
(0 0 0)
(3.87661e-11 -4.1988e-09 0)
(3.18886e-11 -6.15868e-10 0)
(5.26459e-11 -8.9615e-10 0)
(1.56651e-10 -2.13157e-09 0)
(4.07325e-11 -1.96483e-09 0)
(2.60321e-11 -1.94355e-09 0)
(0 0 0)
(0 0 0)
(0 0 0)
(0 0 0)
(0 0 0)
(0 0 0)
(0 0 0)
(0 0 0)
(0 0 0)
(0 0 0)
(0 0 0)
(0 0 0)
(0 0 0)
(0 0 0)
(0 0 0)
(0 0 0)
(0 0 0)
(0 0 0)
(0 0 0)
(0 0 0)
(0 0 0)
(0 0 0)
(-9.86434e-11 -2.04573e-09 0)
(1.07366e-10 -5.06864e-09 0)
(-3.4412e-11 -1.86299e-09 0)
(0 0 0)
(0 0 0)
(0 0 0)
(0 0 0)
(0 0 0)
(-1.36114e-10 -4.69341e-09 0)
(-1.16222e-10 -1.97039e-09 0)
(-1.14318e-10 -1.9722e-09 0)
(9.54649e-12 -2.068e-09 0)
(6.64548e-11 -2.12413e-09 0)
(-2.68843e-11 -2.09523e-09 0)
(0 0 0)
(-1.26964e-11 -2.0892e-09 0)
(6.41545e-12 -2.3188e-09 0)
(1.9561e-12 -6.0852e-10 0)
(5.14514e-12 -9.58394e-10 0)
(-8.9832e-13 -2.20448e-09 0)
(-3.61446e-11 -2.65091e-09 0)
(0 0 0)
(-2.58518e-11 -2.27721e-09 0)
(2.95769e-11 -2.18364e-09 0)
(1.45489e-11 -2.18384e-09 0)
(-4.71843e-11 -2.00056e-09 0)
(-2.2971e-11 -1.95799e-09 0)
(3.9198e-11 -4.14995e-09 0)
(-4.11099e-11 -4.1673e-09 0)
(-9.31478e-11 -4.22833e-09 0)
(-8.49047e-11 -1.76163e-09 0)
(-4.6182e-11 -1.884e-09 0)
(-4.36372e-11 -2.05185e-09 0)
(7.8464e-11 -2.04094e-09 0)
(3.72616e-12 -1.85855e-09 0)
(5.85317e-11 -2.30472e-09 0)
(5.65035e-11 -1.8999e-09 0)
(-4.54736e-11 -2.16234e-09 0)
(3.12253e-11 -2.29177e-09 0)
(-5.04462e-11 -2.09182e-09 0)
(-8.2908e-11 -2.02958e-09 0)
(-7.77637e-11 -2.09186e-09 0)
(-9.17902e-11 -2.06804e-09 0)
(-3.45815e-11 -2.04065e-09 0)
(-6.73166e-11 -2.08244e-09 0)
(3.89502e-11 -2.05767e-09 0)
(1.3039e-10 -4.38932e-09 0)
(7.61341e-11 -1.87375e-09 0)
(1.56664e-10 -3.13412e-09 0)
(1.99991e-10 -6.01736e-09 0)
(5.80631e-11 -1.89694e-09 0)
(4.09431e-11 -1.54707e-09 0)
(0 0 0)
(0 0 0)
(0 0 0)
(0 0 0)
(0 0 0)
(0 0 0)
(0 0 0)
(0 0 0)
(0 0 0)
(0 0 0)
(0 0 0)
(0 0 0)
(0 0 0)
(0 0 0)
(0 0 0)
(0 0 0)
(0 0 0)
(0 0 0)
(0 0 0)
(0 0 0)
(0 0 0)
(0 0 0)
(0 0 0)
(-5.63382e-11 -1.87056e-09 0)
(-5.24056e-11 -2.04769e-09 0)
(2.02716e-10 -2.1725e-09 0)
(-3.19152e-11 -2.05503e-09 0)
(-2.30195e-11 -2.01614e-09 0)
(-1.26943e-11 -1.88808e-09 0)
(1.27471e-10 -2.48409e-09 0)
(6.61949e-11 -7.0614e-09 0)
(-1.67443e-10 -1.89213e-09 0)
(-6.80396e-11 -1.95347e-09 0)
(1.02424e-11 -4.93648e-09 0)
(0 0 0)
(2.27247e-12 -2.18101e-09 0)
(-4.0081e-12 -2.19478e-09 0)
(-1.92007e-11 -2.03851e-09 0)
(-3.6816e-11 -2.17551e-09 0)
(-4.16813e-12 -9.9084e-10 0)
(-1.70465e-12 -4.26712e-10 0)
(2.51397e-11 -2.02812e-09 0)
(2.18826e-13 -7.16838e-10 0)
(-3.77185e-12 -9.34756e-10 0)
(-3.27689e-11 -2.35692e-09 0)
(-1.54229e-11 -2.22649e-09 0)
(-1.16563e-11 -3.18198e-09 0)
(-3.47108e-11 -3.51644e-09 0)
(8.20645e-12 -2.01216e-09 0)
(-1.09504e-11 -1.89506e-09 0)
(0 0 0)
(0 0 0)
(0 0 0)
(0 0 0)
(-8.52709e-11 -2.05232e-09 0)
(-1.19932e-10 -2.20409e-09 0)
(-2.02392e-10 -4.43636e-09 0)
(4.4467e-11 -2.11526e-09 0)
(-1.46119e-11 -2.50461e-09 0)
(-2.44089e-11 -8.30979e-10 0)
(-2.39876e-11 -7.47799e-10 0)
(-3.75129e-11 -2.00648e-09 0)
(-1.32437e-11 -2.06651e-09 0)
(-2.84324e-11 -2.08214e-09 0)
(-1.07079e-10 -2.09213e-09 0)
(-6.5722e-11 -2.08232e-09 0)
(-5.54613e-11 -2.08641e-09 0)
(-2.72841e-11 -2.03927e-09 0)
(3.61695e-11 -2.03392e-09 0)
(1.11324e-11 -1.98633e-09 0)
(3.93301e-11 -1.98589e-09 0)
(4.20544e-11 -1.95148e-09 0)
(-3.19303e-12 -1.89111e-09 0)
(1.31691e-10 -4.44438e-09 0)
(3.3177e-11 -2.20658e-09 0)
(3.04535e-11 -1.61304e-09 0)
(0 0 0)
(0 0 0)
(0 0 0)
(0 0 0)
(0 0 0)
(0 0 0)
(0 0 0)
(0 0 0)
(0 0 0)
(0 0 0)
(0 0 0)
(0 0 0)
(0 0 0)
(0 0 0)
(0 0 0)
(0 0 0)
(0 0 0)
(0 0 0)
(0 0 0)
(0 0 0)
(0 0 0)
(0 0 0)
(0 0 0)
(-2.63749e-11 -2.04176e-09 0)
(3.69609e-11 -2.25357e-09 0)
(1.75125e-10 -2.03645e-09 0)
(-3.30495e-11 -2.64917e-09 0)
(-9.82706e-11 -3.51983e-09 0)
(-5.34211e-11 -1.91577e-09 0)
(-4.70013e-11 -8.99489e-10 0)
(-7.56441e-12 -2.45692e-09 0)
(-1.84066e-10 -2.28995e-09 0)
(-6.14453e-11 -1.06389e-09 0)
(2.78063e-12 -2.77249e-09 0)
(4.77297e-11 -1.92532e-09 0)
(2.07856e-11 -1.90533e-09 0)
(7.67238e-13 -2.08353e-09 0)
(-3.72031e-11 -2.07445e-09 0)
(7.87412e-11 -2.11939e-09 0)
(1.049e-11 -2.09642e-09 0)
(3.5844e-11 -2.0733e-09 0)
(7.62927e-11 -2.36744e-09 0)
(8.27372e-11 -2.27662e-09 0)
(1.26521e-11 -2.15565e-09 0)
(-8.04687e-12 -1.98224e-09 0)
(1.24206e-10 -4.59669e-09 0)
(0 0 0)
(0 0 0)
(0 0 0)
(4.8257e-11 -2.02359e-09 0)
(1.49142e-10 -4.41345e-09 0)
(3.39439e-11 -1.82143e-09 0)
(-6.94904e-11 -4.1836e-09 0)
(3.00795e-12 -1.90435e-09 0)
(2.49555e-12 -6.01889e-11 0)
(-5.5268e-12 -3.25081e-09 0)
(-1.54839e-10 -3.41901e-09 0)
(-3.28026e-11 -5.93321e-10 0)
(-8.82362e-11 -1.52257e-09 0)
(-6.69636e-11 -2.15899e-09 0)
(-2.34835e-11 -2.08134e-09 0)
(-2.24166e-11 -2.09737e-09 0)
(-6.35745e-11 -2.10185e-09 0)
(-5.6665e-13 -2.13036e-09 0)
(-9.4789e-11 -2.15216e-09 0)
(-1.70491e-11 -2.03144e-09 0)
(-3.63652e-11 -1.83802e-09 0)
(3.20319e-11 -4.29842e-09 0)
(-1.99977e-11 -1.80437e-09 0)
(-4.54659e-11 -1.96238e-09 0)
(6.67613e-12 -2.07515e-09 0)
(1.40546e-11 -9.12114e-10 0)
(8.57959e-12 -4.31659e-10 0)
(4.50265e-11 -2.0488e-09 0)
(5.49219e-11 -2.0302e-09 0)
(0 0 0)
(0 0 0)
(0 0 0)
(0 0 0)
(0 0 0)
(0 0 0)
(0 0 0)
(0 0 0)
(0 0 0)
(0 0 0)
(0 0 0)
(0 0 0)
(0 0 0)
(0 0 0)
(0 0 0)
(0 0 0)
(0 0 0)
(0 0 0)
(0 0 0)
(0 0 0)
(0 0 0)
(0 0 0)
(1.99294e-11 -2.10413e-09 0)
(-2.58018e-11 -1.87618e-09 0)
(0 0 0)
(2.60492e-11 -2.1951e-09 0)
(5.60371e-11 -2.0753e-09 0)
(3.01906e-11 -1.95516e-09 0)
(6.1948e-11 -1.88094e-09 0)
(-1.70905e-10 -4.0086e-09 0)
(-2.54953e-10 -1.60363e-09 0)
(-2.04993e-10 -2.02089e-09 0)
(-2.12671e-10 -2.80656e-09 0)
(-1.45442e-10 -3.79438e-09 0)
(1.01199e-10 -1.97042e-09 0)
(1.27206e-10 -2.01537e-09 0)
(-1.01345e-11 -2.03006e-09 0)
(-1.10305e-10 -1.9339e-09 0)
(5.52954e-11 -2.11517e-09 0)
(-4.07728e-11 -2.06802e-09 0)
(-3.19096e-11 -1.89412e-09 0)
(-7.65263e-11 -2.0281e-09 0)
(7.10848e-12 -5.26414e-09 0)
(5.89205e-11 -1.98949e-09 0)
(3.18963e-11 -1.94939e-09 0)
(-2.45238e-11 -1.95924e-09 0)
(1.27494e-11 -1.97762e-09 0)
(5.10564e-11 -2.12279e-09 0)
(6.63658e-11 -2.11936e-09 0)
(2.20145e-11 -2.08198e-09 0)
(-5.20296e-12 -2.05637e-09 0)
(6.32885e-12 -2.02467e-09 0)
(-1.433e-10 -4.47612e-09 0)
(-9.0237e-12 -4.68076e-09 0)
(-2.18894e-11 -1.73456e-09 0)
(-1.10347e-10 -1.73992e-09 0)
(-2.20527e-10 -2.21042e-09 0)
(-1.05417e-10 -2.62937e-09 0)
(0 0 0)
(-5.57899e-11 -2.12838e-09 0)
(2.66819e-11 -2.05522e-09 0)
(-1.20697e-10 -1.79438e-09 0)
(3.96157e-11 -1.96728e-09 0)
(-1.64422e-10 -5.18335e-09 0)
(-9.78615e-11 -1.88719e-09 0)
(-2.11779e-11 -1.88154e-09 0)
(-4.58999e-12 -2.20547e-09 0)
(-9.00688e-11 -3.79745e-09 0)
(-4.1114e-12 -1.79139e-09 0)
(4.8758e-12 -1.847e-09 0)
(2.39032e-11 -2.05267e-09 0)
(0 0 0)
(7.23037e-11 -2.15809e-09 0)
(4.76592e-12 -1.99677e-09 0)
(6.07371e-11 -2.02892e-09 0)
(0 0 0)
(0 0 0)
(0 0 0)
(0 0 0)
(0 0 0)
(0 0 0)
(0 0 0)
(0 0 0)
(0 0 0)
(0 0 0)
(0 0 0)
(0 0 0)
(0 0 0)
(0 0 0)
(0 0 0)
(0 0 0)
(0 0 0)
(0 0 0)
(0 0 0)
(0 0 0)
(0 0 0)
(0 0 0)
(1.09463e-11 -2.00408e-09 0)
(2.08629e-11 -2.00294e-09 0)
(9.26871e-12 -2.0851e-09 0)
(1.1175e-11 -2.07359e-09 0)
(5.5657e-11 -2.03614e-09 0)
(-2.44868e-12 -2.01366e-09 0)
(1.78434e-10 -4.38808e-09 0)
(7.2146e-11 -1.80715e-09 0)
(0 0 0)
(0 0 0)
(0 0 0)
(-8.39073e-11 -2.0682e-09 0)
(6.3004e-11 -4.98569e-09 0)
(1.81831e-11 -1.05267e-09 0)
(4.64009e-12 -2.26391e-10 0)
(-4.75197e-11 -3.47768e-09 0)
(1.27662e-11 -3.34642e-09 0)
(5.20538e-11 -1.92261e-09 0)
(3.05526e-11 -1.88993e-09 0)
(-3.90635e-11 -2.06432e-09 0)
(-8.3853e-11 -2.16952e-09 0)
(8.89889e-12 -2.11349e-09 0)
(3.02199e-11 -2.04471e-09 0)
(3.80258e-11 -2.02429e-09 0)
(2.35783e-11 -1.99579e-09 0)
(7.18797e-11 -2.06726e-09 0)
(1.16795e-10 -2.13466e-09 0)
(1.96116e-11 -2.10902e-09 0)
(-1.50354e-11 -2.12771e-09 0)
(-1.58295e-10 -2.06285e-09 0)
(-1.63021e-10 -1.97522e-09 0)
(-5.0283e-11 -1.74293e-09 0)
(-5.57925e-11 -2.00629e-09 0)
(0 0 0)
(-1.92278e-10 -2.05974e-09 0)
(-1.40858e-10 -2.15714e-09 0)
(-2.69306e-11 -2.09446e-09 0)
(-2.26757e-11 -2.00589e-09 0)
(3.20321e-11 -4.84805e-09 0)
(-1.16683e-10 -1.92576e-09 0)
(-1.02043e-10 -1.969e-09 0)
(-6.52175e-11 -2.02673e-09 0)
(8.19597e-12 -2.18508e-09 0)
(2.20057e-11 -1.98496e-09 0)
(-5.0979e-12 -4.37348e-09 0)
(-4.38866e-11 -1.86176e-09 0)
(-3.97925e-11 -1.82141e-09 0)
(-2.62292e-11 -1.87244e-09 0)
(1.61278e-11 -1.98954e-09 0)
(1.76133e-10 -2.26014e-09 0)
(1.71392e-11 -2.22048e-09 0)
(1.10792e-10 -1.93955e-09 0)
(1.15388e-10 -1.92696e-09 0)
(0 0 0)
(0 0 0)
(0 0 0)
(0 0 0)
(0 0 0)
(0 0 0)
(0 0 0)
(0 0 0)
(0 0 0)
(0 0 0)
(0 0 0)
(0 0 0)
(0 0 0)
(0 0 0)
(0 0 0)
(0 0 0)
(0 0 0)
(0 0 0)
(0 0 0)
(0 0 0)
(0 0 0)
(0 0 0)
(-6.46585e-11 -1.9883e-09 0)
(-1.19163e-10 -4.32122e-09 0)
(-1.02082e-11 -1.80789e-09 0)
(5.31655e-11 -1.85297e-09 0)
(-1.86124e-11 -2.01349e-09 0)
(5.73921e-11 -2.86117e-09 0)
(1.74069e-12 -6.23738e-10 0)
(1.12192e-10 -2.10948e-09 0)
(-2.58343e-11 -2.24562e-09 0)
(-4.5173e-11 -1.96024e-09 0)
(-7.37235e-11 -1.74046e-09 0)
(-2.19165e-10 -1.89853e-09 0)
(-2.23259e-10 -1.94053e-09 0)
(-5.17606e-11 -3.78278e-09 0)
(-1.34059e-11 -2.89575e-09 0)
(0 0 0)
(-2.66257e-11 -2.09014e-09 0)
(2.31147e-11 -2.00131e-09 0)
(1.97991e-11 -1.98909e-09 0)
(-2.33988e-11 -5.03847e-09 0)
(1.40959e-11 -2.05243e-09 0)
(-8.79513e-12 -2.03256e-09 0)
(-1.76567e-11 -2.1073e-09 0)
(4.99363e-11 -1.93031e-09 0)
(8.79905e-11 -2.03272e-09 0)
(7.70786e-11 -2.09827e-09 0)
(-2.91117e-10 -4.97057e-09 0)
(-1.05217e-11 -1.80805e-09 0)
(-1.75193e-10 -4.48768e-09 0)
(-5.0092e-11 -1.88171e-09 0)
(-1.51259e-10 -1.80178e-09 0)
(-1.41158e-10 -1.85966e-09 0)
(-8.68507e-11 -1.98598e-09 0)
(-7.49431e-11 -2.41644e-09 0)
(-5.8557e-11 -9.05762e-10 0)
(-3.91657e-11 -5.5957e-10 0)
(-8.26558e-11 -2.12295e-09 0)
(-1.58486e-10 -3.55377e-09 0)
(-5.99259e-11 -2.65838e-09 0)
(9.65134e-11 -1.95389e-09 0)
(-3.60985e-11 -2.09841e-09 0)
(-7.57657e-11 -3.33056e-09 0)
(-1.28561e-11 -4.97968e-10 0)
(1.87689e-11 -2.07556e-09 0)
(-8.5757e-11 -1.86448e-09 0)
(-3.68057e-11 -1.84343e-09 0)
(-1.51733e-11 -1.81992e-09 0)
(-5.14381e-11 -1.943e-09 0)
(-5.60731e-12 -2.19569e-09 0)
(1.14401e-11 -2.56457e-09 0)
(2.15544e-11 -2.01459e-09 0)
(1.05096e-10 -1.8049e-09 0)
(0 0 0)
(0 0 0)
(0 0 0)
(0 0 0)
(0 0 0)
(0 0 0)
(0 0 0)
(0 0 0)
(0 0 0)
(0 0 0)
(0 0 0)
(0 0 0)
(0 0 0)
(0 0 0)
(0 0 0)
(0 0 0)
(0 0 0)
(0 0 0)
(0 0 0)
(0 0 0)
(0 0 0)
(0 0 0)
(0 0 0)
(-7.61085e-12 -7.11024e-10 0)
(-7.26012e-12 -5.78871e-10 0)
(7.03148e-12 -6.50985e-10 0)
(-9.75147e-11 -2.56204e-09 0)
(-1.92359e-10 -4.24392e-09 0)
(-4.59251e-11 -1.75328e-09 0)
(-1.05789e-10 -1.99775e-09 0)
(1.57499e-11 -3.34582e-09 0)
(8.79993e-11 -3.26407e-09 0)
(4.78166e-11 -2.14409e-09 0)
(5.33574e-11 -1.73302e-09 0)
(7.34056e-11 -3.75265e-09 0)
(-1.32358e-10 -1.69684e-09 0)
(-1.27394e-10 -1.85027e-09 0)
(-1.01675e-10 -5.07897e-09 0)
(3.59645e-11 -8.39534e-10 0)
(7.73089e-11 -2.6433e-09 0)
(-2.23859e-11 -1.94214e-09 0)
(-6.7138e-11 -1.9827e-09 0)
(-2.42396e-10 -3.78511e-09 0)
(-1.00943e-10 -2.8453e-09 0)
(1.64663e-12 -2.25798e-09 0)
(6.93284e-11 -2.21256e-09 0)
(6.51419e-11 -9.89079e-10 0)
(1.73915e-10 -2.18001e-09 0)
(-7.67851e-11 -2.21783e-09 0)
(-2.04325e-10 -1.96076e-09 0)
(-1.75822e-10 -1.76923e-09 0)
(-7.80417e-11 -2.1653e-09 0)
(-8.21232e-12 -4.11851e-10 0)
(-2.44299e-11 -1.22527e-09 0)
(0 0 0)
(-4.79177e-12 -2.03015e-09 0)
(-2.97756e-11 -2.11463e-09 0)
(7.74616e-12 -2.15045e-09 0)
(4.80268e-11 -5.32411e-09 0)
(-5.05578e-11 -2.00434e-09 0)
(-2.83695e-11 -1.9499e-09 0)
(-7.84105e-12 -2.03281e-09 0)
(2.32727e-10 -3.94976e-09 0)
(-8.16879e-12 -1.90655e-09 0)
(1.79494e-11 -5.0117e-09 0)
(0 0 0)
(-3.56538e-11 -4.47154e-09 0)
(1.88306e-11 -2.74122e-09 0)
(-8.38305e-11 -2.98734e-09 0)
(-6.51601e-11 -1.76351e-09 0)
(-1.44177e-10 -3.18435e-09 0)
(-1.60489e-10 -3.28821e-09 0)
(-1.92992e-12 -2.33382e-09 0)
(1.85168e-10 -1.95592e-09 0)
(1.90101e-10 -1.9031e-09 0)
(0 0 0)
(0 0 0)
(0 0 0)
(0 0 0)
(0 0 0)
(0 0 0)
(0 0 0)
(0 0 0)
(0 0 0)
(0 0 0)
(0 0 0)
(0 0 0)
(0 0 0)
(0 0 0)
(0 0 0)
(0 0 0)
(0 0 0)
(0 0 0)
(0 0 0)
(0 0 0)
(0 0 0)
(0 0 0)
(0 0 0)
(-4.58776e-11 -2.01655e-09 0)
(-1.8089e-10 -3.33635e-09 0)
(-2.26661e-11 -3.75531e-10 0)
(-9.03291e-11 -1.94901e-09 0)
(-7.65887e-11 -2.01884e-09 0)
(-3.5672e-11 -2.03842e-09 0)
(0 0 0)
(-1.08123e-11 -2.10423e-09 0)
(3.15897e-11 -2.17317e-09 0)
(5.9601e-11 -2.1955e-09 0)
(0 0 0)
(1.88575e-11 -2.11525e-09 0)
(-6.49663e-12 -1.95504e-09 0)
(-8.0124e-11 -2.10435e-09 0)
(-2.64215e-10 -4.8466e-09 0)
(6.67348e-11 -1.90085e-09 0)
(-5.49691e-11 -4.64218e-09 0)
(-8.95032e-11 -1.93717e-09 0)
(-1.21718e-10 -2.07711e-09 0)
(-1.58399e-10 -2.12194e-09 0)
(-1.87799e-10 -2.16268e-09 0)
(-7.15093e-11 -2.07833e-09 0)
(-9.77051e-12 -2.07015e-09 0)
(2.44914e-12 -5.49177e-10 0)
(2.27998e-11 -3.90651e-09 0)
(1.21413e-10 -5.29572e-09 0)
(-2.8677e-11 -1.12345e-09 0)
(-1.9375e-12 -7.00721e-11 0)
(-1.55225e-10 -1.90729e-09 0)
(2.0974e-11 -2.10539e-09 0)
(2.29241e-11 -2.19036e-09 0)
(0 0 0)
(5.12523e-11 -2.05292e-09 0)
(8.85266e-12 -2.07231e-09 0)
(-4.04228e-11 -2.12812e-09 0)
(-9.1094e-11 -2.15997e-09 0)
(-5.37814e-11 -2.13434e-09 0)
(-6.91479e-11 -2.02869e-09 0)
(-1.47477e-10 -3.29086e-09 0)
(-1.23637e-10 -3.36249e-09 0)
(-1.38866e-10 -1.8309e-09 0)
(-4.01971e-10 -4.99081e-09 0)
(3.32008e-11 -1.95785e-09 0)
(0 0 0)
(5.10848e-11 -1.95102e-09 0)
(-3.92748e-11 -1.97922e-09 0)
(-7.88367e-11 -1.95087e-09 0)
(-1.09733e-10 -1.96657e-09 0)
(-1.94793e-10 -2.07804e-09 0)
(-2.66047e-11 -2.23625e-09 0)
(0 0 0)
(1.77309e-10 -2.13814e-09 0)
(1.7432e-10 -2.12993e-09 0)
(2.3466e-10 -2.00247e-09 0)
(0 0 0)
(0 0 0)
(0 0 0)
(0 0 0)
(0 0 0)
(0 0 0)
(0 0 0)
(0 0 0)
(0 0 0)
(0 0 0)
(0 0 0)
(0 0 0)
(0 0 0)
(0 0 0)
(0 0 0)
(0 0 0)
(0 0 0)
(0 0 0)
(0 0 0)
(0 0 0)
(0 0 0)
(-2.52321e-11 -1.98752e-09 0)
(0 0 0)
(-1.17319e-10 -1.94081e-09 0)
(-6.92862e-11 -1.8965e-09 0)
(-3.37022e-11 -1.94207e-09 0)
(0 0 0)
(6.27504e-12 -2.06268e-09 0)
(-2.75692e-11 -3.07538e-09 0)
(1.42572e-10 -3.20766e-09 0)
(5.18426e-11 -1.90597e-09 0)
(-9.24399e-12 -2.0292e-09 0)
(0 0 0)
(1.45472e-11 -1.86518e-09 0)
(1.39597e-11 -2.10458e-09 0)
(-8.87299e-11 -2.19998e-09 0)
(-1.6104e-10 -2.13038e-09 0)
(-1.91616e-10 -2.05822e-09 0)
(-4.80493e-10 -5.19098e-09 0)
(-1.00141e-10 -1.92757e-09 0)
(-2.24657e-10 -5.06259e-09 0)
(-1.26284e-10 -1.9238e-09 0)
(-8.0655e-11 -1.92653e-09 0)
(0 0 0)
(-4.40176e-11 -1.97011e-09 0)
(-6.03022e-11 -2.15111e-09 0)
(7.84381e-12 -2.54685e-09 0)
(5.23086e-12 -3.12543e-10 0)
(-1.73786e-11 -3.89481e-09 0)
(-3.22383e-11 -1.84426e-09 0)
(7.66028e-11 -1.83866e-09 0)
(-1.9926e-11 -1.90568e-09 0)
(9.70815e-11 -1.93002e-09 0)
(1.01788e-10 -2.01587e-09 0)
(-4.28628e-12 -3.39889e-09 0)
(-3.82343e-11 -1.75907e-09 0)
(-1.62435e-11 -7.83763e-10 0)
(-3.2159e-11 -2.03855e-09 0)
(-8.10365e-11 -2.06952e-09 0)
(-7.49526e-11 -2.09521e-09 0)
(0 0 0)
(-8.88576e-11 -2.10795e-09 0)
(-7.12223e-11 -2.13774e-09 0)
(7.66489e-11 -2.0799e-09 0)
(5.91021e-11 -1.95648e-09 0)
(1.22071e-10 -4.56633e-09 0)
(-6.84787e-11 -1.89498e-09 0)
(-8.72661e-11 -1.89715e-09 0)
(-1.32301e-10 -1.97492e-09 0)
(-1.6105e-10 -2.24762e-09 0)
(-8.0233e-11 -3.91743e-09 0)
(4.03116e-12 -1.81022e-10 0)
(1.73674e-11 -2.22112e-09 0)
(3.39806e-10 -1.96796e-09 0)
(2.52607e-10 -1.952e-09 0)
(0 0 0)
(0 0 0)
(0 0 0)
(0 0 0)
(0 0 0)
(0 0 0)
(0 0 0)
(0 0 0)
(0 0 0)
(0 0 0)
(0 0 0)
(0 0 0)
(0 0 0)
(0 0 0)
(0 0 0)
(0 0 0)
(0 0 0)
(0 0 0)
(0 0 0)
(0 0 0)
(0 0 0)
(-3.07115e-11 -1.73415e-09 0)
(-1.37184e-10 -2.89122e-09 0)
(-2.6668e-10 -3.50713e-09 0)
(-7.02582e-11 -1.77002e-09 0)
(1.90076e-11 -1.94741e-09 0)
(3.99102e-11 -2.08043e-09 0)
(0 0 0)
(1.57712e-11 -2.02804e-09 0)
(-5.17667e-13 -3.30301e-10 0)
(-5.29682e-11 -3.38666e-09 0)
(5.43618e-11 -4.03816e-09 0)
(9.33237e-11 -4.19561e-09 0)
(3.88474e-11 -1.79747e-09 0)
(8.12618e-11 -2.22443e-09 0)
(0 0 0)
(0 0 0)
(-1.97735e-10 -2.2424e-09 0)
(-1.39269e-11 -6.31116e-10 0)
(-5.63508e-11 -3.60227e-09 0)
(-2.3303e-11 -1.97979e-09 0)
(1.13507e-11 -2.2437e-09 0)
(-1.76701e-11 -3.53085e-09 0)
(-1.9176e-11 -1.36961e-09 0)
(-2.86286e-11 -1.22344e-09 0)
(-1.04955e-10 -2.1789e-09 0)
(-1.14316e-10 -2.24556e-09 0)
(-7.48391e-13 -2.23075e-09 0)
(-3.1909e-11 -2.14435e-09 0)
(0 0 0)
(1.05567e-11 -4.27249e-09 0)
(7.73561e-12 -1.91508e-09 0)
(1.36245e-10 -4.74098e-09 0)
(-5.59195e-11 -2.89846e-09 0)
(-1.99949e-10 -3.57479e-09 0)
(-3.13128e-11 -1.84632e-09 0)
(-4.42353e-11 -1.87853e-09 0)
(-4.60208e-11 -2.12859e-09 0)
(0 0 0)
(-7.87411e-11 -2.0672e-09 0)
(-3.50961e-11 -2.16273e-09 0)
(0 0 0)
(-1.30235e-10 -2.03109e-09 0)
(-1.09376e-10 -2.0863e-09 0)
(-2.93876e-11 -1.98621e-09 0)
(-3.33113e-11 -2.11323e-09 0)
(-1.08375e-10 -2.04424e-09 0)
(-9.26318e-11 -2.00805e-09 0)
(-1.48641e-10 -2.10735e-09 0)
(-1.80752e-10 -2.18797e-09 0)
(-1.19811e-10 -2.04951e-09 0)
(5.60448e-11 -1.95414e-09 0)
(5.05702e-11 -1.84719e-09 0)
(2.61302e-10 -1.96711e-09 0)
(1.78363e-10 -2.02098e-09 0)
(0 0 0)
(0 0 0)
(0 0 0)
(0 0 0)
(0 0 0)
(0 0 0)
(0 0 0)
(0 0 0)
(0 0 0)
(0 0 0)
(0 0 0)
(0 0 0)
(0 0 0)
(0 0 0)
(0 0 0)
(0 0 0)
(0 0 0)
(0 0 0)
(0 0 0)
(0 0 0)
(0 0 0)
(-1.16792e-10 -3.40067e-09 0)
(-4.52979e-11 -2.69963e-09 0)
(-8.19522e-11 -1.75877e-09 0)
(-8.9245e-11 -1.81795e-09 0)
(8.43403e-12 -2.04238e-09 0)
(1.58736e-11 -1.9612e-09 0)
(-3.42382e-12 -2.02718e-09 0)
(-5.80833e-12 -2.50327e-09 0)
(9.44187e-12 -8.05617e-10 0)
(6.57276e-12 -5.42167e-10 0)
(-6.99178e-12 -1.91977e-09 0)
(2.88422e-12 -1.97442e-09 0)
(2.37521e-11 -2.06334e-09 0)
(-1.89852e-11 -2.43193e-09 0)
(-1.22347e-11 -2.43848e-09 0)
(-9.472e-11 -2.33737e-09 0)
(0 0 0)
(0 0 0)
(-1.011e-11 -2.14678e-09 0)
(2.22934e-11 -2.38348e-09 0)
(-4.65317e-11 -2.14401e-09 0)
(-2.73246e-12 -2.06288e-09 0)
(-3.07368e-12 -2.02604e-09 0)
(-9.07864e-11 -1.96271e-09 0)
(-1.0326e-10 -2.07934e-09 0)
(-8.90662e-11 -2.15603e-09 0)
(2.05529e-12 -2.08416e-09 0)
(0 0 0)
(0 0 0)
(0 0 0)
(3.48686e-11 -2.03993e-09 0)
(3.8583e-11 -2.08312e-09 0)
(4.3214e-11 -2.38107e-09 0)
(-1.40018e-10 -2.1105e-09 0)
(-6.79247e-11 -1.98252e-09 0)
(-1.09285e-10 -1.98557e-09 0)
(-5.7963e-11 -1.94286e-09 0)
(-5.62719e-12 -2.05259e-09 0)
(-1.07205e-10 -2.00398e-09 0)
(0 0 0)
(1.13127e-11 -4.29807e-09 0)
(3.73741e-11 -2.04943e-09 0)
(3.60977e-11 -1.21257e-09 0)
(1.11887e-12 -3.35524e-11 0)
(-6.26061e-11 -2.02814e-09 0)
(-7.54493e-11 -2.02408e-09 0)
(-1.44328e-10 -2.14085e-09 0)
(-1.55507e-10 -2.30419e-09 0)
(0 0 0)
(-3.67546e-11 -1.93367e-09 0)
(-6.52646e-12 -1.82878e-09 0)
(6.22141e-11 -2.05502e-09 0)
(3.26154e-10 -5.02898e-09 0)
(0 0 0)
(0 0 0)
(0 0 0)
(0 0 0)
(0 0 0)
(0 0 0)
(0 0 0)
(0 0 0)
(0 0 0)
(0 0 0)
(0 0 0)
(0 0 0)
(0 0 0)
(0 0 0)
(0 0 0)
(0 0 0)
(0 0 0)
(0 0 0)
(0 0 0)
(0 0 0)
(0 0 0)
(0 0 0)
(4.63391e-11 -1.90503e-09 0)
(-1.29138e-11 -1.8682e-09 0)
(-5.78776e-11 -1.86456e-09 0)
(-3.88626e-11 -1.95476e-09 0)
(-2.80614e-11 -1.91338e-09 0)
(6.3299e-12 -1.98381e-09 0)
(-2.16755e-11 -1.9606e-09 0)
(-1.19261e-10 -2.1406e-09 0)
(3.6761e-11 -1.96662e-09 0)
(4.85443e-11 -1.80425e-09 0)
(0 0 0)
(4.06678e-11 -2.00786e-09 0)
(2.2882e-11 -2.06069e-09 0)
(-2.95071e-11 -2.17655e-09 0)
(1.59992e-11 -7.82699e-10 0)
(2.32664e-11 -9.51211e-10 0)
(7.41245e-11 -2.16819e-09 0)
(4.7107e-11 -2.07324e-09 0)
(-3.51364e-11 -1.87724e-09 0)
(-8.95839e-12 -2.47301e-09 0)
(-1.04335e-10 -2.05957e-09 0)
(-5.33907e-11 -1.99276e-09 0)
(-4.04973e-11 -2.00494e-09 0)
(-1.14245e-10 -2.06404e-09 0)
(-1.89343e-10 -2.11578e-09 0)
(-7.404e-11 -2.05569e-09 0)
(-1.34116e-11 -2.07221e-09 0)
(6.44851e-12 -3.08345e-10 0)
(3.08146e-11 -5.06868e-09 0)
(-1.83815e-11 -3.23115e-09 0)
(0 0 0)
(-8.17196e-12 -2.17234e-09 0)
(8.32839e-11 -2.23861e-09 0)
(-4.25467e-11 -2.19638e-09 0)
(-4.34233e-11 -1.88408e-09 0)
(-1.39642e-10 -4.45502e-09 0)
(0 0 0)
(-4.64761e-11 -1.78062e-09 0)
(-1.77403e-10 -1.97451e-09 0)
(-1.55134e-10 -2.02146e-09 0)
(-1.20995e-10 -2.01777e-09 0)
(0 0 0)
(1.89806e-11 -1.98507e-09 0)
(-7.27352e-11 -5.00195e-09 0)
(-9.46066e-11 -1.82033e-09 0)
(-6.4877e-11 -1.9529e-09 0)
(-1.45184e-10 -2.15563e-09 0)
(-1.68007e-10 -2.15699e-09 0)
(-2.17852e-11 -2.05327e-09 0)
(5.5543e-11 -2.02059e-09 0)
(1.23322e-10 -1.73454e-09 0)
(8.74249e-11 -1.93634e-09 0)
(1.45822e-10 -1.91801e-09 0)
(0 0 0)
(0 0 0)
(0 0 0)
(0 0 0)
(0 0 0)
(0 0 0)
(0 0 0)
(0 0 0)
(0 0 0)
(0 0 0)
(0 0 0)
(0 0 0)
(0 0 0)
(0 0 0)
(0 0 0)
(0 0 0)
(0 0 0)
(0 0 0)
(0 0 0)
(0 0 0)
(0 0 0)
(0 0 0)
(6.19644e-11 -1.64971e-09 0)
(2.68616e-11 -1.74397e-09 0)
(-7.66822e-11 -2.25261e-09 0)
(-2.32015e-11 -1.98157e-09 0)
(-1.95093e-11 -1.79291e-09 0)
(-8.57769e-12 -2.01327e-09 0)
(-1.49513e-10 -4.78046e-09 0)
(-4.67692e-11 -2.04173e-09 0)
(1.81446e-11 -8.42724e-10 0)
(1.13897e-11 -4.51261e-10 0)
(8.29134e-11 -2.04209e-09 0)
(3.71199e-11 -2.13577e-09 0)
(2.38447e-11 -2.11222e-09 0)
(-3.5286e-11 -2.17694e-09 0)
(0 0 0)
(1.20811e-10 -4.636e-09 0)
(7.16401e-11 -4.55085e-09 0)
(-7.21501e-12 -4.35217e-09 0)
(-3.44557e-11 -1.71626e-09 0)
(-6.89171e-11 -2.11367e-09 0)
(-8.35034e-11 -2.16944e-09 0)
(-3.32092e-11 -2.11964e-09 0)
(-9.17447e-11 -2.11815e-09 0)
(-1.02474e-10 -2.20011e-09 0)
(-1.5998e-10 -2.1257e-09 0)
(-1.20827e-10 -2.06034e-09 0)
(-2.91419e-11 -1.97353e-09 0)
(-2.98768e-11 -1.97146e-09 0)
(-1.71922e-11 -1.92473e-09 0)
(1.12411e-10 -3.38455e-09 0)
(2.40616e-11 -2.97544e-09 0)
(-8.82127e-12 -3.14163e-10 0)
(-1.93296e-10 -4.74623e-09 0)
(-3.87637e-11 -2.35007e-09 0)
(0 0 0)
(0 0 0)
(-1.69147e-11 -1.54968e-09 0)
(2.03253e-10 -3.90932e-09 0)
(1.51591e-10 -4.16043e-09 0)
(-1.18189e-10 -1.76699e-09 0)
(-8.60644e-11 -2.18722e-09 0)
(-5.5709e-11 -1.7696e-09 0)
(-3.63304e-11 -2.02088e-09 0)
(0 0 0)
(-1.90668e-10 -3.50698e-09 0)
(-1.61199e-10 -3.32791e-09 0)
(-5.39563e-11 -2.17883e-09 0)
(4.89167e-11 -1.21484e-09 0)
(1.53409e-12 -3.3105e-11 0)
(1.42571e-10 -2.01384e-09 0)
(0 0 0)
(-1.04915e-10 -2.01612e-09 0)
(3.33868e-10 -4.88103e-09 0)
(9.14402e-11 -1.93306e-09 0)
(0 0 0)
(0 0 0)
(0 0 0)
(0 0 0)
(0 0 0)
(0 0 0)
(0 0 0)
(0 0 0)
(0 0 0)
(0 0 0)
(0 0 0)
(0 0 0)
(0 0 0)
(0 0 0)
(0 0 0)
(0 0 0)
(0 0 0)
(0 0 0)
(0 0 0)
(0 0 0)
(0 0 0)
(3.44297e-11 -1.95588e-09 0)
(-1.59641e-11 -2.44608e-09 0)
(1.50506e-12 -1.79753e-10 0)
(4.0667e-11 -4.24213e-09 0)
(-2.11813e-12 -1.79204e-09 0)
(-5.40255e-11 -1.9731e-09 0)
(-6.56276e-11 -2.12813e-09 0)
(3.4984e-11 -2.07148e-09 0)
(6.72255e-11 -1.9065e-09 0)
(5.84212e-11 -1.76618e-09 0)
(-3.77871e-11 -1.99092e-09 0)
(-3.3089e-11 -2.03634e-09 0)
(1.6144e-11 -2.07577e-09 0)
(-3.10835e-11 -2.12548e-09 0)
(3.84825e-11 -2.10189e-09 0)
(2.2791e-11 -2.16499e-09 0)
(5.0598e-12 -2.25007e-09 0)
(2.38844e-11 -6.47904e-10 0)
(3.18163e-11 -7.7815e-10 0)
(3.27178e-11 -2.12526e-09 0)
(3.05236e-11 -2.09712e-09 0)
(-3.15894e-12 -2.08871e-09 0)
(4.74121e-11 -2.32364e-09 0)
(-7.09514e-11 -2.49867e-09 0)
(-9.90923e-11 -2.08146e-09 0)
(-6.30998e-11 -1.84994e-09 0)
(-3.26976e-11 -1.85347e-09 0)
(-3.08899e-11 -1.99715e-09 0)
(-3.78398e-11 -1.84052e-09 0)
(3.76281e-12 -4.5814e-09 0)
(-3.58604e-11 -2.01312e-09 0)
(3.55336e-11 -2.11338e-09 0)
(-1.92724e-11 -5.50736e-10 0)
(-3.6697e-11 -1.03609e-09 0)
(8.25118e-11 -2.06188e-09 0)
(3.72285e-11 -2.0037e-09 0)
(-7.07058e-11 -1.97732e-09 0)
(-8.76279e-11 -1.98982e-09 0)
(2.86193e-11 -2.13168e-09 0)
(-8.56554e-11 -1.93534e-09 0)
(-2.45796e-10 -2.0636e-09 0)
(-2.2036e-10 -1.97543e-09 0)
(-1.64426e-10 -4.34525e-09 0)
(9.13633e-11 -1.84288e-09 0)
(0 0 0)
(-2.57582e-10 -2.08806e-09 0)
(-1.34966e-10 -4.68192e-09 0)
(9.95995e-11 -1.91907e-09 0)
(1.8631e-10 -2.02077e-09 0)
(2.49299e-10 -3.93619e-09 0)
(8.92009e-11 -2.3415e-09 0)
(0 0 0)
(0 0 0)
(-3.08835e-11 -1.83179e-09 0)
(0 0 0)
(0 0 0)
(0 0 0)
(0 0 0)
(0 0 0)
(0 0 0)
(0 0 0)
(0 0 0)
(0 0 0)
(0 0 0)
(0 0 0)
(0 0 0)
(0 0 0)
(0 0 0)
(0 0 0)
(0 0 0)
(0 0 0)
(0 0 0)
(0 0 0)
(0 0 0)
(0 0 0)
(-1.32209e-11 -2.02619e-09 0)
(1.37992e-11 -2.16997e-09 0)
(3.47623e-11 -2.23688e-09 0)
(5.27134e-11 -1.83305e-09 0)
(4.21565e-11 -1.78465e-09 0)
(2.18713e-12 -1.86585e-09 0)
(-1.09151e-10 -2.03348e-09 0)
(-4.48508e-11 -2.05129e-09 0)
(-8.8618e-11 -3.53605e-09 0)
(-6.06913e-11 -2.08559e-09 0)
(-1.10902e-10 -1.67731e-09 0)
(-5.85911e-11 -1.97407e-09 0)
(-6.91857e-11 -1.95908e-09 0)
(-7.79451e-11 -2.03321e-09 0)
(-3.03571e-11 -2.12814e-09 0)
(5.13534e-11 -2.4903e-09 0)
(1.88842e-11 -5.79914e-10 0)
(4.70923e-11 -1.20515e-09 0)
(1.58216e-10 -2.11754e-09 0)
(-3.78546e-11 -2.16331e-09 0)
(-2.61263e-11 -2.0968e-09 0)
(-1.23763e-11 -8.22811e-10 0)
(-1.6105e-10 -4.02176e-09 0)
(-5.47366e-11 -2.45506e-09 0)
(-1.44809e-11 -1.95035e-09 0)
(1.10287e-12 -1.82966e-09 0)
(-7.57997e-12 -1.86871e-09 0)
(-4.51333e-11 -1.91402e-09 0)
(-9.20921e-11 -1.93295e-09 0)
(-5.27225e-11 -2.22521e-09 0)
(-1.39031e-11 -1.89651e-09 0)
(-4.63911e-11 -4.39698e-09 0)
(-6.2344e-11 -4.28407e-09 0)
(1.21139e-10 -4.41803e-09 0)
(0 0 0)
(-3.14501e-12 -1.96018e-09 0)
(-2.04432e-11 -1.86935e-09 0)
(0 0 0)
(-2.15736e-10 -1.9103e-09 0)
(-3.39428e-10 -2.00546e-09 0)
(-3.35555e-11 -1.98093e-09 0)
(0 0 0)
(-3.21355e-10 -1.88901e-09 0)
(-3.96601e-10 -4.8977e-09 0)
(-1.94783e-10 -2.08757e-09 0)
(0 0 0)
(0 0 0)
(8.32074e-12 -2.34178e-10 0)
(1.11984e-10 -4.72783e-09 0)
(-4.29215e-11 -1.92124e-09 0)
(-1.50178e-10 -4.68941e-09 0)
(5.16482e-11 -1.83974e-09 0)
(2.04052e-10 -1.83376e-09 0)
(6.77755e-11 -1.83334e-09 0)
(-2.59857e-11 -1.76633e-09 0)
(0 0 0)
(0 0 0)
(0 0 0)
(0 0 0)
(0 0 0)
(0 0 0)
(0 0 0)
(0 0 0)
(0 0 0)
(0 0 0)
(0 0 0)
(0 0 0)
(0 0 0)
(0 0 0)
(0 0 0)
(0 0 0)
(0 0 0)
(0 0 0)
(0 0 0)
(0 0 0)
(7.11525e-11 -1.93823e-09 0)
(-1.72609e-12 -2.07871e-09 0)
(0 0 0)
(7.28961e-11 -1.91127e-09 0)
(-2.92032e-11 -1.95848e-09 0)
(-8.68583e-11 -5.10928e-09 0)
(1.76833e-12 -5.15831e-10 0)
(6.04911e-12 -1.29091e-09 0)
(-7.63495e-11 -3.50961e-09 0)
(-9.05953e-11 -2.75394e-09 0)
(-4.76022e-11 -1.86295e-09 0)
(-7.47345e-11 -4.14679e-09 0)
(5.5615e-11 -1.67061e-09 0)
(0 0 0)
(-8.36272e-11 -2.06614e-09 0)
(-9.05062e-11 -1.95836e-09 0)
(7.15463e-11 -2.17531e-09 0)
(1.03761e-12 -3.49089e-09 0)
(8.81593e-11 -3.33597e-09 0)
(2.1504e-12 -1.02232e-10 0)
(4.39113e-11 -1.81723e-09 0)
(3.41707e-12 -2.12014e-09 0)
(-1.08231e-10 -2.49262e-09 0)
(0 0 0)
(-2.3902e-11 -2.19817e-09 0)
(2.15089e-11 -1.97318e-09 0)
(-5.06074e-11 -1.98144e-09 0)
(-9.70591e-12 -1.94675e-09 0)
(-4.34858e-12 -2.02812e-09 0)
(-8.22003e-11 -2.12232e-09 0)
(-3.40247e-11 -2.2591e-09 0)
(0 0 0)
(-7.00961e-11 -2.07842e-09 0)
(1.2252e-10 -2.04716e-09 0)
(2.72269e-11 -2.07387e-09 0)
(9.95894e-12 -2.00289e-09 0)
(8.15455e-12 -1.97345e-09 0)
(2.89361e-11 -1.8268e-09 0)
(-4.94918e-11 -1.80025e-09 0)
(-2.0078e-10 -3.1684e-09 0)
(-1.58227e-10 -3.3492e-09 0)
(0 0 0)
(-1.78524e-10 -1.9962e-09 0)
(0 0 0)
(-1.46285e-10 -2.07638e-09 0)
(0 0 0)
(2.62693e-11 -2.01079e-09 0)
(6.52604e-11 -3.92325e-09 0)
(3.31897e-12 -2.16867e-10 0)
(0 0 0)
(6.70285e-11 -1.82817e-09 0)
(9.38634e-11 -2.0586e-09 0)
(6.67757e-11 -1.95132e-09 0)
(1.51826e-10 -1.77173e-09 0)
(1.89427e-10 -1.9442e-09 0)
(0 0 0)
(0 0 0)
(-2.80362e-12 -2.05013e-09 0)
(0 0 0)
(0 0 0)
(0 0 0)
(0 0 0)
(0 0 0)
(0 0 0)
(0 0 0)
(0 0 0)
(0 0 0)
(0 0 0)
(0 0 0)
(0 0 0)
(0 0 0)
(0 0 0)
(0 0 0)
(0 0 0)
(0 0 0)
(6.07271e-11 -4.55071e-09 0)
(2.15982e-11 -1.93094e-09 0)
(7.06004e-11 -1.98164e-09 0)
(1.35969e-10 -1.85001e-09 0)
(-6.15552e-11 -1.94298e-09 0)
(-7.31219e-11 -2.11915e-09 0)
(1.32745e-10 -2.37184e-09 0)
(-1.26828e-11 -2.08162e-09 0)
(0 0 0)
(0 0 0)
(-7.52577e-11 -1.95984e-09 0)
(-4.24488e-11 -1.92385e-09 0)
(-1.4986e-11 -2.00542e-09 0)
(8.80573e-11 -2.8103e-09 0)
(2.48449e-10 -5.34554e-09 0)
(5.83576e-11 -1.89473e-09 0)
(8.80257e-11 -2.29104e-09 0)
(0 0 0)
(-3.64418e-12 -2.13385e-09 0)
(3.14737e-10 -4.18534e-09 0)
(2.57701e-10 -4.48995e-09 0)
(-3.14857e-11 -1.82741e-09 0)
(-9.37644e-11 -2.23977e-09 0)
(0 0 0)
(4.60234e-11 -2.23864e-09 0)
(0 0 0)
(0 0 0)
(-8.07226e-12 -1.90205e-09 0)
(-6.57935e-11 -1.94794e-09 0)
(4.12652e-11 -3.46549e-09 0)
(-1.36085e-11 -2.40437e-09 0)
(-2.50022e-11 -2.82806e-09 0)
(1.23486e-10 -2.39042e-09 0)
(-1.06184e-11 -2.1029e-09 0)
(9.87727e-11 -2.01686e-09 0)
(0 0 0)
(2.64074e-11 -1.93645e-09 0)
(2.91329e-11 -4.85963e-09 0)
(-3.32239e-11 -1.81438e-09 0)
(-4.63993e-11 -1.8058e-09 0)
(-2.97534e-10 -4.48833e-09 0)
(0 0 0)
(-3.2365e-11 -2.06877e-09 0)
(0 0 0)
(3.42196e-11 -3.14487e-09 0)
(1.39489e-12 -2.96482e-09 0)
(6.90317e-11 -2.08465e-09 0)
(9.11351e-11 -2.0987e-09 0)
(6.01553e-11 -2.16552e-09 0)
(-1.30736e-11 -2.11586e-09 0)
(-6.0292e-11 -4.371e-09 0)
(-8.63796e-12 -4.37793e-09 0)
(1.1037e-11 -1.80249e-09 0)
(0 0 0)
(0 0 0)
(8.04686e-12 -1.80598e-09 0)
(1.70814e-10 -1.95281e-09 0)
(1.57332e-10 -1.84901e-09 0)
(0 0 0)
(0 0 0)
(0 0 0)
(0 0 0)
(0 0 0)
(0 0 0)
(0 0 0)
(0 0 0)
(0 0 0)
(0 0 0)
(0 0 0)
(0 0 0)
(0 0 0)
(0 0 0)
(0 0 0)
(0 0 0)
(0 0 0)
(-8.81054e-13 -1.96592e-09 0)
(-3.49974e-13 -2.05876e-09 0)
(8.56858e-11 -2.11833e-09 0)
(5.62711e-11 -2.32157e-09 0)
(0 0 0)
(9.41821e-12 -2.04992e-09 0)
(1.28748e-10 -4.86828e-09 0)
(2.63974e-11 -1.94072e-09 0)
(2.77381e-11 -2.05538e-09 0)
(-9.92697e-11 -1.9439e-09 0)
(3.20295e-12 -1.86137e-09 0)
(2.50748e-11 -1.95524e-09 0)
(-1.10826e-11 -1.95658e-09 0)
(8.39815e-12 -1.98377e-09 0)
(2.32827e-12 -2.02287e-09 0)
(4.93982e-11 -2.05217e-09 0)
(4.88834e-13 -2.35882e-09 0)
(-1.68713e-11 -5.71261e-10 0)
(-1.74939e-11 -3.34871e-09 0)
(6.19295e-13 -1.93489e-09 0)
(2.89837e-11 -2.22176e-09 0)
(2.184e-11 -2.15814e-09 0)
(1.29371e-11 -2.47638e-09 0)
(0 0 0)
(-4.39318e-11 -2.15174e-09 0)
(1.28665e-11 -2.05548e-09 0)
(-1.91857e-11 -2.28029e-09 0)
(6.30685e-11 -4.10383e-09 0)
(4.9113e-11 -1.90681e-09 0)
(6.32853e-11 -1.98294e-09 0)
(5.9549e-11 -2.43855e-09 0)
(0 0 0)
(7.64471e-11 -1.958e-09 0)
(-1.96586e-11 -2.02599e-09 0)
(4.09961e-11 -2.01844e-09 0)
(3.12524e-11 -2.02231e-09 0)
(-1.32461e-10 -2.12664e-09 0)
(-2.87434e-11 -2.08537e-09 0)
(-9.43396e-12 -1.98502e-09 0)
(2.31895e-11 -2.00732e-09 0)
(-8.57236e-11 -2.30076e-09 0)
(0 0 0)
(-1.94057e-13 -2.09521e-09 0)
(2.75648e-11 -2.87341e-09 0)
(-3.29214e-11 -3.189e-09 0)
(3.16006e-11 -1.96694e-09 0)
(-1.08952e-12 -1.90804e-09 0)
(3.9906e-11 -1.98376e-09 0)
(5.23755e-11 -1.98401e-09 0)
(-2.49543e-11 -2.1546e-09 0)
(2.09675e-12 -2.07371e-09 0)
(0 0 0)
(3.83264e-11 -1.94216e-09 0)
(1.03263e-10 -2.06728e-09 0)
(8.1558e-11 -2.12421e-09 0)
(6.89792e-11 -4.54652e-09 0)
(8.70285e-12 -1.84748e-09 0)
(6.87903e-11 -1.95237e-09 0)
(9.17215e-11 -1.9238e-09 0)
(2.29023e-11 -1.95073e-09 0)
(-4.3408e-11 -2.00009e-09 0)
(0 0 0)
(0 0 0)
(0 0 0)
(0 0 0)
(0 0 0)
(0 0 0)
(0 0 0)
(0 0 0)
(0 0 0)
(0 0 0)
(0 0 0)
(0 0 0)
(0 0 0)
(0 0 0)
)
;


// ************************************************************************* //
