/*--------------------------------*- C++ -*----------------------------------*\
  =========                 |
  \\      /  F ield         | OpenFOAM: The Open Source CFD Toolbox
   \\    /   O peration     | Website:  https://openfoam.org
    \\  /    A nd           | Version:  12
     \\/     M anipulation  |
\*---------------------------------------------------------------------------*/
FoamFile
{
    format      ascii;
    class       volVectorField::Internal;
    location    "0.8";
    object      cloud:UTrans;
}
// * * * * * * * * * * * * * * * * * * * * * * * * * * * * * * * * * * * * * //

dimensions      [1 1 -1 0 0 0 0];

value           nonuniform List<vector> 
3750
(
(-1.16628e-11 -1.06114e-09 0)
(6.05348e-11 -2.78569e-09 0)
(0 0 0)
(3.83226e-11 -1.19741e-09 0)
(1.44016e-11 -1.15416e-09 0)
(1.90351e-11 -1.14564e-09 0)
(-5.00803e-12 -2.52305e-09 0)
(4.87872e-12 -1.06617e-09 0)
(1.14241e-11 -1.06185e-09 0)
(8.2171e-11 -2.36309e-09 0)
(-1.51618e-11 -9.01619e-10 0)
(1.78386e-12 -9.67276e-10 0)
(-3.0317e-11 -1.09646e-09 0)
(-1.07038e-11 -1.23224e-09 0)
(-2.95393e-11 -1.25643e-09 0)
(-1.83298e-11 -1.19596e-09 0)
(-1.18515e-11 -1.17958e-09 0)
(2.21468e-11 -1.18224e-09 0)
(2.71252e-11 -2.37013e-09 0)
(-5.0247e-12 -1.04684e-09 0)
(-1.63202e-11 -1.09122e-09 0)
(3.30177e-11 -1.32866e-09 0)
(-1.31357e-11 -1.32481e-09 0)
(0 0 0)
(-3.12355e-11 -1.26178e-09 0)
(-2.4359e-11 -1.19884e-09 0)
(3.69704e-12 -2.37757e-09 0)
(1.45637e-11 -8.20609e-10 0)
(2.82826e-11 -1.09422e-09 0)
(9.9464e-11 -1.13028e-09 0)
(0 0 0)
(5.07973e-12 -1.25931e-09 0)
(-4.86247e-11 -2.69401e-09 0)
(0 0 0)
(1.94249e-12 -1.1906e-09 0)
(-5.44566e-11 -1.23506e-09 0)
(-4.51391e-11 -1.17361e-09 0)
(-1.86145e-11 -1.09567e-09 0)
(-1.06301e-10 -2.67333e-09 0)
(-5.02702e-12 -1.25649e-09 0)
(-1.04386e-10 -2.79611e-09 0)
(4.97729e-11 -1.16314e-09 0)
(-4.07914e-12 -1.13226e-09 0)
(-1.42969e-11 -1.21086e-09 0)
(0 0 0)
(2.84926e-11 -2.47198e-09 0)
(-2.45404e-11 -9.50289e-10 0)
(0 0 0)
(0 0 0)
(0 0 0)
(0 0 0)
(0 0 0)
(0 0 0)
(0 0 0)
(0 0 0)
(0 0 0)
(0 0 0)
(0 0 0)
(0 0 0)
(0 0 0)
(0 0 0)
(0 0 0)
(0 0 0)
(0 0 0)
(0 0 0)
(0 0 0)
(0 0 0)
(0 0 0)
(0 0 0)
(0 0 0)
(0 0 0)
(0 0 0)
(0 0 0)
(0 0 0)
(0 0 0)
(-2.97297e-11 -1.18493e-09 0)
(-2.95489e-12 -1.19844e-09 0)
(3.05906e-11 -1.24978e-09 0)
(0 0 0)
(0 0 0)
(-2.44827e-11 -1.14882e-09 0)
(6.51112e-11 -1.13074e-09 0)
(1.1476e-11 -1.1139e-09 0)
(1.02076e-10 -2.59794e-09 0)
(-8.2629e-11 -1.03916e-09 0)
(-2.00236e-10 -3.45247e-09 0)
(-1.3912e-10 -2.21547e-09 0)
(-3.12633e-11 -6.28339e-10 0)
(0 0 0)
(0 0 0)
(0 0 0)
(5.53812e-12 -1.17193e-09 0)
(-1.19996e-11 -1.20658e-09 0)
(3.13558e-12 -2.51285e-09 0)
(1.03333e-11 -9.42784e-10 0)
(-6.46395e-11 -1.1501e-09 0)
(4.45278e-11 -3.14674e-09 0)
(8.76495e-12 -1.24296e-09 0)
(0 0 0)
(0 0 0)
(-3.56699e-11 -1.13166e-09 0)
(0 0 0)
(-2.06116e-11 -3.01066e-09 0)
(-8.39112e-11 -2.53593e-09 0)
(-1.05728e-10 -3.66673e-09 0)
(0 0 0)
(0 0 0)
(0 0 0)
(-1.97266e-13 -1.08613e-09 0)
(7.65751e-12 -1.22247e-09 0)
(-2.16915e-11 -1.1876e-09 0)
(-5.09409e-11 -1.17132e-09 0)
(-1.23079e-10 -1.13284e-09 0)
(-5.79023e-11 -1.07429e-09 0)
(-2.40834e-11 -2.81669e-09 0)
(0 0 0)
(-5.58223e-11 -2.30645e-09 0)
(0 0 0)
(0 0 0)
(0 0 0)
(0 0 0)
(0 0 0)
(0 0 0)
(0 0 0)
(0 0 0)
(0 0 0)
(0 0 0)
(0 0 0)
(0 0 0)
(0 0 0)
(0 0 0)
(0 0 0)
(0 0 0)
(0 0 0)
(0 0 0)
(0 0 0)
(0 0 0)
(0 0 0)
(0 0 0)
(0 0 0)
(0 0 0)
(0 0 0)
(0 0 0)
(0 0 0)
(0 0 0)
(0 0 0)
(0 0 0)
(0 0 0)
(0 0 0)
(0 0 0)
(-2.24704e-11 -1.18525e-09 0)
(-2.14371e-11 -4.00679e-09 0)
(3.81045e-11 -2.65023e-09 0)
(0 0 0)
(2.40405e-11 -1.13601e-09 0)
(0 0 0)
(0 0 0)
(0 0 0)
(-3.85202e-11 -2.96932e-09 0)
(8.65286e-12 -1.10088e-09 0)
(0 0 0)
(5.37948e-11 -9.46654e-10 0)
(-2.30906e-11 -7.74643e-10 0)
(8.998e-11 -3.08579e-09 0)
(0 0 0)
(4.14175e-11 -1.1844e-09 0)
(8.89637e-11 -2.70632e-09 0)
(-4.05355e-11 -1.13579e-09 0)
(-1.41492e-10 -2.44957e-09 0)
(-2.24576e-10 -2.24943e-09 0)
(-1.3069e-10 -1.13252e-09 0)
(-9.862e-11 -2.5629e-09 0)
(1.14943e-10 -1.62954e-09 0)
(0 0 0)
(-1.11107e-10 -1.19481e-09 0)
(-1.12558e-11 -1.03063e-09 0)
(-5.09479e-11 -2.18724e-09 0)
(-2.726e-11 -1.04204e-09 0)
(-5.84271e-12 -1.08124e-09 0)
(5.15945e-11 -1.15391e-09 0)
(2.62914e-11 -1.1734e-09 0)
(-8.25295e-12 -1.27391e-09 0)
(0 0 0)
(-1.66623e-10 -2.46274e-09 0)
(-1.47794e-10 -2.52831e-09 0)
(-2.91595e-11 -1.0327e-09 0)
(-1.61968e-10 -2.61255e-09 0)
(-3.32288e-11 -8.89605e-10 0)
(-1.42618e-10 -1.03737e-09 0)
(0 0 0)
(0 0 0)
(0 0 0)
(0 0 0)
(0 0 0)
(0 0 0)
(0 0 0)
(0 0 0)
(0 0 0)
(0 0 0)
(0 0 0)
(0 0 0)
(0 0 0)
(0 0 0)
(0 0 0)
(0 0 0)
(0 0 0)
(0 0 0)
(0 0 0)
(0 0 0)
(0 0 0)
(0 0 0)
(0 0 0)
(0 0 0)
(0 0 0)
(0 0 0)
(0 0 0)
(0 0 0)
(0 0 0)
(0 0 0)
(0 0 0)
(0 0 0)
(0 0 0)
(0 0 0)
(0 0 0)
(0 0 0)
(0 0 0)
(9.21858e-11 -1.06238e-09 0)
(4.29742e-11 -1.07856e-09 0)
(4.69176e-11 -1.22452e-09 0)
(0 0 0)
(0 0 0)
(3.13031e-12 -1.16594e-09 0)
(-2.43701e-11 -2.42949e-09 0)
(3.34661e-11 -2.51093e-09 0)
(-1.47436e-12 -1.05755e-09 0)
(2.38059e-11 -1.12744e-09 0)
(-6.70144e-11 -1.02277e-09 0)
(-6.00092e-11 -1.69046e-09 0)
(-2.39524e-12 -5.1976e-10 0)
(4.40211e-11 -4.24197e-09 0)
(-4.16451e-11 -9.24939e-10 0)
(7.13487e-11 -4.43742e-09 0)
(1.7273e-11 -1.08155e-09 0)
(-5.7681e-12 -1.17702e-09 0)
(-8.29031e-11 -1.12542e-09 0)
(-6.48463e-11 -1.06567e-09 0)
(-2.30656e-11 -1.163e-09 0)
(9.59529e-11 -1.37462e-09 0)
(3.54119e-11 -1.42003e-09 0)
(0 0 0)
(-9.52146e-11 -1.09903e-09 0)
(-4.03457e-11 -1.05508e-09 0)
(-1.00432e-11 -1.02308e-09 0)
(-1.70487e-11 -1.02616e-09 0)
(-5.42296e-11 -2.7273e-09 0)
(-1.15529e-11 -1.15773e-09 0)
(-3.57073e-12 -1.39147e-09 0)
(0 0 0)
(-8.13345e-13 -1.1752e-09 0)
(-1.03282e-10 -9.79976e-10 0)
(-1.88743e-10 -2.44766e-09 0)
(-1.04227e-10 -1.01258e-09 0)
(0 0 0)
(0 0 0)
(0 0 0)
(0 0 0)
(0 0 0)
(0 0 0)
(0 0 0)
(0 0 0)
(0 0 0)
(0 0 0)
(0 0 0)
(0 0 0)
(0 0 0)
(0 0 0)
(0 0 0)
(0 0 0)
(0 0 0)
(0 0 0)
(0 0 0)
(0 0 0)
(0 0 0)
(0 0 0)
(0 0 0)
(0 0 0)
(0 0 0)
(0 0 0)
(0 0 0)
(0 0 0)
(0 0 0)
(0 0 0)
(0 0 0)
(0 0 0)
(0 0 0)
(0 0 0)
(0 0 0)
(0 0 0)
(0 0 0)
(0 0 0)
(-1.24324e-11 -1.16236e-09 0)
(5.88008e-11 -1.1716e-09 0)
(0 0 0)
(5.73069e-11 -1.15235e-09 0)
(2.41011e-11 -1.17784e-09 0)
(0 0 0)
(1.88693e-11 -1.07394e-09 0)
(0 0 0)
(-1.07396e-10 -2.69173e-09 0)
(-9.5591e-11 -1.18215e-09 0)
(-1.85106e-10 -2.50454e-09 0)
(-7.37725e-11 -9.86829e-10 0)
(-1.17552e-10 -1.69346e-09 0)
(-1.50012e-10 -3.15498e-09 0)
(0 0 0)
(-9.91234e-12 -1.04331e-09 0)
(-6.76098e-11 -1.14243e-09 0)
(-1.44946e-11 -1.24347e-09 0)
(2.09699e-11 -1.44685e-09 0)
(0 0 0)
(-2.76333e-11 -1.21696e-09 0)
(-5.38162e-11 -1.08923e-09 0)
(-5.35344e-11 -3.23659e-09 0)
(5.77823e-11 -1.54045e-09 0)
(-7.63918e-11 -1.15296e-09 0)
(-5.60101e-11 -1.02174e-09 0)
(-1.77171e-11 -1.02086e-09 0)
(-6.12235e-11 -2.40472e-09 0)
(-2.4428e-11 -9.80618e-10 0)
(-4.38793e-11 -1.04938e-09 0)
(0 0 0)
(0 0 0)
(0 0 0)
(0 0 0)
(2.95846e-11 -2.67802e-09 0)
(-5.71758e-11 -1.05762e-09 0)
(-6.01542e-11 -1.12157e-09 0)
(-1.24785e-10 -1.15453e-09 0)
(0 0 0)
(0 0 0)
(0 0 0)
(0 0 0)
(0 0 0)
(0 0 0)
(0 0 0)
(0 0 0)
(0 0 0)
(0 0 0)
(0 0 0)
(0 0 0)
(0 0 0)
(0 0 0)
(0 0 0)
(0 0 0)
(0 0 0)
(0 0 0)
(0 0 0)
(0 0 0)
(0 0 0)
(0 0 0)
(0 0 0)
(0 0 0)
(0 0 0)
(0 0 0)
(0 0 0)
(0 0 0)
(0 0 0)
(0 0 0)
(0 0 0)
(0 0 0)
(0 0 0)
(0 0 0)
(0 0 0)
(0 0 0)
(0 0 0)
(0 0 0)
(1.73175e-11 -1.15763e-09 0)
(8.42682e-11 -1.11787e-09 0)
(9.48367e-11 -1.17347e-09 0)
(7.55208e-11 -1.21954e-09 0)
(-1.5551e-11 -3.59491e-10 0)
(-1.11263e-10 -1.64148e-09 0)
(-1.54489e-11 -2.2806e-09 0)
(-2.03866e-10 -2.97019e-09 0)
(-4.48085e-11 -1.10739e-09 0)
(-9.19484e-11 -1.02742e-09 0)
(-9.8704e-11 -1.07648e-09 0)
(-8.54775e-11 -1.07745e-09 0)
(-1.61749e-10 -9.96448e-10 0)
(-1.1053e-11 -1.03214e-09 0)
(-3.27666e-12 -1.16335e-09 0)
(-6.98351e-11 -1.27903e-09 0)
(-2.58712e-11 -1.22653e-09 0)
(0 0 0)
(2.58711e-11 -1.34524e-09 0)
(-2.70538e-11 -1.25407e-09 0)
(-6.67776e-11 -1.16129e-09 0)
(-1.15657e-10 -1.48639e-09 0)
(5.13311e-11 -2.83967e-09 0)
(8.63102e-11 -1.25996e-09 0)
(-3.44061e-11 -9.56442e-10 0)
(-3.40339e-11 -9.80843e-10 0)
(-4.60013e-11 -1.01692e-09 0)
(-3.74812e-11 -1.09642e-09 0)
(-1.89412e-11 -1.112e-09 0)
(-8.517e-12 -1.10276e-09 0)
(1.92284e-11 -1.25511e-09 0)
(1.79789e-11 -1.18798e-09 0)
(8.91624e-11 -1.15148e-09 0)
(0 0 0)
(-9.76783e-11 -1.19409e-09 0)
(-1.0065e-10 -1.48863e-09 0)
(0 0 0)
(0 0 0)
(0 0 0)
(0 0 0)
(0 0 0)
(0 0 0)
(0 0 0)
(0 0 0)
(0 0 0)
(0 0 0)
(0 0 0)
(0 0 0)
(0 0 0)
(0 0 0)
(0 0 0)
(0 0 0)
(0 0 0)
(0 0 0)
(0 0 0)
(0 0 0)
(0 0 0)
(0 0 0)
(0 0 0)
(0 0 0)
(0 0 0)
(0 0 0)
(0 0 0)
(0 0 0)
(0 0 0)
(0 0 0)
(0 0 0)
(0 0 0)
(0 0 0)
(0 0 0)
(0 0 0)
(0 0 0)
(0 0 0)
(0 0 0)
(7.79821e-11 -1.28402e-09 0)
(1.06998e-10 -1.9386e-09 0)
(1.0629e-10 -1.53575e-09 0)
(1.06008e-10 -9.73675e-10 0)
(-1.08087e-10 -4.46986e-09 0)
(-3.88562e-11 -1.03568e-09 0)
(-1.51687e-10 -2.30123e-09 0)
(-1.50024e-10 -1.03656e-09 0)
(-6.72606e-11 -1.23291e-09 0)
(0 0 0)
(5.67758e-11 -1.12442e-09 0)
(-5.43712e-11 -1.19245e-09 0)
(-5.78637e-11 -1.13728e-09 0)
(-8.78086e-11 -1.06823e-09 0)
(-3.04395e-11 -1.07817e-09 0)
(1.70801e-12 -1.19669e-09 0)
(-3.846e-12 -1.82365e-10 0)
(-1.64649e-11 -8.15348e-10 0)
(-2.84833e-11 -1.2464e-09 0)
(-1.58777e-10 -3.17825e-09 0)
(-3.14722e-11 -1.15051e-09 0)
(-5.93299e-11 -1.12192e-09 0)
(0 0 0)
(-4.84097e-11 -1.13173e-09 0)
(6.96677e-11 -1.35009e-09 0)
(-6.07106e-11 -1.10132e-09 0)
(-2.45856e-11 -1.04136e-09 0)
(-5.54766e-11 -1.09417e-09 0)
(-8.46997e-11 -1.12228e-09 0)
(-7.73842e-11 -2.38198e-09 0)
(-5.02999e-11 -9.58729e-10 0)
(4.82483e-11 -2.58973e-09 0)
(1.10706e-12 -1.15972e-09 0)
(6.62449e-11 -1.1315e-09 0)
(-5.97211e-11 -1.1947e-09 0)
(0 0 0)
(-1.32433e-10 -1.24057e-09 0)
(0 0 0)
(0 0 0)
(0 0 0)
(0 0 0)
(0 0 0)
(0 0 0)
(0 0 0)
(0 0 0)
(0 0 0)
(0 0 0)
(0 0 0)
(0 0 0)
(0 0 0)
(0 0 0)
(0 0 0)
(0 0 0)
(0 0 0)
(0 0 0)
(0 0 0)
(0 0 0)
(0 0 0)
(0 0 0)
(0 0 0)
(0 0 0)
(0 0 0)
(0 0 0)
(0 0 0)
(0 0 0)
(0 0 0)
(0 0 0)
(0 0 0)
(0 0 0)
(0 0 0)
(0 0 0)
(0 0 0)
(0 0 0)
(0 0 0)
(0 0 0)
(-8.54741e-12 -2.74824e-09 0)
(4.60922e-11 -9.3177e-10 0)
(-3.29422e-11 -2.15005e-09 0)
(-1.53786e-10 -3.72969e-09 0)
(-6.9351e-11 -9.88582e-10 0)
(6.25085e-11 -1.02476e-09 0)
(-6.29833e-11 -1.15904e-09 0)
(0 0 0)
(-5.01583e-11 -1.09807e-09 0)
(5.25933e-11 -1.22614e-09 0)
(0 0 0)
(-2.31166e-11 -1.26343e-09 0)
(-2.5767e-11 -1.12215e-09 0)
(-2.4016e-11 -1.03349e-09 0)
(9.5274e-12 -1.13326e-09 0)
(-4.5304e-12 -1.40426e-09 0)
(0 0 0)
(8.33583e-11 -2.69065e-09 0)
(-4.06988e-11 -1.32652e-09 0)
(-1.33429e-10 -1.29643e-09 0)
(1.24242e-12 -1.21595e-09 0)
(0 0 0)
(-3.90346e-11 -1.15545e-09 0)
(-2.56658e-11 -1.19964e-09 0)
(2.94815e-11 -1.40598e-09 0)
(0 0 0)
(2.79432e-11 -1.19169e-09 0)
(-4.13259e-11 -1.13748e-09 0)
(-7.99703e-11 -1.14633e-09 0)
(-9.13913e-11 -1.12894e-09 0)
(-8.44438e-11 -1.10375e-09 0)
(-1.44366e-10 -2.7736e-09 0)
(1.39306e-11 -9.54177e-10 0)
(-8.51568e-11 -2.98032e-09 0)
(1.17107e-11 -1.09237e-09 0)
(-3.94098e-11 -1.05089e-09 0)
(-4.28003e-11 -1.00313e-09 0)
(0 0 0)
(0 0 0)
(0 0 0)
(0 0 0)
(0 0 0)
(0 0 0)
(0 0 0)
(0 0 0)
(0 0 0)
(0 0 0)
(0 0 0)
(0 0 0)
(0 0 0)
(0 0 0)
(0 0 0)
(0 0 0)
(0 0 0)
(0 0 0)
(0 0 0)
(0 0 0)
(0 0 0)
(0 0 0)
(0 0 0)
(0 0 0)
(0 0 0)
(0 0 0)
(0 0 0)
(0 0 0)
(0 0 0)
(0 0 0)
(0 0 0)
(0 0 0)
(0 0 0)
(0 0 0)
(0 0 0)
(0 0 0)
(0 0 0)
(0 0 0)
(-3.77508e-13 -1.10846e-09 0)
(-9.14817e-11 -2.48906e-09 0)
(-5.84952e-11 -4.81575e-10 0)
(-1.4277e-10 -2.33728e-09 0)
(-1.99048e-11 -1.10892e-09 0)
(-3.42467e-11 -1.36801e-09 0)
(0 0 0)
(2.42274e-11 -1.2221e-09 0)
(0 0 0)
(-1.4624e-11 -1.12201e-09 0)
(3.29564e-11 -1.45542e-09 0)
(0 0 0)
(-1.49499e-11 -1.17606e-09 0)
(-3.34946e-11 -1.03435e-09 0)
(-4.99836e-11 -1.0157e-09 0)
(-4.98608e-11 -1.14096e-09 0)
(4.85164e-11 -1.79082e-09 0)
(-9.86915e-12 -2.31194e-09 0)
(-3.68519e-11 -1.42039e-09 0)
(0 0 0)
(-3.31739e-11 -1.21837e-09 0)
(-4.88886e-11 -1.143e-09 0)
(-3.77578e-11 -1.07074e-09 0)
(-2.27579e-11 -1.13256e-09 0)
(9.63531e-12 -1.25567e-09 0)
(0 0 0)
(1.06714e-10 -1.2131e-09 0)
(0 0 0)
(0 0 0)
(-4.79377e-11 -1.16872e-09 0)
(-1.44511e-10 -1.19015e-09 0)
(-1.46007e-10 -1.22929e-09 0)
(-1.27373e-10 -1.31911e-09 0)
(0 0 0)
(-5.53084e-11 -1.23294e-09 0)
(4.02416e-11 -1.14249e-09 0)
(1.19179e-10 -2.776e-09 0)
(0 0 0)
(0 0 0)
(0 0 0)
(0 0 0)
(0 0 0)
(0 0 0)
(0 0 0)
(0 0 0)
(0 0 0)
(0 0 0)
(0 0 0)
(0 0 0)
(0 0 0)
(0 0 0)
(0 0 0)
(0 0 0)
(0 0 0)
(0 0 0)
(0 0 0)
(0 0 0)
(0 0 0)
(0 0 0)
(0 0 0)
(0 0 0)
(0 0 0)
(0 0 0)
(0 0 0)
(0 0 0)
(0 0 0)
(0 0 0)
(0 0 0)
(0 0 0)
(0 0 0)
(0 0 0)
(0 0 0)
(0 0 0)
(0 0 0)
(0 0 0)
(-6.64863e-11 -1.22703e-09 0)
(0 0 0)
(-6.22661e-11 -1.48421e-09 0)
(-9.11346e-11 -1.1206e-09 0)
(-5.05901e-11 -1.2055e-09 0)
(-1.30343e-11 -1.33855e-09 0)
(0 0 0)
(0 0 0)
(7.71963e-11 -1.14435e-09 0)
(-2.08839e-11 -1.24424e-09 0)
(0 0 0)
(8.68596e-11 -1.20542e-09 0)
(1.69807e-14 -1.17578e-09 0)
(0 0 0)
(-9.09509e-11 -1.10784e-09 0)
(-1.37945e-10 -2.55893e-09 0)
(-3.51039e-11 -1.06654e-09 0)
(-1.21842e-10 -1.1843e-09 0)
(-3.96538e-11 -1.24177e-09 0)
(1.47875e-10 -3.23308e-09 0)
(-4.06156e-11 -1.11101e-09 0)
(0 0 0)
(2.30446e-11 -1.04558e-09 0)
(4.24448e-12 -1.14365e-09 0)
(0 0 0)
(1.0969e-10 -1.09247e-09 0)
(7.89428e-11 -1.30365e-09 0)
(-1.55653e-11 -4.46598e-10 0)
(-1.15567e-10 -1.45848e-09 0)
(-6.8276e-11 -1.28588e-09 0)
(0 0 0)
(-6.64113e-11 -1.20314e-09 0)
(0 0 0)
(0 0 0)
(-1.42265e-11 -1.24875e-09 0)
(-3.47749e-11 -1.09788e-09 0)
(-2.4655e-11 -1.1155e-09 0)
(1.01909e-10 -1.17337e-09 0)
(5.43524e-11 -1.07541e-09 0)
(0 0 0)
(0 0 0)
(0 0 0)
(0 0 0)
(0 0 0)
(0 0 0)
(0 0 0)
(0 0 0)
(0 0 0)
(0 0 0)
(0 0 0)
(0 0 0)
(0 0 0)
(0 0 0)
(0 0 0)
(0 0 0)
(0 0 0)
(0 0 0)
(0 0 0)
(0 0 0)
(0 0 0)
(0 0 0)
(0 0 0)
(0 0 0)
(0 0 0)
(0 0 0)
(0 0 0)
(0 0 0)
(0 0 0)
(0 0 0)
(0 0 0)
(0 0 0)
(0 0 0)
(0 0 0)
(0 0 0)
(0 0 0)
(-3.09965e-12 -4.62732e-10 0)
(-2.01019e-12 -3.49932e-10 0)
(0 0 0)
(-4.30669e-11 -1.25175e-09 0)
(-5.78599e-11 -2.18157e-09 0)
(-2.67598e-11 -1.08371e-09 0)
(0 0 0)
(2.14965e-11 -1.19787e-09 0)
(2.85329e-11 -1.20769e-09 0)
(-1.61332e-11 -1.06762e-09 0)
(4.10334e-11 -1.09263e-09 0)
(-2.08272e-11 -1.2387e-09 0)
(0 0 0)
(-1.35453e-11 -1.15842e-09 0)
(0 0 0)
(-7.64679e-11 -1.16474e-09 0)
(-6.78177e-11 -1.3579e-09 0)
(0 0 0)
(-5.68612e-11 -1.36234e-09 0)
(2.4867e-11 -2.2262e-09 0)
(1.91699e-10 -3.07623e-09 0)
(8.0436e-11 -1.07483e-09 0)
(6.80356e-11 -1.07769e-09 0)
(4.17279e-11 -1.02204e-09 0)
(5.11468e-11 -9.51459e-10 0)
(3.91325e-11 -1.20975e-09 0)
(6.77753e-12 -1.57819e-09 0)
(0 0 0)
(-7.88681e-11 -8.95329e-10 0)
(0 0 0)
(-1.41148e-11 -1.16286e-09 0)
(-5.72229e-11 -1.17743e-09 0)
(0 0 0)
(2.50194e-12 -2.79598e-09 0)
(0 0 0)
(-1.55921e-12 -6.05544e-11 0)
(-7.13524e-11 -2.39058e-09 0)
(4.49385e-11 -1.0816e-09 0)
(-2.61911e-11 -1.0934e-09 0)
(1.95784e-12 -1.00684e-09 0)
(0 0 0)
(0 0 0)
(0 0 0)
(0 0 0)
(0 0 0)
(0 0 0)
(0 0 0)
(0 0 0)
(0 0 0)
(0 0 0)
(0 0 0)
(0 0 0)
(0 0 0)
(0 0 0)
(0 0 0)
(0 0 0)
(0 0 0)
(0 0 0)
(0 0 0)
(0 0 0)
(0 0 0)
(0 0 0)
(0 0 0)
(0 0 0)
(0 0 0)
(0 0 0)
(0 0 0)
(0 0 0)
(0 0 0)
(0 0 0)
(0 0 0)
(0 0 0)
(0 0 0)
(0 0 0)
(0 0 0)
(-6.82375e-11 -9.91459e-10 0)
(-7.20841e-11 -2.6538e-09 0)
(-1.85638e-11 -1.04531e-09 0)
(1.08883e-11 -3.66871e-09 0)
(1.12845e-11 -1.24022e-09 0)
(3.67941e-11 -1.13905e-09 0)
(2.68127e-11 -1.15182e-09 0)
(8.14146e-11 -1.26484e-09 0)
(2.89572e-11 -1.2092e-09 0)
(5.30275e-11 -1.07997e-09 0)
(6.51488e-11 -2.60048e-09 0)
(0 0 0)
(-1.34635e-11 -1.25108e-09 0)
(-2.21493e-11 -1.11007e-09 0)
(0 0 0)
(-6.0994e-11 -1.15312e-09 0)
(-5.48593e-11 -1.22092e-09 0)
(-5.91462e-12 -1.26672e-09 0)
(-2.35061e-11 -1.25605e-09 0)
(-3.54839e-11 -1.23176e-09 0)
(-1.06977e-11 -1.23688e-09 0)
(8.98348e-11 -1.22564e-09 0)
(7.17184e-11 -1.14062e-09 0)
(7.32232e-11 -2.58679e-09 0)
(3.6356e-11 -1.00646e-09 0)
(1.81505e-11 -1.07037e-09 0)
(5.83682e-11 -1.51486e-09 0)
(0 0 0)
(0 0 0)
(-2.50285e-11 -1.13933e-09 0)
(1.12278e-11 -1.87794e-09 0)
(4.2149e-12 -1.67563e-09 0)
(0 0 0)
(0 0 0)
(-1.18815e-11 -1.14987e-09 0)
(3.06509e-11 -2.59438e-09 0)
(-7.79608e-11 -1.08181e-09 0)
(-8.90892e-11 -1.09826e-09 0)
(-5.70774e-11 -1.0544e-09 0)
(0 0 0)
(0 0 0)
(0 0 0)
(0 0 0)
(0 0 0)
(0 0 0)
(0 0 0)
(0 0 0)
(0 0 0)
(0 0 0)
(0 0 0)
(0 0 0)
(0 0 0)
(0 0 0)
(0 0 0)
(0 0 0)
(0 0 0)
(0 0 0)
(0 0 0)
(0 0 0)
(0 0 0)
(0 0 0)
(0 0 0)
(0 0 0)
(0 0 0)
(0 0 0)
(0 0 0)
(0 0 0)
(0 0 0)
(0 0 0)
(0 0 0)
(0 0 0)
(0 0 0)
(0 0 0)
(0 0 0)
(0 0 0)
(-7.09848e-12 -1.24077e-09 0)
(1.18347e-12 -1.35448e-09 0)
(0 0 0)
(0 0 0)
(1.96836e-11 -1.20799e-09 0)
(6.86051e-11 -1.20336e-09 0)
(8.74855e-11 -2.3005e-09 0)
(2.27544e-12 -1.09755e-09 0)
(4.32511e-11 -2.52463e-09 0)
(4.15342e-11 -1.00504e-09 0)
(-2.65205e-11 -1.15505e-09 0)
(-2.69792e-11 -3.15545e-09 0)
(2.18689e-11 -1.10995e-09 0)
(-8.02509e-12 -2.40161e-09 0)
(-1.92903e-11 -1.13425e-09 0)
(0 0 0)
(-2.15074e-11 -1.12919e-09 0)
(-2.99423e-12 -1.21105e-09 0)
(-3.25229e-11 -1.23746e-09 0)
(-4.84141e-11 -1.23289e-09 0)
(-6.04013e-11 -1.24543e-09 0)
(1.3729e-11 -1.20991e-09 0)
(4.70965e-11 -1.17652e-09 0)
(3.16838e-11 -1.1422e-09 0)
(2.99957e-11 -1.12971e-09 0)
(2.92517e-11 -1.06473e-09 0)
(-4.43833e-11 -1.14995e-09 0)
(6.51926e-11 -1.34534e-09 0)
(2.52037e-11 -1.21877e-09 0)
(0 0 0)
(2.95466e-11 -1.10835e-09 0)
(-2.55346e-12 -1.14363e-09 0)
(3.47218e-11 -1.15225e-09 0)
(-1.23937e-11 -1.22193e-09 0)
(0 0 0)
(-4.69931e-11 -1.15814e-09 0)
(-4.80186e-11 -1.11705e-09 0)
(0 0 0)
(0 0 0)
(0 0 0)
(0 0 0)
(0 0 0)
(0 0 0)
(0 0 0)
(0 0 0)
(0 0 0)
(0 0 0)
(0 0 0)
(0 0 0)
(0 0 0)
(0 0 0)
(0 0 0)
(0 0 0)
(0 0 0)
(0 0 0)
(0 0 0)
(0 0 0)
(0 0 0)
(0 0 0)
(0 0 0)
(0 0 0)
(0 0 0)
(0 0 0)
(0 0 0)
(0 0 0)
(0 0 0)
(0 0 0)
(0 0 0)
(0 0 0)
(0 0 0)
(0 0 0)
(0 0 0)
(0 0 0)
(0 0 0)
(0 0 0)
(-1.96121e-11 -1.20132e-09 0)
(1.12666e-12 -1.15373e-09 0)
(1.96386e-12 -1.16509e-09 0)
(1.59384e-11 -2.359e-09 0)
(-2.52057e-11 -1.13137e-09 0)
(-3.6698e-11 -2.88526e-09 0)
(-1.34255e-11 -1.15445e-09 0)
(-2.65614e-11 -1.12593e-09 0)
(0 0 0)
(-2.72328e-11 -1.20758e-09 0)
(-4.70779e-11 -1.16738e-09 0)
(-1.41349e-10 -2.66161e-09 0)
(-7.04973e-11 -2.60016e-09 0)
(-3.18458e-11 -1.11882e-09 0)
(-2.09685e-11 -1.04894e-09 0)
(9.12392e-12 -1.08682e-09 0)
(2.04233e-11 -1.15812e-09 0)
(3.06534e-11 -1.19988e-09 0)
(-4.09095e-11 -1.20979e-09 0)
(-2.76103e-11 -1.24494e-09 0)
(-2.54963e-11 -1.2122e-09 0)
(5.04566e-12 -1.16341e-09 0)
(8.34781e-12 -1.19465e-09 0)
(6.39844e-13 -1.21313e-09 0)
(0 0 0)
(-7.85366e-11 -2.72009e-09 0)
(7.04768e-12 -1.16501e-09 0)
(7.20569e-11 -1.14034e-09 0)
(1.62428e-12 -1.13257e-09 0)
(1.91577e-10 -2.57427e-09 0)
(0 0 0)
(0 0 0)
(8.7504e-11 -1.09637e-09 0)
(-2.07888e-11 -1.17307e-09 0)
(-3.25042e-11 -1.85498e-09 0)
(-6.11863e-11 -1.83661e-09 0)
(-6.31156e-11 -1.0954e-09 0)
(-7.04537e-11 -2.46634e-09 0)
(0 0 0)
(0 0 0)
(0 0 0)
(0 0 0)
(0 0 0)
(0 0 0)
(0 0 0)
(0 0 0)
(0 0 0)
(0 0 0)
(0 0 0)
(0 0 0)
(0 0 0)
(0 0 0)
(0 0 0)
(0 0 0)
(0 0 0)
(0 0 0)
(0 0 0)
(0 0 0)
(0 0 0)
(0 0 0)
(0 0 0)
(0 0 0)
(0 0 0)
(0 0 0)
(0 0 0)
(0 0 0)
(0 0 0)
(0 0 0)
(0 0 0)
(0 0 0)
(0 0 0)
(0 0 0)
(0 0 0)
(0 0 0)
(0 0 0)
(-1.67791e-12 -1.10815e-09 0)
(-5.32494e-11 -1.16111e-09 0)
(-1.52869e-11 -1.07087e-09 0)
(1.05499e-11 -1.10565e-09 0)
(-3.0873e-11 -1.18803e-09 0)
(-3.2618e-11 -1.23769e-09 0)
(3.76129e-11 -1.21963e-09 0)
(0 0 0)
(-1.16431e-11 -1.17228e-09 0)
(-4.95229e-11 -2.52736e-09 0)
(-6.607e-11 -1.0758e-09 0)
(-5.11126e-11 -1.14849e-09 0)
(-6.93166e-11 -2.72118e-09 0)
(-4.67528e-11 -1.07201e-09 0)
(9.89455e-12 -1.09498e-09 0)
(1.04863e-11 -1.12431e-09 0)
(5.04191e-12 -1.15052e-09 0)
(-2.94044e-11 -2.85784e-09 0)
(-3.69217e-11 -1.11992e-09 0)
(-1.75128e-11 -1.27703e-09 0)
(0 0 0)
(3.69535e-11 -1.16742e-09 0)
(5.49231e-11 -1.15177e-09 0)
(8.2703e-11 -1.16392e-09 0)
(4.92411e-11 -1.18361e-09 0)
(-1.21924e-11 -1.16998e-09 0)
(2.07701e-11 -1.20476e-09 0)
(-6.26442e-12 -1.16898e-09 0)
(4.4749e-12 -1.19239e-09 0)
(0 0 0)
(1.20607e-10 -1.16029e-09 0)
(2.44837e-11 -2.38531e-09 0)
(3.75346e-11 -2.51433e-09 0)
(-7.58581e-11 -9.86499e-10 0)
(-3.35753e-12 -1.06062e-09 0)
(-8.85196e-11 -1.10452e-09 0)
(-7.63975e-11 -1.16876e-09 0)
(0 0 0)
(0 0 0)
(0 0 0)
(0 0 0)
(0 0 0)
(0 0 0)
(0 0 0)
(0 0 0)
(0 0 0)
(0 0 0)
(0 0 0)
(0 0 0)
(0 0 0)
(0 0 0)
(0 0 0)
(0 0 0)
(0 0 0)
(0 0 0)
(0 0 0)
(0 0 0)
(0 0 0)
(0 0 0)
(0 0 0)
(0 0 0)
(0 0 0)
(0 0 0)
(0 0 0)
(0 0 0)
(0 0 0)
(0 0 0)
(0 0 0)
(0 0 0)
(0 0 0)
(0 0 0)
(0 0 0)
(0 0 0)
(0 0 0)
(0 0 0)
(-5.3505e-12 -1.15719e-09 0)
(-1.41893e-12 -1.11899e-09 0)
(1.54539e-11 -1.13115e-09 0)
(3.20887e-11 -1.1467e-09 0)
(0 0 0)
(1.54607e-12 -1.07692e-09 0)
(0 0 0)
(2.77638e-11 -1.15546e-09 0)
(-2.55788e-11 -1.28476e-09 0)
(0 0 0)
(-4.21439e-11 -1.19483e-09 0)
(-1.33932e-10 -1.21559e-09 0)
(0 0 0)
(-8.43731e-11 -1.55316e-09 0)
(-1.07941e-10 -2.01244e-09 0)
(-3.98757e-11 -1.07207e-09 0)
(-8.25579e-11 -2.41748e-09 0)
(8.4822e-11 -2.49928e-09 0)
(-8.54201e-11 -2.65976e-09 0)
(0 0 0)
(3.34859e-11 -1.03339e-09 0)
(7.53507e-11 -1.12769e-09 0)
(5.88954e-11 -1.04896e-09 0)
(4.75265e-11 -1.17773e-09 0)
(4.24031e-11 -1.26381e-09 0)
(-2.20521e-12 -1.51106e-10 0)
(-2.70498e-11 -2.35153e-09 0)
(-3.40083e-11 -1.10341e-09 0)
(-2.31248e-11 -1.11518e-09 0)
(3.77413e-11 -2.47041e-09 0)
(1.02092e-10 -2.54833e-09 0)
(-4.14917e-11 -9.28771e-10 0)
(5.21219e-11 -2.40333e-09 0)
(-4.59381e-11 -1.05686e-09 0)
(0 0 0)
(0 0 0)
(0 0 0)
(0 0 0)
(0 0 0)
(0 0 0)
(0 0 0)
(0 0 0)
(0 0 0)
(0 0 0)
(0 0 0)
(0 0 0)
(0 0 0)
(0 0 0)
(0 0 0)
(0 0 0)
(0 0 0)
(0 0 0)
(0 0 0)
(0 0 0)
(0 0 0)
(0 0 0)
(0 0 0)
(0 0 0)
(0 0 0)
(0 0 0)
(0 0 0)
(0 0 0)
(0 0 0)
(0 0 0)
(0 0 0)
(0 0 0)
(0 0 0)
(0 0 0)
(0 0 0)
(0 0 0)
(0 0 0)
(0 0 0)
(0 0 0)
(0 0 0)
(0 0 0)
(1.10724e-12 -1.15194e-09 0)
(1.50259e-11 -1.09198e-09 0)
(-1.47674e-11 -1.16235e-09 0)
(1.70925e-11 -1.16441e-09 0)
(0 0 0)
(8.90931e-11 -2.50815e-09 0)
(1.98749e-11 -1.23087e-09 0)
(6.63703e-11 -1.16563e-09 0)
(-4.85291e-12 -1.18235e-09 0)
(0 0 0)
(2.51706e-11 -1.2857e-09 0)
(0 0 0)
(-7.60731e-11 -1.23657e-09 0)
(-6.82021e-11 -1.09639e-09 0)
(-8.41643e-11 -1.09613e-09 0)
(-1.88794e-10 -2.46415e-09 0)
(-7.92439e-11 -1.02961e-09 0)
(-7.20337e-11 -2.80981e-09 0)
(-2.53527e-11 -1.06802e-09 0)
(6.92007e-11 -2.47573e-09 0)
(1.45453e-11 -1.07094e-09 0)
(1.10794e-10 -2.07958e-09 0)
(7.11504e-11 -1.36726e-09 0)
(5.01911e-11 -1.16263e-09 0)
(1.8291e-11 -1.45676e-09 0)
(-9.69533e-13 -1.33413e-10 0)
(-1.01901e-11 -1.01203e-09 0)
(3.93208e-12 -1.06559e-09 0)
(-3.94859e-12 -1.14345e-09 0)
(1.16939e-11 -1.11228e-09 0)
(-1.01305e-10 -2.38507e-09 0)
(-2.96476e-11 -2.27233e-09 0)
(5.6626e-11 -2.41993e-09 0)
(1.17769e-11 -1.08094e-09 0)
(-3.38171e-11 -1.06857e-09 0)
(0 0 0)
(0 0 0)
(0 0 0)
(0 0 0)
(0 0 0)
(0 0 0)
(0 0 0)
(0 0 0)
(0 0 0)
(0 0 0)
(0 0 0)
(0 0 0)
(0 0 0)
(0 0 0)
(0 0 0)
(0 0 0)
(0 0 0)
(0 0 0)
(0 0 0)
(0 0 0)
(0 0 0)
(0 0 0)
(0 0 0)
(0 0 0)
(0 0 0)
(0 0 0)
(0 0 0)
(0 0 0)
(0 0 0)
(0 0 0)
(0 0 0)
(0 0 0)
(0 0 0)
(0 0 0)
(0 0 0)
(0 0 0)
(0 0 0)
(0 0 0)
(0 0 0)
(0 0 0)
(1.07319e-11 -3.92705e-10 0)
(9.7923e-12 -3.33911e-10 0)
(2.98483e-11 -1.16308e-09 0)
(5.70766e-11 -1.20407e-09 0)
(0 0 0)
(0 0 0)
(1.81781e-11 -5.07037e-10 0)
(-2.75857e-11 -1.91361e-09 0)
(-5.15538e-11 -1.038e-09 0)
(-6.862e-11 -1.07174e-09 0)
(-2.50777e-11 -1.44603e-09 0)
(0 0 0)
(-1.09113e-10 -2.66801e-09 0)
(-5.07645e-11 -9.95125e-10 0)
(-6.39553e-11 -1.13007e-09 0)
(0 0 0)
(-2.79682e-11 -1.06364e-09 0)
(-7.58578e-11 -1.29443e-09 0)
(0 0 0)
(1.63439e-11 -1.21901e-09 0)
(0 0 0)
(5.34433e-11 -1.12445e-09 0)
(1.58234e-10 -2.37541e-09 0)
(2.16222e-10 -2.41464e-09 0)
(3.26239e-14 -1.17081e-09 0)
(2.68843e-13 -1.29817e-09 0)
(0 0 0)
(5.42829e-12 -1.16856e-09 0)
(-1.52082e-11 -1.06891e-09 0)
(-1.09761e-10 -2.65255e-09 0)
(-5.31979e-12 -9.87082e-10 0)
(-2.20866e-11 -1.48772e-09 0)
(-4.51936e-11 -1.93171e-09 0)
(-1.47802e-11 -1.15061e-09 0)
(-3.30824e-11 -1.12132e-09 0)
(2.50002e-12 -1.13512e-09 0)
(0 0 0)
(0 0 0)
(0 0 0)
(0 0 0)
(0 0 0)
(0 0 0)
(0 0 0)
(0 0 0)
(0 0 0)
(0 0 0)
(0 0 0)
(0 0 0)
(0 0 0)
(0 0 0)
(0 0 0)
(0 0 0)
(0 0 0)
(0 0 0)
(0 0 0)
(0 0 0)
(0 0 0)
(0 0 0)
(0 0 0)
(0 0 0)
(0 0 0)
(0 0 0)
(0 0 0)
(0 0 0)
(0 0 0)
(0 0 0)
(0 0 0)
(0 0 0)
(0 0 0)
(0 0 0)
(0 0 0)
(0 0 0)
(0 0 0)
(0 0 0)
(0 0 0)
(4.73979e-11 -2.33258e-09 0)
(4.04576e-11 -1.08473e-09 0)
(5.90139e-11 -1.15757e-09 0)
(8.19047e-11 -1.18916e-09 0)
(8.49187e-11 -1.1206e-09 0)
(1.07232e-10 -1.20052e-09 0)
(9.34296e-11 -3.06724e-09 0)
(2.82315e-11 -1.2069e-09 0)
(-3.51847e-11 -1.09659e-09 0)
(0 0 0)
(-4.77017e-11 -1.19578e-09 0)
(0 0 0)
(2.71986e-11 -1.18925e-09 0)
(0 0 0)
(-6.22559e-11 -1.09885e-09 0)
(-4.08719e-11 -1.20734e-09 0)
(0 0 0)
(-6.9699e-11 -1.21585e-09 0)
(0 0 0)
(0 0 0)
(3.24536e-11 -2.54525e-09 0)
(-3.59523e-11 -2.34691e-09 0)
(-4.39446e-11 -2.26229e-09 0)
(-2.20666e-10 -2.33311e-09 0)
(-1.69446e-10 -2.95494e-09 0)
(1.25551e-12 -2.06922e-10 0)
(4.4555e-12 -8.82474e-10 0)
(3.10303e-12 -1.16357e-09 0)
(4.31863e-12 -2.29105e-09 0)
(-9.6119e-11 -1.03804e-09 0)
(-2.48681e-11 -1.03462e-09 0)
(-3.48478e-12 -1.16244e-09 0)
(-2.43113e-11 -1.22517e-09 0)
(-4.91915e-11 -1.26395e-09 0)
(-6.15369e-11 -1.18306e-09 0)
(0 0 0)
(0 0 0)
(0 0 0)
(0 0 0)
(0 0 0)
(0 0 0)
(0 0 0)
(0 0 0)
(0 0 0)
(0 0 0)
(0 0 0)
(0 0 0)
(0 0 0)
(0 0 0)
(0 0 0)
(0 0 0)
(0 0 0)
(0 0 0)
(0 0 0)
(0 0 0)
(0 0 0)
(0 0 0)
(0 0 0)
(0 0 0)
(0 0 0)
(0 0 0)
(0 0 0)
(0 0 0)
(0 0 0)
(0 0 0)
(0 0 0)
(0 0 0)
(0 0 0)
(0 0 0)
(0 0 0)
(0 0 0)
(0 0 0)
(0 0 0)
(0 0 0)
(0 0 0)
(7.21334e-11 -1.11066e-09 0)
(1.10903e-10 -1.1996e-09 0)
(6.99695e-11 -1.18359e-09 0)
(6.06063e-11 -1.16964e-09 0)
(5.33463e-11 -1.14926e-09 0)
(-2.303e-12 -1.14373e-09 0)
(-3.89749e-11 -1.28279e-09 0)
(7.77635e-11 -1.38178e-09 0)
(0 0 0)
(1.13587e-10 -1.11325e-09 0)
(-3.54298e-11 -1.26575e-09 0)
(6.89493e-12 -1.04325e-09 0)
(3.71736e-11 -1.12705e-09 0)
(0 0 0)
(-5.9562e-11 -1.17234e-09 0)
(-6.93911e-11 -1.21024e-09 0)
(-5.43996e-11 -1.19143e-09 0)
(-2.2137e-11 -1.23058e-09 0)
(0 0 0)
(-1.43525e-11 -1.19795e-09 0)
(-5.40052e-11 -2.36739e-09 0)
(-1.12004e-10 -2.17784e-09 0)
(-1.33794e-10 -2.38353e-09 0)
(-6.48634e-11 -1.08063e-09 0)
(-8.79927e-11 -1.16789e-09 0)
(5.10366e-11 -1.22894e-09 0)
(2.2058e-11 -1.15191e-09 0)
(2.97336e-11 -1.07859e-09 0)
(-5.5443e-11 -1.00722e-09 0)
(0 0 0)
(-9.63297e-11 -1.06354e-09 0)
(-6.03817e-11 -1.08873e-09 0)
(-9.40363e-11 -3.11717e-09 0)
(-3.27202e-11 -1.24358e-09 0)
(0 0 0)
(-2.57137e-11 -7.5145e-10 0)
(1.507e-10 -1.03813e-09 0)
(1.46611e-10 -1.09826e-09 0)
(0 0 0)
(0 0 0)
(0 0 0)
(0 0 0)
(0 0 0)
(0 0 0)
(0 0 0)
(0 0 0)
(0 0 0)
(0 0 0)
(0 0 0)
(0 0 0)
(0 0 0)
(0 0 0)
(0 0 0)
(0 0 0)
(0 0 0)
(0 0 0)
(0 0 0)
(0 0 0)
(0 0 0)
(0 0 0)
(0 0 0)
(0 0 0)
(0 0 0)
(0 0 0)
(0 0 0)
(0 0 0)
(0 0 0)
(0 0 0)
(0 0 0)
(0 0 0)
(0 0 0)
(0 0 0)
(0 0 0)
(0 0 0)
(0 0 0)
(5.87239e-11 -1.10188e-09 0)
(1.12019e-10 -2.62293e-09 0)
(4.83367e-11 -1.20099e-09 0)
(6.5806e-11 -1.21439e-09 0)
(6.4295e-11 -1.2073e-09 0)
(-5.26246e-11 -1.20454e-09 0)
(-4.73242e-11 -1.30235e-09 0)
(0 0 0)
(1.3851e-10 -1.18319e-09 0)
(1.30386e-10 -2.66237e-09 0)
(0 0 0)
(3.31206e-11 -1.03936e-09 0)
(5.60598e-11 -1.14897e-09 0)
(-3.19209e-11 -2.0113e-09 0)
(-1.09502e-11 -3.96344e-10 0)
(-2.33776e-11 -1.25046e-09 0)
(0 0 0)
(-1.93746e-11 -1.17892e-09 0)
(-1.10258e-10 -2.01884e-09 0)
(-9.9584e-11 -1.41326e-09 0)
(-8.53867e-11 -2.0237e-09 0)
(-9.84956e-11 -1.4409e-09 0)
(-8.94285e-11 -1.09993e-09 0)
(-6.32329e-11 -1.10947e-09 0)
(-5.19878e-11 -1.13148e-09 0)
(1.18572e-12 -1.19667e-09 0)
(-5.97964e-12 -2.59336e-09 0)
(2.72101e-11 -2.38362e-09 0)
(6.26933e-13 -5.59472e-10 0)
(7.06246e-14 -7.19379e-11 0)
(-2.00263e-11 -9.84369e-10 0)
(-3.76572e-11 -1.0315e-09 0)
(-2.08679e-12 -1.75649e-10 0)
(-8.4799e-12 -9.54556e-10 0)
(0 0 0)
(6.5212e-11 -1.18783e-09 0)
(1.15715e-10 -2.57222e-09 0)
(5.85027e-12 -1.11215e-09 0)
(0 0 0)
(0 0 0)
(0 0 0)
(0 0 0)
(0 0 0)
(0 0 0)
(0 0 0)
(0 0 0)
(0 0 0)
(0 0 0)
(0 0 0)
(0 0 0)
(0 0 0)
(0 0 0)
(0 0 0)
(0 0 0)
(0 0 0)
(0 0 0)
(0 0 0)
(0 0 0)
(0 0 0)
(0 0 0)
(0 0 0)
(0 0 0)
(0 0 0)
(0 0 0)
(0 0 0)
(0 0 0)
(0 0 0)
(0 0 0)
(0 0 0)
(0 0 0)
(0 0 0)
(0 0 0)
(0 0 0)
(0 0 0)
(0 0 0)
(4.2427e-11 -9.75692e-10 0)
(0 0 0)
(0 0 0)
(1.04184e-11 -1.12108e-09 0)
(-9.12903e-11 -3.3089e-09 0)
(-1.17678e-11 -4.68042e-10 0)
(-1.16313e-11 -4.17098e-10 0)
(-1.19506e-11 -1.18524e-09 0)
(5.88216e-11 -2.46069e-09 0)
(-4.24281e-11 -1.33991e-09 0)
(9.50659e-12 -1.04046e-09 0)
(-9.63868e-12 -9.89116e-10 0)
(-1.04405e-11 -2.80218e-09 0)
(2.70671e-11 -1.15151e-09 0)
(1.32092e-11 -1.06109e-09 0)
(-3.57299e-11 -1.09125e-09 0)
(0 0 0)
(-5.16942e-11 -2.55642e-09 0)
(-5.17217e-11 -1.13476e-09 0)
(-6.47764e-11 -1.15671e-09 0)
(-5.85576e-11 -1.2136e-09 0)
(-3.4882e-11 -1.23633e-09 0)
(0 0 0)
(-5.0604e-11 -1.15994e-09 0)
(-4.8424e-11 -1.22437e-09 0)
(0 0 0)
(-7.67197e-12 -1.17147e-09 0)
(-6.05718e-12 -1.14753e-09 0)
(1.48983e-11 -1.24747e-09 0)
(0 0 0)
(1.36191e-11 -1.17368e-09 0)
(2.528e-12 -1.21748e-09 0)
(0 0 0)
(0 0 0)
(5.34504e-11 -1.2316e-09 0)
(4.30676e-11 -1.28882e-09 0)
(-2.77901e-11 -1.11591e-09 0)
(0 0 0)
(7.1381e-11 -1.11216e-09 0)
(0 0 0)
(0 0 0)
(0 0 0)
(0 0 0)
(0 0 0)
(0 0 0)
(0 0 0)
(0 0 0)
(0 0 0)
(0 0 0)
(0 0 0)
(0 0 0)
(0 0 0)
(0 0 0)
(0 0 0)
(0 0 0)
(0 0 0)
(0 0 0)
(0 0 0)
(0 0 0)
(0 0 0)
(0 0 0)
(0 0 0)
(0 0 0)
(0 0 0)
(0 0 0)
(0 0 0)
(0 0 0)
(0 0 0)
(0 0 0)
(0 0 0)
(0 0 0)
(0 0 0)
(0 0 0)
(0 0 0)
(0 0 0)
(3.10292e-11 -1.11746e-09 0)
(9.25106e-11 -1.08529e-09 0)
(1.6379e-10 -2.80102e-09 0)
(-5.78587e-11 -1.26373e-09 0)
(0 0 0)
(6.30056e-11 -1.26359e-09 0)
(5.7288e-11 -1.21675e-09 0)
(-6.1278e-11 -2.53778e-09 0)
(-4.29602e-11 -1.10732e-09 0)
(-1.4411e-10 -1.64618e-09 0)
(-1.65457e-10 -2.05099e-09 0)
(-5.93104e-11 -2.36546e-09 0)
(-6.07601e-11 -1.07652e-09 0)
(0 0 0)
(5.40055e-11 -1.12412e-09 0)
(0 0 0)
(1.05709e-11 -1.14518e-09 0)
(0 0 0)
(2.33359e-11 -1.18833e-09 0)
(8.14168e-12 -1.21317e-09 0)
(0 0 0)
(-4.33309e-11 -1.23003e-09 0)
(-5.47951e-12 -2.5766e-10 0)
(-1.59894e-11 -7.00985e-10 0)
(0 0 0)
(1.27162e-11 -1.22881e-09 0)
(-1.13603e-11 -1.25405e-09 0)
(3.10016e-11 -1.19189e-09 0)
(1.48791e-11 -1.19427e-09 0)
(-9.49591e-13 -4.33381e-10 0)
(-1.10049e-12 -4.27584e-10 0)
(2.12775e-11 -1.215e-09 0)
(6.84587e-12 -1.25635e-09 0)
(1.02942e-11 -1.27579e-09 0)
(5.47786e-12 -5.46453e-10 0)
(3.42433e-11 -1.19369e-09 0)
(2.50396e-11 -1.3632e-09 0)
(3.73829e-12 -1.06218e-09 0)
(-4.71303e-11 -9.65884e-10 0)
(0 0 0)
(0 0 0)
(0 0 0)
(0 0 0)
(0 0 0)
(0 0 0)
(0 0 0)
(0 0 0)
(0 0 0)
(0 0 0)
(0 0 0)
(0 0 0)
(0 0 0)
(0 0 0)
(0 0 0)
(0 0 0)
(0 0 0)
(0 0 0)
(0 0 0)
(0 0 0)
(0 0 0)
(0 0 0)
(0 0 0)
(0 0 0)
(0 0 0)
(0 0 0)
(0 0 0)
(0 0 0)
(0 0 0)
(0 0 0)
(0 0 0)
(0 0 0)
(0 0 0)
(0 0 0)
(0 0 0)
(0 0 0)
(3.84088e-11 -9.35e-10 0)
(8.93641e-11 -9.98574e-10 0)
(5.95441e-11 -4.55441e-09 0)
(1.06853e-11 -1.14023e-09 0)
(3.89995e-11 -1.15535e-09 0)
(7.76091e-11 -1.26948e-09 0)
(-8.67292e-11 -2.61415e-09 0)
(-1.09148e-10 -2.42225e-09 0)
(-1.90618e-10 -2.36079e-09 0)
(0 0 0)
(-6.40584e-11 -1.23831e-09 0)
(1.25852e-11 -1.00087e-09 0)
(-6.11516e-11 -1.14734e-09 0)
(0 0 0)
(1.92585e-10 -2.48518e-09 0)
(9.16462e-11 -1.0708e-09 0)
(0 0 0)
(5.1028e-11 -1.1307e-09 0)
(0 0 0)
(1.71932e-11 -1.11836e-09 0)
(3.789e-11 -1.36253e-09 0)
(0 0 0)
(-1.30001e-11 -1.23147e-09 0)
(0 0 0)
(-1.71186e-11 -1.19141e-09 0)
(-4.36682e-12 -1.2127e-09 0)
(7.36855e-12 -1.23217e-09 0)
(3.40857e-12 -1.77823e-10 0)
(1.81313e-11 -8.47696e-10 0)
(1.76071e-11 -1.22158e-09 0)
(4.32056e-11 -1.17397e-09 0)
(-7.9258e-12 -1.19581e-09 0)
(-4.14138e-11 -1.16987e-09 0)
(-4.33392e-11 -1.2034e-09 0)
(-2.26304e-11 -1.16224e-09 0)
(-4.54436e-11 -1.18816e-09 0)
(-5.43139e-11 -1.14321e-09 0)
(-4.92189e-11 -2.0656e-09 0)
(-6.6286e-12 -2.67095e-10 0)
(0 0 0)
(0 0 0)
(0 0 0)
(0 0 0)
(0 0 0)
(0 0 0)
(0 0 0)
(0 0 0)
(0 0 0)
(0 0 0)
(0 0 0)
(0 0 0)
(0 0 0)
(0 0 0)
(0 0 0)
(0 0 0)
(0 0 0)
(0 0 0)
(0 0 0)
(0 0 0)
(0 0 0)
(0 0 0)
(0 0 0)
(0 0 0)
(0 0 0)
(0 0 0)
(0 0 0)
(0 0 0)
(0 0 0)
(0 0 0)
(0 0 0)
(0 0 0)
(0 0 0)
(0 0 0)
(0 0 0)
(0 0 0)
(7.62318e-12 -8.60851e-10 0)
(-1.40385e-10 -2.41721e-09 0)
(-9.64949e-11 -1.31438e-09 0)
(1.11456e-10 -2.32067e-09 0)
(1.72614e-10 -2.4028e-09 0)
(6.22042e-11 -4.65267e-09 0)
(-2.60976e-11 -1.04067e-09 0)
(-2.21625e-11 -9.60542e-10 0)
(0 0 0)
(-5.7256e-11 -1.21956e-09 0)
(0 0 0)
(-8.33244e-12 -4.46542e-10 0)
(-6.30377e-12 -3.30086e-10 0)
(4.47933e-12 -7.61138e-11 0)
(1.47078e-10 -2.17809e-09 0)
(6.59186e-11 -1.06771e-09 0)
(2.79713e-11 -2.49208e-09 0)
(-4.29102e-11 -9.67293e-10 0)
(8.94817e-11 -2.53992e-09 0)
(0 0 0)
(-1.35989e-10 -3.03745e-09 0)
(0 0 0)
(-1.15073e-11 -1.11977e-09 0)
(8.12039e-12 -1.24265e-09 0)
(0 0 0)
(1.80752e-11 -1.21489e-09 0)
(4.47453e-11 -1.11073e-09 0)
(0 0 0)
(5.33107e-11 -1.19841e-09 0)
(1.03795e-11 -1.15826e-09 0)
(1.27316e-10 -2.62181e-09 0)
(3.25346e-11 -1.18861e-09 0)
(-7.30179e-11 -1.22818e-09 0)
(-5.22286e-11 -1.16663e-09 0)
(-3.05763e-11 -1.13217e-09 0)
(-2.31102e-11 -1.13305e-09 0)
(-3.61997e-11 -1.2344e-09 0)
(-1.60983e-11 -1.03687e-09 0)
(0 0 0)
(0 0 0)
(0 0 0)
(0 0 0)
(0 0 0)
(0 0 0)
(0 0 0)
(0 0 0)
(0 0 0)
(0 0 0)
(0 0 0)
(0 0 0)
(0 0 0)
(0 0 0)
(0 0 0)
(0 0 0)
(0 0 0)
(0 0 0)
(0 0 0)
(0 0 0)
(0 0 0)
(0 0 0)
(0 0 0)
(0 0 0)
(0 0 0)
(0 0 0)
(0 0 0)
(0 0 0)
(0 0 0)
(0 0 0)
(0 0 0)
(0 0 0)
(0 0 0)
(0 0 0)
(0 0 0)
(0 0 0)
(0 0 0)
(-3.61233e-12 -1.10189e-09 0)
(0 0 0)
(0 0 0)
(4.53162e-11 -1.09765e-09 0)
(-7.22861e-11 -2.82825e-09 0)
(-1.50823e-10 -2.76306e-09 0)
(-2.90511e-11 -2.35911e-09 0)
(5.541e-11 -9.68334e-10 0)
(5.16806e-11 -1.1955e-09 0)
(0 0 0)
(0 0 0)
(-9.76395e-12 -1.17597e-09 0)
(-2.54915e-11 -9.61274e-10 0)
(1.11023e-10 -2.35545e-09 0)
(2.80387e-11 -1.07727e-09 0)
(8.1607e-11 -1.18027e-09 0)
(-1.14896e-11 -1.34859e-09 0)
(-2.34281e-12 -1.15295e-09 0)
(9.92937e-12 -1.16522e-09 0)
(-6.20126e-13 -1.15229e-09 0)
(0 0 0)
(1.89069e-10 -1.2362e-09 0)
(1.06744e-10 -1.16858e-09 0)
(5.68362e-11 -1.10484e-09 0)
(2.23534e-11 -1.09096e-09 0)
(5.53862e-11 -1.02712e-09 0)
(3.56435e-11 -9.7121e-10 0)
(2.72209e-11 -1.02714e-09 0)
(1.66129e-10 -2.55539e-09 0)
(-7.25212e-12 -1.10673e-09 0)
(-7.22148e-12 -1.11164e-09 0)
(4.09224e-13 -3.11293e-09 0)
(7.72732e-12 -3.46796e-10 0)
(1.21087e-11 -5.2064e-10 0)
(1.79354e-11 -1.11393e-09 0)
(-2.02998e-11 -1.1732e-09 0)
(0 0 0)
(0 0 0)
(0 0 0)
(0 0 0)
(0 0 0)
(0 0 0)
(0 0 0)
(0 0 0)
(0 0 0)
(0 0 0)
(0 0 0)
(0 0 0)
(0 0 0)
(0 0 0)
(0 0 0)
(0 0 0)
(0 0 0)
(0 0 0)
(0 0 0)
(0 0 0)
(0 0 0)
(0 0 0)
(0 0 0)
(0 0 0)
(0 0 0)
(0 0 0)
(0 0 0)
(0 0 0)
(0 0 0)
(0 0 0)
(0 0 0)
(0 0 0)
(0 0 0)
(0 0 0)
(0 0 0)
(0 0 0)
(0 0 0)
(0 0 0)
(0 0 0)
(-7.76085e-11 -1.09145e-09 0)
(-2.46041e-11 -2.37785e-09 0)
(-3.71348e-11 -1.1075e-09 0)
(-1.28374e-10 -1.15999e-09 0)
(-1.77105e-10 -1.24342e-09 0)
(-1.33581e-10 -1.27555e-09 0)
(-7.7489e-11 -1.20445e-09 0)
(6.63011e-11 -1.15057e-09 0)
(6.41356e-11 -1.0849e-09 0)
(1.17415e-10 -2.64798e-09 0)
(6.88004e-12 -2.51142e-09 0)
(-9.16768e-11 -2.26834e-09 0)
(0 0 0)
(0 0 0)
(8.58761e-12 -1.27782e-09 0)
(5.18682e-11 -1.42329e-09 0)
(0 0 0)
(8.66746e-11 -1.14574e-09 0)
(0 0 0)
(2.28314e-11 -1.16987e-09 0)
(1.244e-10 -1.23726e-09 0)
(6.36171e-11 -1.19208e-09 0)
(1.74531e-10 -2.70829e-09 0)
(1.0386e-11 -2.25711e-09 0)
(-5.5855e-11 -2.0691e-09 0)
(2.06056e-11 -2.33619e-09 0)
(1.45208e-12 -9.96648e-10 0)
(4.99202e-12 -9.92805e-10 0)
(6.03318e-11 -2.80614e-09 0)
(3.11923e-11 -1.27582e-09 0)
(-9.22152e-12 -1.36045e-09 0)
(0 0 0)
(1.34821e-10 -1.22275e-09 0)
(4.97825e-11 -1.17236e-09 0)
(8.46154e-12 -1.23699e-09 0)
(0 0 0)
(-1.04642e-11 -1.13018e-09 0)
(0 0 0)
(0 0 0)
(0 0 0)
(0 0 0)
(0 0 0)
(0 0 0)
(0 0 0)
(0 0 0)
(0 0 0)
(0 0 0)
(0 0 0)
(0 0 0)
(0 0 0)
(0 0 0)
(0 0 0)
(0 0 0)
(0 0 0)
(0 0 0)
(0 0 0)
(0 0 0)
(0 0 0)
(0 0 0)
(0 0 0)
(0 0 0)
(0 0 0)
(0 0 0)
(0 0 0)
(0 0 0)
(0 0 0)
(0 0 0)
(0 0 0)
(0 0 0)
(0 0 0)
(0 0 0)
(0 0 0)
(0 0 0)
(0 0 0)
(0 0 0)
(-1.27208e-10 -1.54961e-09 0)
(-1.51483e-10 -2.10341e-09 0)
(-1.12843e-10 -2.21074e-09 0)
(-1.92657e-11 -1.14696e-09 0)
(-2.2274e-11 -1.14288e-09 0)
(6.53131e-12 -1.14187e-09 0)
(0 0 0)
(5.59057e-11 -1.20711e-09 0)
(-1.32726e-10 -2.01564e-09 0)
(-2.65935e-11 -2.10332e-09 0)
(9.02558e-11 -2.83454e-09 0)
(4.37068e-11 -2.30157e-09 0)
(2.16566e-11 -8.74324e-10 0)
(3.10367e-11 -1.00183e-09 0)
(1.18204e-11 -1.06893e-09 0)
(5.91472e-11 -1.24508e-09 0)
(1.8592e-10 -1.21717e-09 0)
(1.29824e-10 -1.17814e-09 0)
(0 0 0)
(5.80938e-11 -1.11583e-09 0)
(5.63364e-11 -1.15397e-09 0)
(7.28284e-11 -1.24891e-09 0)
(0 0 0)
(6.89942e-11 -1.16063e-09 0)
(4.12064e-11 -1.09339e-09 0)
(1.04703e-10 -2.42029e-09 0)
(6.27745e-11 -1.05803e-09 0)
(-1.06874e-11 -1.07577e-09 0)
(5.97905e-14 -5.68455e-11 0)
(3.75447e-12 -1.06205e-09 0)
(1.65343e-11 -1.18468e-09 0)
(1.12402e-10 -1.28089e-09 0)
(7.90843e-11 -1.39683e-09 0)
(-8.38417e-13 -6.42761e-10 0)
(5.4048e-14 -5.41926e-11 0)
(-2.04153e-11 -2.35563e-09 0)
(1.124e-12 -1.00643e-09 0)
(0 0 0)
(0 0 0)
(0 0 0)
(0 0 0)
(0 0 0)
(0 0 0)
(0 0 0)
(0 0 0)
(0 0 0)
(0 0 0)
(0 0 0)
(0 0 0)
(0 0 0)
(0 0 0)
(0 0 0)
(0 0 0)
(0 0 0)
(0 0 0)
(0 0 0)
(0 0 0)
(0 0 0)
(0 0 0)
(0 0 0)
(0 0 0)
(0 0 0)
(0 0 0)
(0 0 0)
(0 0 0)
(0 0 0)
(0 0 0)
(0 0 0)
(0 0 0)
(0 0 0)
(0 0 0)
(0 0 0)
(0 0 0)
(0 0 0)
(0 0 0)
(0 0 0)
(0 0 0)
(-2.75651e-11 -1.20935e-09 0)
(-1.7859e-10 -1.11815e-09 0)
(0 0 0)
(-3.74468e-11 -1.13828e-09 0)
(0 0 0)
(-2.95662e-10 -5.08127e-09 0)
(-2.04869e-11 -1.18228e-09 0)
(0 0 0)
(0 0 0)
(4.23019e-11 -1.17496e-09 0)
(9.53967e-11 -2.38092e-09 0)
(6.33229e-11 -1.03646e-09 0)
(0 0 0)
(6.85157e-11 -1.16323e-09 0)
(9.41702e-11 -1.18755e-09 0)
(1.30641e-10 -2.56361e-09 0)
(8.35031e-11 -1.0631e-09 0)
(3.03772e-11 -1.08791e-09 0)
(7.76814e-11 -1.16186e-09 0)
(9.60179e-11 -2.03766e-09 0)
(8.35112e-11 -1.41055e-09 0)
(1.19933e-11 -2.44822e-09 0)
(4.23532e-11 -1.63253e-09 0)
(-3.75764e-11 -1.54475e-09 0)
(5.78252e-11 -4.01439e-09 0)
(-1.78461e-11 -9.38234e-10 0)
(0 0 0)
(0 0 0)
(4.62041e-11 -1.08718e-09 0)
(5.72913e-11 -1.15321e-09 0)
(7.73605e-11 -1.49092e-09 0)
(0 0 0)
(2.29495e-11 -1.19112e-09 0)
(0 0 0)
(0 0 0)
(-5.29258e-14 -1.59189e-10 0)
(1.7549e-11 -2.08287e-09 0)
(-1.50575e-11 -1.00822e-09 0)
(0 0 0)
(0 0 0)
(0 0 0)
(0 0 0)
(0 0 0)
(0 0 0)
(0 0 0)
(0 0 0)
(0 0 0)
(0 0 0)
(0 0 0)
(0 0 0)
(0 0 0)
(0 0 0)
(0 0 0)
(0 0 0)
(0 0 0)
(0 0 0)
(0 0 0)
(0 0 0)
(0 0 0)
(0 0 0)
(0 0 0)
(0 0 0)
(0 0 0)
(0 0 0)
(0 0 0)
(0 0 0)
(0 0 0)
(0 0 0)
(0 0 0)
(0 0 0)
(0 0 0)
(0 0 0)
(0 0 0)
(-2.28674e-11 -1.35019e-09 0)
(-8.48511e-11 -2.63759e-09 0)
(-4.44798e-11 -1.21435e-09 0)
(0 0 0)
(-5.68386e-11 -1.11924e-09 0)
(-1.71166e-10 -2.48813e-09 0)
(-1.6094e-10 -2.50229e-09 0)
(0 0 0)
(-2.2954e-11 -1.15455e-09 0)
(2.8404e-11 -1.30836e-09 0)
(0 0 0)
(7.93894e-11 -1.1886e-09 0)
(0 0 0)
(0 0 0)
(5.25644e-11 -2.14656e-09 0)
(5.33578e-11 -1.55578e-09 0)
(3.11316e-11 -1.11686e-09 0)
(4.5347e-11 -1.08978e-09 0)
(9.41535e-11 -2.56165e-09 0)
(3.50138e-13 -1.04108e-09 0)
(6.0296e-11 -1.13126e-09 0)
(2.93372e-11 -1.17572e-09 0)
(-3.61558e-11 -1.14054e-09 0)
(-4.79641e-11 -1.10023e-09 0)
(-4.05408e-11 -1.09768e-09 0)
(0 0 0)
(2.3813e-11 -1.11843e-09 0)
(2.51469e-11 -1.03433e-09 0)
(6.34088e-11 -1.12921e-09 0)
(3.84284e-13 -1.39483e-10 0)
(2.02882e-11 -2.17902e-09 0)
(8.42336e-11 -1.11276e-09 0)
(1.3345e-11 -1.24694e-09 0)
(1.8502e-11 -3.34245e-10 0)
(3.70288e-11 -6.61584e-10 0)
(0 0 0)
(-4.5535e-12 -1.18366e-09 0)
(-6.84357e-11 -2.50656e-09 0)
(-8.15447e-11 -2.41005e-09 0)
(0 0 0)
(0 0 0)
(0 0 0)
(0 0 0)
(0 0 0)
(0 0 0)
(0 0 0)
(0 0 0)
(0 0 0)
(0 0 0)
(0 0 0)
(0 0 0)
(0 0 0)
(0 0 0)
(0 0 0)
(0 0 0)
(0 0 0)
(0 0 0)
(0 0 0)
(0 0 0)
(0 0 0)
(0 0 0)
(0 0 0)
(0 0 0)
(0 0 0)
(0 0 0)
(0 0 0)
(0 0 0)
(0 0 0)
(0 0 0)
(0 0 0)
(0 0 0)
(0 0 0)
(0 0 0)
(0 0 0)
(0 0 0)
(-8.09344e-11 -1.13147e-09 0)
(-6.03397e-11 -1.17887e-09 0)
(-1.15522e-11 -1.09056e-09 0)
(-8.37376e-11 -1.16031e-09 0)
(0 0 0)
(-1.40957e-10 -1.94326e-09 0)
(-2.95945e-12 -1.48772e-10 0)
(-4.52371e-11 -1.13254e-09 0)
(0 0 0)
(3.35836e-11 -1.16606e-09 0)
(1.00034e-10 -1.21815e-09 0)
(9.12919e-11 -1.19495e-09 0)
(1.45199e-10 -1.2722e-09 0)
(0 0 0)
(-1.26702e-11 -1.28261e-09 0)
(6.71803e-13 -2.60115e-11 0)
(3.37211e-11 -1.30223e-09 0)
(2.89759e-11 -2.09836e-09 0)
(1.01234e-10 -2.36948e-09 0)
(7.85942e-11 -9.4705e-10 0)
(1.83246e-10 -2.67205e-09 0)
(9.10138e-11 -1.03652e-09 0)
(6.0045e-11 -1.16521e-09 0)
(-1.59297e-10 -2.76249e-09 0)
(-4.2431e-11 -1.06668e-09 0)
(-1.87938e-11 -1.13967e-09 0)
(-2.58578e-13 -3.40382e-10 0)
(1.243e-13 -5.44538e-10 0)
(2.00879e-11 -1.13078e-09 0)
(0 0 0)
(1.26019e-11 -2.6017e-09 0)
(6.33899e-11 -9.81459e-10 0)
(7.8495e-11 -1.15896e-09 0)
(4.35205e-11 -1.20957e-09 0)
(2.74458e-11 -1.21273e-09 0)
(-1.79957e-11 -1.17632e-09 0)
(0 0 0)
(0 0 0)
(0 0 0)
(0 0 0)
(0 0 0)
(0 0 0)
(0 0 0)
(0 0 0)
(0 0 0)
(0 0 0)
(0 0 0)
(0 0 0)
(0 0 0)
(0 0 0)
(0 0 0)
(0 0 0)
(0 0 0)
(0 0 0)
(0 0 0)
(0 0 0)
(0 0 0)
(0 0 0)
(0 0 0)
(0 0 0)
(0 0 0)
(0 0 0)
(0 0 0)
(0 0 0)
(0 0 0)
(0 0 0)
(0 0 0)
(0 0 0)
(0 0 0)
(0 0 0)
(0 0 0)
(0 0 0)
(0 0 0)
(0 0 0)
(0 0 0)
(-5.46869e-12 -2.26316e-10 0)
(-2.07453e-11 -7.48187e-10 0)
(-7.32013e-11 -1.80906e-09 0)
(-7.68824e-11 -9.81898e-10 0)
(-1.56952e-10 -2.23678e-09 0)
(-1.01486e-10 -1.09084e-09 0)
(-7.23718e-11 -1.22196e-09 0)
(0 0 0)
(3.95206e-12 -2.5042e-09 0)
(6.80961e-11 -1.15251e-09 0)
(1.11797e-10 -1.18757e-09 0)
(1.14338e-10 -1.19264e-09 0)
(0 0 0)
(3.02603e-11 -1.34067e-09 0)
(-5.76368e-11 -1.27498e-09 0)
(-9.78953e-11 -2.35287e-09 0)
(-1.66094e-10 -2.14793e-09 0)
(-8.5831e-11 -8.343e-10 0)
(9.42814e-11 -2.19518e-09 0)
(3.25957e-11 -2.3595e-09 0)
(5.16852e-11 -9.63221e-10 0)
(1.06446e-10 -2.87751e-09 0)
(-5.61503e-11 -1.39817e-09 0)
(0 0 0)
(-4.47485e-11 -1.06787e-09 0)
(-7.31588e-13 -1.08356e-09 0)
(1.46711e-11 -1.1322e-09 0)
(4.97701e-11 -1.15879e-09 0)
(6.84599e-11 -1.14168e-09 0)
(9.61084e-11 -2.60439e-09 0)
(0 0 0)
(2.03747e-10 -2.48646e-09 0)
(6.06048e-11 -1.20866e-09 0)
(4.40867e-11 -1.19271e-09 0)
(-3.47263e-11 -1.07585e-09 0)
(-5.78093e-11 -9.72203e-10 0)
(1.57298e-11 -1.14974e-09 0)
(0 0 0)
(0 0 0)
(0 0 0)
(0 0 0)
(0 0 0)
(0 0 0)
(0 0 0)
(0 0 0)
(0 0 0)
(0 0 0)
(0 0 0)
(0 0 0)
(0 0 0)
(0 0 0)
(0 0 0)
(0 0 0)
(0 0 0)
(0 0 0)
(0 0 0)
(0 0 0)
(0 0 0)
(0 0 0)
(0 0 0)
(0 0 0)
(0 0 0)
(0 0 0)
(0 0 0)
(0 0 0)
(0 0 0)
(0 0 0)
(0 0 0)
(0 0 0)
(0 0 0)
(0 0 0)
(0 0 0)
(0 0 0)
(0 0 0)
(0 0 0)
(7.17108e-12 -2.65643e-09 0)
(0 0 0)
(-1.94618e-10 -3.21239e-09 0)
(-4.17702e-11 -1.16018e-09 0)
(-1.69534e-10 -1.01401e-09 0)
(0 0 0)
(-3.6743e-11 -1.21308e-09 0)
(2.15146e-11 -1.20163e-09 0)
(0 0 0)
(5.59067e-11 -1.20515e-09 0)
(6.85445e-11 -1.14171e-09 0)
(-5.56655e-12 -1.12499e-09 0)
(2.11307e-10 -3.01317e-09 0)
(-1.37071e-10 -3.17761e-09 0)
(-8.34703e-11 -1.96521e-09 0)
(-9.31154e-11 -1.30835e-09 0)
(-8.86701e-11 -2.08927e-09 0)
(-8.72913e-14 -8.58944e-10 0)
(5.02604e-12 -2.29412e-09 0)
(3.0541e-11 -9.18741e-10 0)
(2.16021e-11 -1.01136e-09 0)
(-4.30296e-11 -1.19971e-09 0)
(1.78261e-11 -1.40321e-09 0)
(6.14768e-11 -1.2522e-09 0)
(3.80117e-11 -1.10825e-09 0)
(3.32034e-11 -1.1258e-09 0)
(4.98951e-11 -1.09573e-09 0)
(4.89174e-11 -1.11099e-09 0)
(4.92679e-11 -1.08035e-09 0)
(0 0 0)
(8.34554e-11 -1.21456e-09 0)
(7.54423e-11 -1.22586e-09 0)
(-3.00559e-11 -2.7911e-09 0)
(1.92054e-11 -3.03056e-09 0)
(6.47626e-11 -1.09394e-09 0)
(0 0 0)
(0 0 0)
(0 0 0)
(0 0 0)
(0 0 0)
(0 0 0)
(0 0 0)
(0 0 0)
(0 0 0)
(0 0 0)
(0 0 0)
(0 0 0)
(0 0 0)
(0 0 0)
(0 0 0)
(0 0 0)
(0 0 0)
(0 0 0)
(0 0 0)
(0 0 0)
(0 0 0)
(0 0 0)
(0 0 0)
(0 0 0)
(0 0 0)
(0 0 0)
(0 0 0)
(0 0 0)
(0 0 0)
(0 0 0)
(0 0 0)
(0 0 0)
(0 0 0)
(0 0 0)
(0 0 0)
(0 0 0)
(0 0 0)
(0 0 0)
(0 0 0)
(0 0 0)
(0 0 0)
(-8.04099e-11 -1.25741e-09 0)
(-8.91296e-11 -1.14656e-09 0)
(-1.17437e-11 -1.22621e-09 0)
(0 0 0)
(-6.15514e-12 -1.05123e-09 0)
(2.0713e-12 -1.07767e-09 0)
(3.16323e-11 -1.19253e-09 0)
(1.88117e-11 -1.13023e-09 0)
(3.92751e-13 -1.14138e-09 0)
(-9.16669e-12 -1.18724e-09 0)
(-3.95932e-11 -1.20583e-09 0)
(-9.42212e-11 -1.26529e-09 0)
(0 0 0)
(0 0 0)
(0 0 0)
(0 0 0)
(4.04157e-11 -1.00902e-09 0)
(-1.07195e-10 -1.48567e-09 0)
(-2.18078e-11 -1.5006e-09 0)
(-8.05579e-11 -2.31983e-09 0)
(-2.58401e-11 -1.23413e-09 0)
(1.82904e-11 -2.69652e-09 0)
(1.08701e-10 -1.13852e-09 0)
(7.18249e-11 -1.11501e-09 0)
(5.1618e-11 -1.10569e-09 0)
(7.15505e-11 -1.09553e-09 0)
(5.58181e-11 -2.64542e-09 0)
(1.88615e-11 -1.10792e-09 0)
(0 0 0)
(-2.89179e-11 -1.05522e-09 0)
(-5.08639e-11 -3.00282e-09 0)
(-9.39724e-12 -1.17572e-09 0)
(-5.9342e-11 -1.14813e-09 0)
(4.35616e-11 -1.08027e-09 0)
(4.57426e-11 -1.05379e-09 0)
(0 0 0)
(0 0 0)
(0 0 0)
(0 0 0)
(0 0 0)
(0 0 0)
(0 0 0)
(0 0 0)
(0 0 0)
(0 0 0)
(0 0 0)
(0 0 0)
(0 0 0)
(0 0 0)
(0 0 0)
(0 0 0)
(0 0 0)
(0 0 0)
(0 0 0)
(0 0 0)
(0 0 0)
(0 0 0)
(0 0 0)
(0 0 0)
(0 0 0)
(0 0 0)
(0 0 0)
(0 0 0)
(0 0 0)
(0 0 0)
(0 0 0)
(0 0 0)
(0 0 0)
(0 0 0)
(0 0 0)
(0 0 0)
(0 0 0)
(0 0 0)
(0 0 0)
(-3.24052e-11 -2.67797e-09 0)
(-6.96878e-11 -1.19431e-09 0)
(-7.73331e-11 -1.06643e-09 0)
(-3.17901e-12 -1.16201e-09 0)
(0 0 0)
(-3.06428e-11 -1.18036e-09 0)
(-2.7813e-12 -1.1694e-09 0)
(5.09879e-11 -2.5915e-09 0)
(9.10925e-12 -1.11189e-09 0)
(0 0 0)
(0 0 0)
(0 0 0)
(-4.91139e-11 -1.36038e-09 0)
(7.94848e-12 -1.36226e-09 0)
(4.85425e-11 -1.28325e-09 0)
(-9.1434e-12 -1.09747e-09 0)
(-5.87319e-11 -2.54166e-09 0)
(-9.35607e-11 -2.28501e-09 0)
(0 0 0)
(-1.01041e-10 -1.09577e-09 0)
(-4.55692e-11 -1.15837e-09 0)
(-5.70114e-11 -1.21493e-09 0)
(-6.18713e-11 -1.1652e-09 0)
(5.25473e-11 -2.73667e-09 0)
(2.52073e-11 -1.04166e-09 0)
(5.00071e-11 -1.07029e-09 0)
(5.04187e-11 -1.11801e-09 0)
(4.98204e-11 -1.13947e-09 0)
(3.6787e-11 -1.10855e-09 0)
(-6.20674e-11 -2.54982e-09 0)
(-8.52696e-11 -1.06026e-09 0)
(-9.55297e-11 -1.09999e-09 0)
(-2.15768e-11 -1.11447e-09 0)
(1.75891e-11 -1.18466e-09 0)
(8.19916e-11 -2.65806e-09 0)
(1.63624e-11 -1.08176e-09 0)
(0 0 0)
(0 0 0)
(0 0 0)
(0 0 0)
(0 0 0)
(0 0 0)
(0 0 0)
(0 0 0)
(0 0 0)
(0 0 0)
(0 0 0)
(0 0 0)
(0 0 0)
(0 0 0)
(0 0 0)
(0 0 0)
(0 0 0)
(0 0 0)
(0 0 0)
(0 0 0)
(0 0 0)
(0 0 0)
(0 0 0)
(0 0 0)
(0 0 0)
(0 0 0)
(0 0 0)
(0 0 0)
(0 0 0)
(0 0 0)
(0 0 0)
(0 0 0)
(0 0 0)
(0 0 0)
(0 0 0)
(0 0 0)
(0 0 0)
(0 0 0)
(0 0 0)
(-1.82221e-11 -2.77042e-09 0)
(-5.45324e-12 -1.13552e-09 0)
(-2.45822e-11 -1.03347e-09 0)
(0 0 0)
(-1.15458e-11 -2.60611e-09 0)
(-1.89187e-11 -1.02796e-09 0)
(-2.29028e-11 -2.42367e-09 0)
(-3.26096e-11 -1.02048e-09 0)
(5.59833e-11 -1.06679e-09 0)
(3.03656e-11 -1.06816e-09 0)
(1.40389e-11 -1.12276e-09 0)
(3.05556e-12 -1.22572e-09 0)
(-3.75541e-11 -1.26425e-09 0)
(-1.88158e-11 -1.26635e-09 0)
(1.32138e-11 -1.21832e-09 0)
(-5.97149e-11 -1.13459e-09 0)
(3.41857e-11 -1.06563e-09 0)
(2.41195e-11 -2.35657e-09 0)
(3.90242e-12 -8.75783e-10 0)
(-3.32068e-11 -1.08101e-09 0)
(-2.73038e-11 -1.33131e-09 0)
(0 0 0)
(-6.68564e-11 -1.19544e-09 0)
(-8.99339e-12 -1.11981e-09 0)
(5.29584e-11 -1.04838e-09 0)
(5.93249e-11 -1.11909e-09 0)
(4.78085e-11 -1.14544e-09 0)
(1.03255e-10 -2.38471e-09 0)
(3.2639e-11 -2.48042e-09 0)
(-4.46267e-11 -1.06157e-09 0)
(-4.43168e-11 -1.11528e-09 0)
(-3.95265e-11 -1.13003e-09 0)
(-1.5949e-11 -1.1837e-09 0)
(2.55574e-11 -1.20154e-09 0)
(1.79e-11 -1.13677e-09 0)
(3.97549e-11 -1.2077e-09 0)
(0 0 0)
(0 0 0)
(0 0 0)
(0 0 0)
(0 0 0)
(0 0 0)
(0 0 0)
(0 0 0)
(0 0 0)
(0 0 0)
(0 0 0)
(0 0 0)
(0 0 0)
(0 0 0)
(0 0 0)
(0 0 0)
(0 0 0)
(0 0 0)
(0 0 0)
(0 0 0)
(0 0 0)
(0 0 0)
(0 0 0)
(0 0 0)
(0 0 0)
(0 0 0)
(0 0 0)
(0 0 0)
(0 0 0)
(0 0 0)
(0 0 0)
(0 0 0)
(0 0 0)
(0 0 0)
(0 0 0)
(0 0 0)
(0 0 0)
(0 0 0)
(0 0 0)
(-1.57865e-10 -2.90268e-09 0)
(2.46768e-11 -1.13258e-09 0)
(4.32487e-12 -1.03174e-09 0)
(-1.33043e-11 -1.06108e-09 0)
(-6.30615e-11 -2.00817e-09 0)
(-2.56651e-11 -1.34653e-09 0)
(-4.58805e-11 -1.07722e-09 0)
(-1.95194e-11 -1.75371e-09 0)
(3.02561e-11 -1.66029e-09 0)
(4.59579e-11 -1.09397e-09 0)
(6.59679e-11 -1.123e-09 0)
(1.02445e-12 -1.25034e-09 0)
(0 0 0)
(-7.76271e-11 -2.56012e-09 0)
(-1.36256e-10 -2.69111e-09 0)
(0 0 0)
(-3.52132e-11 -1.08398e-09 0)
(-8.16527e-11 -1.07117e-09 0)
(-3.611e-11 -1.13959e-09 0)
(-7.31899e-11 -1.22062e-09 0)
(-1.91058e-11 -1.43124e-09 0)
(0 0 0)
(3.02327e-11 -2.60314e-09 0)
(2.46241e-11 -1.02468e-09 0)
(8.04189e-12 -1.03543e-09 0)
(-3.01738e-11 -1.09585e-09 0)
(1.98238e-11 -2.58845e-09 0)
(-3.61646e-12 -1.01688e-09 0)
(-3.18118e-11 -1.19495e-09 0)
(-2.26979e-11 -1.18646e-09 0)
(-2.12627e-11 -1.19193e-09 0)
(-3.44768e-11 -1.17644e-09 0)
(-2.34421e-11 -1.18395e-09 0)
(2.41717e-11 -1.17425e-09 0)
(2.38422e-11 -1.29538e-09 0)
(6.44225e-12 -1.0321e-09 0)
(2.72735e-11 -1.18874e-09 0)
(0 0 0)
(0 0 0)
(0 0 0)
(0 0 0)
(0 0 0)
(0 0 0)
(0 0 0)
(0 0 0)
(0 0 0)
(0 0 0)
(0 0 0)
(0 0 0)
(0 0 0)
(0 0 0)
(0 0 0)
(0 0 0)
(0 0 0)
(0 0 0)
(0 0 0)
(0 0 0)
(0 0 0)
(0 0 0)
(0 0 0)
(0 0 0)
(0 0 0)
(0 0 0)
(0 0 0)
(0 0 0)
(0 0 0)
(0 0 0)
(0 0 0)
(0 0 0)
(0 0 0)
(0 0 0)
(0 0 0)
(0 0 0)
(0 0 0)
(0 0 0)
(-1.24796e-10 -1.9214e-09 0)
(-2.25684e-11 -1.19718e-09 0)
(3.53427e-12 -1.15313e-09 0)
(-2.44024e-11 -1.12407e-09 0)
(-4.58239e-11 -1.12616e-09 0)
(-3.44304e-11 -1.23512e-09 0)
(-3.61485e-11 -2.34769e-09 0)
(-1.71719e-11 -9.81188e-10 0)
(4.33534e-11 -1.02519e-09 0)
(6.41849e-11 -1.06566e-09 0)
(3.49083e-11 -2.66764e-09 0)
(2.65704e-11 -2.72709e-09 0)
(-3.38447e-11 -2.57151e-09 0)
(-5.99652e-11 -1.04895e-09 0)
(7.50508e-11 -1.09903e-09 0)
(-7.13311e-11 -1.10478e-09 0)
(-8.61214e-11 -1.14369e-09 0)
(0 0 0)
(1.75848e-11 -1.16953e-09 0)
(0 0 0)
(-4.61039e-11 -1.19056e-09 0)
(1.59396e-11 -1.19491e-09 0)
(6.86764e-11 -2.60787e-09 0)
(-2.90303e-11 -1.02275e-09 0)
(2.43963e-11 -1.06053e-09 0)
(-1.90074e-11 -1.4864e-09 0)
(-1.67821e-11 -6.30422e-10 0)
(7.70005e-12 -1.11317e-09 0)
(7.66296e-11 -1.22287e-09 0)
(-8.30826e-13 -9.42798e-11 0)
(-2.90511e-11 -2.49639e-09 0)
(-8.73211e-12 -1.08851e-09 0)
(6.07939e-12 -1.10394e-09 0)
(1.17512e-11 -1.10849e-09 0)
(-3.88013e-12 -1.10436e-09 0)
(7.04832e-12 -1.1663e-09 0)
(0 0 0)
(0 0 0)
(0 0 0)
(0 0 0)
(0 0 0)
(0 0 0)
(0 0 0)
(0 0 0)
(0 0 0)
(0 0 0)
(0 0 0)
(0 0 0)
(0 0 0)
(0 0 0)
(0 0 0)
(0 0 0)
(0 0 0)
(0 0 0)
(0 0 0)
(0 0 0)
(0 0 0)
(0 0 0)
(0 0 0)
(0 0 0)
(0 0 0)
(0 0 0)
(0 0 0)
(0 0 0)
(0 0 0)
(0 0 0)
(0 0 0)
(0 0 0)
(0 0 0)
(0 0 0)
(0 0 0)
(0 0 0)
(0 0 0)
(0 0 0)
(0 0 0)
(-3.33715e-11 -1.10621e-09 0)
(5.36637e-12 -2.76337e-09 0)
(1.77801e-11 -1.06904e-09 0)
(7.50147e-12 -1.06504e-09 0)
(-4.92468e-12 -1.07814e-09 0)
(-2.94818e-11 -1.08143e-09 0)
(-7.33235e-11 -1.1054e-09 0)
(-6.48328e-11 -1.05962e-09 0)
(-9.36816e-11 -2.40459e-09 0)
(1.66742e-11 -1.31831e-09 0)
(-5.75089e-12 -9.14851e-11 0)
(-1.18647e-10 -4.54334e-09 0)
(0 0 0)
(-7.56758e-12 -1.13983e-09 0)
(0 0 0)
(0 0 0)
(-1.96592e-12 -8.33546e-10 0)
(0 0 0)
(1.96905e-12 -2.75252e-09 0)
(-4.42639e-11 -1.12957e-09 0)
(-7.70145e-11 -1.14583e-09 0)
(-1.79581e-11 -1.92888e-09 0)
(4.0429e-11 -1.71204e-09 0)
(0 0 0)
(-8.73455e-11 -1.14375e-09 0)
(-1.37892e-10 -2.41475e-09 0)
(1.34503e-11 -9.94857e-10 0)
(1.48519e-11 -1.13094e-09 0)
(-5.26858e-11 -2.87613e-09 0)
(9.58449e-11 -2.02443e-09 0)
(8.70492e-11 -1.49368e-09 0)
(1.84552e-11 -1.07167e-09 0)
(5.20054e-11 -1.1222e-09 0)
(2.76722e-11 -2.64987e-09 0)
(3.8194e-11 -1.01822e-09 0)
(8.97303e-11 -1.07969e-09 0)
(0 0 0)
(0 0 0)
(0 0 0)
(0 0 0)
(0 0 0)
(0 0 0)
(0 0 0)
(0 0 0)
(0 0 0)
(0 0 0)
(0 0 0)
(0 0 0)
(0 0 0)
(0 0 0)
(0 0 0)
(0 0 0)
(0 0 0)
(0 0 0)
(0 0 0)
(0 0 0)
(0 0 0)
(0 0 0)
(0 0 0)
(0 0 0)
(0 0 0)
(0 0 0)
(0 0 0)
(0 0 0)
(0 0 0)
(0 0 0)
(0 0 0)
(0 0 0)
(0 0 0)
(0 0 0)
(0 0 0)
(0 0 0)
(0 0 0)
(0 0 0)
(0 0 0)
(-8.37486e-12 -1.23121e-09 0)
(-3.74195e-11 -1.21701e-09 0)
(-1.55735e-11 -1.19065e-09 0)
(-1.49537e-11 -1.15436e-09 0)
(-3.87084e-11 -2.53783e-09 0)
(-3.79997e-11 -1.01225e-09 0)
(0 0 0)
(-5.06201e-11 -1.04449e-09 0)
(-1.41765e-10 -1.09541e-09 0)
(-7.81755e-11 -1.19905e-09 0)
(2.93692e-11 -1.19514e-09 0)
(-8.02102e-11 -1.11575e-09 0)
(2.42175e-11 -1.19394e-09 0)
(3.56016e-11 -1.16303e-09 0)
(0 0 0)
(-1.2294e-11 -1.1288e-09 0)
(-1.23522e-11 -1.03747e-09 0)
(-1.45593e-11 -1.24685e-09 0)
(-3.81441e-11 -1.38807e-09 0)
(1.24679e-12 -5.02259e-10 0)
(-4.25708e-13 -5.95517e-10 0)
(-4.99662e-12 -8.58258e-10 0)
(-3.40289e-11 -1.08228e-09 0)
(-8.58107e-11 -3.06927e-09 0)
(0 0 0)
(-3.0223e-11 -1.0472e-09 0)
(-1.26623e-11 -1.0126e-09 0)
(-1.12901e-10 -2.33724e-09 0)
(0 0 0)
(0 0 0)
(1.22217e-10 -1.21034e-09 0)
(9.20315e-11 -1.67321e-09 0)
(5.43081e-11 -2.21414e-09 0)
(5.15653e-12 -1.08899e-09 0)
(2.32089e-11 -1.05475e-09 0)
(6.53852e-11 -1.09391e-09 0)
(1.16073e-10 -1.07614e-09 0)
(6.25471e-12 -1.17829e-09 0)
(0 0 0)
(0 0 0)
(0 0 0)
(0 0 0)
(0 0 0)
(0 0 0)
(0 0 0)
(0 0 0)
(0 0 0)
(0 0 0)
(0 0 0)
(0 0 0)
(0 0 0)
(0 0 0)
(0 0 0)
(0 0 0)
(0 0 0)
(0 0 0)
(0 0 0)
(0 0 0)
(0 0 0)
(0 0 0)
(0 0 0)
(0 0 0)
(0 0 0)
(0 0 0)
(0 0 0)
(0 0 0)
(0 0 0)
(0 0 0)
(0 0 0)
(0 0 0)
(0 0 0)
(0 0 0)
(0 0 0)
(0 0 0)
(0 0 0)
(-2.55879e-11 -1.29129e-09 0)
(0 0 0)
(-7.88257e-11 -1.20584e-09 0)
(-7.70548e-11 -1.18271e-09 0)
(-8.66392e-11 -1.5054e-09 0)
(-5.36691e-11 -1.94307e-09 0)
(-6.33858e-11 -1.00075e-09 0)
(-5.82868e-11 -1.13603e-09 0)
(0 0 0)
(0 0 0)
(-7.44119e-11 -1.1861e-09 0)
(-7.06277e-11 -2.81266e-09 0)
(0 0 0)
(6.50689e-11 -1.18662e-09 0)
(2.21086e-10 -2.79137e-09 0)
(-3.89394e-12 -1.0979e-09 0)
(7.67141e-12 -9.3698e-10 0)
(-2.25718e-11 -1.04781e-09 0)
(-7.63635e-11 -2.88435e-09 0)
(2.45943e-11 -1.10446e-09 0)
(-1.70499e-12 -1.14375e-09 0)
(0 0 0)
(-4.48626e-11 -1.10572e-09 0)
(0 0 0)
(2.04392e-11 -1.20927e-09 0)
(1.2809e-11 -1.14424e-09 0)
(-1.59908e-12 -1.19528e-10 0)
(-6.08569e-11 -2.1469e-09 0)
(-2.53595e-11 -1.12227e-09 0)
(5.86726e-11 -1.18484e-09 0)
(1.65516e-10 -3.02537e-09 0)
(1.07188e-10 -1.14288e-09 0)
(7.92307e-11 -1.88597e-09 0)
(2.45745e-11 -1.75605e-09 0)
(2.15729e-11 -2.49263e-09 0)
(-6.62512e-12 -9.58721e-10 0)
(4.12235e-11 -1.10627e-09 0)
(1.50606e-11 -1.0919e-09 0)
(0 0 0)
(0 0 0)
(0 0 0)
(0 0 0)
(0 0 0)
(0 0 0)
(0 0 0)
(0 0 0)
(0 0 0)
(0 0 0)
(0 0 0)
(0 0 0)
(0 0 0)
(0 0 0)
(0 0 0)
(0 0 0)
(0 0 0)
(0 0 0)
(0 0 0)
(0 0 0)
(0 0 0)
(0 0 0)
(0 0 0)
(0 0 0)
(0 0 0)
(0 0 0)
(0 0 0)
(0 0 0)
(0 0 0)
(0 0 0)
(0 0 0)
(0 0 0)
(0 0 0)
(0 0 0)
(0 0 0)
(0 0 0)
(0 0 0)
(-4.04759e-11 -1.24449e-09 0)
(-5.72087e-11 -1.26189e-09 0)
(-2.98243e-11 -1.19327e-09 0)
(-2.50032e-11 -1.20784e-09 0)
(-4.12549e-11 -1.14598e-09 0)
(-6.92193e-11 -1.59102e-09 0)
(-7.99425e-11 -1.37162e-09 0)
(-1.904e-10 -2.33227e-09 0)
(-3.20898e-12 -1.02039e-09 0)
(-4.17041e-11 -1.20145e-09 0)
(0 0 0)
(-4.4659e-11 -1.13618e-09 0)
(1.10723e-11 -1.06617e-09 0)
(2.90788e-11 -2.40619e-09 0)
(5.44881e-11 -1.34282e-09 0)
(7.884e-11 -1.13466e-09 0)
(1.36535e-11 -1.01244e-09 0)
(7.26696e-12 -1.37625e-09 0)
(-8.43084e-11 -1.30565e-09 0)
(-1.48776e-11 -2.52385e-09 0)
(-1.56243e-11 -1.04561e-09 0)
(-5.06534e-11 -1.07281e-09 0)
(-2.34569e-11 -1.08713e-09 0)
(-1.78226e-11 -1.11543e-09 0)
(-2.03007e-12 -1.09519e-09 0)
(1.34362e-11 -1.14164e-09 0)
(-2.88129e-12 -1.16335e-09 0)
(-7.641e-11 -1.06641e-09 0)
(-1.4227e-11 -1.1122e-09 0)
(1.16714e-11 -1.16471e-09 0)
(-1.1784e-11 -1.23908e-09 0)
(5.50916e-11 -1.1889e-09 0)
(1.94153e-10 -3.14128e-09 0)
(7.18338e-11 -1.1401e-09 0)
(5.16437e-11 -1.00833e-09 0)
(9.01835e-11 -1.01681e-09 0)
(7.86383e-11 -1.11218e-09 0)
(2.35846e-11 -1.11515e-09 0)
(3.60696e-11 -1.1545e-09 0)
(0 0 0)
(0 0 0)
(0 0 0)
(0 0 0)
(0 0 0)
(0 0 0)
(0 0 0)
(0 0 0)
(0 0 0)
(0 0 0)
(0 0 0)
(0 0 0)
(0 0 0)
(0 0 0)
(0 0 0)
(0 0 0)
(0 0 0)
(0 0 0)
(0 0 0)
(0 0 0)
(0 0 0)
(0 0 0)
(0 0 0)
(0 0 0)
(0 0 0)
(0 0 0)
(0 0 0)
(0 0 0)
(0 0 0)
(0 0 0)
(0 0 0)
(0 0 0)
(0 0 0)
(0 0 0)
(0 0 0)
(0 0 0)
(-3.2806e-11 -1.23334e-09 0)
(0 0 0)
(0 0 0)
(0 0 0)
(-1.86539e-11 -1.19798e-09 0)
(-5.64949e-11 -1.21817e-09 0)
(-4.7075e-11 -1.08998e-09 0)
(-4.09037e-11 -1.08433e-09 0)
(-1.81113e-11 -1.1436e-09 0)
(-1.95058e-11 -1.19624e-09 0)
(-8.29433e-12 -1.207e-09 0)
(-3.89499e-12 -1.14043e-09 0)
(-1.68451e-12 -1.11009e-09 0)
(0 0 0)
(0 0 0)
(7.04669e-11 -1.23233e-09 0)
(0 0 0)
(-2.03038e-11 -3.35151e-09 0)
(0 0 0)
(-6.07174e-11 -1.22209e-09 0)
(-1.10344e-10 -2.56743e-09 0)
(-3.23677e-11 -1.18286e-09 0)
(-5.04615e-11 -1.12695e-09 0)
(-2.81858e-11 -1.11238e-09 0)
(-1.97157e-11 -1.04822e-09 0)
(0 0 0)
(2.91815e-11 -1.13185e-09 0)
(-1.35167e-11 -1.19524e-09 0)
(-1.3707e-11 -1.20116e-09 0)
(0 0 0)
(-6.34685e-12 -1.24766e-09 0)
(-2.21059e-11 -1.22927e-09 0)
(-2.88417e-11 -1.25932e-09 0)
(4.18326e-11 -1.2814e-09 0)
(4.49913e-11 -1.17374e-09 0)
(4.99163e-11 -1.43199e-09 0)
(5.95236e-11 -2.21822e-09 0)
(4.86631e-11 -1.1911e-09 0)
(0 0 0)
(0 0 0)
(0 0 0)
(0 0 0)
(0 0 0)
(0 0 0)
(0 0 0)
(0 0 0)
(0 0 0)
(0 0 0)
(0 0 0)
(0 0 0)
(0 0 0)
(0 0 0)
(0 0 0)
(0 0 0)
(0 0 0)
(0 0 0)
(0 0 0)
(0 0 0)
(0 0 0)
(0 0 0)
(0 0 0)
(0 0 0)
(0 0 0)
(0 0 0)
(0 0 0)
(0 0 0)
(0 0 0)
(0 0 0)
(0 0 0)
(0 0 0)
(0 0 0)
(0 0 0)
(0 0 0)
(0 0 0)
(0 0 0)
(0 0 0)
(4.77238e-11 -1.2606e-09 0)
(-1.99763e-11 -1.23995e-09 0)
(-2.85957e-11 -1.16984e-09 0)
(0 0 0)
(-3.321e-11 -1.1551e-09 0)
(-6.05898e-11 -1.15347e-09 0)
(-4.98589e-11 -1.15928e-09 0)
(-3.92546e-11 -1.15413e-09 0)
(-2.77528e-11 -1.12561e-09 0)
(-4.00133e-11 -2.44792e-09 0)
(-4.81606e-11 -1.01283e-09 0)
(0 0 0)
(0 0 0)
(5.26122e-11 -2.56022e-09 0)
(5.66192e-11 -1.14663e-09 0)
(5.10618e-11 -1.14568e-09 0)
(0 0 0)
(9.55003e-11 -1.36008e-09 0)
(-2.98437e-11 -1.24903e-09 0)
(-7.76187e-11 -1.12535e-09 0)
(-4.23676e-12 -1.12359e-09 0)
(0 0 0)
(4.55429e-11 -1.03279e-09 0)
(-1.28466e-10 -2.54248e-09 0)
(1.43492e-11 -9.92089e-10 0)
(4.264e-11 -1.05519e-09 0)
(1.49381e-11 -1.13709e-09 0)
(0 0 0)
(2.2195e-12 -1.22049e-09 0)
(8.35884e-12 -2.69265e-09 0)
(-1.2892e-11 -1.10209e-09 0)
(3.20644e-12 -1.20188e-09 0)
(-2.48253e-11 -1.2474e-09 0)
(-2.59462e-11 -1.18234e-09 0)
(1.69102e-11 -1.12905e-09 0)
(4.83189e-11 -1.11366e-09 0)
(1.22958e-10 -1.14511e-09 0)
(0 0 0)
(0 0 0)
(0 0 0)
(0 0 0)
(0 0 0)
(0 0 0)
(0 0 0)
(0 0 0)
(0 0 0)
(0 0 0)
(0 0 0)
(0 0 0)
(0 0 0)
(0 0 0)
(0 0 0)
(0 0 0)
(0 0 0)
(0 0 0)
(0 0 0)
(0 0 0)
(0 0 0)
(0 0 0)
(0 0 0)
(0 0 0)
(0 0 0)
(0 0 0)
(0 0 0)
(0 0 0)
(0 0 0)
(0 0 0)
(0 0 0)
(0 0 0)
(0 0 0)
(0 0 0)
(0 0 0)
(0 0 0)
(0 0 0)
(-2.05416e-11 -3.19383e-10 0)
(-6.8982e-11 -3.6565e-09 0)
(7.90978e-11 -2.52614e-09 0)
(5.35225e-11 -2.28153e-09 0)
(-8.59553e-11 -2.26417e-09 0)
(-2.877e-11 -1.03734e-09 0)
(-8.04534e-11 -1.07166e-09 0)
(-5.16784e-11 -1.09875e-09 0)
(-4.41091e-11 -1.13552e-09 0)
(-2.11141e-11 -1.2822e-09 0)
(-4.99935e-11 -1.15693e-09 0)
(-2.54394e-11 -1.01176e-09 0)
(0 0 0)
(3.3791e-11 -1.07764e-09 0)
(6.01493e-11 -1.13391e-09 0)
(7.17385e-11 -1.1376e-09 0)
(6.84513e-12 -1.16696e-09 0)
(-5.31752e-11 -2.13468e-09 0)
(-8.4448e-11 -2.25891e-09 0)
(0 0 0)
(-1.62874e-11 -1.19528e-09 0)
(0 0 0)
(1.3094e-10 -2.2885e-09 0)
(-4.22897e-11 -1.08384e-09 0)
(-3.53631e-11 -1.14879e-09 0)
(-8.42276e-11 -2.29193e-09 0)
(-5.52056e-11 -2.27331e-09 0)
(5.65397e-11 -1.01579e-09 0)
(4.46107e-11 -1.11376e-09 0)
(0 0 0)
(-4.5577e-11 -1.1362e-09 0)
(4.37329e-13 -1.24371e-09 0)
(7.73019e-11 -2.77193e-09 0)
(-2.57199e-11 -1.13912e-09 0)
(0 0 0)
(0 0 0)
(4.48703e-11 -1.07216e-09 0)
(6.71812e-11 -1.31555e-09 0)
(2.06157e-10 -2.45409e-09 0)
(-9.07142e-11 -1.1705e-09 0)
(-4.69559e-11 -1.0996e-09 0)
(0 0 0)
(0 0 0)
(0 0 0)
(0 0 0)
(0 0 0)
(0 0 0)
(0 0 0)
(0 0 0)
(0 0 0)
(0 0 0)
(0 0 0)
(0 0 0)
(0 0 0)
(0 0 0)
(0 0 0)
(0 0 0)
(0 0 0)
(0 0 0)
(0 0 0)
(0 0 0)
(0 0 0)
(0 0 0)
(0 0 0)
(0 0 0)
(0 0 0)
(0 0 0)
(0 0 0)
(0 0 0)
(0 0 0)
(0 0 0)
(0 0 0)
(0 0 0)
(0 0 0)
(0 0 0)
(0 0 0)
(-2.01591e-11 -1.22331e-09 0)
(0 0 0)
(1.37769e-10 -2.56903e-09 0)
(2.20415e-11 -1.01907e-09 0)
(-2.37094e-11 -1.0534e-09 0)
(0 0 0)
(-3.39254e-11 -1.13127e-09 0)
(-2.28726e-11 -5.90689e-10 0)
(-4.98541e-11 -1.74422e-09 0)
(9.30496e-12 -1.0853e-09 0)
(-2.42882e-12 -9.16368e-10 0)
(-1.58029e-11 -9.2934e-10 0)
(7.4775e-12 -9.63376e-10 0)
(-9.75281e-12 -1.15213e-09 0)
(8.14639e-11 -2.9498e-09 0)
(-1.9875e-11 -1.1196e-09 0)
(-2.89219e-11 -1.31468e-09 0)
(0 0 0)
(4.1081e-11 -1.21825e-09 0)
(4.04447e-11 -1.12849e-09 0)
(1.75701e-11 -1.10814e-09 0)
(1.36388e-11 -1.03316e-09 0)
(-3.33434e-12 -1.16754e-09 0)
(0 0 0)
(-3.88979e-11 -2.62382e-09 0)
(-3.04743e-11 -1.02349e-09 0)
(2.58026e-11 -1.11335e-09 0)
(-5.82908e-12 -1.1584e-09 0)
(-1.22224e-10 -2.86983e-09 0)
(-8.88341e-13 -2.55131e-11 0)
(-6.63269e-11 -1.95955e-09 0)
(-1.77006e-11 -2.20653e-09 0)
(3.76655e-11 -1.21458e-09 0)
(4.21441e-11 -9.62921e-10 0)
(4.16508e-11 -9.99598e-10 0)
(2.51122e-11 -1.04154e-09 0)
(4.79213e-11 -1.04541e-09 0)
(6.92704e-11 -1.17847e-09 0)
(0 0 0)
(7.26244e-11 -1.17635e-09 0)
(0 0 0)
(0 0 0)
(0 0 0)
(0 0 0)
(0 0 0)
(0 0 0)
(0 0 0)
(0 0 0)
(0 0 0)
(0 0 0)
(0 0 0)
(0 0 0)
(0 0 0)
(0 0 0)
(0 0 0)
(0 0 0)
(0 0 0)
(0 0 0)
(0 0 0)
(0 0 0)
(0 0 0)
(0 0 0)
(0 0 0)
(0 0 0)
(0 0 0)
(0 0 0)
(0 0 0)
(0 0 0)
(0 0 0)
(0 0 0)
(0 0 0)
(0 0 0)
(0 0 0)
(0 0 0)
(0 0 0)
(8.15432e-11 -1.01488e-09 0)
(6.98548e-11 -1.164e-09 0)
(0 0 0)
(6.57005e-11 -1.24882e-09 0)
(-4.20172e-11 -1.17089e-09 0)
(-6.34958e-11 -1.07877e-09 0)
(0 0 0)
(-4.96751e-11 -1.08325e-09 0)
(-7.31314e-11 -1.18634e-09 0)
(-1.73442e-11 -1.18738e-09 0)
(4.29625e-11 -2.51559e-09 0)
(-4.83225e-11 -9.55139e-10 0)
(-8.48482e-11 -9.80947e-10 0)
(-9.06506e-11 -1.06884e-09 0)
(0 0 0)
(-7.88012e-11 -2.86256e-09 0)
(-9.2985e-11 -2.7018e-09 0)
(8.67883e-11 -2.48729e-09 0)
(8.42651e-11 -1.5196e-09 0)
(1.05747e-10 -1.64949e-09 0)
(8.28925e-11 -2.29746e-09 0)
(0 0 0)
(1.9061e-11 -5.09675e-10 0)
(1.02631e-11 -2.65929e-10 0)
(-2.09401e-11 -1.12767e-09 0)
(2.97547e-11 -6.56997e-10 0)
(4.19164e-13 -8.97378e-12 0)
(-7.30585e-12 -1.24583e-09 0)
(0 0 0)
(-3.51299e-11 -1.26611e-09 0)
(-3.60169e-11 -1.20832e-09 0)
(0 0 0)
(0 0 0)
(0 0 0)
(3.06636e-12 -9.00004e-11 0)
(3.57233e-11 -1.01441e-09 0)
(-7.37422e-13 -1.14358e-09 0)
(-2.7111e-11 -2.6773e-09 0)
(7.8834e-11 -1.08613e-09 0)
(9.69107e-11 -1.14655e-09 0)
(5.4761e-11 -1.20858e-09 0)
(0 0 0)
(0 0 0)
(0 0 0)
(0 0 0)
(0 0 0)
(0 0 0)
(0 0 0)
(0 0 0)
(0 0 0)
(0 0 0)
(0 0 0)
(0 0 0)
(0 0 0)
(0 0 0)
(0 0 0)
(0 0 0)
(0 0 0)
(0 0 0)
(0 0 0)
(0 0 0)
(0 0 0)
(0 0 0)
(0 0 0)
(0 0 0)
(0 0 0)
(0 0 0)
(0 0 0)
(0 0 0)
(0 0 0)
(0 0 0)
(0 0 0)
(0 0 0)
(0 0 0)
(1.28363e-10 -2.40594e-09 0)
(0 0 0)
(0 0 0)
(2.35289e-10 -1.81968e-09 0)
(5.04621e-11 -3.18479e-09 0)
(-2.81376e-11 -1.04633e-09 0)
(1.01893e-11 -9.24865e-10 0)
(-1.92946e-11 -1.08781e-09 0)
(0 0 0)
(0 0 0)
(-1.19548e-11 -1.0469e-09 0)
(-1.70525e-11 -1.02585e-09 0)
(-9.57862e-11 -1.02313e-09 0)
(-1.31989e-10 -1.10962e-09 0)
(-1.29015e-10 -1.19353e-09 0)
(-6.56651e-12 -1.47006e-09 0)
(0 0 0)
(3.6975e-11 -1.20484e-09 0)
(2.85587e-11 -1.22772e-09 0)
(0 0 0)
(-7.29822e-12 -1.16759e-09 0)
(-4.66527e-11 -1.09127e-09 0)
(0 0 0)
(1.01152e-10 -1.18121e-09 0)
(7.19985e-11 -2.27613e-09 0)
(0 0 0)
(1.06039e-10 -2.44374e-09 0)
(6.08388e-11 -1.07331e-09 0)
(1.31949e-10 -2.59287e-09 0)
(-6.85034e-11 -1.13069e-09 0)
(-7.0863e-11 -1.24693e-09 0)
(-1.05426e-10 -1.07362e-09 0)
(0 0 0)
(0 0 0)
(1.54223e-11 -1.20179e-09 0)
(8.9647e-11 -1.11275e-09 0)
(6.80062e-11 -1.11224e-09 0)
(5.4443e-11 -1.11038e-09 0)
(0 0 0)
(3.43999e-11 -1.11624e-09 0)
(0 0 0)
(1.15515e-10 -1.23888e-09 0)
(-7.86826e-11 -1.30745e-09 0)
(-6.82398e-12 -1.17026e-09 0)
(-5.38396e-11 -1.11701e-09 0)
(0 0 0)
(0 0 0)
(0 0 0)
(0 0 0)
(0 0 0)
(0 0 0)
(0 0 0)
(0 0 0)
(0 0 0)
(0 0 0)
(0 0 0)
(0 0 0)
(0 0 0)
(0 0 0)
(0 0 0)
(0 0 0)
(0 0 0)
(0 0 0)
(0 0 0)
(0 0 0)
(0 0 0)
(0 0 0)
(0 0 0)
(0 0 0)
(0 0 0)
(0 0 0)
(0 0 0)
(0 0 0)
(0 0 0)
(0 0 0)
(2.66482e-11 -1.16863e-09 0)
(3.17828e-11 -1.18551e-09 0)
(1.71648e-11 -1.18741e-09 0)
(0 0 0)
(-2.2433e-10 -4.5788e-09 0)
(3.69845e-12 -1.2772e-09 0)
(1.27277e-10 -2.47982e-09 0)
(9.69098e-11 -1.11202e-09 0)
(1.03348e-11 -1.10566e-09 0)
(-1.24537e-10 -2.45344e-09 0)
(8.37997e-11 -3.97131e-09 0)
(0 0 0)
(-1.35253e-11 -9.84704e-10 0)
(0 0 0)
(0 0 0)
(0 0 0)
(1.06097e-10 -1.34695e-09 0)
(0 0 0)
(4.81373e-11 -1.22227e-09 0)
(-1.13462e-11 -1.99075e-09 0)
(-4.37241e-11 -1.75171e-09 0)
(4.47728e-11 -1.15386e-09 0)
(-4.29402e-11 -1.12169e-09 0)
(-7.46496e-11 -2.25143e-09 0)
(0 0 0)
(0 0 0)
(6.31531e-11 -1.22942e-09 0)
(1.00121e-11 -1.4795e-09 0)
(-9.88167e-11 -1.38914e-09 0)
(-4.75604e-11 -1.12914e-09 0)
(-2.55271e-10 -3.30208e-09 0)
(-2.78532e-11 -2.22181e-10 0)
(0 0 0)
(5.14469e-11 -1.21516e-09 0)
(3.40474e-11 -1.19963e-09 0)
(3.42829e-11 -1.15474e-09 0)
(-5.34434e-12 -1.22489e-09 0)
(6.32149e-12 -1.14749e-09 0)
(3.75775e-11 -2.65562e-09 0)
(0 0 0)
(4.21496e-11 -2.5699e-09 0)
(9.99329e-11 -2.92288e-09 0)
(-8.93037e-12 -1.09225e-09 0)
(-7.42537e-11 -2.3908e-09 0)
(-5.23349e-12 -2.26932e-09 0)
(1.50731e-10 -2.24189e-09 0)
(1.19854e-10 -1.1431e-09 0)
(0 0 0)
(0 0 0)
(0 0 0)
(0 0 0)
(0 0 0)
(0 0 0)
(0 0 0)
(0 0 0)
(0 0 0)
(0 0 0)
(0 0 0)
(0 0 0)
(0 0 0)
(0 0 0)
(0 0 0)
(0 0 0)
(0 0 0)
(0 0 0)
(0 0 0)
(0 0 0)
(0 0 0)
(0 0 0)
(0 0 0)
(0 0 0)
(0 0 0)
(0 0 0)
(0 0 0)
(0 0 0)
(-8.43352e-12 -1.07762e-09 0)
(1.06066e-11 -2.44998e-09 0)
(5.56146e-12 -1.09439e-09 0)
(-5.05927e-11 -1.09222e-09 0)
(-4.09271e-11 -1.19572e-09 0)
(-1.16017e-11 -1.21043e-09 0)
(-2.6195e-11 -1.15616e-09 0)
(0 0 0)
(-6.15074e-11 -1.1989e-09 0)
(2.22229e-11 -1.06549e-09 0)
(8.69842e-12 -1.04383e-09 0)
(9.74101e-13 -1.08777e-09 0)
(-3.50749e-11 -1.15349e-09 0)
(-5.85413e-11 -1.18939e-09 0)
(-4.52976e-11 -1.15428e-09 0)
(2.6293e-11 -1.23018e-09 0)
(0 0 0)
(7.76574e-11 -1.14746e-09 0)
(4.00869e-11 -2.58974e-09 0)
(-1.2765e-11 -1.03173e-09 0)
(-1.67054e-12 -1.15789e-09 0)
(0 0 0)
(-7.0717e-11 -1.12246e-09 0)
(5.69005e-11 -1.10449e-09 0)
(7.30451e-11 -1.08602e-09 0)
(6.22917e-11 -1.0763e-09 0)
(9.30246e-11 -1.19656e-09 0)
(2.51411e-11 -2.54516e-09 0)
(0 0 0)
(3.78078e-12 -9.63066e-10 0)
(0 0 0)
(1.50804e-11 -9.73829e-10 0)
(-3.46473e-13 -1.15444e-09 0)
(4.08432e-11 -1.23982e-09 0)
(1.53732e-11 -1.22696e-09 0)
(-2.4729e-12 -1.17417e-09 0)
(-2.8287e-11 -2.51963e-09 0)
(-5.48678e-11 -1.09153e-09 0)
(0 0 0)
(2.93817e-11 -1.15124e-09 0)
(-1.81294e-11 -1.00962e-09 0)
(-3.2308e-11 -1.27957e-09 0)
(-3.14753e-11 -1.33571e-09 0)
(1.07109e-11 -1.12656e-09 0)
(0 0 0)
(3.79468e-11 -1.23597e-09 0)
(2.72202e-11 -1.14931e-09 0)
(6.72106e-11 -1.12995e-09 0)
(0 0 0)
(0 0 0)
(0 0 0)
(0 0 0)
(0 0 0)
(0 0 0)
(0 0 0)
(0 0 0)
(0 0 0)
(0 0 0)
(0 0 0)
(0 0 0)
(0 0 0)
(0 0 0)
(0 0 0)
(0 0 0)
(0 0 0)
(0 0 0)
(0 0 0)
(0 0 0)
(0 0 0)
(0 0 0)
(0 0 0)
(0 0 0)
(0 0 0)
(0 0 0)
(0 0 0)
)
;


// ************************************************************************* //
