/*--------------------------------*- C++ -*----------------------------------*\
  =========                 |
  \\      /  F ield         | OpenFOAM: The Open Source CFD Toolbox
   \\    /   O peration     | Website:  https://openfoam.org
    \\  /    A nd           | Version:  12
     \\/     M anipulation  |
\*---------------------------------------------------------------------------*/
FoamFile
{
    format      ascii;
    class       vectorField;
    location    "0.75/lagrangian/cloud";
    object      U;
}
// * * * * * * * * * * * * * * * * * * * * * * * * * * * * * * * * * * * * * //


2022
(
(-4.23448e-05 -0.0221164 0)
(0.000704483 -0.0180171 0)
(-0.000631193 -0.0282527 0)
(1.30204e-05 -0.0246995 0)
(-0.00147888 -0.0257043 0)
(0.00037519 -0.0226675 0)
(0.000380416 -0.0228888 0)
(0.000902626 -0.0233534 0)
(0.000493909 -0.0236242 0)
(5.80023e-05 -0.0242328 0)
(0.0013881 -0.0178581 0)
(-0.000587728 -0.0244513 0)
(-0.000521762 -0.0233299 0)
(2.73551e-05 -0.0274671 0)
(-0.00116712 -0.0281322 0)
(-0.00124594 -0.0238936 0)
(-0.000185633 -0.0255934 0)
(-0.000202473 -0.0260511 0)
(-4.1991e-05 -0.0264191 0)
(-0.000385783 -0.0242116 0)
(-0.000976362 -0.0234709 0)
(0.000120756 -0.0246887 0)
(0.000610119 -0.0244055 0)
(0.000161233 -0.0290823 0)
(0.000583018 -0.0296934 0)
(0.000651106 -0.0267697 0)
(0.00140634 -0.0285847 0)
(0.000340808 -0.0279549 0)
(-0.000734218 -0.0234516 0)
(-0.000258077 -0.0236556 0)
(0.000955934 -0.0244502 0)
(-8.37049e-05 -0.0253655 0)
(0.00100652 -0.02809 0)
(-7.90587e-05 -0.0297091 0)
(-0.000514655 -0.0290826 0)
(-0.000164802 -0.0279415 0)
(0.000167826 -0.0270914 0)
(0.000238426 -0.0270189 0)
(0.000242749 -0.0285824 0)
(-0.000794201 -0.0251843 0)
(-0.000491136 -0.0269412 0)
(0.000596464 -0.0258227 0)
(0.00123557 -0.0280025 0)
(0.000774372 -0.0282564 0)
(0.00097909 -0.0298562 0)
(0.000248375 -0.0291208 0)
(0.00149714 -0.0290751 0)
(0.000704164 -0.0318818 0)
(-0.000478866 -0.0342396 0)
(0.000313307 -0.0349615 0)
(0.000416199 -0.0352892 0)
(0.00108912 -0.0344309 0)
(-0.000271286 -0.0344249 0)
(0.000454686 -0.0348945 0)
(-0.00062826 -0.0272103 0)
(0.000353007 -0.0248458 0)
(0.00126052 -0.0238718 0)
(0.00145282 -0.0254812 0)
(0.000796295 -0.0211393 0)
(0.00108237 -0.0223949 0)
(-0.00244896 -0.0191014 0)
(0.00132318 -0.0215757 0)
(8.9073e-05 -0.024466 0)
(0.000441463 -0.0196705 0)
(0.000172755 -0.0193504 0)
(4.86501e-05 -0.0196431 0)
(0.00100957 -0.0192526 0)
(0.00081506 -0.0192532 0)
(0.000338965 -0.024735 0)
(-0.000460101 -0.0241207 0)
(0.000239668 -0.0240484 0)
(0.000606602 -0.023759 0)
(0.000606828 -0.02044 0)
(-0.000467869 -0.0177372 0)
(-0.000795403 -0.022118 0)
(0.000224458 -0.0254361 0)
(-0.00113075 -0.0241877 0)
(-0.0012099 -0.0255782 0)
(0.000943496 -0.025019 0)
(0.000150526 -0.0226835 0)
(0.000535107 -0.0212747 0)
(0.000887024 -0.0278066 0)
(0.00108362 -0.0297552 0)
(-0.000127808 -0.0256358 0)
(5.63391e-05 -0.0253509 0)
(0.000361065 -0.0254781 0)
(0.00130985 -0.0247365 0)
(0.00139528 -0.0249712 0)
(-0.00130376 -0.0280439 0)
(0.000287173 -0.0272345 0)
(-0.000462547 -0.0262681 0)
(0.000754601 -0.0286318 0)
(0.00167348 -0.029098 0)
(0.00169567 -0.0312678 0)
(0.00217496 -0.0312803 0)
(0.00306882 -0.030738 0)
(0.00195061 -0.0325989 0)
(0.00101123 -0.0331593 0)
(0.000970032 -0.0363248 0)
(0.000439238 -0.0377731 0)
(-0.0010624 -0.0298258 0)
(-0.000115265 -0.0224606 0)
(-0.000121588 -0.0299579 0)
(0.000695627 -0.0282793 0)
(1.76668e-07 -0.0286554 0)
(0.000124035 -0.0306221 0)
(7.01483e-05 -0.0305543 0)
(-0.000142644 -0.0337032 0)
(0.000289801 -0.0341788 0)
(-0.000477487 -0.0280766 0)
(0.000913756 -0.0269693 0)
(0.000459212 -0.0267927 0)
(0.0035327 -0.0253882 0)
(0.00195005 -0.0254938 0)
(0.00119567 -0.0275947 0)
(0.000379532 -0.0275189 0)
(-0.000498903 -0.0280294 0)
(-0.000498142 -0.0290151 0)
(0.000127517 -0.0234317 0)
(-2.95984e-05 -0.0349739 0)
(7.78957e-05 -0.0364958 0)
(0.000715001 -0.0362946 0)
(0.000706378 -0.0330444 0)
(0.000413719 -0.0327118 0)
(0.000456042 -0.0333282 0)
(0.000310493 -0.0340123 0)
(0.000573828 -0.0357365 0)
(0.001144 -0.0336543 0)
(-0.000475852 -0.0368969 0)
(-0.000875039 -0.0400086 0)
(-0.000690401 -0.0385725 0)
(0.000578744 -0.0350316 0)
(7.17424e-05 -0.03828 0)
(0.000645626 -0.0362331 0)
(0.00109359 -0.0353388 0)
(0.000255031 -0.0337315 0)
(0.000154673 -0.0337207 0)
(0.00052762 -0.032247 0)
(0.000791513 -0.0315422 0)
(-0.000113656 -0.0371707 0)
(0.000340274 -0.0359877 0)
(0.000186749 -0.0336995 0)
(0.000648919 -0.0328066 0)
(0.000913382 -0.0330615 0)
(-2.67259e-05 -0.0353107 0)
(-0.000980953 -0.032066 0)
(-0.00024396 -0.0344732 0)
(-0.000142355 -0.0347036 0)
(-0.000961038 -0.0330972 0)
(0.000108321 -0.0321237 0)
(0.0012489 -0.0284197 0)
(0.00188166 -0.0304104 0)
(0.00109427 -0.0305938 0)
(0.00191766 -0.0300941 0)
(0.000139972 -0.0309822 0)
(0.000754835 -0.0318895 0)
(-0.00135943 -0.0333817 0)
(-1.03381e-05 -0.0346963 0)
(-0.00103274 -0.0353387 0)
(-0.00125381 -0.03533 0)
(-0.000731105 -0.0367488 0)
(-0.000275347 -0.0393591 0)
(0.000409335 -0.0383081 0)
(0.000971918 -0.0376408 0)
(0.00068495 -0.0387812 0)
(0.000506099 -0.0387982 0)
(0.000239985 -0.0391647 0)
(-0.000256767 -0.0395494 0)
(-0.000892126 -0.0400628 0)
(-0.000386716 -0.0398152 0)
(-0.000311159 -0.0388499 0)
(9.6759e-05 -0.0378636 0)
(-0.000182805 -0.0394028 0)
(0.00023753 -0.0394063 0)
(0.000418615 -0.03808 0)
(0.000315185 -0.0369568 0)
(0.000226633 -0.0375536 0)
(0.000417536 -0.0385897 0)
(-6.33611e-05 -0.0390918 0)
(-0.000246897 -0.0376977 0)
(0.00111777 -0.0357901 0)
(0.00095038 -0.0364816 0)
(-0.000913609 -0.0378065 0)
(-7.69023e-05 -0.0355051 0)
(0.000106273 -0.0364262 0)
(0.000137745 -0.0351497 0)
(-0.000194191 -0.0342872 0)
(3.17944e-05 -0.0346207 0)
(0.000141803 -0.0335664 0)
(0.00087539 -0.0328908 0)
(0.000530857 -0.0330616 0)
(0.0005885 -0.035343 0)
(0.000875946 -0.0377627 0)
(0.00059842 -0.0362566 0)
(0.000819526 -0.035855 0)
(0.000535856 -0.0386579 0)
(0.000580606 -0.0406345 0)
(0.000949306 -0.0361155 0)
(0.00165054 -0.0356951 0)
(-0.00147998 -0.0395131 0)
(-0.00015013 -0.0400817 0)
(0.000889535 -0.0399963 0)
(0.000262549 -0.0385764 0)
(-0.000304209 -0.0381676 0)
(-1.56985e-05 -0.0379133 0)
(-0.000179125 -0.0373251 0)
(6.27966e-05 -0.0372563 0)
(-0.000256984 -0.0375383 0)
(-0.00132956 -0.0370339 0)
(-0.000221325 -0.0392594 0)
(0.000334541 -0.0397802 0)
(0.000450479 -0.0388646 0)
(0.0010074 -0.0377167 0)
(0.000679341 -0.0382854 0)
(7.84003e-05 -0.0392869 0)
(-0.000595982 -0.0407031 0)
(0.00126741 -0.0380489 0)
(0.0012988 -0.0351072 0)
(0.000421281 -0.0343035 0)
(0.000459209 -0.0360946 0)
(0.000469052 -0.0377707 0)
(0.000347633 -0.0377409 0)
(-3.00754e-05 -0.0370658 0)
(-0.000264395 -0.037918 0)
(-0.000300296 -0.0360876 0)
(0.000210926 -0.0355343 0)
(0.000125596 -0.0351367 0)
(0.000261233 -0.0351333 0)
(0.000221659 -0.0359941 0)
(0.000895272 -0.035989 0)
(0.000609449 -0.0384183 0)
(0.000716716 -0.0390967 0)
(0.000834857 -0.0406049 0)
(0.00158737 -0.039037 0)
(0.0013628 -0.0380244 0)
(0.00097278 -0.0395996 0)
(0.000240425 -0.0409365 0)
(-0.000248944 -0.0415712 0)
(0.00126864 -0.0390342 0)
(-0.000271302 -0.0393643 0)
(0.000154434 -0.040719 0)
(-0.000174324 -0.0399919 0)
(0.000545247 -0.0394099 0)
(0.000108372 -0.0389001 0)
(-0.000584999 -0.0387893 0)
(-0.000395571 -0.0382158 0)
(0.000200851 -0.0386044 0)
(0.000679509 -0.0377514 0)
(0.000507445 -0.0375498 0)
(-0.00018819 -0.0372631 0)
(0.000393074 -0.0377811 0)
(0.000399713 -0.0396335 0)
(0.00141179 -0.0396348 0)
(0.000325751 -0.0397954 0)
(-0.000195153 -0.0406469 0)
(-0.000335247 -0.0406597 0)
(-0.000734235 -0.0400837 0)
(-0.000235534 -0.0419008 0)
(0.000599275 -0.0420189 0)
(-0.000233168 -0.0418118 0)
(0.000518958 -0.0413731 0)
(0.000661824 -0.0395619 0)
(0.000304682 -0.0377606 0)
(0.000318575 -0.0383257 0)
(0.000263178 -0.0388682 0)
(-0.000259096 -0.0379941 0)
(-0.000991388 -0.0364722 0)
(-0.00109006 -0.0362333 0)
(-0.000575117 -0.0376587 0)
(-0.000848945 -0.0361154 0)
(-0.00126293 -0.0411839 0)
(-0.00128427 -0.0417721 0)
(-0.00107421 -0.0442336 0)
(0.00133093 -0.0419242 0)
(0.00179481 -0.0410146 0)
(0.000875593 -0.0450154 0)
(4.06544e-05 -0.0444423 0)
(0.000106584 -0.0434812 0)
(-0.000137749 -0.0425283 0)
(0.000548057 -0.0423994 0)
(-0.000303943 -0.0413941 0)
(-3.82668e-07 -0.0407815 0)
(-0.000165172 -0.0406713 0)
(0.000286962 -0.0393524 0)
(0.000323516 -0.0393952 0)
(-0.00028782 -0.0404228 0)
(8.17907e-07 -0.0390452 0)
(-5.40493e-05 -0.0385316 0)
(0.000357575 -0.038891 0)
(0.000161557 -0.0396218 0)
(-0.00014829 -0.0393257 0)
(0.000429383 -0.0383025 0)
(0.000433539 -0.0389793 0)
(0.000433401 -0.0401445 0)
(0.000702669 -0.0397077 0)
(0.000611483 -0.0373465 0)
(0.000700947 -0.0373419 0)
(-0.000948591 -0.0390128 0)
(-1.05478e-05 -0.0394073 0)
(0.000581538 -0.0395639 0)
(0.000407014 -0.0395722 0)
(-0.000309486 -0.0412094 0)
(0.00080799 -0.0409673 0)
(0.000194549 -0.0412615 0)
(0.000371091 -0.0417327 0)
(0.000450425 -0.042627 0)
(-4.62308e-05 -0.0398276 0)
(0.000373182 -0.0389051 0)
(0.000564185 -0.0393754 0)
(-2.5557e-05 -0.0402292 0)
(0.000486088 -0.0435347 0)
(0.000854474 -0.0439889 0)
(0.000801048 -0.0427396 0)
(0.000618065 -0.0424176 0)
(-0.00105779 -0.0462231 0)
(0.000732494 -0.0472611 0)
(-0.000121103 -0.0457116 0)
(-8.28969e-05 -0.0430905 0)
(-9.88635e-05 -0.0426831 0)
(0.000760637 -0.0423916 0)
(3.44324e-05 -0.0413796 0)
(-3.80308e-05 -0.0407126 0)
(-0.000272078 -0.0402646 0)
(6.28716e-05 -0.0375008 0)
(0.000165586 -0.0375671 0)
(0.000142348 -0.0399494 0)
(0.000684082 -0.0409584 0)
(-0.000336018 -0.0406389 0)
(0.00016704 -0.0410783 0)
(0.000320122 -0.0398625 0)
(-0.000174279 -0.0391877 0)
(4.24211e-05 -0.0395167 0)
(-1.05545e-05 -0.0390248 0)
(-0.000301231 -0.038888 0)
(-8.94523e-05 -0.0387286 0)
(0.000121791 -0.0392018 0)
(0.00076244 -0.0379487 0)
(0.00167298 -0.0376894 0)
(5.64995e-05 -0.0389184 0)
(-0.000223077 -0.03778 0)
(-0.000174515 -0.0405865 0)
(-0.000100813 -0.0424966 0)
(-0.000277089 -0.0459513 0)
(-9.2716e-05 -0.0463833 0)
(0.000110115 -0.0475375 0)
(-0.000882075 -0.0438162 0)
(-0.000761315 -0.0433704 0)
(9.04736e-05 -0.0470783 0)
(0.000682 -0.0458595 0)
(0.000199003 -0.0465335 0)
(0.000134733 -0.0445908 0)
(0.000770203 -0.0460954 0)
(-0.000326582 -0.0456695 0)
(-0.000389755 -0.0435246 0)
(-0.000654526 -0.0425485 0)
(1.7213e-05 -0.0418973 0)
(-0.000245221 -0.0420946 0)
(-0.000226765 -0.0414552 0)
(-8.21394e-05 -0.0412157 0)
(0.00014616 -0.0413427 0)
(0.00068757 -0.0415744 0)
(0.000437276 -0.0399338 0)
(-0.000236127 -0.0406903 0)
(2.31797e-05 -0.0416296 0)
(-0.000204183 -0.0406315 0)
(-7.7206e-05 -0.0419348 0)
(0.000294885 -0.0411069 0)
(-0.000231136 -0.0393913 0)
(-0.000376419 -0.0399045 0)
(0.00119219 -0.03647 0)
(0.00126309 -0.0378645 0)
(0.000497572 -0.037267 0)
(0.000365161 -0.0370381 0)
(0.000336395 -0.0369093 0)
(0.000561545 -0.0372205 0)
(0.000994841 -0.0380815 0)
(-0.000213848 -0.0406055 0)
(-0.000743327 -0.0389522 0)
(-0.00066603 -0.0510638 0)
(-0.000203208 -0.0505465 0)
(-0.000749396 -0.0490421 0)
(0.00181864 -0.0447475 0)
(0.000875223 -0.0450238 0)
(0.000594648 -0.0440567 0)
(-0.00070262 -0.0457639 0)
(-0.00104459 -0.0435721 0)
(-0.000853341 -0.0426463 0)
(-0.000645775 -0.041447 0)
(-0.000245599 -0.0416184 0)
(0.000271516 -0.040267 0)
(3.50717e-05 -0.0408751 0)
(0.000158897 -0.0391807 0)
(0.000201985 -0.0377693 0)
(0.000622576 -0.0400084 0)
(0.000257681 -0.0416344 0)
(0.000360558 -0.0416297 0)
(-0.000449031 -0.0398285 0)
(-0.00127272 -0.039258 0)
(-0.000410763 -0.0415599 0)
(-7.64842e-05 -0.0410954 0)
(-0.000424176 -0.0406462 0)
(-9.83251e-05 -0.0402168 0)
(0.000208982 -0.0374259 0)
(0.000218604 -0.0388347 0)
(0.000910688 -0.0370418 0)
(0.000188986 -0.0354775 0)
(0.000682682 -0.0357752 0)
(0.000455628 -0.0349112 0)
(0.000143946 -0.0369214 0)
(-3.49165e-05 -0.0374958 0)
(-0.000557442 -0.0375962 0)
(-0.000496389 -0.0427528 0)
(-0.000917444 -0.0484925 0)
(-6.36934e-05 -0.0486379 0)
(0.000700211 -0.0490975 0)
(-0.000188548 -0.0421662 0)
(-0.00122299 -0.0391284 0)
(-0.000140171 -0.0415988 0)
(-0.000798139 -0.0429462 0)
(0.000448745 -0.0433363 0)
(0.000334482 -0.0415878 0)
(-0.00139955 -0.0408076 0)
(-0.00108429 -0.0407003 0)
(-0.000287257 -0.0400754 0)
(0.000725202 -0.0393117 0)
(0.000413186 -0.0383935 0)
(-2.30661e-05 -0.0362392 0)
(-0.000203174 -0.0367824 0)
(0.000400321 -0.0368363 0)
(0.000811453 -0.0381464 0)
(0.000530084 -0.037448 0)
(-1.8739e-05 -0.0385715 0)
(-0.000141135 -0.0407493 0)
(-0.000274858 -0.0412103 0)
(7.56128e-05 -0.0390729 0)
(-0.000496301 -0.0404601 0)
(-0.000182627 -0.04094 0)
(-0.000591822 -0.0376674 0)
(0.000357997 -0.0387067 0)
(0.000663883 -0.0369727 0)
(0.0010896 -0.035233 0)
(0.000510093 -0.034582 0)
(-0.00013934 -0.034896 0)
(-0.000424673 -0.0356949 0)
(0.000371365 -0.03704 0)
(0.000348789 -0.0371132 0)
(-0.000559328 -0.0339294 0)
(0.000125469 -0.032426 0)
(-0.000964545 -0.0339282 0)
(-0.000955336 -0.0328914 0)
(0.000542398 -0.0327334 0)
(9.40199e-07 -0.0314286 0)
(0.000642757 -0.0321879 0)
(-0.000510092 -0.0407805 0)
(0.000227709 -0.040609 0)
(-0.000337674 -0.0387044 0)
(0.000420721 -0.0412605 0)
(-0.00067049 -0.0415571 0)
(-0.000846474 -0.0412226 0)
(-0.00114153 -0.0417126 0)
(-0.00016291 -0.0405668 0)
(-5.85368e-05 -0.040541 0)
(-0.000671653 -0.0405461 0)
(-0.00127099 -0.0401556 0)
(-0.000374589 -0.0394139 0)
(-0.00025386 -0.0406764 0)
(0.000549738 -0.0395643 0)
(0.000121434 -0.0396852 0)
(0.000469942 -0.0381318 0)
(0.000265717 -0.0369765 0)
(0.000534753 -0.0377285 0)
(0.000329558 -0.0387107 0)
(6.24999e-05 -0.0401567 0)
(-0.000309284 -0.0393236 0)
(-0.000717091 -0.0384172 0)
(-0.000403577 -0.0393216 0)
(2.0231e-05 -0.0407638 0)
(0.00011125 -0.0408924 0)
(2.67725e-05 -0.0391987 0)
(-0.000152891 -0.0350368 0)
(0.00040948 -0.0359231 0)
(0.000223993 -0.0328749 0)
(0.00118375 -0.0339229 0)
(0.00221762 -0.0361424 0)
(0.00118506 -0.0369212 0)
(0.00087459 -0.036566 0)
(0.00164981 -0.0366977 0)
(0.00032021 -0.0326384 0)
(-0.00141672 -0.0299946 0)
(0.000411627 -0.0283629 0)
(-8.43392e-05 -0.027622 0)
(0.000337441 -0.0291865 0)
(-0.000684374 -0.0265392 0)
(-0.00187701 -0.0299315 0)
(-0.000845891 -0.0319305 0)
(-0.000581721 -0.0303671 0)
(-0.00128861 -0.0303505 0)
(-0.000385707 -0.0329914 0)
(0.000328706 -0.0343362 0)
(-0.000559173 -0.0328597 0)
(-0.00142086 -0.0344779 0)
(-0.00107267 -0.0337835 0)
(-0.000593 -0.0345861 0)
(0.000512823 -0.0363048 0)
(-0.000384989 -0.0364257 0)
(-8.76192e-05 -0.0377304 0)
(-0.000101653 -0.0411956 0)
(0.000434085 -0.0421709 0)
(0.000282841 -0.0415473 0)
(0.000275308 -0.0405362 0)
(-0.000103553 -0.0383235 0)
(-0.000290155 -0.0384249 0)
(-0.00027397 -0.0386327 0)
(-0.000253609 -0.0387851 0)
(0.000118983 -0.0391487 0)
(-2.83099e-05 -0.0390221 0)
(-0.000148007 -0.0393865 0)
(-0.000499361 -0.0397637 0)
(-0.000358858 -0.04001 0)
(0.000204094 -0.0352337 0)
(-0.000194347 -0.0352161 0)
(0.000166074 -0.0357293 0)
(0.000460849 -0.0340309 0)
(0.000743666 -0.0351874 0)
(0.00315952 -0.0357867 0)
(0.00387972 -0.0356734 0)
(0.00511309 -0.0362987 0)
(0.00388833 -0.0381478 0)
(-0.00073291 -0.032646 0)
(-0.000970816 -0.0318206 0)
(-0.000265499 -0.0396625 0)
(-0.000637159 -0.0358793 0)
(-0.000458112 -0.0365319 0)
(-0.000141312 -0.0377607 0)
(-0.00025768 -0.037828 0)
(0.000118806 -0.0402765 0)
(-0.000262288 -0.0404234 0)
(0.0001737 -0.0381897 0)
(0.000357724 -0.0387028 0)
(-0.000623965 -0.0358723 0)
(0.000444386 -0.0346178 0)
(0.000813141 -0.0363216 0)
(1.78431e-05 -0.0369391 0)
(0.000146115 -0.0367676 0)
(-0.000505538 -0.0383688 0)
(0.000630324 -0.0393197 0)
(0.000632037 -0.0405688 0)
(0.000428576 -0.0409919 0)
(-0.000477078 -0.0406562 0)
(-0.000221535 -0.0400698 0)
(-0.000236319 -0.0394509 0)
(-0.000317175 -0.0396584 0)
(-0.000240363 -0.03929 0)
(-0.000657663 -0.038861 0)
(-0.0011184 -0.0379067 0)
(-0.000903827 -0.0366819 0)
(-0.00168776 -0.0362926 0)
(-0.000309534 -0.0382426 0)
(-9.57285e-05 -0.0391654 0)
(-0.00195136 -0.0378501 0)
(-0.00169807 -0.0384087 0)
(-0.000381519 -0.0350884 0)
(0.000443729 -0.034532 0)
(0.0011318 -0.034124 0)
(-0.000983483 -0.0404792 0)
(0.00156579 -0.0391114 0)
(0.000196262 -0.0425335 0)
(0.00214154 -0.0430898 0)
(8.00965e-05 -0.0378815 0)
(-0.000119245 -0.0384436 0)
(-8.43426e-05 -0.0385552 0)
(-0.000735148 -0.0419109 0)
(-0.000216973 -0.0421358 0)
(5.24108e-05 -0.042148 0)
(-0.000258929 -0.0418062 0)
(0.000157419 -0.0404567 0)
(0.000233147 -0.040161 0)
(-0.000362174 -0.0394847 0)
(0.000529838 -0.0367747 0)
(1.50049e-05 -0.037806 0)
(0.000175702 -0.0395094 0)
(-0.000825981 -0.0407584 0)
(0.000971466 -0.0392474 0)
(0.000788717 -0.0373909 0)
(0.000380653 -0.0386789 0)
(0.000176833 -0.0386709 0)
(-0.000344649 -0.0395608 0)
(0.000119846 -0.0401222 0)
(-0.00130646 -0.0394665 0)
(-0.000280269 -0.0388393 0)
(-0.000156756 -0.0401675 0)
(-0.000523047 -0.0402123 0)
(-0.000251171 -0.0392759 0)
(-0.000159057 -0.0385635 0)
(-0.000871622 -0.0375969 0)
(-0.000242024 -0.0376885 0)
(-8.60775e-05 -0.0389161 0)
(-0.000390288 -0.0394463 0)
(-0.00227354 -0.0399963 0)
(-0.00260385 -0.0395129 0)
(-0.001517 -0.0406654 0)
(-0.000903228 -0.040636 0)
(-0.00101472 -0.0381831 0)
(7.93558e-05 -0.039225 0)
(-0.000753649 -0.0411007 0)
(-0.00089009 -0.042148 0)
(-0.000742554 -0.040383 0)
(0.00114146 -0.0404721 0)
(0.000507712 -0.0394435 0)
(0.000430512 -0.0415827 0)
(0.000744477 -0.0409402 0)
(0.00062718 -0.0406651 0)
(-9.50064e-05 -0.0415548 0)
(6.04715e-05 -0.0402924 0)
(-0.000548211 -0.0403971 0)
(4.5987e-06 -0.0390311 0)
(0.000457534 -0.0394343 0)
(8.63988e-05 -0.038151 0)
(4.3776e-05 -0.0382314 0)
(0.000445123 -0.0350565 0)
(0.000986275 -0.0331364 0)
(0.00043779 -0.0353635 0)
(0.000859869 -0.0357565 0)
(0.000866156 -0.0344478 0)
(-0.000460736 -0.0339168 0)
(0.000309352 -0.0355488 0)
(0.00110646 -0.0379446 0)
(0.000660672 -0.038081 0)
(-0.00046424 -0.0378417 0)
(-0.000909275 -0.0403854 0)
(-0.00122408 -0.0408161 0)
(-0.000529773 -0.0393215 0)
(-0.000556329 -0.0389028 0)
(-0.000190316 -0.0382521 0)
(0.00028486 -0.036988 0)
(0.000930412 -0.036639 0)
(-7.11015e-05 -0.0383536 0)
(-0.000614774 -0.0395491 0)
(-0.000276426 -0.0414836 0)
(0.000176464 -0.038076 0)
(-0.000372262 -0.0387205 0)
(-0.000248661 -0.039212 0)
(-0.00023465 -0.0397868 0)
(-0.000627627 -0.0391895 0)
(-0.000662056 -0.0416732 0)
(0.000562956 -0.0406775 0)
(0.00150783 -0.0404001 0)
(-0.000122762 -0.0412313 0)
(0.000819541 -0.041351 0)
(0.000260224 -0.0398641 0)
(-8.46186e-05 -0.038795 0)
(-0.000329592 -0.0406589 0)
(-0.000500132 -0.0401776 0)
(-0.000105753 -0.0398417 0)
(-0.000784251 -0.0377785 0)
(0.000510846 -0.0370517 0)
(0.00096672 -0.0351255 0)
(0.000282414 -0.0363016 0)
(0.00210759 -0.0352885 0)
(0.00102441 -0.0356423 0)
(0.000825489 -0.0358085 0)
(0.00134185 -0.0334441 0)
(0.000474511 -0.0332568 0)
(0.000330032 -0.0361427 0)
(-0.000498011 -0.0358585 0)
(0.000339109 -0.03589 0)
(0.0005703 -0.0377447 0)
(-0.00149974 -0.0383169 0)
(-0.00119038 -0.0386931 0)
(-0.00157892 -0.0374685 0)
(-0.000928572 -0.0383896 0)
(-0.000652578 -0.0390702 0)
(-0.000486055 -0.0399247 0)
(-0.000186731 -0.0401363 0)
(6.46014e-05 -0.0391897 0)
(0.000165084 -0.0390297 0)
(0.000300876 -0.0372533 0)
(0.00042413 -0.0400154 0)
(-0.000840173 -0.0373645 0)
(-0.000893292 -0.0375991 0)
(-0.000478373 -0.0375024 0)
(-0.000532279 -0.0378475 0)
(0.000324243 -0.0396176 0)
(-3.35597e-05 -0.0397445 0)
(0.00137186 -0.0421043 0)
(0.000786051 -0.043244 0)
(0.000711071 -0.0413645 0)
(0.000308474 -0.040412 0)
(-6.81732e-05 -0.0386585 0)
(-0.000182575 -0.0388286 0)
(-0.000206689 -0.0388733 0)
(-0.00103762 -0.0388347 0)
(-0.0014148 -0.0375144 0)
(-0.000908121 -0.0388032 0)
(-6.00595e-05 -0.0375225 0)
(-9.2278e-06 -0.0378152 0)
(-0.000166302 -0.0407457 0)
(0.00024517 -0.0404083 0)
(0.000190304 -0.0362159 0)
(-7.13657e-05 -0.0376436 0)
(0.00021775 -0.036555 0)
(0.000218245 -0.0355652 0)
(0.000640854 -0.0357831 0)
(-0.000377579 -0.0354309 0)
(-0.00204006 -0.03819 0)
(0.000103995 -0.0331168 0)
(-0.00135012 -0.0328636 0)
(-0.00118159 -0.0337094 0)
(-0.000735523 -0.0356235 0)
(0.000189887 -0.0357702 0)
(-0.000502029 -0.0386848 0)
(-0.00082567 -0.0408753 0)
(-0.00027011 -0.0406041 0)
(-0.000128448 -0.0419575 0)
(-0.000147399 -0.0410447 0)
(-7.81295e-05 -0.0398573 0)
(0.000154352 -0.0383964 0)
(0.00130428 -0.037152 0)
(0.00139635 -0.0409095 0)
(0.000767591 -0.0407041 0)
(0.000849658 -0.0390765 0)
(0.000130024 -0.0401904 0)
(0.000589086 -0.0422615 0)
(-0.000301962 -0.0425826 0)
(-0.000361219 -0.0427466 0)
(-0.000802052 -0.0369474 0)
(-0.000244025 -0.0400663 0)
(-3.48414e-05 -0.0401731 0)
(0.000196331 -0.0399532 0)
(0.000197021 -0.039649 0)
(0.000310425 -0.0393579 0)
(-0.000165755 -0.0408488 0)
(-3.82661e-05 -0.0389025 0)
(0.000988866 -0.03822 0)
(-0.000267141 -0.0402873 0)
(-0.000771304 -0.0417664 0)
(5.36025e-05 -0.039571 0)
(9.32616e-06 -0.0367636 0)
(0.000368441 -0.0361366 0)
(0.000540369 -0.0364286 0)
(6.5121e-05 -0.0346956 0)
(0.000195065 -0.0322026 0)
(0.000401436 -0.0339358 0)
(-3.64029e-05 -0.0346931 0)
(0.000148493 -0.0347768 0)
(-0.000558358 -0.0350414 0)
(-0.000291002 -0.0359392 0)
(-0.000480983 -0.0374389 0)
(-0.000613027 -0.0406401 0)
(-0.000579 -0.0405193 0)
(-0.000189808 -0.0429048 0)
(0.000375637 -0.0427315 0)
(0.0015713 -0.0425881 0)
(0.00105826 -0.040787 0)
(0.00115651 -0.0404787 0)
(0.000449234 -0.042239 0)
(0.000159848 -0.0407777 0)
(0.000675894 -0.0428015 0)
(0.000725257 -0.0423082 0)
(0.000367695 -0.0416657 0)
(0.000302141 -0.0415755 0)
(5.19025e-05 -0.0428733 0)
(-0.000847547 -0.0368832 0)
(-0.000598238 -0.0411942 0)
(-0.00147514 -0.0410569 0)
(-0.000668256 -0.0408392 0)
(-0.00045061 -0.0411675 0)
(-0.000149016 -0.0415647 0)
(-0.000283533 -0.0420618 0)
(-0.000303867 -0.0402682 0)
(0.000881089 -0.0397657 0)
(-0.000300622 -0.040581 0)
(-0.00181824 -0.0393237 0)
(0.000763051 -0.0396338 0)
(-0.00111178 -0.0374397 0)
(-0.000564617 -0.0367031 0)
(0.000305911 -0.0364284 0)
(0.000155266 -0.0365411 0)
(0.00125829 -0.0315546 0)
(0.000712728 -0.03585 0)
(3.09013e-05 -0.035339 0)
(4.68536e-05 -0.0366573 0)
(0.000339021 -0.0373357 0)
(-0.000220007 -0.0386911 0)
(-0.000105347 -0.0410721 0)
(0.000736826 -0.0407022 0)
(0.000205075 -0.0414145 0)
(-0.000503055 -0.0428999 0)
(0.000729641 -0.0432205 0)
(0.000907339 -0.040975 0)
(0.00112334 -0.0420033 0)
(0.00212233 -0.0414913 0)
(0.000802264 -0.0378249 0)
(-0.000363939 -0.0442027 0)
(-5.49601e-05 -0.0437916 0)
(6.94572e-05 -0.0433204 0)
(0.000640566 -0.0427122 0)
(0.00019518 -0.0428888 0)
(-0.000585479 -0.0447025 0)
(-0.000532016 -0.042102 0)
(-0.000713014 -0.0416408 0)
(-0.00036087 -0.0412965 0)
(-0.000264479 -0.0412153 0)
(-1.72223e-05 -0.0413234 0)
(-0.00012573 -0.0411457 0)
(7.04702e-05 -0.0405809 0)
(3.52869e-05 -0.0406926 0)
(0.000183493 -0.0371787 0)
(-0.00126847 -0.0353266 0)
(-0.000329667 -0.0403302 0)
(0.000420044 -0.0413058 0)
(-7.33461e-05 -0.0422098 0)
(0.000490934 -0.0386132 0)
(0.000958782 -0.0394848 0)
(0.00141003 -0.0414434 0)
(0.00108895 -0.0419854 0)
(0.00118944 -0.0388975 0)
(0.000472374 -0.0385331 0)
(0.000460877 -0.0408083 0)
(0.000886631 -0.0394559 0)
(0.00149787 -0.0403063 0)
(0.000439203 -0.04083 0)
(-1.60442e-05 -0.041969 0)
(-0.000690589 -0.0426074 0)
(0.000479225 -0.0406065 0)
(0.00115837 -0.0386936 0)
(0.000625168 -0.0405376 0)
(-3.61417e-05 -0.0349276 0)
(-0.000287064 -0.0366067 0)
(-0.00114833 -0.0331815 0)
(-0.00203321 -0.0324131 0)
(-0.00337724 -0.0357433 0)
(-0.000277815 -0.0378575 0)
(0.000574601 -0.0388448 0)
(-0.00195463 -0.0420165 0)
(-0.000659542 -0.0422447 0)
(-0.000785491 -0.0413865 0)
(-0.000586545 -0.0399279 0)
(-0.00110617 -0.0411432 0)
(-0.000691694 -0.0403123 0)
(0.000310688 -0.0401872 0)
(8.05157e-05 -0.0399646 0)
(-0.000282989 -0.0371004 0)
(-0.000877254 -0.0371055 0)
(-0.000541101 -0.0381056 0)
(-0.000798398 -0.0424179 0)
(0.000493186 -0.0412113 0)
(-0.000320065 -0.0430735 0)
(-0.000441569 -0.0462452 0)
(-7.5249e-05 -0.044744 0)
(-1.17491e-05 -0.0440471 0)
(0.000155067 -0.0446746 0)
(0.000749853 -0.0406115 0)
(-7.45855e-05 -0.0423502 0)
(-1.20457e-05 -0.041207 0)
(0.000188065 -0.0405457 0)
(0.000603472 -0.0405174 0)
(0.000295445 -0.0389984 0)
(0.000199063 -0.0388083 0)
(0.000194659 -0.038313 0)
(0.000283098 -0.0376133 0)
(-4.4582e-05 -0.0380221 0)
(-0.000236527 -0.0361149 0)
(-0.000167731 -0.0347167 0)
(-0.00087136 -0.0347987 0)
(-0.000586225 -0.0331377 0)
(-0.00201141 -0.0322951 0)
(-0.00256182 -0.0343944 0)
(-0.00200763 -0.0364768 0)
(-0.00173208 -0.0365512 0)
(0.000885701 -0.0341232 0)
(-0.000712806 -0.0334512 0)
(-0.00248008 -0.0378486 0)
(-0.0011063 -0.0364885 0)
(-0.000572876 -0.0369341 0)
(-0.000191591 -0.0388728 0)
(-0.000814345 -0.0379763 0)
(-0.000655185 -0.0387842 0)
(-0.00170131 -0.0405103 0)
(-0.000325233 -0.0406115 0)
(7.72791e-06 -0.0406295 0)
(0.000269926 -0.0411456 0)
(0.000315277 -0.0384475 0)
(0.00117258 -0.042303 0)
(-0.00155015 -0.0445301 0)
(0.000332477 -0.0456152 0)
(0.000754388 -0.0454062 0)
(0.000181806 -0.0449026 0)
(-1.28669e-05 -0.0462159 0)
(0.000183884 -0.0462945 0)
(-0.000249893 -0.0475428 0)
(-0.00127217 -0.0451412 0)
(-0.000559936 -0.043428 0)
(6.81605e-05 -0.0420947 0)
(0.000311059 -0.0403545 0)
(-0.000407375 -0.0385231 0)
(0.000354387 -0.03834 0)
(0.000629546 -0.0364028 0)
(0.000333971 -0.0376299 0)
(0.000138811 -0.0377273 0)
(-6.05842e-05 -0.0357648 0)
(-0.00112707 -0.0361031 0)
(-0.000413136 -0.0346375 0)
(-0.000107015 -0.0347727 0)
(2.53937e-05 -0.0358789 0)
(-0.000345447 -0.0357114 0)
(9.52603e-05 -0.0345791 0)
(-0.000284045 -0.0349979 0)
(0.000117261 -0.0373494 0)
(0.000139921 -0.0385415 0)
(-0.00059266 -0.0293389 0)
(-0.00123161 -0.0330234 0)
(-0.000122984 -0.0326319 0)
(-0.000176692 -0.0358192 0)
(8.32762e-05 -0.0366129 0)
(0.000311991 -0.0381743 0)
(0.000527217 -0.0371533 0)
(0.000141471 -0.0394062 0)
(0.000576327 -0.0400927 0)
(-0.00106134 -0.0398153 0)
(-0.000352436 -0.0415746 0)
(0.00033298 -0.0432346 0)
(0.000144106 -0.0428268 0)
(0.000917308 -0.0402645 0)
(0.000665273 -0.0415224 0)
(0.000263404 -0.0440077 0)
(0.00127841 -0.0437632 0)
(0.000315112 -0.0467537 0)
(0.000490112 -0.0482489 0)
(0.000959898 -0.0469004 0)
(0.000660596 -0.0473391 0)
(0.000389045 -0.0485654 0)
(-0.001284 -0.0413202 0)
(-0.000979245 -0.0427934 0)
(0.000154248 -0.0424609 0)
(-0.000634803 -0.0416409 0)
(8.8463e-05 -0.038572 0)
(0.000554624 -0.0371972 0)
(0.000640181 -0.0386695 0)
(0.000612154 -0.0369929 0)
(1.79328e-05 -0.03624 0)
(-0.000964822 -0.0362225 0)
(-0.000710418 -0.0362094 0)
(-0.00029209 -0.0358738 0)
(-0.000157013 -0.035861 0)
(-0.00090899 -0.0360067 0)
(-0.000589179 -0.0358647 0)
(-0.000453286 -0.03952 0)
(-0.000165007 -0.0396014 0)
(1.48272e-06 -0.0403135 0)
(0.000582588 -0.0403563 0)
(0.000608633 -0.035447 0)
(-0.000270909 -0.0370928 0)
(-0.000257499 -0.0391684 0)
(-0.00103145 -0.0388868 0)
(-0.000824897 -0.0396132 0)
(-0.000906763 -0.0413133 0)
(6.19346e-05 -0.0409977 0)
(0.00190368 -0.0425689 0)
(-0.000207952 -0.0418472 0)
(0.000396819 -0.0423364 0)
(0.000534835 -0.0422063 0)
(0.000408389 -0.0436786 0)
(0.000378428 -0.0449663 0)
(0.000883089 -0.0479283 0)
(-0.000305861 -0.049323 0)
(6.92785e-05 -0.0473922 0)
(0.000414705 -0.0473155 0)
(-1.69686e-05 -0.0427717 0)
(-0.000489223 -0.0416723 0)
(-0.00165159 -0.0411646 0)
(-0.0027998 -0.045089 0)
(-0.000981677 -0.0410877 0)
(3.08771e-05 -0.043097 0)
(-0.000985693 -0.0424826 0)
(-0.000270476 -0.0411949 0)
(0.000429406 -0.0409545 0)
(0.00112247 -0.0402511 0)
(0.000292405 -0.0383111 0)
(-0.00111093 -0.036725 0)
(-0.00116465 -0.0370669 0)
(-0.000263799 -0.0379776 0)
(-0.000493685 -0.0366582 0)
(-1.61741e-05 -0.03779 0)
(-0.000594704 -0.0394338 0)
(-3.04e-05 -0.0400989 0)
(0.000116198 -0.040746 0)
(0.000191098 -0.0410484 0)
(0.000135094 -0.0409017 0)
(0.000991494 -0.0407097 0)
(0.000806227 -0.0333459 0)
(0.00019151 -0.0385645 0)
(-0.000552883 -0.0386908 0)
(-0.00105302 -0.039671 0)
(0.00103867 -0.040118 0)
(0.00234758 -0.0378453 0)
(0.00346978 -0.0360549 0)
(0.00231917 -0.0390995 0)
(0.000561999 -0.040291 0)
(0.000285891 -0.0387116 0)
(0.00178165 -0.0419631 0)
(0.00138072 -0.0424979 0)
(0.000862796 -0.0427402 0)
(0.000626972 -0.0434906 0)
(0.000554805 -0.0440816 0)
(0.000372138 -0.046289 0)
(-0.0004216 -0.045751 0)
(6.23537e-05 -0.0473306 0)
(-0.000173037 -0.0436656 0)
(-0.000167724 -0.0402249 0)
(0.000559912 -0.0406185 0)
(-0.000342296 -0.0451868 0)
(-0.000591844 -0.0436975 0)
(-0.000355125 -0.0419912 0)
(-0.000675191 -0.046798 0)
(-0.00207126 -0.043875 0)
(-0.00146551 -0.0423672 0)
(-0.000719079 -0.0427151 0)
(0.000898567 -0.039647 0)
(-0.00038397 -0.0374108 0)
(0.000374447 -0.0380746 0)
(-0.000367947 -0.0402768 0)
(-0.00023557 -0.0394181 0)
(0.000815615 -0.0379901 0)
(-0.000494652 -0.0403867 0)
(-0.000687085 -0.0421232 0)
(-0.000601541 -0.0418428 0)
(-0.000242336 -0.0413376 0)
(-0.000257664 -0.0418247 0)
(-0.00034849 -0.0418089 0)
(0.000246076 -0.0402352 0)
(0.00195739 -0.034222 0)
(0.000916493 -0.0374699 0)
(0.000481327 -0.0389583 0)
(0.000471857 -0.0393941 0)
(0.00124089 -0.036261 0)
(0.00226414 -0.0342812 0)
(0.00087406 -0.0377369 0)
(0.00109367 -0.0367849 0)
(0.000578631 -0.0331837 0)
(-0.000132529 -0.0350432 0)
(0.00213598 -0.0415881 0)
(0.0011252 -0.035091 0)
(-0.000234208 -0.0385044 0)
(-0.000117581 -0.0382715 0)
(-0.000148997 -0.0375328 0)
(-0.00015293 -0.0373587 0)
(-0.000145305 -0.0365708 0)
(-0.000449989 -0.0375677 0)
(-0.000854933 -0.0395862 0)
(0.000658576 -0.0398834 0)
(6.08019e-05 -0.0418654 0)
(0.000161052 -0.0427363 0)
(7.96493e-05 -0.0427967 0)
(-0.000178521 -0.0426309 0)
(-0.000134933 -0.0430703 0)
(-0.00178254 -0.042343 0)
(-0.00201401 -0.040669 0)
(-0.00127 -0.03448 0)
(-0.0017439 -0.0349958 0)
(-0.00274908 -0.0375306 0)
(-0.00147798 -0.036489 0)
(-0.000549975 -0.0356103 0)
(-0.000645825 -0.0385702 0)
(-3.79187e-05 -0.039538 0)
(-0.000119878 -0.0401813 0)
(0.000173117 -0.0397326 0)
(-0.00064791 -0.0411018 0)
(-0.000283254 -0.0404271 0)
(-0.000570782 -0.0399168 0)
(-0.000181017 -0.0391875 0)
(-0.000207137 -0.0415785 0)
(0.000397025 -0.0403058 0)
(0.000284068 -0.0343423 0)
(0.000740991 -0.0352584 0)
(0.00125678 -0.033554 0)
(0.00107037 -0.0347786 0)
(0.000665642 -0.0370665 0)
(5.27353e-05 -0.0376439 0)
(-0.0002911 -0.0378416 0)
(0.00100695 -0.0373359 0)
(0.000694911 -0.031813 0)
(9.06589e-05 -0.0327522 0)
(0.000512597 -0.0327985 0)
(-6.24196e-05 -0.035373 0)
(-0.000191061 -0.034636 0)
(0.000465773 -0.0357798 0)
(0.000275934 -0.0362265 0)
(0.000307045 -0.0372791 0)
(-3.07189e-05 -0.0394276 0)
(-0.000356379 -0.0392021 0)
(-0.000480069 -0.0400163 0)
(-0.000428351 -0.0384209 0)
(-0.000214438 -0.036981 0)
(-0.00108948 -0.035284 0)
(-0.000466558 -0.035799 0)
(-0.000561528 -0.0363558 0)
(-0.000819658 -0.0357975 0)
(-0.000529489 -0.0341266 0)
(0.000635753 -0.035037 0)
(0.00127853 -0.0324715 0)
(0.000241181 -0.0355095 0)
(-0.00021904 -0.0353342 0)
(0.000129865 -0.0352227 0)
(0.000609651 -0.0361856 0)
(1.89424e-05 -0.0389692 0)
(0.000772531 -0.0406983 0)
(-0.000560329 -0.0411456 0)
(-0.000145383 -0.0393908 0)
(-0.000183997 -0.039512 0)
(-0.000597241 -0.038293 0)
(-0.000460713 -0.038176 0)
(0.000519233 -0.0364738 0)
(-0.000441527 -0.0366511 0)
(-0.000186776 -0.0385437 0)
(0.00228235 -0.0355033 0)
(0.00358235 -0.0337288 0)
(0.00410879 -0.0349064 0)
(0.00369918 -0.0374133 0)
(0.00231495 -0.0376502 0)
(0.00136509 -0.0386958 0)
(0.000327477 -0.0355969 0)
(0.000653685 -0.0351728 0)
(0.00114118 -0.0332758 0)
(0.00175896 -0.0329699 0)
(2.93081e-05 -0.0353312 0)
(0.000231088 -0.0343331 0)
(-0.00057797 -0.0340243 0)
(-0.000300995 -0.034965 0)
(0.000682637 -0.0362371 0)
(-0.00243978 -0.0375417 0)
(-0.00154325 -0.0368467 0)
(-0.00166233 -0.0365728 0)
(-0.00123671 -0.033513 0)
(-0.000457514 -0.0364807 0)
(-0.000437801 -0.0363813 0)
(-0.000521501 -0.0399948 0)
(-0.000248812 -0.0374546 0)
(-0.000546493 -0.0374084 0)
(-0.000540208 -0.0347123 0)
(0.000271455 -0.0346175 0)
(0.000501046 -0.0352429 0)
(0.000106401 -0.0352082 0)
(0.000496172 -0.0362277 0)
(0.000588338 -0.0354131 0)
(0.000102661 -0.0354291 0)
(-0.000557352 -0.0361822 0)
(0.000664346 -0.0409802 0)
(-0.0002159 -0.0368992 0)
(-0.000427772 -0.0379419 0)
(-0.00058766 -0.0377246 0)
(-0.000443475 -0.0364929 0)
(0.000793585 -0.0330066 0)
(0.00041867 -0.0358322 0)
(0.000929311 -0.0366146 0)
(0.000802308 -0.0366366 0)
(0.0014322 -0.0409496 0)
(0.00257385 -0.0412914 0)
(0.0038779 -0.0399321 0)
(0.00437706 -0.0387603 0)
(0.00265811 -0.0388597 0)
(0.00167387 -0.0380718 0)
(0.000135785 -0.0387245 0)
(0.000245551 -0.036031 0)
(0.00105111 -0.0357677 0)
(-0.000471707 -0.0376704 0)
(0.00047243 -0.0376053 0)
(-0.000738799 -0.0359469 0)
(-0.000725153 -0.0340054 0)
(-0.000260148 -0.0352625 0)
(-0.000893026 -0.0355814 0)
(-0.000877779 -0.0339151 0)
(-0.000565931 -0.0347865 0)
(-0.00115302 -0.0335583 0)
(-0.000844454 -0.0382151 0)
(-0.00109577 -0.0348742 0)
(-0.00150838 -0.0371153 0)
(-0.000713404 -0.0375476 0)
(-0.000657565 -0.0387729 0)
(-0.000683652 -0.037508 0)
(-0.000824393 -0.0367235 0)
(-0.000631967 -0.0372184 0)
(0.000139254 -0.0376827 0)
(0.000197217 -0.0373345 0)
(0.000672784 -0.0353391 0)
(0.000936147 -0.0380124 0)
(0.000691058 -0.0375738 0)
(0.000674118 -0.0387837 0)
(-0.000368831 -0.0353096 0)
(-4.34964e-05 -0.0374959 0)
(-0.00147739 -0.0381007 0)
(-0.000490426 -0.0365684 0)
(0.00128613 -0.037197 0)
(0.000749803 -0.0336087 0)
(0.000833605 -0.0335017 0)
(-5.37047e-05 -0.0342804 0)
(0.00245262 -0.0375566 0)
(0.00416667 -0.0410282 0)
(0.00141616 -0.0395762 0)
(0.00296508 -0.0344154 0)
(0.0016456 -0.0377242 0)
(0.000445017 -0.0385619 0)
(-0.000248432 -0.0348084 0)
(0.000638177 -0.0365376 0)
(0.00196576 -0.0375308 0)
(-0.000259105 -0.0370296 0)
(0.00056065 -0.0370737 0)
(0.000241847 -0.0367539 0)
(-0.000830532 -0.0359039 0)
(0.000616727 -0.0329707 0)
(-0.000827197 -0.0344953 0)
(-0.00083755 -0.0355525 0)
(0.000329101 -0.0359027 0)
(-0.000643566 -0.0358751 0)
(-0.00107191 -0.0357183 0)
(-0.000569503 -0.0356859 0)
(-0.000389197 -0.0349876 0)
(0.000113129 -0.0366567 0)
(-7.90957e-05 -0.0381312 0)
(-0.000487244 -0.0379836 0)
(-0.000422449 -0.0374657 0)
(0.000108432 -0.0400736 0)
(-0.000262712 -0.0400847 0)
(0.00019799 -0.0380836 0)
(0.000127228 -0.0389888 0)
(0.000108913 -0.0410008 0)
(0.000783751 -0.0385413 0)
(0.000604708 -0.0389993 0)
(-0.00203824 -0.0357411 0)
(-0.00152584 -0.0355693 0)
(-0.0015947 -0.0365669 0)
(-0.00159887 -0.0378785 0)
(-0.000919664 -0.0399833 0)
(-0.000232959 -0.0386195 0)
(-0.000534808 -0.0407683 0)
(0.00248198 -0.0414109 0)
(0.000576315 -0.034068 0)
(3.01995e-05 -0.0341536 0)
(0.00211432 -0.0331561 0)
(0.0015032 -0.032668 0)
(-4.56456e-05 -0.0362167 0)
(-0.000140908 -0.0347551 0)
(0.000595328 -0.0372704 0)
(0.000154785 -0.0375045 0)
(-0.000229187 -0.0347549 0)
(0.000228531 -0.0361283 0)
(0.000253413 -0.0361254 0)
(-0.000611225 -0.0352669 0)
(-0.000419514 -0.0357433 0)
(-0.00120597 -0.0353799 0)
(-0.000804708 -0.0368692 0)
(-0.000476122 -0.0383249 0)
(0.000174631 -0.0364012 0)
(0.000551572 -0.0364261 0)
(1.08295e-05 -0.0370138 0)
(9.8197e-06 -0.0377659 0)
(-0.000907183 -0.0397619 0)
(0.000756643 -0.0394302 0)
(-0.000560699 -0.0391114 0)
(0.000226688 -0.0391266 0)
(0.000736485 -0.0411821 0)
(-9.11483e-06 -0.0430642 0)
(-0.000399758 -0.0444021 0)
(0.000223523 -0.0444401 0)
(0.000586944 -0.0432242 0)
(0.000508576 -0.0430996 0)
(0.000161752 -0.0428281 0)
(-0.000352973 -0.0421918 0)
(-0.000463959 -0.0418923 0)
(-0.00102537 -0.0384633 0)
(-0.00173695 -0.0380715 0)
(0.000515888 -0.0382214 0)
(-0.00111205 -0.0396722 0)
(5.83082e-06 -0.0420154 0)
(-0.000482026 -0.0444032 0)
(-0.000435639 -0.0356753 0)
(0.000775619 -0.0323949 0)
(0.000993449 -0.0318035 0)
(0.000944093 -0.0349733 0)
(0.000390427 -0.0365578 0)
(0.000754471 -0.0353106 0)
(-0.000755399 -0.0344645 0)
(-0.00063465 -0.0340969 0)
(-0.000262511 -0.0345361 0)
(-0.000242321 -0.0331908 0)
(-0.00107576 -0.0331979 0)
(0.000149081 -0.0357781 0)
(-0.000505252 -0.0338281 0)
(-0.000409893 -0.0346176 0)
(0.000185725 -0.0345015 0)
(0.000202085 -0.0346671 0)
(0.000320906 -0.0354514 0)
(0.00101958 -0.0356163 0)
(0.000813037 -0.035664 0)
(0.00120333 -0.0355194 0)
(0.000831656 -0.0429249 0)
(0.000506995 -0.0414914 0)
(0.00102178 -0.0395416 0)
(0.000137062 -0.0405106 0)
(0.000361965 -0.0441456 0)
(-0.000115313 -0.0440909 0)
(-0.000186809 -0.0429316 0)
(-0.000350815 -0.042053 0)
(-0.000307983 -0.0410072 0)
(-0.000306837 -0.0404903 0)
(-0.000212407 -0.0405156 0)
(-0.000375782 -0.0406851 0)
(-0.000528176 -0.040587 0)
(-0.00201971 -0.0387749 0)
(-0.0016741 -0.0396987 0)
(-0.00109785 -0.0409932 0)
(-0.000282105 -0.040008 0)
(-0.000476343 -0.0415424 0)
(0.000309869 -0.0423924 0)
(-0.000685068 -0.0362629 0)
(-0.00010091 -0.0349758 0)
(0.000364543 -0.0334968 0)
(0.00114315 -0.0322779 0)
(0.00116452 -0.0339515 0)
(0.000187686 -0.0309952 0)
(-0.00106861 -0.0329909 0)
(0.000278841 -0.0358463 0)
(-3.49763e-05 -0.0349774 0)
(-0.000289063 -0.0359524 0)
(-0.000314867 -0.0362142 0)
(-0.000198436 -0.0365419 0)
(6.47798e-05 -0.0361443 0)
(-0.000388532 -0.0366666 0)
(-0.000146984 -0.0356128 0)
(6.49732e-05 -0.0352401 0)
(8.2202e-05 -0.0340647 0)
(-0.000589106 -0.0323837 0)
(0.000656412 -0.0322864 0)
(0.00100647 -0.0310334 0)
(0.00114105 -0.0307375 0)
(0.000459223 -0.0330057 0)
(0.000227507 -0.0352936 0)
(6.1308e-05 -0.0359287 0)
(4.23393e-05 -0.0374357 0)
(-0.000777341 -0.0360665 0)
(-0.000536343 -0.0352417 0)
(-7.01326e-05 -0.0373412 0)
(-2.66972e-05 -0.0380192 0)
(0.000164862 -0.0382802 0)
(0.000252269 -0.0386501 0)
(-0.000350509 -0.037033 0)
(-0.0012338 -0.0372295 0)
(-0.000552615 -0.0389496 0)
(2.0419e-05 -0.0426773 0)
(-0.000381987 -0.0433553 0)
(-0.000531471 -0.0428804 0)
(-0.000314937 -0.0402845 0)
(-0.00107221 -0.0406928 0)
(1.01064e-05 -0.04209 0)
(-0.000387525 -0.0366337 0)
(-0.000942465 -0.0366952 0)
(-0.0019565 -0.0368899 0)
(0.000195929 -0.0339912 0)
(0.000180245 -0.0340017 0)
(-0.00031451 -0.0349021 0)
(-0.000126869 -0.0353259 0)
(0.000215382 -0.0311056 0)
(0.000904764 -0.0388656 0)
(0.000412989 -0.0387924 0)
(0.000297453 -0.036562 0)
(0.00151341 -0.0371879 0)
(-0.000223211 -0.039417 0)
(0.00148791 -0.0400328 0)
(0.000683555 -0.0406638 0)
(-0.000175997 -0.0409434 0)
(-0.000456814 -0.0406481 0)
(-0.000163852 -0.0402898 0)
(0.00016548 -0.0395168 0)
(-2.45777e-06 -0.0397618 0)
(6.21384e-05 -0.0377927 0)
(0.0013576 -0.040202 0)
(0.00157499 -0.035925 0)
(0.00187741 -0.0367784 0)
(0.000998289 -0.035238 0)
(0.000814236 -0.0378186 0)
(-0.000211583 -0.0363588 0)
(-0.000306087 -0.0348551 0)
(-0.000402822 -0.0348068 0)
(-0.000215211 -0.0367799 0)
(-4.04238e-05 -0.0383613 0)
(-0.000215437 -0.0387662 0)
(1.39016e-05 -0.0386551 0)
(-0.000295025 -0.0385577 0)
(-0.00146397 -0.0387177 0)
(-0.000390945 -0.0404036 0)
(-0.000432168 -0.04238 0)
(-2.89307e-05 -0.0411801 0)
(0.000620639 -0.0405729 0)
(-0.000447324 -0.0417079 0)
(-0.000576585 -0.0420832 0)
(0.000103894 -0.0389279 0)
(8.89686e-05 -0.0389332 0)
(-0.000571359 -0.0371541 0)
(-0.000976911 -0.0389329 0)
(-8.16341e-05 -0.0385067 0)
(-1.23041e-05 -0.0387519 0)
(0.000515537 -0.0399082 0)
(0.000409149 -0.0381057 0)
(0.000757206 -0.0387717 0)
(-2.81836e-06 -0.0392619 0)
(9.01317e-05 -0.0379903 0)
(9.91987e-05 -0.0384207 0)
(-0.000153745 -0.0401625 0)
(2.85579e-05 -0.0397354 0)
(-0.000535004 -0.0392422 0)
(0.000173189 -0.0410654 0)
(0.000773322 -0.042759 0)
(-0.000834411 -0.0417778 0)
(-0.00041608 -0.0418783 0)
(0.00105895 -0.0433527 0)
(0.000561607 -0.0435023 0)
(0.00122149 -0.0395054 0)
(0.00149408 -0.0379995 0)
(0.000823564 -0.0383642 0)
(0.000478523 -0.0406413 0)
(0.000544317 -0.0420062 0)
(0.000135204 -0.0407137 0)
(-0.00104343 -0.0385411 0)
(0.000272605 -0.0392462 0)
(-0.000357873 -0.0416187 0)
(4.29273e-06 -0.0413043 0)
(0.000305609 -0.0389871 0)
(-0.000357563 -0.0378131 0)
(0.00101401 -0.0401638 0)
(0.000536525 -0.0388872 0)
(0.000188901 -0.0404512 0)
(-0.000693745 -0.0432157 0)
(-0.000128728 -0.0431121 0)
(-0.000134289 -0.0431586 0)
(-0.00050426 -0.0405416 0)
(-0.000493811 -0.0408167 0)
(-0.000274993 -0.0397052 0)
(-0.000692096 -0.0405683 0)
(-0.000781322 -0.0408876 0)
(0.000160819 -0.0396423 0)
(0.000222664 -0.0377076 0)
(-5.17442e-05 -0.0386779 0)
(-7.05154e-05 -0.0400666 0)
(0.000131824 -0.0409994 0)
(0.000571195 -0.0386463 0)
(0.00102155 -0.0382067 0)
(0.000561182 -0.0389996 0)
(3.96348e-05 -0.0404226 0)
(0.000746822 -0.0405808 0)
(0.000154557 -0.0410848 0)
(-0.000120204 -0.042385 0)
(4.808e-05 -0.041578 0)
(0.000468774 -0.0409574 0)
(-0.000249758 -0.0427658 0)
(0.000887796 -0.0451217 0)
(-6.55973e-05 -0.0443866 0)
(0.000744023 -0.0435714 0)
(6.48096e-06 -0.0426162 0)
(4.8465e-05 -0.0411854 0)
(-0.000235715 -0.0419886 0)
(-0.000356856 -0.0408008 0)
(-0.000234376 -0.0386154 0)
(-8.77272e-05 -0.0378077 0)
(-0.000212937 -0.0400308 0)
(-0.00147841 -0.04297 0)
(0.000433565 -0.0435055 0)
(0.000662442 -0.0430238 0)
(-0.000306604 -0.0407495 0)
(0.00106227 -0.040515 0)
(0.00105551 -0.0402729 0)
(-0.000477092 -0.042659 0)
(-0.000718495 -0.0438653 0)
(-0.000507971 -0.0432969 0)
(3.98086e-05 -0.0426376 0)
(9.41338e-05 -0.0423976 0)
(-0.000285963 -0.0407993 0)
(-7.75407e-05 -0.0408139 0)
(9.68948e-06 -0.0412941 0)
(0.000497274 -0.0391342 0)
(0.00160314 -0.0398457 0)
(0.000426499 -0.0425745 0)
(-0.000271312 -0.0425781 0)
(-0.000504112 -0.0418291 0)
(-0.000628792 -0.0413019 0)
(-0.000335635 -0.0412257 0)
(0.000314769 -0.0393246 0)
(0.0013126 -0.0387121 0)
(0.000833852 -0.0393352 0)
(0.00052022 -0.0389253 0)
(0.00144741 -0.0408658 0)
(-0.000199237 -0.0416287 0)
(-0.000161377 -0.0430247 0)
(0.000316619 -0.0426286 0)
(0.000385366 -0.0428923 0)
(0.00377385 -0.0472181 0)
(-8.13321e-05 -0.0457974 0)
(0.00142846 -0.0459838 0)
(0.00036342 -0.0427832 0)
(-0.000263725 -0.0401043 0)
(-0.00024391 -0.0413667 0)
(3.38315e-05 -0.0406215 0)
(-8.3532e-07 -0.0387897 0)
(0.000450361 -0.0391936 0)
(0.000207117 -0.0399362 0)
(-0.000204057 -0.0426639 0)
(8.83438e-05 -0.0431593 0)
(0.000626825 -0.0432842 0)
(0.000628828 -0.0411641 0)
(0.00024218 -0.0421878 0)
(-0.000280311 -0.042723 0)
(-0.000465812 -0.0421623 0)
(-0.000153256 -0.0414781 0)
(-0.000124595 -0.0414973 0)
(-0.000111009 -0.0411447 0)
(-0.000164123 -0.0407178 0)
(-0.000121729 -0.0407863 0)
(0.000464489 -0.0427721 0)
(0.0007912 -0.0435743 0)
(0.000134944 -0.0424484 0)
(5.66677e-05 -0.0431764 0)
(0.000321934 -0.0422203 0)
(-2.03793e-06 -0.040714 0)
(-0.00029515 -0.0397779 0)
(-0.000200099 -0.0407008 0)
(-0.000135167 -0.0406012 0)
(-0.000291977 -0.0404913 0)
(-0.000176894 -0.0404653 0)
(0.000506459 -0.0388111 0)
(0.000520705 -0.0381799 0)
(0.00177177 -0.037969 0)
(0.000545242 -0.0417725 0)
(-0.00118727 -0.0443126 0)
(-0.000924914 -0.0439442 0)
(-0.00134372 -0.0379141 0)
(-0.000497743 -0.0354114 0)
(-0.00104404 -0.0366863 0)
(-0.000338597 -0.0380607 0)
(-0.000384291 -0.0399627 0)
(-0.000194833 -0.0405984 0)
(0.000211458 -0.0387843 0)
(0.000502613 -0.0384519 0)
(0.00053124 -0.038378 0)
(-0.00106414 -0.0386905 0)
(-0.000461806 -0.0398142 0)
(-0.000529879 -0.0392711 0)
(0.000400914 -0.0411933 0)
(-0.000240418 -0.0432759 0)
(-0.000729446 -0.0424101 0)
(-0.000457386 -0.0403541 0)
(-0.00036778 -0.0413401 0)
(-0.000683545 -0.0409826 0)
(0.00033975 -0.0407162 0)
(4.76213e-05 -0.0410627 0)
(-0.000333287 -0.0411491 0)
(-0.0009495 -0.0400116 0)
(-0.000752549 -0.0401427 0)
(1.75381e-05 -0.0390456 0)
(0.000253504 -0.0409654 0)
(0.000405268 -0.0418821 0)
(0.000843602 -0.0387843 0)
(0.000589841 -0.0389992 0)
(0.000209631 -0.0394338 0)
(-0.000276117 -0.0404039 0)
(-0.000158032 -0.039534 0)
(0.000242748 -0.0378702 0)
(-0.000212113 -0.0375113 0)
(-0.000144922 -0.0394045 0)
(0.000466678 -0.0389455 0)
(0.000359805 -0.039151 0)
(0.0015273 -0.0367361 0)
(0.000898273 -0.0370221 0)
(-0.000419603 -0.0395868 0)
(0.000164027 -0.0405291 0)
(-7.45777e-05 -0.0373006 0)
(-0.000315281 -0.0379415 0)
(-0.000811186 -0.0373376 0)
(-0.00111078 -0.0377641 0)
(-0.00035883 -0.03906 0)
(0.000145181 -0.0388323 0)
(0.000661185 -0.0385194 0)
(0.000651074 -0.0374123 0)
(0.000783973 -0.0341643 0)
(0.000696569 -0.0340688 0)
(-4.33833e-05 -0.0384427 0)
(3.03828e-05 -0.0386343 0)
(-6.67714e-05 -0.0390356 0)
(-0.000283735 -0.0390647 0)
(-0.000781407 -0.0425816 0)
(0.000147191 -0.0403918 0)
(-0.000352722 -0.0410083 0)
(-0.000370748 -0.0396336 0)
(-0.000170732 -0.0402636 0)
(-0.000759592 -0.0414873 0)
(-0.000549255 -0.0424007 0)
(-0.000549565 -0.0399053 0)
(-0.000814006 -0.0380663 0)
(-0.000812993 -0.0402585 0)
(0.000129114 -0.0392939 0)
(0.00124826 -0.0387043 0)
(5.4994e-05 -0.0385421 0)
(-0.000241099 -0.0382029 0)
(-3.40328e-05 -0.0385926 0)
(0.000332311 -0.0371489 0)
(0.000280023 -0.0354285 0)
(-0.000951375 -0.0333908 0)
(0.000894137 -0.0363797 0)
(0.00053109 -0.0373939 0)
(0.000501971 -0.0394255 0)
(5.36721e-06 -0.037265 0)
(0.000220269 -0.0366375 0)
(0.00105032 -0.034725 0)
(0.000446468 -0.0361631 0)
(0.000359707 -0.0346271 0)
(-0.00018848 -0.0346303 0)
(-0.00121867 -0.0352069 0)
(-5.38877e-05 -0.036019 0)
(-0.000555103 -0.0363989 0)
(-0.000377703 -0.0348831 0)
(-5.02834e-05 -0.034838 0)
(-0.00112659 -0.0374666 0)
(9.13999e-05 -0.0396842 0)
(-0.000285515 -0.0396047 0)
(0.00134521 -0.0345245 0)
(0.000600188 -0.0362305 0)
(-0.000184103 -0.0353211 0)
(0.00156969 -0.0376578 0)
(0.000661509 -0.0382019 0)
(0.000637119 -0.0383705 0)
(6.39617e-05 -0.0352097 0)
(0.000581801 -0.0379584 0)
(-0.000223538 -0.0370387 0)
(-0.000536075 -0.0353921 0)
(-0.000652093 -0.035347 0)
(-0.000900172 -0.0375467 0)
(-0.000473788 -0.0388288 0)
(-0.000697481 -0.0396156 0)
(-0.00127305 -0.0396222 0)
(-0.0029365 -0.0394707 0)
(0.00122392 -0.0378711 0)
(0.000384237 -0.0383867 0)
(0.00036431 -0.0381504 0)
(0.000450055 -0.0363943 0)
(0.000354693 -0.0366195 0)
(0.000443359 -0.0361324 0)
(-0.000310103 -0.0350462 0)
(-0.00213742 -0.0370017 0)
(3.36918e-05 -0.0357177 0)
(-2.95375e-05 -0.03511 0)
(0.000216809 -0.0358539 0)
(5.3899e-05 -0.0372885 0)
(-0.000343402 -0.0342376 0)
(0.000351457 -0.0342784 0)
(0.00054434 -0.0337681 0)
(6.72388e-05 -0.0319565 0)
(0.000552511 -0.0341972 0)
(-0.000856899 -0.0343212 0)
(-0.000413203 -0.0348452 0)
(0.000390811 -0.0332251 0)
(0.00044121 -0.03172 0)
(-0.000318695 -0.0314927 0)
(-0.00029753 -0.0338135 0)
(8.0925e-05 -0.036491 0)
(0.00108187 -0.0374276 0)
(0.000872263 -0.0379613 0)
(0.000178909 -0.0365148 0)
(-1.99399e-05 -0.034281 0)
(-0.000550705 -0.0350188 0)
(0.000286617 -0.0353116 0)
(0.000575154 -0.0351831 0)
(0.000767324 -0.0341174 0)
(-0.00100962 -0.0343285 0)
(-0.0005395 -0.0330063 0)
(-0.000505838 -0.0327388 0)
(-0.00113094 -0.035892 0)
(-0.000239257 -0.0356825 0)
(-0.000412538 -0.0359024 0)
(-0.00166452 -0.0392621 0)
(-0.000907951 -0.0390274 0)
(-0.00122937 -0.0392855 0)
(0.000461011 -0.0368756 0)
(-2.81519e-06 -0.0362215 0)
(8.378e-05 -0.0356852 0)
(-0.000411119 -0.0350528 0)
(0.000306638 -0.0357054 0)
(6.44447e-05 -0.0344745 0)
(-0.000281883 -0.0342999 0)
(0.000204158 -0.0347155 0)
(-0.00017907 -0.0343747 0)
(-0.000111495 -0.0343042 0)
(-0.00049459 -0.0341672 0)
(-0.000139421 -0.0349825 0)
(-0.000166398 -0.0348821 0)
(0.000643876 -0.0314209 0)
(-7.04967e-05 -0.0319343 0)
(-0.000636516 -0.0331658 0)
(0.000354478 -0.0325893 0)
(-0.000275605 -0.0321214 0)
(0.000793335 -0.0338391 0)
(0.000897739 -0.033255 0)
(-5.33713e-05 -0.0300368 0)
(0.00045226 -0.0323724 0)
(0.00160836 -0.0314547 0)
(0.00109045 -0.0348522 0)
(0.00058302 -0.034386 0)
(0.000549401 -0.0344882 0)
(-0.00141489 -0.0337264 0)
(6.96145e-05 -0.0341652 0)
(0.000156735 -0.0337024 0)
(-0.000222899 -0.033868 0)
(-0.000679863 -0.034718 0)
(-0.000523171 -0.0323141 0)
(-0.000140393 -0.0313745 0)
(0.000325836 -0.0336634 0)
(-0.000281434 -0.0345458 0)
(-0.000387209 -0.0353431 0)
(0.000437252 -0.0358707 0)
(-0.000806737 -0.0384507 0)
(-0.00069455 -0.0382087 0)
(-0.00103539 -0.0383949 0)
(-1.67023e-05 -0.0369361 0)
(-8.10548e-05 -0.0327718 0)
(0.000925754 -0.034291 0)
(0.000417996 -0.0358252 0)
(-0.000419011 -0.0374831 0)
(0.000160079 -0.0341456 0)
(-2.34243e-05 -0.0345787 0)
(-4.09006e-06 -0.0348454 0)
(-0.000115389 -0.0349738 0)
(-0.00027564 -0.0347643 0)
(0.000164103 -0.0320802 0)
(0.000862987 -0.0338738 0)
(-0.00022912 -0.0366854 0)
(-0.000629094 -0.033895 0)
(-0.000188244 -0.0374353 0)
(0.000261944 -0.036836 0)
(-0.000343512 -0.0365057 0)
(-0.000303396 -0.0373111 0)
(-0.000851112 -0.0390763 0)
(-0.000573158 -0.038716 0)
(0.00229697 -0.0332541 0)
(0.00192985 -0.0354473 0)
(0.00076189 -0.034646 0)
(-0.000414453 -0.0339492 0)
(-0.000909209 -0.0325054 0)
(-0.000211725 -0.0344421 0)
(-0.000271693 -0.0328856 0)
(-1.11765e-05 -0.0347155 0)
(0.000370564 -0.0342097 0)
(0.000465977 -0.0351999 0)
(-0.000769107 -0.0342174 0)
(-0.00055145 -0.0344891 0)
(-0.000651351 -0.0344899 0)
(-0.000241447 -0.0340959 0)
(0.000762632 -0.0335529 0)
(0.000604657 -0.0347899 0)
(0.000460293 -0.0359433 0)
(-0.000643493 -0.036017 0)
(-0.000329947 -0.0381084 0)
(-0.000691298 -0.0382146 0)
(-0.000601074 -0.0384527 0)
(0.00093157 -0.0344949 0)
(0.00068968 -0.0358365 0)
(0.00067276 -0.0362541 0)
(0.000309928 -0.036269 0)
(-0.000415489 -0.0370509 0)
(-0.000391182 -0.0371709 0)
(0.000108183 -0.0393808 0)
(0.000349465 -0.0401204 0)
(-0.000362592 -0.0408231 0)
(-0.000349267 -0.0401364 0)
(-0.000216879 -0.039172 0)
(0.000648077 -0.0381239 0)
(-0.000327026 -0.0388325 0)
(-0.000138832 -0.0391152 0)
(0.000168889 -0.0371277 0)
(-3.47078e-05 -0.0358089 0)
(-0.000514112 -0.0365355 0)
(0.000681329 -0.0378699 0)
(-0.000690749 -0.0386336 0)
(0.000100528 -0.0379977 0)
(0.000379967 -0.0374465 0)
(2.56052e-05 -0.0335784 0)
(0.000848283 -0.0358194 0)
(0.000558543 -0.0340251 0)
(-0.000605768 -0.0331387 0)
(-4.75624e-05 -0.032523 0)
(0.000292395 -0.0324583 0)
(-0.000162251 -0.0334054 0)
(0.00111279 -0.0367597 0)
(0.000505694 -0.0380747 0)
(0.000121665 -0.0342422 0)
(-0.000501544 -0.035099 0)
(-0.000647367 -0.0365018 0)
(-0.00055123 -0.0372895 0)
(-6.87267e-06 -0.0373863 0)
(0.000211542 -0.0376227 0)
(6.68196e-05 -0.0382812 0)
(0.000167675 -0.0385934 0)
(-0.00144621 -0.0381698 0)
(-0.000222163 -0.0397345 0)
(-0.000511928 -0.0388071 0)
(0.000226108 -0.0389281 0)
(0.000549182 -0.0349681 0)
(0.000453793 -0.036002 0)
(0.00076539 -0.0378199 0)
(0.000410974 -0.038972 0)
(-0.000180889 -0.0357881 0)
(-0.00111879 -0.0344218 0)
(-5.17929e-05 -0.0348892 0)
(0.000150392 -0.0350255 0)
(-0.000136456 -0.0355709 0)
(-0.000269127 -0.0363879 0)
(0.00022433 -0.0368935 0)
(-0.00032133 -0.0378416 0)
(0.000230834 -0.0340393 0)
(-1.03612e-05 -0.0349919 0)
(-0.000144687 -0.036214 0)
(2.75909e-05 -0.036969 0)
(-0.000105536 -0.037154 0)
(-0.000409495 -0.0394148 0)
(1.4894e-05 -0.0392472 0)
(0.000565097 -0.037985 0)
(0.00171791 -0.0345182 0)
(0.000470725 -0.0336475 0)
(4.24604e-05 -0.0356828 0)
(0.000337739 -0.0371349 0)
(-0.000298967 -0.0377028 0)
(-0.00108097 -0.0359468 0)
(-0.00134299 -0.0354238 0)
(-0.00105242 -0.0369018 0)
(-0.000267579 -0.0374387 0)
(-0.000196204 -0.0357177 0)
(-0.000231643 -0.0361076 0)
(-0.000239959 -0.0369436 0)
(4.49826e-05 -0.0387186 0)
(-0.000135605 -0.0373656 0)
(-0.00172332 -0.0351343 0)
(-0.00108522 -0.0359957 0)
(-0.000850947 -0.0376845 0)
(0.000506644 -0.0366556 0)
(-0.000122313 -0.0354118 0)
(-0.000424686 -0.0328691 0)
(0.000275747 -0.0348813 0)
(-0.000348531 -0.0344015 0)
(7.80723e-05 -0.0303521 0)
(0.000274847 -0.0302358 0)
(0.000468673 -0.0314713 0)
(0.000961931 -0.0323868 0)
(0.000294016 -0.0324018 0)
(-1.32449e-05 -0.0336163 0)
(-9.84622e-05 -0.0345963 0)
(0.000457885 -0.0348645 0)
(0.000727374 -0.0325349 0)
(0.000847449 -0.0328347 0)
(0.000500585 -0.0331013 0)
(0.000485005 -0.0326605 0)
(0.000195698 -0.0327749 0)
(-0.000558545 -0.0335849 0)
(-0.000970733 -0.0310617 0)
(0.000541658 -0.0351546 0)
(-1.72502e-05 -0.0358366 0)
(0.000661454 -0.0343674 0)
(0.000294505 -0.0348019 0)
(0.0009064 -0.0336397 0)
(0.000753328 -0.0344916 0)
(0.000357406 -0.0354585 0)
(0.000204036 -0.036335 0)
(7.79723e-05 -0.0358521 0)
(-0.00020877 -0.0347955 0)
(-0.000125818 -0.0343741 0)
(-0.000688758 -0.0347814 0)
(-0.000327101 -0.0352097 0)
(-0.000255918 -0.035134 0)
(-0.000687967 -0.0362471 0)
(-0.00301217 -0.0335747 0)
(-0.00208054 -0.038987 0)
(-0.00223973 -0.0358772 0)
(0.000372555 -0.0232605 0)
(-0.000276743 -0.024298 0)
(-0.000512189 -0.0336571 0)
(-0.000469377 -0.0323478 0)
(-0.00121493 -0.0273972 0)
(0.000511355 -0.0244895 0)
(0.000152659 -0.0240458 0)
(-0.00195415 -0.028363 0)
(0.000187746 -0.0305582 0)
(-0.000649245 -0.0312244 0)
(0.000590776 -0.0295349 0)
(-0.000903237 -0.0278538 0)
(0.000362991 -0.0293377 0)
(-0.000133406 -0.0288292 0)
(3.28052e-05 -0.0294399 0)
(0.000491182 -0.0288446 0)
(-0.000123767 -0.0281806 0)
(5.92071e-05 -0.0281644 0)
(8.70927e-05 -0.0272671 0)
(0.000609606 -0.0277675 0)
(0.00180042 -0.0277478 0)
(0.00157147 -0.0225111 0)
(0.000332036 -0.0250669 0)
(-0.000308431 -0.0285212 0)
(0.000107166 -0.0271457 0)
(0.00037304 -0.0227396 0)
(0.000169614 -0.0273842 0)
(0.000811305 -0.0260683 0)
(0.000188865 -0.0298338 0)
(0.000550248 -0.0320664 0)
(-0.000292349 -0.0318267 0)
(-0.00150157 -0.0258907 0)
(-0.000590022 -0.0263928 0)
(6.86005e-05 -0.0273122 0)
(-0.00109425 -0.0281447 0)
(-0.000630001 -0.0287934 0)
(-0.000585877 -0.02874 0)
(-0.00027596 -0.0292422 0)
(-8.76839e-05 -0.0297585 0)
(-0.000293282 -0.0306723 0)
(-0.00417493 -0.0271882 0)
(-0.00131276 -0.0255601 0)
(-0.00210382 -0.0226894 0)
(-0.00399866 -0.035543 0)
(-0.00062143 -0.024026 0)
(-0.00127465 -0.0231787 0)
(-0.000906173 -0.0224322 0)
(-7.23536e-06 -0.0194696 0)
(-1.89053e-05 -0.0205574 0)
(-0.000467594 -0.0260953 0)
(6.59215e-05 -0.0220355 0)
(0.000776292 -0.0220344 0)
(0.000425853 -0.0216834 0)
(0.000356619 -0.0266163 0)
(0.000265494 -0.0233666 0)
(0.000346166 -0.0261734 0)
(-0.000739781 -0.0252784 0)
(0.000543307 -0.0249987 0)
(-5.76062e-05 -0.0236656 0)
(-0.00158775 -0.0263329 0)
(-0.000437919 -0.0286766 0)
(-0.000487321 -0.0229531 0)
(0.000591777 -0.0222162 0)
(-0.000152808 -0.022764 0)
(5.97879e-05 -0.02294 0)
(0.000221122 -0.023141 0)
(-0.000156782 -0.0183623 0)
(-0.000169137 -0.0238837 0)
(0.000193736 -0.0223771 0)
(0.000126733 -0.0228752 0)
(0.000661767 -0.0228469 0)
(0.000427047 -0.0190918 0)
(-0.000822974 -0.0185544 0)
(0.00016734 -0.0239183 0)
(0.000546848 -0.0229137 0)
(-0.000331179 -0.0245593 0)
(-1.73421e-05 -0.0249296 0)
(-0.00123043 -0.026901 0)
(-0.000320871 -0.0244107 0)
(0.00136831 -0.0264839 0)
(0.000479275 -0.0276837 0)
(0.000222742 -0.0277744 0)
(0.000534645 -0.0285553 0)
(0.000406222 -0.0282389 0)
(-8.98991e-05 -0.0280965 0)
(0.000332569 -0.0257265 0)
(0.00019235 -0.0255298 0)
(0.000781391 -0.0252845 0)
(0.000752734 -0.0254667 0)
(-0.0014978 -0.0235335 0)
(-0.00329349 -0.0291831 0)
(-0.00177316 -0.0311321 0)
(-0.00329163 -0.0302069 0)
(-9.85513e-05 -0.022873 0)
(-9.6907e-05 -0.0232899 0)
(0.000388434 -0.0235116 0)
(-7.92361e-05 -0.0265699 0)
(-8.2712e-05 -0.0281898 0)
(-0.000270592 -0.0273024 0)
(-0.000199895 -0.0278741 0)
(-0.00109069 -0.028844 0)
(0.000651468 -0.0296587 0)
(0.0011324 -0.0298904 0)
(0.000331841 -0.0273309 0)
(0.000967847 -0.0230859 0)
(-2.89559e-05 -0.0233238 0)
(0.000284272 -0.0232739 0)
(8.02921e-05 -0.0244761 0)
(-4.53099e-05 -0.0242631 0)
(0.000209792 -0.0234273 0)
(0.000230476 -0.0231488 0)
(-0.000531289 -0.0227914 0)
(-0.00025272 -0.0196646 0)
(-0.000159037 -0.0256773 0)
(-0.000822589 -0.0255102 0)
(0.000876747 -0.0236383 0)
(7.38758e-05 -0.0240115 0)
(0.000866662 -0.0221618 0)
(0.000275567 -0.022369 0)
(0.000202035 -0.0239169 0)
(0.000524284 -0.0234672 0)
(7.24936e-05 -0.0267416 0)
(0.000692806 -0.027109 0)
(0.000591512 -0.0279691 0)
(-0.00107381 -0.0194198 0)
(-0.000243253 -0.0228834 0)
(-0.00177106 -0.0242501 0)
(-0.000466697 -0.0269767 0)
(-0.000321303 -0.0269466 0)
(0.000516708 -0.0278552 0)
(-0.00043079 -0.0284473 0)
(0.000301226 -0.0292218 0)
(0.00100635 -0.0298518 0)
(0.000439497 -0.0284481 0)
(0.000684293 -0.0294713 0)
(0.000227835 -0.0281849 0)
(0.000843272 -0.0285179 0)
(-0.000566243 -0.0293421 0)
(-0.00145656 -0.0287111 0)
(-0.00223849 -0.0274847 0)
(-0.000918356 -0.0310736 0)
(1.63398e-05 -0.0332501 0)
(-0.000424912 -0.0314477 0)
(-0.00194466 -0.0327015 0)
(-0.000720743 -0.0307291 0)
)


// ************************************************************************* //
