/*--------------------------------*- C++ -*----------------------------------*\
  =========                 |
  \\      /  F ield         | OpenFOAM: The Open Source CFD Toolbox
   \\    /   O peration     | Website:  https://openfoam.org
    \\  /    A nd           | Version:  12
     \\/     M anipulation  |
\*---------------------------------------------------------------------------*/
FoamFile
{
    format      ascii;
    class       volVectorField::Internal;
    location    "0.8";
    object      cloud:UTrans;
}
// * * * * * * * * * * * * * * * * * * * * * * * * * * * * * * * * * * * * * //

dimensions      [1 1 -1 0 0 0 0];

value           nonuniform List<vector> 
3750
(
(5.0824e-09 3.85686e-08 0)
(3.35575e-09 6.83954e-09 0)
(8.75436e-10 4.07571e-10 0)
(1.85963e-10 -1.85561e-09 0)
(-3.31069e-11 -2.33708e-09 0)
(0 0 0)
(8.22502e-11 -2.45636e-09 0)
(0 0 0)
(1.12091e-12 -1.12211e-09 0)
(0 0 0)
(-5.24771e-11 -1.06566e-09 0)
(9.94521e-12 -1.40214e-09 0)
(2.58992e-11 -1.08999e-09 0)
(2.7755e-12 -1.12605e-09 0)
(3.66698e-11 -1.15163e-09 0)
(-7.01402e-12 -2.37921e-09 0)
(5.27455e-11 -1.15253e-09 0)
(1.21002e-10 -1.11141e-09 0)
(2.12205e-10 -2.46081e-09 0)
(3.55538e-12 -1.14822e-09 0)
(-9.06235e-13 -3.71599e-11 0)
(-2.92061e-11 -1.12295e-09 0)
(-4.09467e-12 -1.1198e-09 0)
(-8.10963e-12 -1.20173e-09 0)
(2.21488e-11 -8.72053e-10 0)
(7.4128e-11 -1.16054e-09 0)
(0 0 0)
(0 0 0)
(3.21342e-11 -1.03562e-09 0)
(9.32744e-12 -1.06989e-09 0)
(3.99395e-12 -1.13585e-09 0)
(6.32828e-11 -1.78794e-09 0)
(0 0 0)
(0 0 0)
(6.20191e-12 -1.14916e-09 0)
(1.09066e-11 -1.16384e-09 0)
(0 0 0)
(2.93976e-11 -9.82495e-10 0)
(1.17714e-11 -1.2404e-09 0)
(-5.44618e-11 -2.39788e-09 0)
(-1.88978e-11 -9.57369e-10 0)
(1.60117e-11 -1.19819e-09 0)
(-9.94155e-12 -1.23347e-09 0)
(0 0 0)
(-1.01963e-11 -1.12207e-09 0)
(-3.24442e-11 -2.43131e-09 0)
(-1.6418e-12 -1.04013e-09 0)
(-4.14242e-11 -2.41872e-09 0)
(9.6423e-12 -9.35439e-10 0)
(0 0 0)
(3.851e-11 -9.8741e-10 0)
(-1.55999e-11 -1.19534e-09 0)
(3.77424e-11 -1.14493e-09 0)
(2.14112e-11 -1.16445e-09 0)
(-5.91829e-14 -1.16842e-09 0)
(1.02289e-11 -1.11259e-09 0)
(-8.59188e-11 -2.42768e-09 0)
(-4.91205e-11 -2.12073e-09 0)
(9.04614e-11 -2.2563e-09 0)
(2.60553e-11 -1.07446e-09 0)
(0 0 0)
(1.94625e-11 -1.25527e-09 0)
(-3.74289e-11 -1.20063e-09 0)
(4.21296e-11 -2.58968e-09 0)
(5.1681e-11 -2.38599e-09 0)
(5.8288e-11 -1.02595e-09 0)
(6.38519e-11 -2.50117e-09 0)
(0 0 0)
(-6.74839e-12 -1.09331e-09 0)
(5.58786e-12 -1.16005e-09 0)
(2.78026e-13 -1.14423e-09 0)
(-4.73906e-11 -1.23364e-09 0)
(-1.71539e-11 -1.45923e-09 0)
(0 0 0)
(4.16257e-11 -1.13349e-09 0)
(6.65791e-09 4.32159e-08 0)
(1.70559e-10 7.31051e-09 0)
(5.68856e-10 -1.12264e-09 0)
(3.29257e-11 -1.11548e-09 0)
(2.81662e-11 -1.14147e-09 0)
(-1.10637e-12 -1.13848e-09 0)
(5.20261e-11 -2.31227e-09 0)
(-3.31442e-11 -2.20418e-09 0)
(4.43115e-11 -1.11345e-09 0)
(0 0 0)
(-9.52308e-11 -2.44681e-09 0)
(0 0 0)
(5.04908e-11 -1.43952e-09 0)
(0 0 0)
(4.81191e-11 -1.10495e-09 0)
(-5.04167e-12 -1.07864e-09 0)
(8.63512e-11 -1.12095e-09 0)
(2.88565e-10 -2.69988e-09 0)
(4.34899e-11 -1.31055e-09 0)
(0 0 0)
(-1.65721e-11 -1.24233e-09 0)
(3.01434e-11 -1.23011e-09 0)
(0 0 0)
(0 0 0)
(-7.55571e-12 -1.17801e-09 0)
(5.48564e-12 -1.16524e-09 0)
(0 0 0)
(-2.14821e-11 -1.12381e-09 0)
(-1.62539e-11 -2.25291e-09 0)
(3.28833e-11 -8.77541e-10 0)
(7.10585e-11 -1.53803e-09 0)
(-1.14485e-10 -3.62619e-09 0)
(0 0 0)
(0 0 0)
(8.44174e-11 -1.11074e-09 0)
(0 0 0)
(0 0 0)
(-3.30433e-11 -5.08677e-09 0)
(7.95816e-11 -1.17301e-09 0)
(-2.7399e-11 -1.08221e-09 0)
(-3.00685e-12 -2.16214e-09 0)
(-1.67638e-11 -1.92214e-09 0)
(1.76372e-12 -1.83704e-10 0)
(0 0 0)
(0 0 0)
(0 0 0)
(1.30592e-11 -1.04446e-09 0)
(6.47296e-12 -1.19937e-09 0)
(-1.12974e-11 -1.23869e-09 0)
(-1.55909e-10 -1.34215e-09 0)
(-9.85508e-11 -2.64249e-09 0)
(-5.37102e-11 -1.21078e-09 0)
(2.37966e-11 -2.64887e-09 0)
(1.58021e-12 -1.22863e-09 0)
(0 0 0)
(0 0 0)
(0 0 0)
(-1.80641e-10 -2.65295e-09 0)
(1.95163e-10 -2.54347e-09 0)
(3.31764e-11 -1.06243e-09 0)
(6.07601e-11 -2.1965e-09 0)
(-5.13531e-11 -1.06009e-09 0)
(0 0 0)
(-2.06033e-11 -1.22664e-09 0)
(-2.04959e-11 -1.25144e-09 0)
(1.07793e-10 -4.30701e-09 0)
(-2.30378e-11 -2.27809e-09 0)
(-2.33461e-11 -1.02284e-09 0)
(-2.15132e-12 -1.00854e-09 0)
(4.94419e-12 -1.16914e-09 0)
(0 0 0)
(-1.62784e-11 -1.21455e-09 0)
(-2.99726e-11 -1.29485e-09 0)
(3.85618e-11 -1.32901e-09 0)
(-1.89822e-12 -1.17564e-09 0)
(-3.53185e-09 4.7268e-08 0)
(1.50171e-09 7.78027e-09 0)
(3.22165e-10 -5.11652e-10 0)
(8.00795e-11 -1.09496e-09 0)
(3.83986e-11 -1.10814e-09 0)
(7.68314e-11 -1.04148e-09 0)
(1.59692e-11 -9.71619e-10 0)
(-1.80423e-11 -1.04935e-09 0)
(3.27034e-11 -1.04538e-09 0)
(3.19744e-12 -1.22478e-09 0)
(-5.69081e-11 -1.25535e-09 0)
(0 0 0)
(2.9832e-11 -2.54254e-09 0)
(1.02463e-10 -2.36456e-09 0)
(0 0 0)
(-4.63897e-11 -2.11058e-09 0)
(-4.84322e-12 -1.16378e-09 0)
(0 0 0)
(-3.63995e-11 -1.20369e-09 0)
(0 0 0)
(5.94138e-11 -1.43039e-09 0)
(9.29168e-11 -3.84149e-09 0)
(-2.24476e-11 -1.03472e-09 0)
(0 0 0)
(0 0 0)
(8.62886e-12 -1.16819e-09 0)
(4.88177e-11 -1.21499e-09 0)
(0 0 0)
(0 0 0)
(1.6855e-11 -9.15577e-10 0)
(-3.75421e-11 -1.18114e-09 0)
(1.0791e-10 -2.5299e-09 0)
(0 0 0)
(7.63163e-11 -1.20053e-09 0)
(-1.5101e-11 -2.56375e-09 0)
(0 0 0)
(-6.96878e-11 -2.33192e-09 0)
(-2.62248e-11 -1.18413e-09 0)
(1.61547e-10 -2.44207e-09 0)
(1.27408e-10 -2.31166e-09 0)
(6.46193e-11 -1.03055e-09 0)
(8.32435e-11 -1.07473e-09 0)
(2.311e-10 -2.9623e-09 0)
(0 0 0)
(3.69279e-11 -1.49091e-09 0)
(1.72955e-11 -1.1756e-09 0)
(-4.70606e-11 -1.14876e-09 0)
(-1.11749e-11 -2.50659e-09 0)
(0 0 0)
(0 0 0)
(-1.22018e-10 -1.21456e-09 0)
(-8.37458e-11 -1.13762e-09 0)
(-9.57646e-12 -1.11061e-09 0)
(-1.50442e-10 -2.26279e-09 0)
(-1.49002e-11 -2.37451e-09 0)
(0 0 0)
(0 0 0)
(-1.69902e-11 -2.46942e-09 0)
(0 0 0)
(2.06255e-11 -3.78534e-09 0)
(3.42586e-11 -9.61341e-10 0)
(0 0 0)
(-5.90598e-11 -1.31921e-09 0)
(-4.52664e-11 -9.90981e-10 0)
(-1.79205e-10 -2.87857e-09 0)
(-2.83319e-11 -1.10232e-09 0)
(-1.6775e-11 -1.09265e-09 0)
(-1.00719e-11 -1.11022e-09 0)
(-1.89016e-12 -1.13454e-09 0)
(4.23747e-11 -1.16287e-09 0)
(9.30137e-13 -5.39005e-10 0)
(2.12621e-13 -1.78839e-10 0)
(0 0 0)
(1.83065e-11 -1.19029e-09 0)
(0 0 0)
(-7.17802e-09 7.79098e-08 0)
(2.63561e-09 6.21366e-09 0)
(3.68416e-10 -1.10346e-09 0)
(2.13478e-10 -8.18315e-10 0)
(3.56465e-11 -1.13172e-09 0)
(3.39141e-11 -2.36921e-09 0)
(-1.63273e-10 -4.02447e-09 0)
(-2.75805e-11 -1.57995e-09 0)
(2.64194e-11 -1.7003e-09 0)
(7.80114e-11 -1.19736e-09 0)
(0 0 0)
(7.31753e-11 -1.27063e-09 0)
(2.80958e-11 -1.24329e-09 0)
(5.08427e-11 -1.16282e-09 0)
(9.09909e-11 -1.03666e-09 0)
(7.22222e-11 -1.12267e-09 0)
(-8.14534e-12 -2.25092e-09 0)
(6.26273e-11 -1.00846e-09 0)
(0 0 0)
(-2.44843e-11 -2.41524e-09 0)
(1.64871e-10 -1.88679e-09 0)
(0 0 0)
(-9.65979e-12 -1.25682e-09 0)
(-5.81762e-11 -1.16826e-09 0)
(3.01241e-12 -1.17453e-09 0)
(0 0 0)
(6.17483e-11 -1.18408e-09 0)
(5.73737e-11 -1.21131e-09 0)
(-1.31739e-10 -2.32952e-09 0)
(-7.42943e-11 -9.60436e-10 0)
(-6.36358e-11 -1.34305e-09 0)
(-2.07966e-11 -8.32823e-10 0)
(1.27837e-10 -1.13874e-09 0)
(8.21473e-11 -1.14624e-09 0)
(3.7261e-11 -1.19099e-09 0)
(-6.03578e-11 -2.38423e-09 0)
(-3.27615e-11 -8.19184e-10 0)
(6.65625e-11 -1.04519e-09 0)
(1.4542e-10 -1.22785e-09 0)
(1.01566e-11 -1.20542e-09 0)
(7.07688e-11 -1.10736e-09 0)
(1.1736e-10 -1.11693e-09 0)
(9.19579e-11 -1.28395e-09 0)
(2.07203e-11 -1.11205e-09 0)
(-3.67049e-12 -5.71706e-10 0)
(-2.00164e-11 -2.28394e-09 0)
(-2.33473e-12 -9.99397e-10 0)
(4.66565e-11 -1.09447e-09 0)
(-1.13642e-10 -3.16247e-09 0)
(0 0 0)
(-1.17216e-10 -2.55634e-09 0)
(-7.85101e-11 -9.37505e-10 0)
(-2.5641e-11 -1.08668e-09 0)
(0 0 0)
(-6.17321e-11 -1.052e-09 0)
(-1.23046e-11 -1.04422e-09 0)
(-4.39842e-11 -1.19739e-09 0)
(-5.52866e-11 -1.19857e-09 0)
(1.5177e-11 -2.38986e-09 0)
(-1.51251e-11 -9.06168e-10 0)
(1.25633e-10 -9.93623e-10 0)
(-2.07363e-11 -1.26767e-09 0)
(-3.67833e-11 -1.16353e-09 0)
(-1.3066e-10 -2.28199e-09 0)
(-1.44182e-10 -1.03603e-09 0)
(-9.02683e-11 -1.17031e-09 0)
(8.21528e-12 -1.77354e-09 0)
(3.34547e-12 -4.27498e-10 0)
(0 0 0)
(1.78058e-11 -2.56393e-09 0)
(5.8357e-11 -1.11254e-09 0)
(0 0 0)
(8.26617e-11 -3.08063e-09 0)
(4.34071e-11 -1.17944e-09 0)
(0 0 0)
(-6.877e-09 7.05254e-08 0)
(7.13347e-10 1.03162e-09 0)
(2.70378e-10 -5.3035e-10 0)
(1.01807e-10 -1.24465e-09 0)
(-3.18391e-11 -1.19202e-09 0)
(0 0 0)
(0 0 0)
(0 0 0)
(4.02214e-12 -1.12604e-09 0)
(9.77032e-11 -2.63389e-09 0)
(4.34521e-11 -1.15425e-09 0)
(1.29352e-10 -2.93992e-09 0)
(-4.00522e-11 -1.10513e-09 0)
(-5.1033e-12 -1.02349e-09 0)
(8.42172e-11 -1.17123e-09 0)
(2.14785e-11 -5.26671e-10 0)
(6.63396e-11 -1.37839e-09 0)
(0 0 0)
(3.50021e-11 -1.15469e-09 0)
(1.80452e-11 -1.06741e-09 0)
(-2.00399e-12 -1.15817e-09 0)
(5.7125e-12 -1.32901e-09 0)
(5.45205e-12 -1.09776e-09 0)
(8.47415e-12 -9.50224e-10 0)
(4.66141e-11 -1.00413e-09 0)
(5.03042e-11 -1.07902e-09 0)
(-1.6197e-11 -1.11291e-09 0)
(1.71638e-11 -2.83483e-09 0)
(-2.24901e-11 -1.01388e-09 0)
(-2.35535e-11 -9.66821e-10 0)
(1.55653e-11 -1.04942e-09 0)
(3.43227e-11 -1.097e-09 0)
(4.79865e-11 -2.43483e-09 0)
(2.4703e-12 -3.03159e-09 0)
(4.90523e-11 -1.49212e-09 0)
(0 0 0)
(-2.90503e-11 -1.06861e-09 0)
(2.23294e-12 -2.28488e-09 0)
(-1.53479e-11 -3.14211e-09 0)
(0 0 0)
(2.90934e-11 -1.09982e-09 0)
(6.60906e-11 -1.19447e-09 0)
(4.27248e-11 -1.15416e-09 0)
(4.03307e-11 -1.16983e-09 0)
(-2.02778e-11 -9.8276e-10 0)
(3.32345e-11 -1.07969e-09 0)
(-2.1941e-11 -2.43516e-09 0)
(-2.48368e-11 -1.04462e-09 0)
(0 0 0)
(6.70597e-11 -2.73427e-09 0)
(1.51254e-10 -3.91027e-09 0)
(0 0 0)
(-1.03512e-10 -1.1243e-09 0)
(0 0 0)
(-6.72942e-11 -2.67953e-09 0)
(0 0 0)
(1.29621e-10 -2.7008e-09 0)
(-7.74294e-11 -1.08386e-09 0)
(-2.01296e-11 -1.04635e-09 0)
(-3.68387e-11 -2.42259e-09 0)
(-6.93262e-11 -1.07425e-09 0)
(-7.63746e-11 -1.11228e-09 0)
(8.27818e-11 -1.18296e-09 0)
(8.63539e-11 -1.16017e-09 0)
(-6.77192e-11 -1.25565e-09 0)
(0 0 0)
(-3.15706e-12 -1.18649e-09 0)
(3.57479e-11 -1.11294e-09 0)
(-2.48639e-11 -1.13309e-09 0)
(0 0 0)
(0 0 0)
(-1.47831e-11 -1.22851e-09 0)
(7.4543e-12 -1.19262e-09 0)
(6.55563e-11 -1.19522e-09 0)
(1.14324e-10 -1.17035e-09 0)
(-1.33424e-08 8.55562e-08 0)
(-1.90193e-09 8.11095e-09 0)
(-2.46672e-10 -7.98485e-11 0)
(7.23961e-11 -1.17889e-09 0)
(5.94101e-11 -1.02239e-09 0)
(1.05992e-10 -2.38899e-09 0)
(1.93022e-11 -1.14893e-09 0)
(5.26798e-11 -1.02776e-09 0)
(-5.05297e-12 -1.04708e-09 0)
(-9.29444e-12 -1.11969e-09 0)
(8.54036e-12 -1.35541e-09 0)
(-5.67207e-11 -2.9766e-09 0)
(1.93366e-11 -1.12097e-09 0)
(1.46722e-11 -1.07184e-09 0)
(2.2524e-11 -1.10402e-09 0)
(7.77177e-11 -1.17841e-09 0)
(0 0 0)
(1.35949e-10 -1.15695e-09 0)
(6.36999e-11 -1.20536e-09 0)
(1.52405e-10 -2.56138e-09 0)
(-7.66371e-12 -1.08782e-09 0)
(-4.8153e-11 -1.17943e-09 0)
(1.14815e-11 -2.64196e-09 0)
(2.62745e-11 -9.46055e-10 0)
(2.79824e-11 -1.004e-09 0)
(3.22124e-11 -1.1259e-09 0)
(-2.26096e-11 -1.20765e-09 0)
(-3.48004e-11 -1.20521e-09 0)
(5.3332e-11 -1.20388e-09 0)
(2.9491e-11 -1.15967e-09 0)
(1.85486e-12 -1.15415e-09 0)
(7.8384e-11 -1.09664e-09 0)
(2.68071e-11 -1.23491e-09 0)
(0 0 0)
(0 0 0)
(0 0 0)
(0 0 0)
(0 0 0)
(0 0 0)
(3.81923e-11 -1.31857e-09 0)
(5.17028e-11 -2.18748e-09 0)
(1.0067e-12 -1.31337e-10 0)
(-1.67163e-11 -1.21967e-09 0)
(2.67152e-11 -1.18414e-09 0)
(4.88186e-11 -1.14672e-09 0)
(3.50821e-11 -1.67321e-09 0)
(1.4877e-11 -1.85288e-09 0)
(1.15733e-11 -1.04956e-09 0)
(-2.22374e-11 -2.32192e-09 0)
(-4.15652e-12 -1.20276e-09 0)
(-3.85146e-11 -1.34865e-09 0)
(-4.42864e-11 -1.27365e-09 0)
(-8.70754e-11 -1.12312e-09 0)
(-7.01412e-11 -1.14397e-09 0)
(-5.26279e-12 -4.76867e-10 0)
(-1.45629e-12 -1.77346e-10 0)
(2.43446e-11 -1.19063e-09 0)
(-4.52587e-12 -1.07424e-09 0)
(-1.53662e-11 -1.08604e-09 0)
(-2.85481e-11 -1.14278e-09 0)
(-3.18108e-11 -1.01648e-09 0)
(-4.03125e-11 -1.01077e-09 0)
(4.76732e-11 -1.22203e-09 0)
(5.79011e-11 -1.28171e-09 0)
(0 0 0)
(-7.31035e-11 -1.23172e-09 0)
(0 0 0)
(9.16624e-12 -1.17825e-09 0)
(1.00405e-11 -1.13342e-09 0)
(1.95295e-11 -1.18975e-09 0)
(0 0 0)
(5.15835e-13 -1.14509e-09 0)
(3.27417e-11 -1.19985e-09 0)
(6.25547e-11 -1.26464e-09 0)
(3.29229e-11 -1.46943e-09 0)
(-7.97073e-09 8.45824e-08 0)
(-2.46315e-09 1.01389e-08 0)
(-3.88815e-10 4.61414e-10 0)
(1.34461e-10 -1.0919e-09 0)
(0 0 0)
(5.11623e-11 -1.18593e-09 0)
(2.78867e-11 -1.11701e-09 0)
(0 0 0)
(1.20822e-12 -7.18809e-11 0)
(2.04591e-11 -1.72521e-09 0)
(-1.98522e-12 -2.08065e-09 0)
(3.67903e-11 -1.21501e-09 0)
(0 0 0)
(5.51643e-11 -1.03788e-09 0)
(2.97876e-11 -1.12157e-09 0)
(3.99966e-11 -1.19426e-09 0)
(0 0 0)
(6.61609e-11 -1.22251e-09 0)
(4.62261e-11 -1.21636e-09 0)
(1.69412e-10 -2.7041e-09 0)
(7.44392e-11 -1.20897e-09 0)
(-5.49087e-11 -1.23957e-09 0)
(-5.83714e-11 -2.48326e-09 0)
(-1.67694e-11 -9.97629e-10 0)
(0 0 0)
(2.96786e-11 -1.41752e-09 0)
(-2.91469e-11 -1.10302e-09 0)
(0 0 0)
(0 0 0)
(0 0 0)
(1.09658e-11 -1.18789e-09 0)
(2.63502e-11 -1.15909e-09 0)
(5.61335e-11 -1.14775e-09 0)
(-1.93131e-11 -1.86477e-09 0)
(-7.32438e-12 -1.7843e-09 0)
(4.20981e-11 -2.48029e-09 0)
(2.18587e-11 -2.40768e-09 0)
(-3.45151e-11 -2.40312e-09 0)
(-1.89873e-11 -2.44414e-09 0)
(-3.67024e-11 -1.1046e-09 0)
(-2.83523e-11 -1.09441e-09 0)
(-1.73797e-12 -1.20369e-09 0)
(2.50474e-12 -1.18786e-09 0)
(7.29103e-11 -1.07571e-09 0)
(0 0 0)
(4.68166e-11 -1.04044e-09 0)
(-2.23763e-11 -1.07352e-09 0)
(4.95727e-11 -2.70126e-09 0)
(-6.255e-11 -1.00178e-09 0)
(-5.53909e-11 -1.27196e-09 0)
(4.84709e-11 -1.407e-09 0)
(4.59143e-11 -1.25809e-09 0)
(-4.68657e-11 -1.07383e-09 0)
(0 0 0)
(-4.7215e-11 -1.09367e-09 0)
(-6.00538e-11 -9.86529e-10 0)
(1.49319e-11 -1.18483e-09 0)
(-6.58523e-12 -1.17483e-09 0)
(-7.08068e-11 -2.30491e-09 0)
(-9.14825e-11 -1.07593e-09 0)
(-1.04695e-10 -2.3237e-09 0)
(-5.47029e-11 -1.00003e-09 0)
(-1.67257e-11 -1.18281e-09 0)
(-5.13501e-11 -1.41574e-09 0)
(0 0 0)
(-3.38396e-11 -1.21057e-09 0)
(-1.40316e-11 -1.13426e-09 0)
(-5.5081e-12 -1.09563e-09 0)
(5.88328e-11 -1.06657e-09 0)
(6.08051e-12 -1.05713e-09 0)
(6.61533e-11 -1.08556e-09 0)
(7.45914e-12 -1.11805e-09 0)
(-4.05297e-12 -1.13869e-09 0)
(-8.55384e-12 -1.17402e-09 0)
(-4.11011e-12 -1.25241e-09 0)
(-1.4169e-08 6.31487e-08 0)
(-1.23524e-09 6.64078e-09 0)
(-5.30015e-10 2.17249e-09 0)
(1.06517e-10 -1.00785e-09 0)
(0 0 0)
(0 0 0)
(0 0 0)
(6.8143e-11 -1.15089e-09 0)
(6.52456e-11 -1.15358e-09 0)
(1.83742e-11 -1.20023e-09 0)
(-4.60261e-11 -1.21814e-09 0)
(2.35305e-11 -1.20119e-09 0)
(7.13369e-11 -1.13787e-09 0)
(4.50931e-11 -1.1207e-09 0)
(1.85579e-11 -1.13538e-09 0)
(6.84584e-11 -1.06157e-09 0)
(9.86392e-11 -1.23712e-09 0)
(7.88793e-11 -1.07009e-09 0)
(0 0 0)
(0 0 0)
(-1.72718e-11 -3.13457e-09 0)
(-1.06369e-11 -1.10904e-09 0)
(-8.1143e-12 -1.06724e-09 0)
(1.06733e-11 -1.02947e-09 0)
(-1.21207e-11 -1.05866e-09 0)
(2.21804e-11 -1.15544e-09 0)
(0 0 0)
(1.00477e-10 -2.34363e-09 0)
(6.50968e-11 -2.59136e-09 0)
(9.32563e-11 -2.47197e-09 0)
(0 0 0)
(6.27291e-12 -1.13296e-09 0)
(5.31474e-12 -1.16794e-09 0)
(-4.34413e-12 -1.22346e-09 0)
(-2.79802e-11 -1.17547e-09 0)
(-5.57224e-11 -1.14767e-09 0)
(-4.14168e-11 -1.12483e-09 0)
(-3.87279e-11 -1.0449e-09 0)
(0 0 0)
(-3.93838e-11 -1.23087e-09 0)
(-6.65891e-11 -2.02211e-09 0)
(-9.81375e-12 -2.60624e-10 0)
(4.60897e-11 -2.51562e-09 0)
(1.46656e-11 -1.04552e-09 0)
(5.70472e-11 -2.4425e-09 0)
(-4.49975e-11 -2.52551e-09 0)
(-4.31664e-11 -9.6207e-10 0)
(-1.48048e-11 -1.20568e-09 0)
(-5.5981e-11 -1.11743e-09 0)
(-7.51313e-11 -1.19105e-09 0)
(0 0 0)
(1.18298e-10 -2.92942e-09 0)
(4.92582e-11 -1.09525e-09 0)
(0 0 0)
(-5.67613e-11 -2.40354e-09 0)
(-2.62157e-11 -1.02429e-09 0)
(6.44232e-12 -2.4406e-09 0)
(-6.48742e-12 -1.18989e-09 0)
(0 0 0)
(-3.76169e-11 -1.11522e-09 0)
(-1.40958e-11 -1.03164e-09 0)
(-6.77537e-12 -1.09568e-09 0)
(-5.23285e-11 -1.43028e-09 0)
(0 0 0)
(1.22396e-11 -1.37132e-09 0)
(5.31122e-11 -1.61186e-09 0)
(1.24322e-11 -6.62837e-10 0)
(9.61664e-11 -1.20891e-09 0)
(8.7442e-11 -1.18095e-09 0)
(1.11684e-10 -1.11888e-09 0)
(9.29158e-11 -1.12215e-09 0)
(0 0 0)
(-1.97852e-11 -1.21496e-09 0)
(-3.91097e-11 -1.19792e-09 0)
(-4.77881e-11 -1.19002e-09 0)
(-1.09819e-08 7.88449e-08 0)
(-4.9182e-10 9.97457e-09 0)
(1.10506e-10 8.41504e-10 0)
(1.12244e-10 -8.07725e-10 0)
(4.91287e-11 -1.01377e-09 0)
(1.24771e-10 -1.09839e-09 0)
(9.28901e-11 -1.12238e-09 0)
(0 0 0)
(-4.67191e-11 -1.1413e-09 0)
(0 0 0)
(-7.74882e-12 -1.28451e-09 0)
(1.10284e-11 -1.17922e-09 0)
(0 0 0)
(3.93148e-11 -1.2026e-09 0)
(0 0 0)
(3.49114e-11 -1.19198e-09 0)
(-1.02503e-10 -2.60585e-09 0)
(0 0 0)
(1.02149e-10 -2.32839e-09 0)
(-2.80319e-11 -2.99907e-09 0)
(-5.85673e-11 -2.68601e-09 0)
(1.1942e-10 -2.48783e-09 0)
(3.79166e-11 -1.02702e-09 0)
(1.53832e-11 -1.01863e-09 0)
(2.38508e-11 -9.87404e-10 0)
(4.29654e-11 -1.13244e-09 0)
(5.30482e-12 -1.13055e-09 0)
(8.25206e-12 -1.04707e-09 0)
(1.32957e-11 -1.15447e-09 0)
(-3.6368e-11 -1.04814e-09 0)
(-3.46106e-11 -2.36985e-09 0)
(-1.29781e-11 -1.13426e-09 0)
(-1.54836e-11 -1.1049e-09 0)
(-1.5921e-11 -2.51733e-09 0)
(4.17543e-11 -1.1258e-09 0)
(1.02194e-11 -1.15102e-09 0)
(-1.81382e-12 -1.1929e-09 0)
(-9.55148e-12 -1.21132e-09 0)
(-2.34014e-11 -2.69067e-09 0)
(-5.22232e-11 -1.14358e-09 0)
(-3.30513e-11 -1.14727e-09 0)
(-5.56101e-11 -1.12262e-09 0)
(-4.8329e-11 -1.13545e-09 0)
(-4.24581e-11 -1.16807e-09 0)
(-5.29137e-11 -1.19183e-09 0)
(-7.11494e-11 -1.21432e-09 0)
(-6.13256e-11 -9.63674e-10 0)
(-7.35534e-11 -1.13352e-09 0)
(1.13938e-12 -4.80575e-10 0)
(4.38811e-11 -1.44407e-09 0)
(8.72896e-11 -2.64998e-09 0)
(3.5868e-11 -1.23404e-09 0)
(6.52394e-11 -1.08035e-09 0)
(2.3066e-11 -1.03187e-09 0)
(1.10807e-12 -9.12712e-10 0)
(2.1871e-11 -9.70129e-10 0)
(0 0 0)
(-2.10204e-11 -1.16589e-09 0)
(0 0 0)
(-1.69299e-11 -1.16223e-09 0)
(-4.63698e-11 -1.18417e-09 0)
(-6.87621e-11 -1.12841e-09 0)
(-8.58379e-11 -1.24214e-09 0)
(1.84724e-11 -1.23625e-09 0)
(1.80557e-10 -2.87343e-09 0)
(5.94974e-11 -1.0908e-09 0)
(1.10539e-10 -1.08893e-09 0)
(-1.25407e-11 -2.7164e-09 0)
(1.7878e-11 -2.27024e-09 0)
(6.74949e-11 -2.04338e-09 0)
(4.66592e-11 -8.85586e-10 0)
(-1.39807e-11 -1.28885e-09 0)
(-6.19589e-11 -1.20038e-09 0)
(-4.38249e-11 -1.12066e-09 0)
(-3.27154e-11 -1.06163e-09 0)
(-2.85235e-08 7.54816e-08 0)
(7.61243e-11 8.77506e-09 0)
(2.97359e-11 -4.24995e-10 0)
(0 0 0)
(3.49482e-12 -1.20548e-09 0)
(1.167e-10 -1.2402e-09 0)
(1.23549e-10 -3.2127e-09 0)
(4.6732e-11 -1.16689e-09 0)
(5.44023e-11 -1.07608e-09 0)
(1.21167e-11 -1.16619e-09 0)
(8.05294e-11 -1.20785e-09 0)
(-1.08774e-11 -1.21392e-09 0)
(0 0 0)
(0 0 0)
(4.11445e-11 -1.18593e-09 0)
(1.38892e-11 -1.14377e-09 0)
(-2.40436e-11 -1.12084e-09 0)
(-1.37273e-11 -2.47183e-09 0)
(-2.78617e-11 -1.04754e-09 0)
(0 0 0)
(0 0 0)
(0 0 0)
(9.29848e-11 -2.44979e-09 0)
(-3.1126e-11 -1.07338e-09 0)
(-4.94135e-11 -2.26411e-09 0)
(1.47139e-11 -2.23959e-09 0)
(1.59951e-11 -2.23288e-09 0)
(6.25978e-11 -9.24595e-10 0)
(-1.52497e-11 -1.10142e-09 0)
(5.76146e-12 -1.27368e-09 0)
(-5.62752e-11 -1.12297e-09 0)
(1.38768e-11 -1.04651e-09 0)
(-3.6792e-11 -1.12289e-09 0)
(-2.94827e-11 -1.13674e-09 0)
(2.98184e-11 -1.17899e-09 0)
(1.48452e-11 -1.20136e-09 0)
(1.63456e-11 -1.18905e-09 0)
(1.25476e-11 -1.18423e-09 0)
(-1.36357e-12 -1.20118e-09 0)
(0 0 0)
(1.48824e-11 -1.2024e-09 0)
(-3.05618e-11 -1.10855e-09 0)
(-1.41246e-11 -1.13996e-09 0)
(0 0 0)
(-1.6365e-11 -1.17221e-09 0)
(-3.6389e-11 -1.23124e-09 0)
(-7.35262e-11 -1.63171e-09 0)
(-1.608e-10 -2.3231e-09 0)
(0 0 0)
(-6.33949e-12 -1.10828e-09 0)
(-3.17988e-11 -1.40003e-09 0)
(9.26656e-11 -2.43469e-09 0)
(4.03354e-11 -1.12422e-09 0)
(2.23947e-11 -1.07532e-09 0)
(-1.2253e-11 -1.0396e-09 0)
(-6.1215e-12 -1.11153e-09 0)
(-1.64101e-11 -1.14124e-09 0)
(-2.81166e-11 -1.16917e-09 0)
(-1.99644e-11 -1.18849e-09 0)
(3.23299e-13 -6.44003e-10 0)
(2.31601e-14 -2.42981e-11 0)
(-7.57542e-11 -1.16905e-09 0)
(-5.80788e-11 -1.20678e-09 0)
(-7.74818e-11 -1.14991e-09 0)
(2.79938e-11 -2.79097e-09 0)
(2.81442e-11 -1.06558e-09 0)
(-6.37918e-11 -2.74028e-09 0)
(-5.65879e-11 -1.03977e-09 0)
(-3.43462e-11 -3.92415e-09 0)
(5.48638e-11 -1.95399e-09 0)
(1.44455e-10 -3.57033e-09 0)
(4.0307e-11 -1.03757e-09 0)
(3.2275e-11 -1.14725e-09 0)
(-8.92049e-11 -1.04365e-09 0)
(-1.15168e-10 -1.15784e-09 0)
(4.6349e-08 8.77689e-08 0)
(6.1204e-09 9.40887e-09 0)
(6.60172e-10 5.41398e-10 0)
(-1.76238e-10 -8.88079e-10 0)
(0 0 0)
(-1.50686e-11 -1.19022e-09 0)
(-6.07557e-11 -2.93277e-09 0)
(0 0 0)
(0 0 0)
(1.76331e-10 -2.39787e-09 0)
(2.39277e-10 -2.61681e-09 0)
(5.50935e-11 -1.16463e-09 0)
(-3.57272e-11 -2.75296e-09 0)
(1.72624e-11 -1.00088e-09 0)
(1.62188e-11 -1.05282e-09 0)
(6.48475e-12 -1.11857e-09 0)
(-3.49617e-12 -1.16578e-09 0)
(0 0 0)
(-3.70356e-11 -2.51356e-09 0)
(-4.63719e-11 -1.06299e-09 0)
(-7.20834e-12 -2.51323e-09 0)
(5.75799e-11 -2.57166e-09 0)
(1.25566e-11 -2.4396e-09 0)
(3.389e-12 -2.30706e-09 0)
(0 0 0)
(1.01984e-10 -9.44814e-10 0)
(1.07993e-11 -9.55038e-10 0)
(4.33086e-11 -1.02917e-09 0)
(2.8137e-11 -1.17599e-09 0)
(-5.13048e-11 -1.23892e-09 0)
(0 0 0)
(1.81834e-11 -1.19387e-09 0)
(1.62128e-11 -1.18017e-09 0)
(1.41538e-11 -1.12792e-09 0)
(1.94258e-11 -1.11987e-09 0)
(2.32148e-11 -1.14562e-09 0)
(6.51316e-11 -1.20197e-09 0)
(-1.34919e-11 -1.09358e-09 0)
(1.67993e-11 -1.21525e-09 0)
(0 0 0)
(6.49504e-11 -2.73249e-09 0)
(5.84178e-12 -1.04357e-09 0)
(-2.81045e-11 -1.01052e-09 0)
(-3.18652e-11 -1.07854e-09 0)
(1.5748e-11 -1.17228e-09 0)
(0 0 0)
(-5.96659e-11 -1.27389e-09 0)
(-6.3391e-11 -1.22841e-09 0)
(-6.25448e-11 -2.56827e-09 0)
(-5.44726e-12 -9.92969e-10 0)
(-1.71241e-11 -1.05303e-09 0)
(1.3093e-11 -1.13587e-09 0)
(5.10024e-11 -1.19881e-09 0)
(3.76318e-11 -1.12342e-09 0)
(-1.88365e-11 -1.04825e-09 0)
(1.4178e-12 -1.16842e-09 0)
(-3.40746e-12 -1.19715e-09 0)
(1.45152e-11 -1.13928e-09 0)
(0 0 0)
(-5.37991e-11 -1.05619e-09 0)
(-1.29857e-11 -1.22873e-09 0)
(-1.84941e-11 -1.19477e-09 0)
(-9.41587e-11 -1.21643e-09 0)
(0 0 0)
(-3.33438e-11 -1.28417e-09 0)
(-4.59335e-11 -1.16941e-09 0)
(-1.08122e-10 -1.15251e-09 0)
(0 0 0)
(0 0 0)
(-5.14628e-11 -1.12037e-09 0)
(-1.86329e-10 -2.33342e-09 0)
(-2.37198e-10 -4.4732e-09 0)
(1.77429e-11 -2.31458e-09 0)
(-2.7277e-11 -2.10029e-09 0)
(-5.54886e-11 -8.75766e-10 0)
(5.90837e-08 3.51541e-08 0)
(7.29338e-09 1.86028e-09 0)
(1.05766e-09 -1.55403e-10 0)
(-1.14516e-11 -1.87104e-09 0)
(-9.81656e-11 -3.56945e-09 0)
(0 0 0)
(0 0 0)
(9.36594e-11 -1.15152e-09 0)
(1.76789e-10 -2.48584e-09 0)
(8.15403e-11 -9.63038e-10 0)
(5.71578e-11 -1.04271e-09 0)
(-4.41881e-11 -3.10539e-09 0)
(2.34815e-11 -1.07167e-09 0)
(3.94893e-11 -1.00093e-09 0)
(4.63105e-11 -1.42323e-09 0)
(-1.33439e-11 -2.16831e-09 0)
(1.64954e-11 -1.14473e-09 0)
(3.64232e-11 -1.13754e-09 0)
(-3.71802e-11 -1.15544e-09 0)
(-1.94778e-11 -1.12368e-09 0)
(-2.90525e-12 -2.00317e-10 0)
(-1.08274e-11 -7.23087e-10 0)
(-6.56684e-12 -1.1469e-09 0)
(2.18921e-11 -1.11551e-09 0)
(0 0 0)
(1.17023e-11 -1.07286e-09 0)
(0 0 0)
(1.1428e-12 -1.18864e-09 0)
(9.24814e-11 -2.88757e-09 0)
(-4.12629e-12 -1.13046e-09 0)
(3.05255e-11 -9.7969e-10 0)
(6.22546e-12 -1.09713e-09 0)
(1.34792e-11 -1.19975e-09 0)
(8.52083e-12 -4.48024e-10 0)
(6.31144e-12 -3.1419e-10 0)
(1.60263e-11 -1.18928e-09 0)
(4.28295e-11 -2.85855e-09 0)
(0 0 0)
(3.36845e-11 -1.16243e-09 0)
(5.12834e-11 -1.13947e-09 0)
(2.47054e-11 -1.20242e-09 0)
(2.17174e-11 -1.11034e-09 0)
(-2.79386e-11 -1.08926e-09 0)
(-4.73554e-11 -1.08799e-09 0)
(-1.77852e-11 -1.1366e-09 0)
(4.16936e-11 -1.24359e-09 0)
(-1.99305e-11 -1.33271e-09 0)
(-9.70215e-11 -2.75412e-09 0)
(-4.40623e-12 -1.04827e-09 0)
(2.04609e-13 -1.01954e-09 0)
(-9.42897e-12 -1.0566e-09 0)
(1.83142e-12 -1.1374e-09 0)
(6.83709e-12 -1.14742e-09 0)
(2.51733e-11 -1.15963e-09 0)
(1.44665e-11 -1.15492e-09 0)
(-3.54121e-12 -1.21429e-09 0)
(0 0 0)
(2.14426e-12 -1.15731e-09 0)
(0 0 0)
(-4.32123e-12 -2.46039e-09 0)
(1.14005e-11 -1.74839e-09 0)
(4.32644e-11 -2.13499e-09 0)
(-7.32136e-11 -1.13962e-09 0)
(0 0 0)
(-1.73209e-10 -2.7241e-09 0)
(1.03597e-11 -1.02263e-09 0)
(0 0 0)
(3.61146e-12 -1.1626e-09 0)
(1.10537e-10 -2.68511e-09 0)
(0 0 0)
(-1.44914e-10 -1.23248e-09 0)
(-1.36503e-10 -1.38714e-09 0)
(1.66034e-12 -4.68258e-10 0)
(1.49051e-12 -4.48241e-10 0)
(-1.6953e-11 -2.51207e-09 0)
(1.05016e-09 4.06618e-08 0)
(-1.51688e-09 1.52085e-09 0)
(5.03488e-10 6.96492e-10 0)
(4.15911e-11 -1.2422e-09 0)
(0 0 0)
(-2.44166e-11 -1.72407e-09 0)
(8.68775e-11 -2.02353e-09 0)
(4.83293e-11 -1.12382e-09 0)
(8.75228e-11 -1.99614e-09 0)
(2.34773e-11 -1.57702e-09 0)
(-8.45186e-12 -1.27621e-09 0)
(-1.01733e-11 -1.16263e-09 0)
(4.95165e-11 -1.08726e-09 0)
(4.89124e-11 -1.07049e-09 0)
(7.90573e-11 -2.54241e-09 0)
(-1.54321e-12 -9.82193e-10 0)
(3.48065e-12 -9.55918e-10 0)
(1.64305e-10 -2.54889e-09 0)
(2.55559e-11 -1.10476e-09 0)
(-1.64611e-11 -1.13305e-09 0)
(-3.40279e-11 -1.14904e-09 0)
(-3.67978e-11 -1.19105e-09 0)
(-9.33242e-11 -1.1671e-09 0)
(0 0 0)
(2.18628e-11 -9.57414e-10 0)
(-9.5904e-11 -2.30415e-09 0)
(0 0 0)
(0 0 0)
(1.2514e-11 -1.26631e-09 0)
(5.27826e-11 -1.26763e-09 0)
(1.73395e-10 -2.51897e-09 0)
(1.48866e-11 -1.20023e-09 0)
(2.28274e-11 -1.19321e-09 0)
(4.55339e-12 -1.2519e-09 0)
(2.05096e-11 -1.16778e-09 0)
(1.49752e-11 -1.15148e-09 0)
(-1.29875e-11 -1.11342e-09 0)
(3.22084e-11 -1.22769e-09 0)
(4.61492e-11 -1.17605e-09 0)
(-1.3027e-11 -1.19135e-09 0)
(-2.55431e-11 -1.13976e-09 0)
(-5.2149e-12 -1.12389e-09 0)
(-6.69376e-11 -2.60727e-09 0)
(-4.84838e-11 -1.01221e-09 0)
(-3.67233e-11 -1.03307e-09 0)
(-1.01214e-10 -2.99076e-09 0)
(3.14265e-11 -1.16847e-09 0)
(1.15512e-11 -1.02129e-09 0)
(2.76809e-11 -1.06685e-09 0)
(-1.57733e-11 -1.13581e-09 0)
(-2.56405e-11 -1.12323e-09 0)
(-1.96752e-11 -1.07529e-09 0)
(1.85384e-11 -1.10051e-09 0)
(4.55394e-11 -1.14237e-09 0)
(1.36668e-11 -1.13669e-09 0)
(-9.92265e-12 -1.82627e-09 0)
(-5.5483e-12 -4.37265e-10 0)
(-9.23098e-12 -1.12063e-09 0)
(0 0 0)
(4.19544e-13 -1.07297e-09 0)
(-9.18798e-12 -1.08637e-09 0)
(-3.1959e-11 -1.3407e-09 0)
(0 0 0)
(3.51418e-11 -1.18432e-09 0)
(-6.87132e-11 -1.17334e-09 0)
(-1.87822e-11 -1.17816e-09 0)
(3.05426e-11 -1.25141e-09 0)
(0 0 0)
(4.0796e-11 -1.15167e-09 0)
(5.63574e-11 -1.2146e-09 0)
(0 0 0)
(0 0 0)
(-2.69769e-11 -1.21728e-09 0)
(0 0 0)
(0 0 0)
(-6.31361e-09 3.69921e-08 0)
(2.03465e-10 6.04684e-09 0)
(1.10055e-09 -8.91778e-10 0)
(0 0 0)
(8.45048e-12 -2.65491e-09 0)
(-1.40717e-11 -1.27085e-09 0)
(0 0 0)
(2.95316e-11 -1.13148e-09 0)
(2.07605e-11 -1.1774e-09 0)
(4.73945e-11 -1.69269e-09 0)
(-1.94372e-11 -1.96151e-09 0)
(4.96729e-12 -1.19411e-09 0)
(4.74695e-11 -1.15207e-09 0)
(4.89675e-11 -2.02529e-09 0)
(6.14409e-11 -1.45822e-09 0)
(5.0724e-11 -1.06125e-09 0)
(2.3803e-12 -1.05869e-09 0)
(1.29658e-11 -1.1508e-09 0)
(4.914e-11 -1.13447e-09 0)
(-3.93949e-11 -1.18021e-09 0)
(-3.81529e-11 -1.14901e-09 0)
(-2.64874e-12 -2.00386e-10 0)
(-1.16611e-11 -8.10763e-10 0)
(2.26411e-11 -1.21422e-09 0)
(0 0 0)
(0 0 0)
(2.40215e-11 -1.01056e-09 0)
(4.51682e-11 -1.17351e-09 0)
(0 0 0)
(0 0 0)
(0 0 0)
(0 0 0)
(-2.43217e-12 -2.67606e-09 0)
(-3.4494e-11 -1.0691e-09 0)
(-2.75031e-11 -1.13376e-09 0)
(1.17562e-11 -2.67135e-09 0)
(4.75322e-11 -1.27957e-09 0)
(0 0 0)
(-1.09883e-11 -1.25597e-09 0)
(-2.43937e-11 -1.23054e-09 0)
(-3.4662e-11 -1.26067e-09 0)
(-3.70223e-11 -1.24839e-09 0)
(-4.67746e-11 -1.17219e-09 0)
(-3.62257e-11 -1.11933e-09 0)
(-3.41322e-11 -1.19201e-09 0)
(-8.99224e-12 -5.73003e-10 0)
(3.83467e-11 -1.38776e-09 0)
(4.07678e-11 -1.11967e-09 0)
(-1.2786e-11 -1.19176e-09 0)
(-4.49589e-11 -1.12017e-09 0)
(-5.39942e-11 -1.07101e-09 0)
(-4.74456e-11 -1.11484e-09 0)
(-4.81209e-11 -1.15132e-09 0)
(2.47229e-12 -1.21792e-09 0)
(1.91308e-11 -2.60673e-09 0)
(-4.84414e-12 -1.0097e-09 0)
(1.67546e-11 -1.10226e-09 0)
(3.20919e-11 -1.1149e-09 0)
(3.58489e-11 -1.15371e-09 0)
(-2.61655e-11 -1.12928e-09 0)
(-1.69268e-11 -1.10767e-09 0)
(-8.58254e-11 -1.12844e-09 0)
(3.06951e-11 -1.19638e-09 0)
(2.40582e-11 -1.24538e-09 0)
(0 0 0)
(-6.90398e-12 -1.18721e-09 0)
(-2.65024e-11 -1.17535e-09 0)
(8.75697e-13 -1.13571e-09 0)
(4.24416e-11 -1.29247e-09 0)
(0 0 0)
(-5.77213e-11 -1.25714e-09 0)
(-9.43327e-11 -1.31227e-09 0)
(-5.13647e-11 -1.20332e-09 0)
(0 0 0)
(-2.18747e-11 -1.2057e-09 0)
(8.44896e-09 5.93603e-08 0)
(2.50429e-09 6.60824e-09 0)
(4.38094e-10 -4.86182e-11 0)
(1.76898e-10 -1.09606e-09 0)
(-7.05511e-12 -1.1963e-09 0)
(0 0 0)
(2.443e-11 -1.09473e-09 0)
(3.72883e-11 -1.14662e-09 0)
(2.19322e-11 -1.24122e-09 0)
(1.2406e-12 -1.22272e-09 0)
(-3.45299e-11 -1.16254e-09 0)
(-2.06043e-12 -1.12974e-09 0)
(-1.45998e-11 -1.11666e-09 0)
(-1.44936e-11 -1.13296e-09 0)
(-2.97365e-11 -1.15124e-09 0)
(2.10624e-11 -1.11627e-09 0)
(3.57838e-11 -2.50861e-09 0)
(-1.72505e-11 -1.09461e-09 0)
(1.31715e-11 -1.3255e-09 0)
(0 0 0)
(-1.1148e-11 -1.20477e-09 0)
(3.39822e-11 -1.22083e-09 0)
(0 0 0)
(0 0 0)
(5.16853e-11 -1.0956e-09 0)
(2.87157e-11 -1.13404e-09 0)
(0 0 0)
(5.39163e-11 -1.15809e-09 0)
(5.87995e-11 -1.21851e-09 0)
(1.00632e-10 -1.26361e-09 0)
(1.22055e-10 -1.20228e-09 0)
(1.25806e-10 -2.78506e-09 0)
(-9.62319e-11 -2.5543e-09 0)
(-5.41569e-11 -1.1455e-09 0)
(0 0 0)
(-9.34902e-12 -1.13662e-09 0)
(3.20372e-11 -1.12522e-09 0)
(1.15524e-10 -1.24459e-09 0)
(-1.24502e-11 -1.2976e-09 0)
(-1.64396e-11 -1.14984e-09 0)
(1.42622e-12 -1.19543e-09 0)
(0 0 0)
(-3.7372e-11 -1.11213e-09 0)
(-5.78339e-11 -1.19111e-09 0)
(-5.84351e-11 -1.18951e-09 0)
(-1.73606e-11 -1.17198e-09 0)
(0 0 0)
(7.19099e-12 -1.21241e-09 0)
(-7.2005e-11 -1.22453e-09 0)
(0 0 0)
(-3.90708e-12 -1.15189e-09 0)
(0 0 0)
(0 0 0)
(4.77752e-11 -1.21458e-09 0)
(1.94545e-11 -1.20374e-09 0)
(-1.84491e-11 -1.11965e-09 0)
(2.97757e-11 -1.01688e-09 0)
(5.75394e-12 -1.20994e-09 0)
(-1.29269e-11 -2.5515e-09 0)
(1.0073e-11 -1.10286e-09 0)
(-7.24245e-11 -2.72058e-09 0)
(0 0 0)
(1.09911e-11 -1.16651e-09 0)
(5.78482e-12 -1.26092e-09 0)
(0 0 0)
(9.66937e-12 -1.19055e-09 0)
(0 0 0)
(0 0 0)
(4.81286e-12 -1.09084e-09 0)
(6.79578e-11 -3.10162e-09 0)
(-5.1523e-11 -1.20804e-09 0)
(-1.7412e-11 -1.05619e-09 0)
(-3.05329e-11 -1.12125e-09 0)
(-5.36861e-11 -1.12849e-09 0)
(-4.33181e-11 -1.11431e-09 0)
(2.77602e-08 6.02274e-08 0)
(1.70764e-09 2.42084e-09 0)
(4.32389e-10 -3.93828e-10 0)
(1.06025e-10 -1.43087e-09 0)
(0 0 0)
(2.95582e-11 -1.23762e-09 0)
(3.90721e-11 -1.21e-09 0)
(8.55748e-11 -1.18843e-09 0)
(5.70659e-11 -1.19643e-09 0)
(3.72615e-11 -1.24804e-09 0)
(7.85775e-13 -1.21845e-09 0)
(-3.18425e-11 -1.16702e-09 0)
(-3.86815e-11 -1.15906e-09 0)
(-5.33823e-11 -1.15978e-09 0)
(-1.88974e-12 -1.16469e-09 0)
(5.88461e-12 -1.13413e-09 0)
(-3.06116e-11 -1.12713e-09 0)
(1.69663e-11 -1.06786e-09 0)
(-4.37157e-11 -1.18209e-09 0)
(1.64829e-11 -3.7107e-10 0)
(2.32672e-11 -5.23532e-10 0)
(0 0 0)
(1.31004e-10 -1.18341e-09 0)
(6.53101e-11 -1.1655e-09 0)
(7.62734e-11 -1.01516e-09 0)
(2.17977e-11 -1.07905e-09 0)
(3.16284e-11 -2.54924e-09 0)
(8.40389e-12 -1.02527e-09 0)
(8.04e-11 -1.41484e-09 0)
(1.23251e-10 -2.12467e-09 0)
(1.16925e-10 -2.82512e-09 0)
(-2.09976e-11 -1.32214e-09 0)
(-4.93433e-11 -1.16852e-09 0)
(0 0 0)
(-1.96621e-11 -1.01585e-09 0)
(4.01623e-13 -1.09071e-09 0)
(4.55128e-12 -1.07833e-09 0)
(6.21424e-11 -2.97692e-09 0)
(3.88281e-11 -1.13969e-09 0)
(-7.90584e-12 -1.04409e-09 0)
(-2.29592e-12 -1.08952e-09 0)
(1.01366e-11 -1.20527e-09 0)
(0 0 0)
(0 0 0)
(0 0 0)
(4.9708e-13 -1.17276e-09 0)
(9.71013e-12 -1.18679e-09 0)
(-1.3861e-11 -1.16466e-09 0)
(-1.69876e-11 -1.20326e-09 0)
(1.63376e-11 -1.24512e-09 0)
(0 0 0)
(-1.06352e-11 -1.15009e-09 0)
(6.69161e-13 -1.17161e-09 0)
(2.06319e-11 -1.15257e-09 0)
(1.49697e-11 -1.19331e-09 0)
(-6.49145e-11 -1.24609e-09 0)
(-8.97159e-11 -2.83293e-09 0)
(-4.04958e-11 -1.04918e-09 0)
(5.90396e-12 -2.16278e-09 0)
(-8.4638e-11 -1.32543e-09 0)
(-2.73016e-11 -1.1138e-09 0)
(2.75455e-11 -1.171e-09 0)
(5.76578e-12 -1.19511e-09 0)
(-2.26722e-11 -1.09534e-09 0)
(2.48723e-12 -1.17063e-09 0)
(3.66708e-13 -1.21701e-09 0)
(-2.26068e-11 -1.1755e-09 0)
(0 0 0)
(-1.44516e-11 -1.09901e-09 0)
(-1.17847e-10 -3.3104e-09 0)
(0 0 0)
(-1.49447e-11 -1.83696e-09 0)
(-5.69866e-11 -1.57692e-09 0)
(-2.51497e-12 -1.02989e-09 0)
(-9.72049e-12 -1.14334e-09 0)
(-5.61046e-09 2.6884e-08 0)
(6.05378e-10 1.31269e-09 0)
(2.471e-10 -1.00575e-09 0)
(1.1995e-11 -1.59131e-10 0)
(1.30002e-10 -1.39655e-09 0)
(1.07996e-10 -1.26524e-09 0)
(8.66045e-11 -1.19848e-09 0)
(5.35867e-11 -1.15548e-09 0)
(3.73456e-11 -1.14423e-09 0)
(3.82338e-11 -1.23377e-09 0)
(-2.83473e-11 -1.24357e-09 0)
(-5.89201e-11 -1.92786e-09 0)
(-6.60792e-11 -1.61567e-09 0)
(0 0 0)
(-3.10072e-11 -1.13757e-09 0)
(-2.56628e-11 -1.14259e-09 0)
(3.68595e-13 -5.77748e-11 0)
(7.13057e-12 -1.09983e-09 0)
(3.08497e-11 -1.18105e-09 0)
(1.39898e-10 -2.69847e-09 0)
(0 0 0)
(1.0712e-10 -1.18713e-09 0)
(9.04169e-11 -1.19914e-09 0)
(1.00164e-10 -1.26975e-09 0)
(1.37058e-11 -1.27517e-09 0)
(-2.42965e-11 -1.83773e-09 0)
(-1.8415e-11 -1.58122e-09 0)
(1.53618e-11 -1.79327e-09 0)
(9.99408e-12 -1.40315e-09 0)
(4.99975e-11 -9.29368e-10 0)
(-3.25828e-11 -1.35526e-09 0)
(5.76162e-11 -1.49267e-09 0)
(0 0 0)
(-1.659e-11 -2.47194e-09 0)
(-1.18103e-11 -9.68837e-10 0)
(-2.48482e-11 -2.39478e-09 0)
(-9.40904e-12 -1.0453e-09 0)
(-4.84554e-11 -2.59174e-09 0)
(-4.43518e-12 -2.82958e-09 0)
(8.73759e-14 -1.02718e-09 0)
(4.79331e-11 -2.41264e-09 0)
(0 0 0)
(-2.51713e-11 -1.15456e-09 0)
(-4.36399e-11 -1.18885e-09 0)
(0 0 0)
(-3.74423e-11 -1.20213e-09 0)
(0 0 0)
(-4.35943e-12 -2.44092e-09 0)
(0 0 0)
(2.46199e-12 -1.13484e-09 0)
(-6.85907e-12 -1.13461e-09 0)
(7.89257e-12 -1.12345e-09 0)
(-5.03979e-12 -1.06899e-09 0)
(-2.38204e-11 -1.04647e-09 0)
(-1.8351e-10 -3.13779e-09 0)
(0 0 0)
(-3.61947e-12 -1.3819e-10 0)
(-2.27781e-11 -8.08005e-10 0)
(2.05525e-11 -2.98484e-09 0)
(-5.00458e-11 -1.11466e-09 0)
(2.27384e-11 -1.05865e-09 0)
(6.26933e-11 -1.12403e-09 0)
(-1.35836e-10 -2.73085e-09 0)
(2.62917e-11 -1.09855e-09 0)
(3.11892e-11 -1.15041e-09 0)
(-5.75013e-12 -1.14694e-09 0)
(-5.03938e-11 -1.12935e-09 0)
(-3.46673e-11 -1.05015e-09 0)
(-7.76805e-11 -1.22937e-09 0)
(-1.64143e-10 -1.27656e-09 0)
(1.22701e-11 -1.21223e-09 0)
(-5.02077e-11 -1.15245e-09 0)
(-1.13008e-10 -1.08755e-09 0)
(-2.15901e-11 -1.12857e-09 0)
(-3.78467e-11 -1.1332e-09 0)
(6.07076e-10 6.44522e-08 0)
(1.03251e-09 2.05789e-09 0)
(2.53351e-10 -9.54485e-11 0)
(0 0 0)
(2.5725e-10 -1.29991e-09 0)
(5.79278e-11 -1.35104e-09 0)
(6.97529e-11 -2.82167e-09 0)
(3.99475e-11 -1.08134e-09 0)
(5.57109e-11 -1.04693e-09 0)
(5.01745e-11 -2.70004e-09 0)
(-6.44704e-11 -1.14674e-09 0)
(-2.8827e-11 -1.07603e-09 0)
(0 0 0)
(-1.31594e-11 -1.04334e-09 0)
(-5.36414e-11 -1.13489e-09 0)
(2.33004e-12 -4.70735e-10 0)
(2.41804e-12 -3.37756e-10 0)
(1.25168e-11 -1.16515e-09 0)
(0 0 0)
(2.16609e-11 -1.14099e-09 0)
(1.53575e-10 -1.23358e-09 0)
(5.92091e-11 -1.25289e-09 0)
(2.09959e-11 -1.13226e-09 0)
(9.43113e-11 -3.01354e-09 0)
(5.86486e-12 -1.1692e-10 0)
(5.29353e-11 -1.00989e-09 0)
(-2.70694e-11 -1.08771e-09 0)
(-6.01635e-11 -2.49364e-09 0)
(-4.09006e-11 -9.94835e-10 0)
(-5.57453e-11 -1.06416e-09 0)
(-8.18517e-11 -1.27035e-09 0)
(-2.77686e-11 -1.30822e-09 0)
(9.47177e-11 -1.31894e-09 0)
(9.02938e-12 -1.28645e-09 0)
(-3.81546e-11 -1.16015e-09 0)
(-5.83942e-11 -1.58596e-09 0)
(-9.38484e-11 -1.87194e-09 0)
(-2.07071e-10 -3.01278e-09 0)
(-6.11687e-11 -1.45081e-09 0)
(-1.70673e-11 -1.99678e-09 0)
(2.8543e-11 -2.17506e-09 0)
(5.45319e-11 -2.76055e-09 0)
(7.67497e-12 -1.04531e-09 0)
(3.15255e-11 -9.94684e-10 0)
(-3.67047e-11 -2.18848e-09 0)
(4.54794e-13 -1.04297e-09 0)
(4.03874e-12 -2.23735e-10 0)
(1.05227e-11 -5.69542e-10 0)
(-1.01064e-11 -2.40733e-09 0)
(-7.61196e-11 -9.94899e-10 0)
(2.75043e-11 -1.07369e-09 0)
(-6.45764e-11 -2.34569e-09 0)
(-9.54014e-11 -2.43929e-09 0)
(-4.53171e-11 -1.11952e-09 0)
(0 0 0)
(3.58014e-11 -1.0927e-09 0)
(5.78792e-11 -1.18999e-09 0)
(0 0 0)
(-7.71324e-11 -1.21947e-09 0)
(1.74448e-11 -1.19225e-09 0)
(1.88587e-11 -1.05389e-09 0)
(-2.52793e-10 -4.67988e-09 0)
(-5.17943e-11 -1.02068e-09 0)
(-2.86349e-12 -1.49093e-09 0)
(-6.23811e-11 -2.03288e-09 0)
(-3.30634e-11 -1.33144e-09 0)
(-5.22392e-11 -2.13691e-09 0)
(-5.26072e-11 -9.10083e-10 0)
(-3.00509e-11 -2.37405e-09 0)
(-4.21589e-11 -1.14882e-09 0)
(-6.75882e-11 -1.08569e-09 0)
(-6.87644e-11 -1.15451e-09 0)
(0 0 0)
(1.14909e-11 -1.25714e-09 0)
(-1.56452e-11 -1.15643e-09 0)
(-7.77777e-09 4.30105e-08 0)
(8.03626e-10 1.91969e-09 0)
(1.00721e-09 -5.41785e-10 0)
(2.47829e-10 -1.14588e-09 0)
(1.16332e-10 -3.16028e-09 0)
(-1.17331e-11 -1.26344e-09 0)
(-2.31672e-11 -1.09304e-09 0)
(1.17104e-11 -1.01039e-09 0)
(1.31926e-10 -2.54123e-09 0)
(-3.0326e-11 -1.24793e-09 0)
(-4.82817e-11 -1.2382e-09 0)
(-3.14975e-11 -1.06914e-09 0)
(-7.53301e-12 -1.09312e-09 0)
(-7.85317e-12 -1.20813e-09 0)
(0 0 0)
(2.70486e-11 -1.11942e-09 0)
(2.98415e-11 -1.19203e-09 0)
(0 0 0)
(3.38109e-11 -2.32128e-09 0)
(5.29194e-11 -1.18917e-09 0)
(3.80686e-11 -1.32155e-09 0)
(4.60179e-11 -1.22824e-09 0)
(3.26952e-11 -1.04782e-09 0)
(2.38509e-11 -1.22828e-09 0)
(0 0 0)
(2.31689e-13 -5.73592e-11 0)
(1.57572e-12 -1.09982e-09 0)
(-4.36817e-11 -1.14452e-09 0)
(1.31366e-11 -1.14686e-09 0)
(-8.48375e-11 -1.24642e-09 0)
(-1.01815e-10 -1.18135e-09 0)
(-5.41903e-11 -1.11293e-09 0)
(4.42065e-12 -3.10237e-09 0)
(4.17183e-11 -1.25464e-09 0)
(0 0 0)
(9.26371e-12 -1.09611e-09 0)
(-7.91736e-11 -1.23065e-09 0)
(-1.51168e-10 -1.2844e-09 0)
(-4.76287e-11 -1.24577e-09 0)
(-2.52932e-11 -1.17121e-09 0)
(-4.91907e-11 -1.13523e-09 0)
(-4.88372e-11 -1.18838e-09 0)
(6.25712e-11 -1.13807e-09 0)
(4.9678e-11 -1.23776e-09 0)
(0 0 0)
(7.37824e-11 -2.45469e-09 0)
(2.30955e-11 -2.32575e-09 0)
(-5.00619e-11 -2.41208e-09 0)
(-1.74995e-10 -3.61247e-09 0)
(-5.35136e-11 -9.62173e-10 0)
(-6.71033e-11 -9.73176e-10 0)
(-7.99873e-11 -1.04887e-09 0)
(-4.59034e-11 -1.06142e-09 0)
(-1.45484e-10 -2.54277e-09 0)
(0 0 0)
(3.59087e-11 -1.17517e-09 0)
(0 0 0)
(4.02674e-11 -1.26828e-09 0)
(-4.69002e-11 -1.29664e-09 0)
(-5.67527e-11 -2.06802e-09 0)
(-2.21938e-10 -1.79761e-09 0)
(-1.34762e-10 -1.07922e-09 0)
(-2.31508e-11 -2.28687e-09 0)
(1.27638e-10 -2.26388e-09 0)
(1.4638e-10 -2.70998e-09 0)
(-9.81619e-12 -1.03762e-09 0)
(-1.44915e-10 -2.17773e-09 0)
(-2.489e-11 -9.14861e-10 0)
(-3.68666e-11 -1.0541e-09 0)
(0 0 0)
(-4.82807e-11 -1.30314e-09 0)
(0 0 0)
(-5.21722e-11 -1.15957e-09 0)
(8.64169e-12 -1.17726e-09 0)
(0 0 0)
(-1.16504e-08 7.49479e-08 0)
(1.87999e-10 4.92897e-09 0)
(1.21441e-09 -7.88802e-10 0)
(1.93858e-10 -2.5652e-09 0)
(-2.45973e-11 -1.29858e-09 0)
(1.55867e-11 -1.35832e-09 0)
(-4.20138e-11 -1.26454e-09 0)
(-1.06312e-10 -1.59735e-09 0)
(-2.92741e-11 -2.25162e-09 0)
(2.38185e-11 -1.32929e-09 0)
(-1.37671e-11 -1.02878e-09 0)
(2.59286e-11 -9.92814e-10 0)
(3.37762e-11 -1.04981e-09 0)
(5.75983e-11 -1.10758e-09 0)
(8.3096e-11 -1.08773e-09 0)
(6.05176e-11 -1.0847e-09 0)
(6.15582e-11 -1.21696e-09 0)
(0 0 0)
(-8.04697e-12 -1.12358e-09 0)
(1.90399e-11 -1.23174e-09 0)
(2.01003e-11 -1.23432e-09 0)
(8.79137e-11 -1.1637e-09 0)
(7.89146e-11 -1.16596e-09 0)
(0 0 0)
(8.40933e-11 -1.18859e-09 0)
(3.73877e-11 -1.3219e-09 0)
(0 0 0)
(2.0972e-12 -4.03721e-10 0)
(-5.63984e-11 -3.38161e-09 0)
(4.14162e-12 -1.12642e-09 0)
(0 0 0)
(-3.92703e-11 -1.17966e-09 0)
(-3.38404e-11 -1.22773e-09 0)
(0 0 0)
(5.35617e-11 -1.20007e-09 0)
(0 0 0)
(-4.80469e-11 -1.33711e-09 0)
(-4.84814e-11 -1.26476e-09 0)
(-1.44084e-11 -1.17755e-09 0)
(-1.52378e-11 -1.22783e-09 0)
(0 0 0)
(1.68219e-11 -1.26331e-09 0)
(0 0 0)
(-3.28904e-11 -1.23259e-09 0)
(0 0 0)
(0 0 0)
(6.42339e-12 -1.11387e-09 0)
(0 0 0)
(0 0 0)
(1.23916e-11 -1.19559e-09 0)
(0 0 0)
(0 0 0)
(-1.33967e-11 -1.17996e-09 0)
(0 0 0)
(-1.0144e-10 -2.60746e-09 0)
(0 0 0)
(-1.52099e-11 -1.09321e-09 0)
(2.29346e-11 -3.26549e-09 0)
(0 0 0)
(0 0 0)
(0 0 0)
(0 0 0)
(2.2139e-11 -1.11109e-09 0)
(-1.64418e-11 -1.22333e-09 0)
(-6.53418e-11 -3.06803e-09 0)
(1.78942e-11 -2.553e-09 0)
(-1.70919e-11 -9.39162e-10 0)
(-2.88522e-11 -9.81579e-10 0)
(-2.05025e-11 -1.09093e-09 0)
(1.00186e-11 -1.433e-09 0)
(0 0 0)
(7.51329e-14 -1.17131e-09 0)
(0 0 0)
(2.48385e-11 -1.18129e-09 0)
(0 0 0)
(-1.48213e-08 9.30607e-08 0)
(-7.15768e-10 4.90364e-09 0)
(-2.50055e-10 -1.03365e-09 0)
(3.95916e-11 -1.37992e-09 0)
(6.73142e-11 -1.49858e-09 0)
(1.1024e-10 -1.33943e-09 0)
(2.22233e-12 -3.45879e-10 0)
(1.75412e-12 -4.07695e-10 0)
(-5.61214e-11 -1.21194e-09 0)
(1.57484e-11 -1.31101e-09 0)
(9.70497e-11 -1.13804e-09 0)
(1.47429e-10 -2.48491e-09 0)
(6.70168e-11 -1.03583e-09 0)
(9.75576e-11 -1.07049e-09 0)
(9.4458e-11 -1.0776e-09 0)
(1.71695e-10 -2.50784e-09 0)
(6.85175e-11 -1.00561e-09 0)
(8.20189e-11 -2.55439e-09 0)
(-1.58449e-11 -1.07584e-09 0)
(-8.2785e-12 -1.09525e-09 0)
(1.28544e-11 -1.16959e-09 0)
(2.34268e-11 -1.16911e-09 0)
(5.88088e-11 -1.0959e-09 0)
(4.64283e-11 -2.66568e-09 0)
(4.67717e-12 -1.21226e-09 0)
(0 0 0)
(8.08264e-11 -2.59813e-09 0)
(-2.62993e-12 -1.0813e-09 0)
(-2.59571e-11 -1.16798e-09 0)
(6.96224e-11 -1.18661e-09 0)
(4.42449e-11 -1.10145e-09 0)
(-2.02649e-11 -1.11476e-09 0)
(0 0 0)
(-3.88245e-11 -2.58926e-09 0)
(0 0 0)
(-1.95625e-11 -4.8343e-09 0)
(0 0 0)
(4.1351e-11 -1.14023e-09 0)
(0 0 0)
(0 0 0)
(1.22724e-12 -1.1377e-09 0)
(-2.18836e-11 -1.15796e-09 0)
(-1.9301e-12 -2.54925e-09 0)
(2.67414e-11 -1.05311e-09 0)
(-1.97186e-11 -1.06683e-09 0)
(4.98169e-12 -1.10642e-09 0)
(7.37997e-11 -2.29311e-09 0)
(0 0 0)
(-1.83852e-11 -1.20733e-09 0)
(-5.72194e-11 -1.19706e-09 0)
(8.99935e-12 -1.23245e-09 0)
(-2.55443e-11 -1.27169e-09 0)
(-7.47699e-11 -1.22155e-09 0)
(0 0 0)
(-2.90115e-10 -1.23315e-09 0)
(-7.78811e-11 -1.12705e-09 0)
(-3.29229e-10 -2.33939e-09 0)
(-1.93268e-10 -2.24924e-09 0)
(2.29695e-10 -2.70914e-09 0)
(5.728e-11 -3.13745e-09 0)
(-8.68047e-11 -1.10958e-09 0)
(-3.02535e-10 -2.34075e-09 0)
(-1.25265e-10 -2.26908e-09 0)
(-5.33597e-11 -1.00242e-09 0)
(-2.87455e-10 -2.69496e-09 0)
(-1.0328e-10 -2.64242e-09 0)
(-7.58341e-12 -2.30477e-09 0)
(1.63908e-11 -1.01985e-09 0)
(-2.48777e-11 -1.00605e-09 0)
(-2.1342e-11 -1.25156e-09 0)
(2.9221e-11 -1.23053e-09 0)
(0 0 0)
(3.5572e-11 -1.04729e-09 0)
(1.98728e-11 -1.12925e-09 0)
(-7.24186e-12 -1.09974e-09 0)
(1.99179e-08 6.50564e-08 0)
(3.82624e-09 5.90713e-09 0)
(-7.37959e-10 -4.26171e-10 0)
(-1.37011e-10 -1.12834e-09 0)
(-5.76688e-12 -1.32572e-09 0)
(9.61981e-11 -1.32087e-09 0)
(2.84704e-10 -2.90325e-09 0)
(-6.58121e-12 -1.152e-09 0)
(0 0 0)
(5.37247e-11 -1.1379e-09 0)
(1.05166e-10 -1.2139e-09 0)
(2.28911e-11 -1.16192e-09 0)
(0 0 0)
(7.53547e-11 -1.10969e-09 0)
(6.36529e-11 -1.14217e-09 0)
(1.57673e-11 -1.04306e-09 0)
(2.57854e-11 -9.921e-10 0)
(7.22406e-11 -2.51375e-09 0)
(1.54658e-11 -1.06216e-09 0)
(-2.42771e-11 -2.03565e-09 0)
(-3.46966e-11 -1.33292e-09 0)
(3.18629e-11 -1.01448e-09 0)
(7.84843e-11 -1.11384e-09 0)
(-6.16018e-12 -1.15221e-09 0)
(-2.11487e-11 -1.1338e-09 0)
(-2.14553e-11 -1.10454e-09 0)
(-2.65474e-11 -1.12816e-09 0)
(1.57456e-11 -1.16916e-09 0)
(2.67624e-11 -1.20323e-09 0)
(6.46218e-11 -1.17555e-09 0)
(3.13072e-11 -2.82705e-09 0)
(1.91125e-11 -1.16887e-09 0)
(-7.9162e-12 -1.05942e-09 0)
(-5.74667e-11 -1.15726e-09 0)
(-4.48833e-11 -1.14814e-09 0)
(-7.26745e-11 -1.21948e-09 0)
(3.07155e-11 -1.18436e-09 0)
(5.90695e-11 -1.19507e-09 0)
(0 0 0)
(1.7713e-11 -1.22295e-09 0)
(0 0 0)
(-1.29538e-11 -1.14043e-09 0)
(0 0 0)
(0 0 0)
(-5.80977e-12 -1.13578e-09 0)
(-5.14806e-12 -1.13134e-09 0)
(1.22908e-10 -2.32867e-09 0)
(-1.3708e-12 -1.2085e-09 0)
(6.3126e-12 -1.23841e-09 0)
(-3.75128e-12 -6.90039e-11 0)
(-1.77158e-10 -2.13079e-09 0)
(-1.36329e-10 -1.36644e-09 0)
(0 0 0)
(-2.86845e-10 -2.67743e-09 0)
(-5.51576e-11 -8.66122e-10 0)
(-7.83641e-11 -2.14855e-09 0)
(0 0 0)
(7.0617e-11 -9.61776e-10 0)
(-1.14888e-10 -2.52807e-09 0)
(-2.27062e-10 -3.22593e-09 0)
(-6.13793e-11 -1.11001e-09 0)
(-1.19919e-10 -9.26679e-10 0)
(-1.41518e-10 -2.20877e-09 0)
(-7.75682e-11 -1.29987e-09 0)
(-2.90139e-12 -8.5821e-11 0)
(-4.13477e-11 -2.34067e-09 0)
(-3.04266e-11 -9.08475e-10 0)
(1.14017e-10 -2.39625e-09 0)
(8.23693e-11 -1.04191e-09 0)
(-6.196e-11 -2.57618e-09 0)
(4.55303e-11 -1.07251e-09 0)
(8.57828e-11 -1.0987e-09 0)
(9.28043e-11 -1.07567e-09 0)
(1.63313e-11 -4.39962e-10 0)
(-2.57562e-11 -1.81623e-09 0)
(3.27675e-08 5.0824e-09 0)
(6.347e-10 2.12515e-11 0)
(-8.50132e-10 -5.75533e-10 0)
(-5.77272e-12 -1.15801e-09 0)
(1.78076e-11 -1.2493e-09 0)
(7.67763e-11 -2.95306e-09 0)
(1.84133e-10 -3.03165e-09 0)
(6.93153e-11 -1.05587e-09 0)
(3.82493e-11 -1.15621e-09 0)
(4.52034e-11 -1.11333e-09 0)
(6.47279e-11 -1.12004e-09 0)
(0 0 0)
(3.62899e-11 -1.18884e-09 0)
(3.84886e-11 -1.0552e-09 0)
(4.60505e-11 -1.07534e-09 0)
(3.91414e-11 -1.16043e-09 0)
(2.81496e-11 -1.99674e-09 0)
(5.79324e-12 -1.4384e-09 0)
(5.50234e-11 -1.09377e-09 0)
(-3.0581e-11 -1.15011e-09 0)
(-6.11363e-11 -1.05427e-09 0)
(0 0 0)
(8.679e-11 -2.45545e-09 0)
(1.3373e-10 -2.62247e-09 0)
(-4.16102e-11 -1.17546e-09 0)
(-2.85687e-12 -1.09654e-09 0)
(0 0 0)
(3.71239e-11 -1.02351e-09 0)
(6.96841e-11 -1.74752e-09 0)
(3.71774e-11 -6.4536e-10 0)
(2.91653e-11 -1.14455e-09 0)
(-2.67723e-12 -1.18295e-09 0)
(3.2966e-11 -1.19925e-09 0)
(0 0 0)
(-5.28272e-12 -4.32677e-10 0)
(-4.37226e-12 -3.39857e-10 0)
(3.48954e-12 -6.18213e-11 0)
(1.4574e-10 -2.31382e-09 0)
(8.36628e-11 -1.05261e-09 0)
(1.62911e-10 -2.77049e-09 0)
(1.55172e-11 -1.07297e-09 0)
(-1.63604e-11 -1.12249e-09 0)
(-3.3344e-11 -2.57143e-09 0)
(2.88051e-11 -2.18635e-09 0)
(1.402e-11 -9.8102e-10 0)
(-5.44214e-11 -9.90912e-10 0)
(1.19644e-11 -9.92168e-10 0)
(6.91663e-11 -1.02918e-09 0)
(-2.89982e-11 -1.20636e-09 0)
(-9.58278e-11 -2.60914e-09 0)
(-8.62681e-11 -9.41199e-10 0)
(-1.74519e-10 -2.24858e-09 0)
(-1.37992e-10 -2.31907e-09 0)
(-2.35519e-10 -2.64595e-09 0)
(-5.83981e-11 -1.10336e-09 0)
(-5.34225e-11 -1.13381e-09 0)
(3.69169e-11 -1.05093e-09 0)
(-8.79188e-11 -1.28735e-09 0)
(-1.86501e-10 -1.52282e-09 0)
(-3.88153e-11 -5.48757e-10 0)
(-2.26599e-11 -3.08655e-10 0)
(-7.72554e-11 -1.10846e-09 0)
(-6.85383e-11 -1.08742e-09 0)
(-4.95483e-12 -6.73458e-10 0)
(-6.15262e-13 -9.14429e-11 0)
(-9.61374e-12 -1.10648e-09 0)
(0 0 0)
(8.86735e-13 -1.15445e-09 0)
(-2.59387e-11 -2.93697e-09 0)
(4.35474e-12 -1.06754e-09 0)
(1.17441e-10 -2.39504e-09 0)
(1.10636e-10 -1.01912e-09 0)
(9.49485e-11 -9.27857e-10 0)
(1.09573e-10 -1.13172e-09 0)
(7.45918e-11 -1.05419e-09 0)
(-1.29192e-08 3.03608e-08 0)
(-3.25109e-10 -6.27173e-10 0)
(-2.62157e-10 -1.4708e-09 0)
(1.01571e-11 -2.37768e-09 0)
(-2.37201e-11 -1.23964e-09 0)
(1.01531e-12 -1.11075e-09 0)
(-2.88307e-11 -1.30074e-09 0)
(1.21658e-10 -2.87847e-09 0)
(4.09658e-11 -1.06592e-09 0)
(8.16065e-11 -1.07162e-09 0)
(2.11257e-12 -1.01075e-09 0)
(5.67043e-11 -1.15277e-09 0)
(3.77371e-11 -1.14297e-09 0)
(1.74677e-11 -1.80462e-09 0)
(5.34442e-11 -1.48143e-09 0)
(2.48e-12 -1.04206e-09 0)
(1.59964e-11 -9.95716e-10 0)
(-4.17472e-11 -9.92433e-10 0)
(2.12043e-11 -2.93938e-09 0)
(-2.52639e-11 -1.11369e-09 0)
(0 0 0)
(3.58422e-11 -1.10274e-09 0)
(-7.15854e-12 -1.09802e-09 0)
(4.18627e-11 -1.23114e-09 0)
(-2.65154e-11 -1.2213e-09 0)
(9.43671e-12 -1.11349e-09 0)
(-7.04349e-11 -2.39313e-09 0)
(8.26191e-12 -1.13105e-09 0)
(0 0 0)
(6.769e-11 -3.04813e-09 0)
(2.2189e-11 -1.17101e-09 0)
(4.18907e-11 -1.1039e-09 0)
(9.42575e-12 -1.26928e-09 0)
(0 0 0)
(-7.05257e-12 -2.68426e-09 0)
(1.10805e-12 -1.13629e-09 0)
(0 0 0)
(8.50188e-11 -1.11516e-09 0)
(7.33095e-11 -1.21137e-09 0)
(2.17625e-11 -3.25797e-09 0)
(5.62799e-11 -1.19739e-09 0)
(-7.27991e-11 -1.10603e-09 0)
(-6.31851e-11 -1.01795e-09 0)
(-2.60775e-11 -9.01915e-10 0)
(6.10988e-12 -2.37352e-09 0)
(0 0 0)
(-2.30813e-11 -1.05995e-09 0)
(-7.64699e-11 -1.09231e-09 0)
(-1.70969e-10 -2.65562e-09 0)
(-6.44855e-11 -1.21652e-09 0)
(-7.56669e-11 -1.2e-09 0)
(-9.21227e-11 -1.16917e-09 0)
(-1.22862e-10 -2.60393e-09 0)
(-8.6612e-11 -1.01261e-09 0)
(-1.00358e-10 -1.0087e-09 0)
(-9.85041e-11 -1.07897e-09 0)
(-1.29267e-10 -1.10896e-09 0)
(-2.30897e-10 -2.53587e-09 0)
(-1.40472e-10 -1.38262e-09 0)
(-1.63013e-11 -1.32748e-09 0)
(-1.15734e-12 -2.13079e-10 0)
(-2.98284e-12 -6.83876e-10 0)
(-3.65874e-11 -1.09218e-09 0)
(3.12626e-11 -1.23903e-09 0)
(0 0 0)
(2.14319e-11 -1.12614e-09 0)
(0 0 0)
(0 0 0)
(-3.31561e-11 -1.25469e-09 0)
(0 0 0)
(4.87019e-11 -1.22333e-09 0)
(6.14665e-11 -1.19114e-09 0)
(7.30234e-11 -1.13069e-09 0)
(8.86597e-11 -2.53169e-09 0)
(-6.33081e-11 -2.68669e-09 0)
(2.21924e-09 2.10769e-08 0)
(-9.49679e-10 -1.05602e-10 0)
(-1.25129e-09 -2.96935e-10 0)
(-7.25213e-11 -9.98907e-10 0)
(3.01344e-13 -1.12937e-09 0)
(6.24768e-11 -1.28943e-09 0)
(-2.96524e-11 -1.33161e-09 0)
(1.24327e-11 -1.24756e-09 0)
(1.10731e-10 -2.10182e-09 0)
(4.80921e-11 -1.42813e-09 0)
(6.83562e-11 -1.03626e-09 0)
(1.00054e-10 -1.57712e-09 0)
(5.81711e-11 -1.73746e-09 0)
(-1.95105e-11 -1.03207e-09 0)
(-2.76224e-11 -1.06533e-09 0)
(-1.51908e-11 -1.15336e-09 0)
(-1.07325e-11 -1.13315e-09 0)
(-5.81574e-11 -1.12849e-09 0)
(-5.98081e-11 -1.20276e-09 0)
(3.73011e-11 -1.21352e-09 0)
(0 0 0)
(4.14573e-11 -1.11141e-09 0)
(-5.7101e-12 -2.62143e-09 0)
(1.65764e-11 -1.15529e-09 0)
(0 0 0)
(5.2048e-11 -1.25504e-09 0)
(-1.13336e-11 -1.03578e-09 0)
(-1.70456e-12 -1.27267e-09 0)
(0 0 0)
(-2.31497e-11 -1.19062e-09 0)
(8.25641e-11 -1.34638e-09 0)
(4.31539e-11 -1.21291e-09 0)
(4.14609e-11 -1.29817e-09 0)
(0 0 0)
(3.53455e-11 -1.30332e-09 0)
(2.98876e-11 -1.07318e-09 0)
(2.24588e-11 -1.10232e-09 0)
(3.29192e-11 -1.10642e-09 0)
(-4.6007e-11 -2.98359e-09 0)
(1.21089e-11 -1.30179e-09 0)
(7.272e-11 -1.37094e-09 0)
(0 0 0)
(-1.85394e-12 -1.26838e-09 0)
(2.53079e-11 -7.80383e-10 0)
(-6.12989e-11 -2.69864e-09 0)
(4.49932e-11 -1.81153e-09 0)
(-1.70133e-10 -2.35893e-09 0)
(0 0 0)
(-4.21486e-11 -1.22297e-09 0)
(-7.21061e-11 -1.2632e-09 0)
(-1.25375e-10 -1.18214e-09 0)
(-1.30999e-10 -1.13029e-09 0)
(-2.31907e-10 -2.60232e-09 0)
(-6.13541e-11 -9.83794e-10 0)
(-8.48828e-11 -1.0634e-09 0)
(-7.632e-11 -1.15389e-09 0)
(-1.05596e-10 -1.21571e-09 0)
(-1.17731e-10 -1.24783e-09 0)
(-9.19863e-11 -1.25315e-09 0)
(-1.14267e-11 -1.24517e-09 0)
(-5.04156e-12 -1.1159e-09 0)
(-1.43869e-11 -1.06157e-09 0)
(-3.22918e-11 -1.04374e-09 0)
(0 0 0)
(0 0 0)
(7.98738e-11 -3.42542e-09 0)
(2.45153e-11 -1.25336e-09 0)
(1.74797e-11 -9.61658e-10 0)
(0 0 0)
(7.59503e-12 -1.11955e-09 0)
(6.82394e-11 -2.58602e-09 0)
(-1.24765e-11 -1.00003e-09 0)
(1.59037e-12 -1.10456e-10 0)
(3.65619e-11 -2.57261e-09 0)
(-5.57719e-11 -1.08625e-09 0)
(-2.25904e-09 2.45792e-09 0)
(4.70676e-10 -1.28778e-11 0)
(-3.01868e-10 -3.78977e-10 0)
(-4.69726e-11 -1.02114e-09 0)
(1.06098e-11 -1.65034e-09 0)
(-2.9853e-11 -2.54117e-09 0)
(2.73487e-11 -6.6017e-10 0)
(5.17265e-12 -1.17227e-10 0)
(7.26898e-11 -2.63265e-09 0)
(6.97873e-11 -1.60298e-09 0)
(8.07581e-11 -1.73424e-09 0)
(3.41467e-11 -1.28068e-09 0)
(-7.88323e-12 -2.31356e-09 0)
(0 0 0)
(4.42611e-11 -1.13491e-09 0)
(-4.50686e-11 -1.14031e-09 0)
(-2.20849e-11 -1.15261e-09 0)
(-4.23037e-11 -1.16814e-09 0)
(0 0 0)
(0 0 0)
(4.64811e-11 -1.1995e-09 0)
(-5.0558e-11 -2.43271e-09 0)
(-2.42918e-11 -9.77571e-10 0)
(-4.07016e-11 -1.08422e-09 0)
(5.05809e-11 -3.1577e-09 0)
(0 0 0)
(5.02912e-11 -1.13223e-09 0)
(5.32837e-11 -1.27274e-09 0)
(3.04783e-11 -1.11306e-09 0)
(8.14205e-11 -1.0798e-09 0)
(8.19623e-11 -1.22126e-09 0)
(5.451e-11 -1.20467e-09 0)
(2.98138e-11 -1.19035e-09 0)
(4.51708e-11 -1.30208e-09 0)
(1.06884e-11 -3.53407e-10 0)
(6.17146e-11 -1.82114e-09 0)
(3.16721e-11 -9.96002e-10 0)
(-2.22475e-11 -1.07754e-09 0)
(-3.76358e-11 -1.19491e-09 0)
(0 0 0)
(0 0 0)
(0 0 0)
(5.06743e-11 -1.17419e-09 0)
(-2.75985e-11 -1.13728e-09 0)
(-4.11141e-12 -1.10471e-09 0)
(0 0 0)
(-2.54545e-11 -1.23711e-09 0)
(-2.11975e-11 -1.28567e-09 0)
(-3.53534e-11 -1.27918e-09 0)
(5.04478e-11 -1.42064e-09 0)
(-1.22511e-10 -1.2618e-09 0)
(-1.19662e-10 -1.18555e-09 0)
(-1.08697e-10 -1.12266e-09 0)
(0 0 0)
(0 0 0)
(0 0 0)
(-8.21173e-11 -1.26262e-09 0)
(-8.10395e-11 -1.27643e-09 0)
(0 0 0)
(2.16905e-11 -1.27339e-09 0)
(0 0 0)
(2.8277e-11 -1.10127e-09 0)
(0 0 0)
(3.52768e-11 -2.27516e-09 0)
(1.36133e-10 -4.04631e-09 0)
(0 0 0)
(1.49661e-11 -2.43517e-09 0)
(2.35874e-11 -1.04913e-09 0)
(5.02451e-11 -2.43431e-09 0)
(4.40654e-11 -1.02815e-09 0)
(0 0 0)
(-4.61475e-11 -1.07559e-09 0)
(0 0 0)
(-5.11256e-11 -1.27724e-09 0)
(5.11355e-12 -1.24005e-09 0)
(-1.49359e-08 3.00393e-08 0)
(2.79101e-09 -1.37871e-09 0)
(2.08679e-11 -8.74703e-10 0)
(1.21351e-11 -1.44211e-09 0)
(7.4375e-11 -2.12653e-09 0)
(1.71459e-13 -1.31698e-09 0)
(4.40951e-11 -1.2749e-09 0)
(3.82347e-11 -1.2855e-09 0)
(1.33918e-11 -1.21765e-09 0)
(2.78211e-11 -1.15161e-09 0)
(0 0 0)
(5.45331e-11 -2.51062e-09 0)
(-2.07729e-12 -1.0084e-09 0)
(2.39738e-11 -1.04948e-09 0)
(1.23081e-11 -1.15751e-09 0)
(0 0 0)
(-2.12329e-11 -1.14695e-09 0)
(0 0 0)
(0 0 0)
(-9.88382e-14 -1.41028e-09 0)
(-1.03825e-11 -2.14131e-09 0)
(-3.36246e-11 -1.06821e-09 0)
(-9.79189e-13 -1.10364e-09 0)
(1.29927e-11 -1.21616e-09 0)
(0 0 0)
(0 0 0)
(4.71675e-11 -1.15333e-09 0)
(5.01131e-11 -2.95648e-09 0)
(-1.94744e-12 -1.07261e-09 0)
(1.12037e-10 -2.44514e-09 0)
(7.68727e-11 -1.07096e-09 0)
(-1.07854e-10 -2.65163e-09 0)
(-2.68434e-11 -1.07277e-09 0)
(-2.38231e-11 -1.06514e-09 0)
(9.06737e-11 -1.13668e-09 0)
(9.71422e-11 -1.68928e-09 0)
(1.08948e-10 -1.78879e-09 0)
(6.76478e-11 -1.10985e-09 0)
(0 0 0)
(5.43882e-11 -1.26822e-09 0)
(0 0 0)
(1.83223e-11 -2.57622e-09 0)
(3.11779e-11 -1.16592e-09 0)
(0 0 0)
(1.52963e-12 -1.14651e-09 0)
(6.99461e-12 -1.09927e-09 0)
(-3.43861e-11 -1.20435e-09 0)
(2.65616e-11 -1.25504e-09 0)
(0 0 0)
(-7.7173e-11 -1.45167e-09 0)
(0 0 0)
(-1.05855e-10 -1.08161e-09 0)
(-1.13556e-10 -1.16534e-09 0)
(-5.53421e-11 -1.19837e-09 0)
(0 0 0)
(-7.321e-11 -1.1156e-09 0)
(0 0 0)
(0 0 0)
(-1.22921e-11 -1.3551e-09 0)
(-1.28916e-11 -1.34507e-09 0)
(-1.3434e-11 -3.38351e-10 0)
(-6.19211e-11 -1.8659e-09 0)
(0 0 0)
(0 0 0)
(-1.10678e-11 -1.21656e-09 0)
(-9.76174e-12 -1.17477e-09 0)
(1.12316e-11 -2.64251e-09 0)
(2.06292e-11 -9.91517e-10 0)
(-2.78715e-11 -2.29961e-09 0)
(3.01656e-11 -1.73874e-09 0)
(-1.53256e-11 -1.76268e-09 0)
(0 0 0)
(-4.24443e-11 -1.1939e-09 0)
(-3.91426e-11 -1.21834e-09 0)
(-5.35052e-11 -1.1737e-09 0)
(3.65778e-09 6.93602e-08 0)
(2.88982e-09 -2.30808e-09 0)
(3.15747e-10 -1.22531e-09 0)
(2.67239e-11 -9.77339e-10 0)
(2.93974e-11 -1.10965e-09 0)
(5.70453e-11 -1.29331e-09 0)
(0 0 0)
(2.12168e-11 -1.13141e-09 0)
(2.33775e-11 -1.18685e-09 0)
(5.63474e-11 -1.22179e-09 0)
(7.31401e-12 -1.17388e-09 0)
(-1.37588e-10 -2.29867e-09 0)
(-1.54068e-11 -1.0789e-09 0)
(2.11041e-11 -1.12483e-09 0)
(3.32895e-11 -1.13379e-09 0)
(3.05578e-11 -1.17943e-09 0)
(1.63113e-11 -1.17823e-09 0)
(0 0 0)
(1.54199e-11 -1.16269e-09 0)
(1.72485e-12 -1.19288e-09 0)
(0 0 0)
(-9.924e-12 -1.12627e-09 0)
(-6.69371e-12 -1.13743e-09 0)
(5.21744e-11 -1.37166e-09 0)
(-2.34247e-11 -1.31397e-09 0)
(-1.89573e-11 -1.18617e-09 0)
(-5.09885e-11 -1.12459e-09 0)
(-6.07226e-11 -2.43728e-09 0)
(5.56927e-12 -1.05681e-09 0)
(-2.92542e-11 -1.00802e-09 0)
(1.0012e-10 -2.96952e-09 0)
(-8.36406e-11 -1.1338e-09 0)
(-3.21601e-11 -1.0493e-09 0)
(1.73392e-11 -1.71968e-09 0)
(1.18385e-10 -1.81775e-09 0)
(8.40754e-11 -1.10418e-09 0)
(4.09612e-11 -1.01946e-09 0)
(4.37883e-11 -1.08087e-09 0)
(5.53342e-11 -1.18053e-09 0)
(1.03246e-10 -1.24976e-09 0)
(5.76386e-11 -1.29671e-09 0)
(1.03371e-11 -1.16757e-09 0)
(-3.90598e-11 -1.10849e-09 0)
(9.27001e-12 -2.44123e-09 0)
(-5.85682e-11 -2.24106e-09 0)
(4.94567e-12 -9.47831e-10 0)
(-6.10944e-11 -1.0288e-09 0)
(9.05146e-11 -2.6139e-09 0)
(-6.72586e-11 -1.4186e-09 0)
(-6.49663e-11 -3.05461e-09 0)
(-5.93332e-11 -1.16528e-09 0)
(-2.05959e-11 -1.09396e-09 0)
(0 0 0)
(-8.0388e-11 -1.09181e-09 0)
(-4.89736e-11 -1.1148e-09 0)
(-2.91524e-11 -1.16633e-09 0)
(-2.99123e-11 -1.20547e-09 0)
(-1.45395e-11 -1.20013e-09 0)
(-4.11133e-12 -1.15305e-09 0)
(-4.16938e-11 -3.03418e-09 0)
(6.20397e-12 -1.00072e-09 0)
(-5.28603e-12 -1.02308e-09 0)
(0 0 0)
(-4.5114e-12 -1.16188e-09 0)
(1.70711e-12 -1.23985e-09 0)
(-3.98396e-11 -1.21833e-09 0)
(4.95193e-11 -1.1236e-09 0)
(-2.82818e-11 -2.5858e-09 0)
(0 0 0)
(-1.77641e-11 -1.19165e-09 0)
(-3.54139e-11 -1.17892e-09 0)
(-2.21864e-11 -1.20699e-09 0)
(-4.15835e-11 -1.1803e-09 0)
(-7.32017e-11 -2.58913e-09 0)
(-1.0239e-10 -1.06152e-09 0)
(4.86718e-08 6.43074e-08 0)
(2.02022e-09 -1.3152e-09 0)
(5.02789e-10 -1.30286e-09 0)
(6.88057e-11 -1.08064e-09 0)
(6.62336e-11 -1.14234e-09 0)
(2.19892e-11 -1.34388e-09 0)
(9.64297e-11 -1.23404e-09 0)
(0 0 0)
(6.46129e-11 -1.00453e-09 0)
(8.42708e-11 -1.19539e-09 0)
(-1.40426e-10 -1.15931e-09 0)
(8.49495e-12 -1.20312e-09 0)
(0 0 0)
(1.35084e-11 -1.14563e-09 0)
(1.18277e-11 -1.18652e-09 0)
(1.08968e-11 -1.2036e-09 0)
(3.88216e-11 -1.1438e-09 0)
(8.2378e-11 -2.55962e-09 0)
(3.69551e-11 -1.09171e-09 0)
(0 0 0)
(-6.25137e-12 -1.12922e-09 0)
(0 0 0)
(-2.67177e-11 -1.06667e-09 0)
(-2.78328e-11 -3.00329e-09 0)
(2.01822e-11 -1.23732e-09 0)
(-3.28568e-11 -2.65851e-09 0)
(0 0 0)
(-8.69113e-11 -1.0243e-09 0)
(5.11809e-12 -1.00249e-09 0)
(-2.49171e-11 -1.04802e-09 0)
(-1.14729e-10 -3.21317e-09 0)
(6.95815e-11 -1.16552e-09 0)
(4.71492e-11 -1.00974e-09 0)
(2.71998e-11 -1.01373e-09 0)
(2.29053e-11 -1.0868e-09 0)
(1.3307e-10 -2.54217e-09 0)
(5.06354e-11 -1.05598e-09 0)
(2.89998e-11 -1.08311e-09 0)
(0 0 0)
(1.10699e-10 -2.87659e-09 0)
(1.32847e-10 -2.252e-09 0)
(5.95662e-11 -1.33756e-09 0)
(-6.6067e-11 -1.12528e-09 0)
(-3.51835e-11 -1.09349e-09 0)
(-6.60122e-11 -1.01348e-09 0)
(-2.38083e-11 -1.07168e-09 0)
(-4.22449e-11 -1.12989e-09 0)
(-9.31167e-11 -8.21309e-10 0)
(-7.95294e-11 -2.8849e-09 0)
(0 0 0)
(0 0 0)
(0 0 0)
(1.06816e-11 -1.09075e-09 0)
(-7.32029e-12 -1.15351e-09 0)
(-2.16162e-11 -1.14167e-09 0)
(-1.7783e-11 -1.15876e-09 0)
(-1.4565e-11 -1.17676e-09 0)
(-3.6631e-11 -1.60745e-09 0)
(-3.14735e-11 -2.23644e-09 0)
(2.36077e-12 -2.4518e-10 0)
(1.18025e-11 -7.91849e-10 0)
(3.14293e-11 -1.06716e-09 0)
(0 0 0)
(-4.19005e-12 -2.94114e-09 0)
(-2.67234e-11 -1.76535e-09 0)
(-6.60682e-11 -1.12785e-09 0)
(2.52794e-11 -1.03333e-09 0)
(1.30832e-11 -1.09793e-09 0)
(0 0 0)
(-5.3386e-11 -1.17145e-09 0)
(-1.33034e-11 -1.18802e-09 0)
(0 0 0)
(0 0 0)
(0 0 0)
(0 0 0)
(2.69173e-08 1.18457e-09 0)
(2.33986e-09 -3.69149e-09 0)
(6.78298e-11 -9.6216e-10 0)
(9.91217e-11 -1.17865e-09 0)
(-5.29995e-11 -1.31015e-09 0)
(0 0 0)
(0 0 0)
(7.47792e-11 -2.7116e-09 0)
(-2.55578e-12 -1.05653e-09 0)
(4.77336e-11 -2.97341e-09 0)
(0 0 0)
(9.8958e-12 -1.12806e-09 0)
(5.69094e-11 -1.13248e-09 0)
(2.44653e-11 -1.17661e-09 0)
(2.95368e-11 -1.21245e-09 0)
(-4.88748e-12 -1.2031e-09 0)
(5.47433e-12 -1.13144e-09 0)
(4.33341e-12 -1.14493e-09 0)
(2.09898e-11 -1.14811e-09 0)
(6.35351e-11 -1.05722e-09 0)
(-6.82337e-12 -1.1157e-09 0)
(-2.34437e-11 -1.18623e-09 0)
(-2.54735e-10 -2.21717e-09 0)
(-1.3424e-10 -1.09971e-09 0)
(-2.58988e-11 -3.11815e-09 0)
(1.00029e-11 -1.10086e-09 0)
(-9.84524e-12 -9.55825e-10 0)
(-2.10184e-11 -1.08434e-09 0)
(-1.82531e-11 -1.10712e-09 0)
(-6.72849e-11 -1.26091e-09 0)
(-3.17791e-11 -1.29404e-09 0)
(4.57851e-11 -1.13349e-09 0)
(5.94089e-11 -1.07937e-09 0)
(3.82537e-11 -1.11021e-09 0)
(4.23963e-11 -2.41156e-09 0)
(-1.83287e-11 -1.10044e-09 0)
(-4.40874e-11 -2.0082e-09 0)
(7.01387e-12 -1.59927e-09 0)
(0 0 0)
(-2.41972e-11 -2.55947e-09 0)
(5.09435e-11 -1.05934e-09 0)
(4.68848e-11 -3.01519e-09 0)
(-3.53894e-12 -1.13617e-09 0)
(-1.03624e-11 -9.66239e-10 0)
(7.58015e-12 -1.01318e-09 0)
(2.46106e-11 -1.20409e-09 0)
(-4.07824e-11 -6.26611e-10 0)
(-1.06079e-11 -1.43943e-10 0)
(-1.19744e-10 -1.286e-09 0)
(0 0 0)
(7.47704e-11 -1.27556e-09 0)
(6.78865e-11 -1.17338e-09 0)
(8.50148e-12 -1.14751e-09 0)
(1.51214e-11 -1.15818e-09 0)
(-2.50331e-11 -1.14437e-09 0)
(-3.33941e-11 -1.13713e-09 0)
(-4.74142e-11 -1.1556e-09 0)
(-2.57177e-11 -1.1719e-09 0)
(-3.80178e-11 -1.14858e-09 0)
(0 0 0)
(-4.66892e-12 -9.99833e-10 0)
(4.82053e-11 -2.32404e-09 0)
(-5.53394e-11 -9.79538e-10 0)
(-3.91271e-11 -2.41579e-09 0)
(-4.17909e-11 -1.05329e-09 0)
(-1.6443e-11 -1.08314e-09 0)
(-1.35825e-11 -1.19144e-09 0)
(2.52729e-11 -1.13739e-09 0)
(4.43072e-11 -1.19402e-09 0)
(0 0 0)
(0 0 0)
(-2.51142e-11 -1.17008e-09 0)
(-2.76676e-11 -2.83317e-09 0)
(-3.31641e-11 -1.10596e-09 0)
(-1.2148e-10 -2.20611e-09 0)
(-3.22527e-09 -1.36102e-08 0)
(1.30522e-09 -1.28186e-09 0)
(4.12897e-10 -1.79539e-09 0)
(-1.03568e-10 -1.24165e-09 0)
(0 0 0)
(-2.16869e-11 -1.31332e-09 0)
(0 0 0)
(-1.25082e-11 -1.14581e-09 0)
(-3.33574e-11 -1.17904e-09 0)
(-4.40319e-11 -1.22868e-09 0)
(9.13595e-11 -1.09632e-09 0)
(5.61315e-11 -1.13333e-09 0)
(8.76111e-11 -2.8613e-09 0)
(-2.49811e-12 -1.23394e-09 0)
(1.5221e-12 -1.41061e-09 0)
(-1.37558e-12 -2.45041e-10 0)
(-4.141e-12 -7.94879e-10 0)
(0 0 0)
(-3.03712e-12 -1.50217e-10 0)
(1.07759e-11 -1.17241e-09 0)
(-8.13241e-11 -2.52569e-09 0)
(-4.45451e-11 -1.05887e-09 0)
(-1.13263e-10 -1.072e-09 0)
(-1.27402e-10 -1.12425e-09 0)
(-1.07065e-10 -1.19093e-09 0)
(1.3992e-11 -1.21394e-09 0)
(3.9231e-11 -1.13439e-09 0)
(5.36226e-11 -1.13304e-09 0)
(-4.01315e-11 -1.17452e-09 0)
(-4.69992e-11 -1.2109e-09 0)
(-9.26382e-11 -1.18325e-09 0)
(-2.45152e-11 -1.14355e-09 0)
(4.966e-11 -2.64103e-09 0)
(-3.5699e-12 -1.09501e-09 0)
(-1.04272e-11 -1.16594e-09 0)
(-7.56451e-11 -2.80542e-09 0)
(-5.62718e-11 -1.04728e-09 0)
(-8.66633e-11 -1.08054e-09 0)
(-1.0292e-11 -1.19262e-09 0)
(2.56257e-11 -2.58062e-09 0)
(1.08352e-11 -1.46741e-09 0)
(0 0 0)
(6.3732e-11 -1.21939e-09 0)
(5.31228e-11 -1.08758e-09 0)
(2.58246e-11 -9.9986e-10 0)
(1.27756e-11 -1.10656e-09 0)
(6.63605e-11 -3.26238e-09 0)
(0 0 0)
(1.36141e-11 -1.14936e-09 0)
(6.23993e-11 -1.22852e-09 0)
(4.66737e-11 -1.17103e-09 0)
(9.32926e-12 -1.15079e-09 0)
(-1.11193e-11 -1.1146e-09 0)
(-5.41976e-12 -1.13438e-09 0)
(-2.53669e-11 -1.15473e-09 0)
(-8.59841e-12 -1.15909e-09 0)
(1.44196e-12 -1.13016e-09 0)
(-1.52105e-13 -1.14094e-09 0)
(-2.0688e-11 -1.28533e-09 0)
(0 0 0)
(9.18969e-12 -1.14222e-09 0)
(-1.98348e-11 -1.08188e-09 0)
(0 0 0)
(-8.4733e-11 -1.03015e-09 0)
(-8.74254e-11 -2.69816e-09 0)
(-1.22566e-11 -1.05337e-09 0)
(1.38765e-11 -1.05778e-09 0)
(0 0 0)
(3.2275e-11 -1.24584e-09 0)
(3.23974e-11 -1.19814e-09 0)
(-1.97876e-11 -2.46858e-09 0)
(-2.40701e-11 -1.06712e-09 0)
(-3.34305e-11 -1.12321e-09 0)
(-4.57711e-11 -1.19868e-09 0)
(-1.20463e-10 -1.18731e-09 0)
(-1.8257e-08 3.69427e-08 0)
(-1.34367e-10 2.38463e-10 0)
(-3.55208e-11 -7.07277e-10 0)
(8.31956e-11 -1.34879e-09 0)
(0 0 0)
(-4.50549e-11 -1.31603e-09 0)
(1.56113e-11 -1.27602e-09 0)
(-2.40423e-11 -2.55042e-09 0)
(-8.50163e-11 -1.07746e-09 0)
(-3.9083e-11 -1.1354e-09 0)
(6.6987e-11 -2.55108e-09 0)
(-1.86391e-11 -1.0881e-09 0)
(-1.12383e-10 -2.72552e-09 0)
(3.28116e-11 -1.09351e-09 0)
(1.72434e-11 -1.14831e-09 0)
(9.26501e-11 -1.19674e-09 0)
(9.63276e-11 -1.17212e-09 0)
(3.41331e-11 -1.13517e-09 0)
(-1.39297e-11 -9.60646e-10 0)
(7.91779e-12 -1.85962e-09 0)
(-1.73789e-11 -9.92578e-10 0)
(7.29972e-12 -1.14916e-09 0)
(0 0 0)
(-1.14142e-10 -1.11699e-09 0)
(0 0 0)
(-1.28764e-12 -1.23288e-09 0)
(1.57945e-10 -2.61194e-09 0)
(5.39376e-11 -1.17934e-09 0)
(-4.08835e-11 -1.20278e-09 0)
(-7.6017e-11 -2.68449e-09 0)
(-7.89726e-11 -1.02714e-09 0)
(-7.04485e-11 -1.03861e-09 0)
(0 0 0)
(-5.02288e-12 -1.65815e-09 0)
(-3.29559e-11 -2.16687e-09 0)
(-2.12505e-12 -1.24519e-09 0)
(1.20087e-12 -1.09807e-09 0)
(-3.87384e-11 -1.04848e-09 0)
(-3.24128e-11 -1.06349e-09 0)
(-4.13677e-11 -1.12142e-09 0)
(-3.29559e-11 -1.22824e-09 0)
(4.31009e-11 -1.22255e-09 0)
(5.45046e-11 -1.19288e-09 0)
(3.90329e-11 -1.1229e-09 0)
(5.66629e-11 -1.11198e-09 0)
(4.41283e-11 -1.26073e-09 0)
(7.14415e-13 -1.35813e-09 0)
(4.53546e-11 -1.31972e-09 0)
(2.06829e-11 -1.25109e-09 0)
(3.76886e-11 -1.20744e-09 0)
(5.69474e-11 -1.19994e-09 0)
(-8.15372e-12 -1.18918e-09 0)
(0 0 0)
(-1.55832e-11 -1.20236e-09 0)
(0 0 0)
(-3.77492e-11 -2.44866e-09 0)
(-2.69555e-11 -2.30597e-09 0)
(1.06316e-11 -1.0506e-09 0)
(-1.52365e-11 -1.12062e-09 0)
(-1.91777e-11 -1.19171e-09 0)
(0 0 0)
(-5.84852e-12 -1.05492e-09 0)
(-2.18855e-11 -2.63525e-09 0)
(-4.3692e-11 -1.69141e-09 0)
(-2.34303e-11 -1.90879e-09 0)
(-1.22789e-11 -1.07666e-09 0)
(7.89839e-12 -1.08201e-09 0)
(1.98338e-11 -1.19842e-09 0)
(1.78429e-11 -1.26832e-09 0)
(-7.38685e-12 -2.25105e-10 0)
(-1.07031e-10 -2.05395e-09 0)
(-9.41569e-11 -2.37205e-09 0)
(-1.15659e-10 -2.70349e-09 0)
(-4.79232e-11 -2.88304e-09 0)
(-3.68461e-11 -8.62889e-10 0)
(5.62552e-09 2.93306e-08 0)
(-9.69925e-10 -2.2113e-10 0)
(-1.64483e-11 -1.69251e-09 0)
(-6.62664e-13 -1.54661e-09 0)
(0 0 0)
(-5.19014e-11 -1.30821e-09 0)
(-6.96155e-11 -1.19502e-09 0)
(-7.90012e-11 -1.20533e-09 0)
(-2.29303e-11 -1.18396e-09 0)
(-4.58354e-11 -1.17958e-09 0)
(-2.56233e-11 -1.17373e-09 0)
(-1.74487e-11 -1.17546e-09 0)
(-3.23466e-11 -1.15947e-09 0)
(2.987e-11 -2.61213e-09 0)
(3.40857e-11 -1.0531e-09 0)
(7.58885e-11 -1.13056e-09 0)
(1.26389e-10 -2.64372e-09 0)
(-2.43792e-11 -1.06853e-09 0)
(-2.1287e-11 -1.02768e-09 0)
(4.21161e-11 -1.09922e-09 0)
(5.16116e-11 -1.15465e-09 0)
(-2.61948e-11 -1.12886e-09 0)
(-3.70691e-11 -1.20374e-09 0)
(0 0 0)
(0 0 0)
(4.05679e-11 -1.16255e-09 0)
(0 0 0)
(1.11447e-10 -3.01795e-09 0)
(1.6471e-11 -1.22887e-09 0)
(-3.76052e-11 -1.28085e-09 0)
(-6.25799e-11 -2.47686e-09 0)
(-5.42409e-11 -9.89686e-10 0)
(-3.61428e-11 -1.05706e-09 0)
(-6.2727e-11 -1.16819e-09 0)
(-7.99043e-11 -1.26822e-09 0)
(-6.45395e-11 -1.2885e-09 0)
(-6.03843e-11 -2.74423e-09 0)
(-2.44606e-11 -1.02534e-09 0)
(-3.08077e-11 -1.08481e-09 0)
(-3.89705e-11 -1.11555e-09 0)
(-2.67871e-11 -1.20498e-09 0)
(-6.34357e-12 -1.17726e-09 0)
(1.69454e-11 -1.07482e-09 0)
(3.7704e-11 -1.0409e-09 0)
(5.96863e-11 -1.08816e-09 0)
(7.28594e-11 -1.23269e-09 0)
(1.18946e-11 -1.3448e-09 0)
(2.04346e-11 -1.276e-09 0)
(3.90198e-11 -1.21672e-09 0)
(4.74833e-11 -1.22588e-09 0)
(-3.29056e-13 -1.21087e-09 0)
(-1.55756e-12 -1.05199e-10 0)
(-1.46977e-11 -9.38309e-10 0)
(-5.21078e-11 -1.11619e-09 0)
(-3.68454e-11 -1.09865e-09 0)
(-2.96617e-11 -1.12707e-09 0)
(-3.09672e-11 -1.059e-09 0)
(-1.73687e-11 -1.06915e-09 0)
(-1.24478e-11 -1.08043e-09 0)
(0 0 0)
(5.78664e-12 -2.55233e-09 0)
(-1.50028e-11 -1.17584e-09 0)
(-7.0626e-11 -2.54609e-09 0)
(0 0 0)
(0 0 0)
(0 0 0)
(0 0 0)
(0 0 0)
(0 0 0)
(1.74928e-11 -3.46416e-09 0)
(-1.08783e-11 -7.25994e-10 0)
(-1.12508e-10 -1.06582e-09 0)
(-8.82114e-11 -2.53155e-09 0)
(0 0 0)
(-3.44599e-12 -9.99389e-10 0)
(3.67886e-09 4.26194e-08 0)
(5.01801e-11 -1.01273e-09 0)
(-3.95932e-10 -1.30174e-09 0)
(-6.9029e-11 -1.20646e-09 0)
(8.13222e-11 -1.29347e-09 0)
(-4.5239e-12 -1.19028e-09 0)
(-5.74656e-11 -1.14514e-09 0)
(0 0 0)
(3.24253e-11 -1.13236e-09 0)
(-2.7107e-11 -1.18127e-09 0)
(1.60269e-11 -1.26636e-09 0)
(0 0 0)
(-1.52937e-11 -1.21104e-09 0)
(-3.2981e-11 -1.21811e-09 0)
(2.78839e-11 -1.25278e-09 0)
(2.47864e-11 -1.1401e-09 0)
(4.07448e-11 -3.05954e-09 0)
(9.87017e-12 -1.08015e-09 0)
(3.02041e-11 -1.10649e-09 0)
(2.46138e-12 -1.1132e-09 0)
(1.84872e-11 -1.14403e-09 0)
(9.34354e-12 -1.14011e-09 0)
(5.79163e-12 -1.13494e-09 0)
(6.37701e-13 -1.12491e-09 0)
(3.07674e-11 -9.82721e-10 0)
(0 0 0)
(-3.63025e-11 -1.16271e-09 0)
(-2.58215e-10 -3.92793e-09 0)
(1.92746e-11 -3.0143e-09 0)
(0 0 0)
(1.92748e-11 -1.12849e-09 0)
(0 0 0)
(-5.29799e-11 -1.19155e-09 0)
(0 0 0)
(-1.15195e-11 -1.35621e-09 0)
(-9.78094e-11 -1.25334e-09 0)
(-9.01041e-11 -1.14447e-09 0)
(-4.28785e-11 -1.13983e-09 0)
(-7.6706e-11 -1.11438e-09 0)
(1.0125e-11 -1.16579e-09 0)
(1.30299e-11 -1.33735e-09 0)
(0 0 0)
(3.5217e-11 -2.61681e-09 0)
(2.82761e-11 -1.11947e-09 0)
(0 0 0)
(-2.48523e-11 -3.10024e-09 0)
(5.09693e-11 -1.2737e-09 0)
(3.16119e-11 -1.10466e-09 0)
(8.48859e-11 -1.12332e-09 0)
(8.93209e-11 -1.21535e-09 0)
(-4.43831e-13 -1.25573e-09 0)
(-3.68026e-11 -1.19512e-09 0)
(-2.06381e-14 -1.12236e-09 0)
(0 0 0)
(0 0 0)
(-8.19358e-12 -1.16955e-09 0)
(1.76256e-11 -1.10255e-09 0)
(-4.61469e-11 -1.10439e-09 0)
(7.92068e-12 -1.369e-09 0)
(-7.75371e-12 -7.22014e-10 0)
(-4.64153e-11 -1.69335e-09 0)
(-1.93299e-11 -2.17741e-09 0)
(0 0 0)
(-1.75797e-11 -1.04501e-09 0)
(3.79313e-11 -1.08747e-09 0)
(1.18774e-10 -1.20442e-09 0)
(6.24233e-11 -1.18789e-09 0)
(4.82708e-11 -1.22947e-09 0)
(-7.27698e-11 -3.34066e-09 0)
(0 0 0)
(-1.60162e-10 -2.53899e-09 0)
(-7.61146e-11 -1.0203e-09 0)
(0 0 0)
(-4.81563e-11 -1.1529e-09 0)
(-5.68283e-13 -1.12789e-09 0)
(-1.00121e-08 -5.0416e-09 0)
(-1.65983e-09 9.41551e-10 0)
(-6.93653e-10 -1.20782e-09 0)
(-8.77686e-11 -2.53493e-09 0)
(9.26486e-11 -2.91421e-09 0)
(-3.68352e-11 -1.25856e-09 0)
(0 0 0)
(7.91473e-11 -1.09349e-09 0)
(1.79826e-12 -1.12085e-09 0)
(0 0 0)
(3.10982e-11 -1.21997e-09 0)
(4.19948e-11 -1.26616e-09 0)
(-3.22265e-11 -1.26197e-09 0)
(-3.31843e-11 -1.21331e-09 0)
(-2.59538e-11 -1.19436e-09 0)
(-2.78018e-11 -1.19786e-09 0)
(-4.37444e-11 -1.29584e-09 0)
(4.81842e-11 -1.25614e-09 0)
(1.77812e-11 -1.17553e-09 0)
(-2.20726e-11 -1.13759e-09 0)
(-1.97705e-12 -1.12171e-09 0)
(2.37348e-11 -1.14656e-09 0)
(-2.82498e-11 -2.62443e-09 0)
(1.50934e-11 -9.51426e-10 0)
(2.32276e-11 -2.24046e-09 0)
(-1.44601e-12 -2.38475e-09 0)
(-2.7911e-11 -1.04719e-09 0)
(-5.42128e-11 -1.07986e-09 0)
(0 0 0)
(6.05922e-11 -1.13514e-09 0)
(2.04902e-11 -1.30014e-09 0)
(4.08638e-11 -9.54133e-10 0)
(0 0 0)
(-7.65515e-11 -2.48798e-09 0)
(-8.93542e-11 -3.15061e-09 0)
(0 0 0)
(-4.66995e-11 -1.11505e-09 0)
(0 0 0)
(-1.50308e-11 -1.17918e-09 0)
(0 0 0)
(-1.648e-11 -1.20805e-09 0)
(1.36063e-11 -1.1978e-09 0)
(4.38058e-12 -1.18207e-09 0)
(-5.62153e-13 -1.1801e-09 0)
(-3.4953e-11 -1.16451e-09 0)
(-5.91393e-11 -1.24542e-09 0)
(-6.54266e-12 -1.25123e-09 0)
(5.53638e-11 -1.14206e-09 0)
(2.38115e-10 -2.41253e-09 0)
(1.79754e-10 -3.04241e-09 0)
(-4.04755e-11 -1.15981e-09 0)
(-9.49527e-12 -1.03682e-09 0)
(-2.35654e-13 -1.14848e-09 0)
(0 0 0)
(0 0 0)
(5.51393e-11 -2.43202e-09 0)
(0 0 0)
(-7.12732e-11 -1.18394e-09 0)
(-1.74838e-11 -1.09305e-09 0)
(-3.501e-11 -1.12959e-09 0)
(0 0 0)
(0 0 0)
(-2.36976e-11 -1.10373e-09 0)
(5.91706e-11 -2.46357e-09 0)
(4.26512e-11 -9.44541e-10 0)
(1.19318e-10 -2.77375e-09 0)
(4.81387e-12 -1.04661e-09 0)
(-4.48433e-12 -1.34598e-09 0)
(0 0 0)
(2.7066e-11 -1.33619e-09 0)
(0 0 0)
(-3.68401e-12 -1.06151e-09 0)
(5.41511e-12 -1.10008e-09 0)
(5.27913e-12 -3.6449e-10 0)
(1.16212e-12 -7.81807e-10 0)
(-3.75774e-09 4.7607e-08 0)
(-1.01024e-09 7.14894e-10 0)
(-2.1994e-10 -9.15739e-10 0)
(-2.80127e-10 -2.89843e-09 0)
(-9.47057e-11 -2.68333e-09 0)
(2.21509e-11 -1.14415e-09 0)
(7.91923e-11 -1.11025e-09 0)
(6.43039e-11 -1.12361e-09 0)
(0 0 0)
(2.0874e-11 -1.19614e-09 0)
(3.99932e-11 -1.14781e-09 0)
(3.31075e-11 -1.32071e-09 0)
(-5.13155e-11 -1.30509e-09 0)
(-4.6025e-11 -1.17361e-09 0)
(-6.26001e-11 -1.17984e-09 0)
(-8.58944e-11 -1.17805e-09 0)
(-7.26901e-11 -1.21246e-09 0)
(-4.23381e-12 -1.21064e-09 0)
(-1.18113e-12 -1.17532e-09 0)
(-1.97349e-11 -1.11569e-09 0)
(-3.12739e-11 -1.12326e-09 0)
(-3.94599e-11 -2.4254e-09 0)
(-6.21431e-11 -9.84563e-10 0)
(8.13428e-11 -2.48684e-09 0)
(1.94242e-11 -9.54237e-10 0)
(-7.73394e-12 -9.78327e-10 0)
(0 0 0)
(3.32273e-11 -1.12208e-09 0)
(-2.61592e-11 -1.23969e-09 0)
(2.46966e-12 -1.41897e-10 0)
(1.84631e-11 -9.32253e-10 0)
(5.42834e-11 -1.13504e-09 0)
(-7.0637e-12 -1.20498e-09 0)
(0 0 0)
(-9.49561e-11 -1.24526e-09 0)
(0 0 0)
(-2.46079e-12 -1.19323e-09 0)
(1.21938e-11 -1.21194e-09 0)
(0 0 0)
(2.87645e-11 -1.21869e-09 0)
(-1.48021e-11 -1.20625e-09 0)
(-5.27825e-12 -1.18039e-09 0)
(8.92795e-13 -1.17959e-09 0)
(-1.36766e-11 -1.21845e-09 0)
(-5.44232e-11 -1.2174e-09 0)
(-2.13531e-11 -1.24889e-09 0)
(-2.27344e-11 -1.19908e-09 0)
(-2.08652e-11 -1.08647e-09 0)
(-5.73118e-11 -1.09386e-09 0)
(4.0915e-11 -3.26419e-09 0)
(7.44012e-11 -1.21766e-09 0)
(5.65383e-11 -1.0211e-09 0)
(3.15277e-11 -1.16302e-09 0)
(2.16756e-12 -1.4597e-10 0)
(1.45123e-11 -8.61904e-10 0)
(7.736e-11 -1.20597e-09 0)
(-3.00687e-11 -1.23456e-09 0)
(0 0 0)
(3.42875e-12 -1.09563e-09 0)
(-6.07172e-11 -1.21147e-09 0)
(-3.33304e-11 -1.13455e-09 0)
(-8.45471e-11 -2.71812e-09 0)
(0 0 0)
(0 0 0)
(7.63554e-12 -1.97509e-09 0)
(-5.15812e-11 -1.63779e-09 0)
(2.3311e-11 -1.12693e-09 0)
(3.18631e-11 -1.27185e-09 0)
(1.00257e-10 -3.52966e-09 0)
(-1.70103e-11 -1.22776e-09 0)
(0 0 0)
(-5.85105e-11 -2.19632e-09 0)
(-6.48828e-11 -2.20333e-09 0)
(-8.26117e-11 -2.23219e-09 0)
(-5.36212e-11 -2.28271e-09 0)
(-6.47631e-09 3.84799e-08 0)
(-1.37812e-09 6.60811e-10 0)
(-3.26063e-10 -1.74856e-09 0)
(-9.49462e-11 -1.04549e-09 0)
(-3.48401e-13 -1.17577e-09 0)
(-3.36875e-11 -1.63806e-09 0)
(3.89651e-11 -3.33911e-09 0)
(8.85202e-11 -9.53469e-10 0)
(1.01064e-10 -1.17682e-09 0)
(1.93955e-11 -1.16988e-09 0)
(-4.00021e-11 -1.11121e-09 0)
(-4.9234e-11 -1.37961e-09 0)
(0 0 0)
(2.81511e-12 -1.18349e-09 0)
(0 0 0)
(0 0 0)
(0 0 0)
(-2.1106e-11 -1.24632e-09 0)
(-5.84526e-11 -1.21601e-09 0)
(0 0 0)
(-7.5852e-11 -2.57978e-09 0)
(-3.95029e-12 -1.02491e-09 0)
(-1.08499e-11 -1.0654e-09 0)
(-1.80717e-12 -2.3363e-09 0)
(2.61748e-11 -2.28679e-09 0)
(-1.0531e-11 -9.98308e-10 0)
(3.72077e-12 -1.14902e-09 0)
(2.62713e-12 -1.08806e-09 0)
(-1.44228e-11 -2.81054e-09 0)
(0 0 0)
(4.98174e-11 -1.12124e-09 0)
(4.47646e-11 -1.22568e-09 0)
(0 0 0)
(-1.61711e-11 -1.22157e-09 0)
(-3.36218e-11 -1.39182e-09 0)
(0 0 0)
(1.76346e-11 -1.20289e-09 0)
(-2.83475e-11 -1.16849e-09 0)
(0 0 0)
(2.06807e-11 -2.65412e-09 0)
(3.0313e-11 -1.11041e-09 0)
(1.14953e-11 -1.06869e-09 0)
(-2.73136e-12 -1.09717e-09 0)
(-7.8198e-13 -1.17428e-09 0)
(0 0 0)
(2.64597e-12 -1.2271e-09 0)
(-3.34531e-11 -1.29026e-09 0)
(-9.47428e-11 -1.28208e-09 0)
(-1.22033e-10 -1.20382e-09 0)
(-5.89036e-11 -1.20792e-09 0)
(7.57554e-11 -1.22825e-09 0)
(1.0578e-10 -1.26304e-09 0)
(3.23425e-12 -1.24001e-09 0)
(3.17019e-11 -1.15382e-09 0)
(7.45087e-11 -1.95038e-09 0)
(5.79152e-11 -2.10102e-09 0)
(0 0 0)
(3.32591e-11 -1.76254e-09 0)
(3.55209e-11 -1.49955e-09 0)
(0 0 0)
(-2.05492e-11 -1.10744e-09 0)
(-1.43467e-11 -1.27713e-09 0)
(-1.91034e-11 -1.29393e-09 0)
(-1.46429e-11 -8.02034e-10 0)
(-3.34871e-11 -1.15265e-09 0)
(-5.10673e-11 -1.19408e-09 0)
(-4.75892e-11 -1.22147e-09 0)
(-2.52295e-10 -2.63787e-09 0)
(1.98281e-11 -1.52975e-09 0)
(1.27171e-11 -1.24131e-09 0)
(1.26583e-12 -1.10764e-09 0)
(0 0 0)
(-8.28407e-11 -1.05501e-09 0)
(-5.63206e-11 -1.07523e-09 0)
(-6.44265e-11 -1.05069e-09 0)
(-9.28253e-09 5.71756e-08 0)
(-2.31484e-09 5.01264e-09 0)
(-3.39881e-10 -1.59202e-09 0)
(3.39227e-11 -9.30451e-10 0)
(-5.45459e-11 -1.23696e-09 0)
(-3.40132e-11 -1.19753e-09 0)
(5.84257e-11 -1.06236e-09 0)
(7.34595e-11 -2.41949e-09 0)
(1.02053e-10 -2.79006e-09 0)
(3.12308e-11 -1.08371e-09 0)
(-5.52453e-12 -1.05604e-09 0)
(-7.54735e-11 -2.49925e-09 0)
(1.59182e-12 -1.15066e-09 0)
(3.13096e-11 -1.16953e-09 0)
(0 0 0)
(-1.41933e-11 -2.435e-09 0)
(-1.73087e-11 -5.67494e-10 0)
(-5.97539e-12 -1.86706e-10 0)
(-6.19014e-11 -1.09123e-09 0)
(1.1785e-10 -2.55609e-09 0)
(-6.90014e-11 -1.09917e-09 0)
(-4.25761e-11 -1.17668e-09 0)
(-2.80773e-12 -4.91582e-10 0)
(-2.38393e-11 -1.90865e-09 0)
(-1.09598e-11 -1.49414e-09 0)
(-2.15978e-11 -1.39606e-09 0)
(0 0 0)
(-1.04663e-11 -3.40345e-09 0)
(-2.61318e-11 -1.54075e-09 0)
(6.33446e-11 -2.3221e-09 0)
(7.60225e-11 -2.35676e-09 0)
(1.63436e-10 -2.46178e-09 0)
(9.58721e-11 -1.02256e-09 0)
(2.69289e-11 -1.20316e-09 0)
(1.16778e-11 -1.22213e-09 0)
(-3.32318e-11 -1.21252e-09 0)
(-4.85606e-11 -1.09155e-09 0)
(2.03016e-11 -1.03936e-09 0)
(4.05904e-11 -1.01825e-09 0)
(-8.24198e-13 -1.05762e-09 0)
(3.79759e-11 -1.12784e-09 0)
(5.14616e-11 -1.11961e-09 0)
(4.52647e-12 -1.15363e-09 0)
(0 0 0)
(-1.32403e-11 -1.16287e-09 0)
(4.47083e-11 -1.24524e-09 0)
(-2.20905e-13 -1.23017e-09 0)
(-1.01913e-10 -1.31205e-09 0)
(-1.2801e-10 -1.17542e-09 0)
(-5.85844e-12 -1.0213e-09 0)
(-6.96412e-12 -1.02298e-09 0)
(3.26114e-11 -3.05294e-09 0)
(0 0 0)
(1.03768e-11 -1.09538e-09 0)
(1.85369e-11 -1.0449e-09 0)
(-3.96431e-12 -1.13012e-09 0)
(2.82297e-11 -1.20192e-09 0)
(1.10922e-10 -2.43723e-09 0)
(-6.76741e-12 -9.91145e-10 0)
(-7.31673e-13 -1.01337e-09 0)
(-8.22272e-11 -2.53968e-09 0)
(2.299e-12 -9.89382e-10 0)
(3.04623e-11 -9.70752e-10 0)
(3.09201e-11 -1.04665e-09 0)
(0 0 0)
(2.6763e-11 -2.56085e-09 0)
(-9.54393e-11 -1.2176e-09 0)
(0 0 0)
(-1.46939e-10 -2.87439e-09 0)
(6.06314e-11 -1.21333e-09 0)
(0 0 0)
(-1.6766e-12 -1.0149e-09 0)
(-3.60438e-11 -1.1237e-09 0)
(-7.87067e-11 -1.62519e-09 0)
(-6.74668e-11 -1.25026e-09 0)
(-1.42866e-08 2.66293e-08 0)
(-9.77121e-09 9.06126e-09 0)
(-6.84582e-11 -1.47262e-10 0)
(-1.36496e-10 -4.2759e-09 0)
(-6.82712e-11 -1.09393e-09 0)
(-3.46856e-11 -1.13888e-09 0)
(-5.11462e-11 -1.06912e-09 0)
(-8.25728e-11 -1.1835e-09 0)
(-8.78437e-11 -1.2383e-09 0)
(-4.35142e-12 -1.26098e-09 0)
(6.26295e-11 -1.23758e-09 0)
(8.07739e-12 -1.27113e-09 0)
(2.17187e-11 -1.21918e-09 0)
(9.12167e-11 -1.18425e-09 0)
(1.55473e-11 -1.1945e-09 0)
(3.51403e-12 -1.2078e-10 0)
(3.04071e-11 -9.62047e-10 0)
(8.20055e-11 -2.41911e-09 0)
(6.43597e-13 -1.1166e-09 0)
(2.18746e-11 -1.24008e-09 0)
(0 0 0)
(-2.24382e-11 -1.14836e-09 0)
(0 0 0)
(1.2326e-11 -1.31004e-09 0)
(2.2268e-11 -2.28592e-09 0)
(-6.75247e-13 -1.10596e-09 0)
(-1.45936e-12 -1.15067e-09 0)
(-5.41036e-11 -1.25343e-09 0)
(-3.93931e-11 -1.1793e-09 0)
(-5.40011e-12 -1.24551e-09 0)
(0 0 0)
(7.57223e-12 -2.39989e-09 0)
(7.92776e-11 -2.88748e-09 0)
(7.24041e-11 -1.10786e-09 0)
(6.02372e-11 -2.94969e-09 0)
(-9.90242e-13 -1.09779e-09 0)
(-1.22336e-11 -1.09009e-09 0)
(-9.15233e-12 -1.15135e-09 0)
(1.05086e-10 -2.51184e-09 0)
(3.26522e-11 -1.02988e-09 0)
(4.97145e-11 -1.06491e-09 0)
(7.07077e-11 -1.01949e-09 0)
(-4.43895e-11 -9.8472e-10 0)
(-1.6045e-11 -1.31688e-09 0)
(-2.19252e-11 -1.47326e-09 0)
(-8.48914e-11 -2.37474e-09 0)
(2.59648e-12 -1.4435e-09 0)
(0 0 0)
(3.64789e-11 -1.12224e-09 0)
(5.17904e-11 -2.31795e-09 0)
(-3.36143e-11 -1.14456e-09 0)
(-4.08919e-11 -1.24752e-09 0)
(4.49109e-11 -1.18501e-09 0)
(5.36986e-11 -1.12327e-09 0)
(2.6368e-11 -1.12894e-09 0)
(-2.56197e-11 -2.75551e-09 0)
(0 0 0)
(2.99652e-11 -1.16891e-09 0)
(-3.72457e-11 -1.09615e-09 0)
(-4.73292e-11 -1.15218e-09 0)
(0 0 0)
(-1.14181e-11 -1.10855e-09 0)
(1.67594e-12 -1.04326e-09 0)
(-5.70364e-11 -2.45463e-09 0)
(1.13843e-11 -2.58194e-09 0)
(-9.75824e-11 -2.95698e-09 0)
(-6.67391e-11 -1.02881e-09 0)
(-2.72438e-11 -1.05701e-09 0)
(-6.24047e-11 -1.11798e-09 0)
(0 0 0)
(6.93667e-12 -2.39087e-09 0)
(-9.04446e-11 -2.40126e-09 0)
(-2.43748e-11 -9.66857e-10 0)
(-2.07548e-11 -1.05314e-09 0)
(-6.59888e-11 -1.06462e-09 0)
(8.05653e-09 3.94032e-08 0)
(6.63092e-09 3.30243e-08 0)
(-3.95271e-10 -1.84507e-09 0)
(-1.94974e-10 -1.11136e-09 0)
(-5.86466e-11 -1.1567e-09 0)
(-6.65812e-11 -1.21154e-09 0)
(-6.20839e-11 -1.21623e-09 0)
(-3.96195e-11 -1.20843e-09 0)
(-7.73874e-12 -1.21659e-09 0)
(0 0 0)
(3.10076e-11 -1.34018e-09 0)
(-5.00364e-11 -1.26712e-09 0)
(-8.96726e-12 -1.13591e-09 0)
(1.33493e-11 -1.17131e-09 0)
(4.51654e-11 -1.17416e-09 0)
(7.33104e-11 -1.17929e-09 0)
(4.59578e-11 -1.1673e-09 0)
(2.17549e-11 -1.14812e-09 0)
(-6.42577e-12 -1.1196e-09 0)
(4.2175e-11 -1.22151e-09 0)
(0 0 0)
(1.75049e-11 -1.20679e-09 0)
(0 0 0)
(-8.32937e-11 -2.51388e-09 0)
(1.62354e-11 -2.51025e-09 0)
(5.00944e-11 -1.05204e-09 0)
(3.90788e-11 -1.21279e-09 0)
(-5.3003e-11 -1.30445e-09 0)
(0 0 0)
(4.664e-12 -1.07092e-09 0)
(5.99769e-11 -1.13291e-09 0)
(0 0 0)
(-7.11265e-11 -1.25147e-09 0)
(2.12069e-11 -1.3096e-09 0)
(1.21519e-11 -1.2988e-09 0)
(3.95071e-11 -1.27634e-09 0)
(3.6121e-11 -1.65494e-09 0)
(-2.74527e-11 -2.01836e-09 0)
(-2.60915e-11 -1.05752e-09 0)
(-9.34371e-11 -2.4651e-09 0)
(-2.91418e-11 -9.53267e-10 0)
(-1.65256e-11 -3.89557e-09 0)
(1.0315e-11 -1.45682e-09 0)
(-7.49243e-12 -5.18272e-10 0)
(1.65473e-11 -1.09203e-09 0)
(-8.0712e-11 -1.24196e-09 0)
(9.12828e-12 -1.29364e-09 0)
(8.22678e-11 -1.23011e-09 0)
(1.35133e-11 -1.21727e-09 0)
(-2.81473e-11 -1.20469e-09 0)
(-2.36144e-11 -1.21026e-09 0)
(9.47991e-12 -1.22014e-09 0)
(1.54726e-11 -5.44807e-10 0)
(2.30875e-11 -1.3734e-09 0)
(2.51858e-11 -1.15302e-09 0)
(-1.78317e-12 -1.11613e-09 0)
(6.60514e-12 -1.06129e-09 0)
(7.14471e-12 -2.62493e-09 0)
(-2.58059e-11 -1.13786e-09 0)
(0 0 0)
(0 0 0)
(-3.37993e-11 -1.14081e-09 0)
(0 0 0)
(-1.46658e-11 -1.14713e-09 0)
(-3.48211e-11 -1.14573e-09 0)
(-4.39185e-11 -1.23367e-09 0)
(4.45113e-11 -1.21767e-09 0)
(4.32233e-11 -1.19429e-09 0)
(2.08253e-11 -1.29593e-09 0)
(0 0 0)
(0 0 0)
(-2.89155e-11 -1.04593e-09 0)
(-4.82133e-11 -2.47739e-09 0)
(-3.82862e-11 -1.09887e-09 0)
(-4.68647e-11 -1.17473e-09 0)
(1.72938e-08 8.97219e-08 0)
(1.508e-09 5.08767e-09 0)
(-6.15019e-10 -2.44285e-09 0)
(-5.90025e-11 -1.07556e-09 0)
(-1.34316e-10 -1.29126e-09 0)
(-1.09515e-10 -1.29397e-09 0)
(-1.06081e-10 -1.20872e-09 0)
(-6.64315e-11 -1.13729e-09 0)
(8.7575e-12 -2.58178e-09 0)
(-3.00159e-11 -1.05876e-09 0)
(-4.8258e-13 -3.12004e-09 0)
(0 0 0)
(1.51346e-11 -1.01529e-09 0)
(3.52837e-11 -1.02447e-09 0)
(5.47126e-11 -1.03836e-09 0)
(2.25544e-11 -1.0969e-09 0)
(6.7376e-11 -2.61952e-09 0)
(6.69271e-12 -1.13739e-09 0)
(0 0 0)
(-2.35206e-11 -1.13659e-09 0)
(-2.64498e-11 -2.04579e-09 0)
(-9.41902e-12 -1.6073e-09 0)
(0 0 0)
(-3.79063e-12 -1.15121e-09 0)
(0 0 0)
(-1.13537e-11 -1.04609e-09 0)
(-2.37863e-11 -1.39935e-09 0)
(0 0 0)
(5.47038e-11 -1.05646e-09 0)
(0 0 0)
(2.54713e-12 -1.18828e-09 0)
(-2.75959e-12 -5.45083e-10 0)
(-3.95435e-11 -1.5171e-09 0)
(4.26507e-12 -1.25034e-09 0)
(0 0 0)
(3.37265e-11 -2.98887e-09 0)
(-4.66585e-11 -1.148e-09 0)
(-7.61325e-11 -1.1519e-09 0)
(-1.25031e-10 -2.53956e-09 0)
(-8.6981e-11 -1.01677e-09 0)
(-1.02757e-10 -1.05265e-09 0)
(-4.97608e-11 -1.13433e-09 0)
(-2.30538e-12 -2.30123e-09 0)
(4.2308e-11 -1.94912e-09 0)
(-4.40044e-11 -1.61935e-09 0)
(0 0 0)
(6.19666e-11 -1.18691e-09 0)
(4.55405e-11 -1.23447e-09 0)
(-2.76378e-11 -1.31991e-09 0)
(0 0 0)
(-1.22556e-11 -1.16587e-09 0)
(-2.74563e-11 -1.1951e-09 0)
(-2.14813e-11 -1.21582e-09 0)
(0 0 0)
(-3.38258e-11 -2.6508e-09 0)
(-1.00412e-10 -2.45972e-09 0)
(-5.73282e-12 -1.03174e-09 0)
(-6.75848e-11 -1.09935e-09 0)
(1.81836e-11 -1.08546e-09 0)
(1.59454e-11 -1.08597e-09 0)
(-2.2829e-11 -1.16511e-09 0)
(0 0 0)
(2.25346e-11 -1.15503e-09 0)
(4.72986e-12 -1.11392e-09 0)
(-6.09505e-12 -1.15164e-09 0)
(0 0 0)
(3.27065e-11 -1.25632e-09 0)
(1.90067e-12 -1.20462e-09 0)
(-1.16073e-10 -3.22165e-09 0)
(-2.84937e-11 -1.11876e-09 0)
(-1.5576e-11 -1.07249e-09 0)
(1.57505e-12 -1.1378e-09 0)
(-6.23597e-11 -1.08336e-09 0)
(-4.54555e-11 -1.17793e-09 0)
(0 0 0)
(1.37267e-08 5.62606e-08 0)
(-8.21863e-10 3.16149e-09 0)
(-2.30372e-11 9.44314e-10 0)
(-1.38275e-11 -1.19281e-09 0)
(0 0 0)
(0 0 0)
(-1.65541e-10 -1.25722e-09 0)
(-1.13775e-10 -1.2596e-09 0)
(-3.61085e-11 -1.48304e-09 0)
(0 0 0)
(-4.4417e-11 -1.30302e-09 0)
(1.69219e-11 -1.70891e-09 0)
(1.45339e-10 -3.12351e-09 0)
(7.36395e-11 -1.30362e-09 0)
(2.48922e-11 -2.41827e-09 0)
(2.58586e-11 -2.47245e-09 0)
(-1.80044e-11 -9.50505e-10 0)
(9.96037e-11 -2.28032e-09 0)
(4.87041e-11 -2.48658e-09 0)
(1.54201e-11 -1.07893e-09 0)
(4.16615e-12 -1.08898e-09 0)
(0 0 0)
(5.65596e-11 -1.11413e-09 0)
(1.09364e-11 -1.18485e-09 0)
(0 0 0)
(6.1485e-12 -1.14465e-09 0)
(0 0 0)
(3.45213e-11 -1.31381e-09 0)
(7.45948e-11 -1.1805e-09 0)
(2.43471e-11 -1.18297e-09 0)
(0 0 0)
(-3.40173e-11 -2.67596e-09 0)
(2.81565e-11 -2.57067e-09 0)
(-2.92182e-11 -1.11441e-09 0)
(-3.22739e-11 -1.19423e-09 0)
(-8.62222e-11 -1.24309e-09 0)
(-8.42352e-11 -1.22964e-09 0)
(-1.06057e-10 -1.1665e-09 0)
(-9.7631e-11 -1.12536e-09 0)
(-8.97497e-11 -1.1596e-09 0)
(0 0 0)
(-5.80209e-11 -1.12104e-09 0)
(-6.66097e-11 -2.68755e-09 0)
(-2.2808e-12 -1.00322e-09 0)
(-1.23298e-11 -1.10115e-09 0)
(9.94906e-12 -1.14807e-09 0)
(3.57756e-11 -1.18902e-09 0)
(5.62198e-11 -1.20096e-09 0)
(8.17263e-12 -1.28194e-09 0)
(-1.45187e-11 -1.20287e-09 0)
(5.27354e-12 -5.777e-10 0)
(1.57349e-12 -1.61529e-10 0)
(3.9157e-12 -1.17184e-09 0)
(0 0 0)
(2.73402e-11 -1.29977e-09 0)
(-8.0389e-11 -1.15521e-09 0)
(-4.31707e-11 -2.6863e-09 0)
(0 0 0)
(9.37221e-12 -1.12034e-09 0)
(1.29708e-11 -1.13129e-09 0)
(0 0 0)
(-1.22061e-11 -1.17753e-09 0)
(6.78039e-11 -2.59727e-09 0)
(-3.82018e-11 -2.08344e-09 0)
(-1.8374e-11 -1.4033e-09 0)
(0 0 0)
(4.23889e-11 -1.28651e-09 0)
(0 0 0)
(0 0 0)
(-1.5894e-12 -1.25927e-09 0)
(3.1633e-11 -1.14109e-09 0)
(-2.07966e-11 -2.54987e-09 0)
(-4.16994e-11 -1.00927e-09 0)
(-2.51546e-11 -9.70969e-10 0)
(0 0 0)
(-1.32596e-09 7.85599e-08 0)
(-1.24704e-10 3.67916e-09 0)
(6.44839e-10 1.53649e-09 0)
(-3.92529e-11 -1.29416e-09 0)
(0 0 0)
(1.21432e-11 -3.31687e-09 0)
(0 0 0)
(0 0 0)
(0 0 0)
(0 0 0)
(0 0 0)
(0 0 0)
(0 0 0)
(7.18404e-11 -2.55787e-09 0)
(-3.56455e-11 -1.07481e-09 0)
(-2.14107e-10 -2.43017e-09 0)
(-1.36305e-10 -2.07226e-09 0)
(-6.98633e-11 -1.21904e-09 0)
(4.52727e-11 -1.09152e-09 0)
(5.01765e-11 -2.578e-09 0)
(2.59392e-11 -1.07782e-09 0)
(5.46552e-11 -1.18957e-09 0)
(0 0 0)
(2.44287e-11 -1.20838e-09 0)
(5.6346e-11 -1.21193e-09 0)
(3.80299e-11 -1.22781e-09 0)
(1.16677e-11 -1.25071e-09 0)
(6.63221e-11 -1.23214e-09 0)
(8.39286e-11 -1.14564e-09 0)
(1.97619e-11 -2.61266e-09 0)
(-4.8159e-11 -1.10355e-09 0)
(-6.46666e-11 -2.46763e-09 0)
(1.22901e-11 -1.08853e-09 0)
(2.2171e-12 -1.17267e-09 0)
(-2.32989e-11 -1.24431e-09 0)
(-8.97954e-11 -1.26106e-09 0)
(-9.29742e-11 -1.23917e-09 0)
(-9.31903e-11 -1.15433e-09 0)
(-6.43498e-11 -1.13126e-09 0)
(0 0 0)
(-6.86815e-11 -1.17888e-09 0)
(-5.80007e-11 -1.18341e-09 0)
(-5.34137e-11 -1.16578e-09 0)
(-5.03476e-11 -1.1718e-09 0)
(-2.01303e-11 -1.19123e-09 0)
(1.08181e-11 -1.21463e-09 0)
(0 0 0)
(3.16344e-11 -3.01576e-09 0)
(4.45151e-11 -1.25872e-09 0)
(0 0 0)
(1.52596e-11 -1.12866e-09 0)
(0 0 0)
(1.66041e-11 -1.19952e-09 0)
(0 0 0)
(1.37162e-11 -1.42523e-09 0)
(-5.82226e-12 -4.33446e-10 0)
(5.52327e-12 -8.50686e-10 0)
(2.95791e-11 -7.89511e-10 0)
(-2.0988e-11 -2.56817e-09 0)
(-1.14126e-10 -2.43283e-09 0)
(-5.0081e-12 -9.80002e-10 0)
(-2.18305e-11 -1.09189e-09 0)
(-8.88574e-11 -2.56559e-09 0)
(1.22032e-11 -1.04924e-09 0)
(-5.77053e-12 -1.01372e-09 0)
(3.75568e-11 -1.14605e-09 0)
(6.57942e-11 -1.42065e-09 0)
(0 0 0)
(2.99177e-11 -1.28173e-09 0)
(3.43033e-12 -1.17983e-09 0)
(2.67355e-11 -1.07003e-09 0)
(-4.31897e-11 -1.00876e-09 0)
(-4.80481e-11 -1.07053e-09 0)
(-2.03506e-11 -1.12702e-09 0)
(1.06078e-12 -1.17086e-09 0)
(3.71217e-09 4.67328e-08 0)
(5.65071e-10 3.59937e-09 0)
(1.14101e-10 2.97793e-10 0)
(0 0 0)
(-6.91628e-13 -1.63179e-10 0)
(-2.37819e-11 -2.796e-09 0)
(7.84351e-11 -1.24694e-09 0)
(0 0 0)
(-5.28484e-11 -1.15591e-09 0)
(4.39706e-11 -1.27146e-09 0)
(3.75364e-11 -1.24402e-09 0)
(2.55601e-11 -1.16603e-09 0)
(3.91322e-11 -3.76921e-09 0)
(-3.00786e-11 -1.01e-09 0)
(-3.18035e-11 -1.17919e-09 0)
(-6.56656e-11 -1.2775e-09 0)
(-7.55105e-11 -1.21792e-09 0)
(0 0 0)
(-7.93416e-12 -1.09028e-09 0)
(1.1715e-12 -1.14658e-09 0)
(3.34219e-11 -1.22741e-09 0)
(0 0 0)
(9.67236e-12 -1.20605e-09 0)
(1.0651e-11 -1.28951e-09 0)
(-1.88279e-11 -2.60096e-09 0)
(-3.95151e-11 -1.07493e-09 0)
(-2.70742e-11 -1.13525e-09 0)
(-9.98211e-11 -2.79107e-09 0)
(1.50257e-11 -1.00855e-09 0)
(-5.28514e-11 -2.54545e-09 0)
(-3.8783e-11 -9.56558e-10 0)
(-7.73251e-11 -1.30209e-09 0)
(8.91763e-12 -1.95279e-09 0)
(3.87607e-11 -1.19923e-09 0)
(1.78303e-11 -1.32858e-09 0)
(-8.41647e-11 -1.33445e-09 0)
(-8.65251e-11 -1.09165e-09 0)
(0 0 0)
(-6.87113e-11 -1.09114e-09 0)
(-1.43321e-11 -1.20824e-09 0)
(-5.67605e-11 -1.13847e-09 0)
(9.74471e-12 -1.16996e-09 0)
(0 0 0)
(-2.54003e-12 -1.24357e-09 0)
(0 0 0)
(-1.62663e-11 -1.20377e-09 0)
(-4.29586e-11 -2.75998e-09 0)
(-7.51479e-11 -1.22602e-09 0)
(8.19239e-11 -2.17185e-09 0)
(1.05887e-11 -1.69769e-10 0)
(6.06993e-11 -1.17521e-09 0)
(6.09353e-11 -1.16955e-09 0)
(3.56567e-11 -1.22844e-09 0)
(-3.89678e-11 -1.97385e-09 0)
(-1.05494e-10 -2.00087e-09 0)
(2.71277e-11 -1.06273e-09 0)
(-4.52603e-11 -1.07288e-09 0)
(1.72937e-11 -1.22227e-09 0)
(-1.25772e-13 -1.14632e-09 0)
(5.98678e-11 -1.11101e-09 0)
(1.87133e-11 -9.57532e-10 0)
(-2.40229e-11 -9.73982e-10 0)
(1.98291e-11 -1.12823e-09 0)
(-2.12192e-11 -1.15298e-09 0)
(1.39344e-11 -1.15038e-09 0)
(4.68883e-12 -1.10838e-09 0)
(3.5987e-11 -1.24761e-09 0)
(1.79783e-10 -1.31541e-09 0)
(-3.87059e-11 -1.29698e-09 0)
(0 0 0)
(1.25066e-10 -2.36994e-09 0)
(-1.08987e-11 -1.20995e-09 0)
(0 0 0)
(3.59582e-12 -1.14498e-09 0)
(4.57053e-12 -1.27159e-09 0)
(-5.2104e-09 7.34667e-09 0)
(3.26578e-10 8.60657e-10 0)
(-1.34222e-10 -8.29564e-10 0)
(-5.19319e-11 -1.08885e-09 0)
(-8.24241e-11 -1.17014e-09 0)
(-8.03877e-11 -2.7044e-09 0)
(1.04321e-10 -1.20371e-09 0)
(2.66795e-11 -1.12788e-09 0)
(-4.48386e-11 -1.09542e-09 0)
(-3.46484e-11 -2.49646e-09 0)
(-7.05754e-11 -1.16685e-09 0)
(-1.10715e-10 -2.43555e-09 0)
(-4.00349e-11 -2.26859e-09 0)
(-3.8421e-11 -1.05092e-09 0)
(-3.51252e-12 -1.30202e-09 0)
(0 0 0)
(2.58695e-11 -1.04828e-09 0)
(0 0 0)
(-3.02676e-11 -1.11583e-09 0)
(-1.20624e-11 -1.16442e-09 0)
(2.68754e-12 -1.16307e-09 0)
(3.5079e-11 -1.20817e-09 0)
(9.0205e-12 -3.56554e-10 0)
(-9.95193e-12 -1.76753e-09 0)
(-3.44441e-12 -2.67969e-09 0)
(-2.82346e-11 -1.08029e-09 0)
(-1.02744e-10 -1.0616e-09 0)
(-6.39978e-11 -1.12904e-09 0)
(-5.86266e-11 -1.69204e-09 0)
(-2.29742e-11 -2.01482e-09 0)
(1.59308e-11 -1.09765e-09 0)
(-7.03446e-12 -1.05021e-09 0)
(-2.80845e-11 -1.11001e-09 0)
(-6.43899e-12 -1.194e-09 0)
(-9.43975e-11 -3.3966e-09 0)
(-8.2576e-11 -1.13111e-09 0)
(-4.08717e-11 -1.03368e-09 0)
(0 0 0)
(-5.99016e-11 -1.10882e-09 0)
(-1.23171e-11 -1.12868e-09 0)
(0 0 0)
(-2.82793e-11 -1.07492e-09 0)
(4.97905e-12 -1.18328e-09 0)
(1.06779e-13 -1.20452e-09 0)
(0 0 0)
(0 0 0)
(-6.69084e-11 -1.21585e-09 0)
(-3.46478e-11 -1.2188e-09 0)
(1.23834e-11 -1.21498e-09 0)
(3.10807e-12 -1.18036e-09 0)
(9.8939e-11 -2.69393e-09 0)
(1.50919e-11 -1.08499e-09 0)
(8.71952e-12 -1.21489e-09 0)
(-6.81167e-11 -1.28137e-09 0)
(-8.52412e-11 -1.20885e-09 0)
(-1.82537e-11 -1.09217e-09 0)
(-1.7565e-11 -1.15319e-09 0)
(0 0 0)
(7.38e-11 -2.58819e-09 0)
(1.59365e-11 -1.13523e-09 0)
(5.32882e-11 -1.09101e-09 0)
(2.97142e-11 -1.14402e-09 0)
(2.70453e-11 -1.34865e-09 0)
(-1.04128e-12 -1.96931e-11 0)
(-1.31425e-10 -2.47407e-09 0)
(8.76569e-12 -1.05705e-09 0)
(4.02698e-11 -1.13904e-09 0)
(1.65219e-10 -3.27017e-09 0)
(0 0 0)
(6.44497e-11 -1.15785e-09 0)
(6.43082e-11 -1.19596e-09 0)
(-3.28813e-11 -1.2133e-09 0)
(0 0 0)
(-3.49644e-12 -1.05469e-09 0)
(0 0 0)
(7.55196e-09 7.34773e-08 0)
(-3.16994e-09 7.5928e-09 0)
(-1.14925e-09 -8.81758e-10 0)
(-3.05085e-10 -2.50188e-09 0)
(-7.54007e-11 -1.07871e-09 0)
(4.27478e-11 -1.1384e-09 0)
(8.24277e-11 -1.2393e-09 0)
(6.56335e-11 -1.17729e-09 0)
(8.87527e-14 -1.13554e-09 0)
(-9.90305e-11 -1.25677e-09 0)
(-1.12771e-10 -1.20567e-09 0)
(-1.0022e-10 -1.14536e-09 0)
(-6.06835e-11 -1.12554e-09 0)
(-1.10138e-10 -2.60113e-09 0)
(-1.28527e-11 -1.28432e-09 0)
(3.46516e-11 -1.14848e-09 0)
(2.3298e-11 -1.01767e-09 0)
(4.45993e-11 -9.94977e-10 0)
(1.50157e-11 -1.17481e-09 0)
(0 0 0)
(7.27981e-12 -1.15539e-09 0)
(4.71399e-11 -1.19968e-09 0)
(6.61511e-11 -1.18286e-09 0)
(-6.94977e-11 -1.26582e-09 0)
(-4.28236e-11 -1.18028e-09 0)
(8.67586e-12 -1.21925e-09 0)
(-5.58026e-11 -1.23517e-09 0)
(-2.26719e-12 -1.52721e-10 0)
(-1.35625e-11 -8.35572e-10 0)
(0 0 0)
(9.76099e-12 -1.16144e-09 0)
(-1.13957e-11 -1.15388e-09 0)
(-4.91883e-11 -1.19366e-09 0)
(-1.00759e-10 -1.31618e-09 0)
(-3.50239e-10 -3.46663e-09 0)
(7.22781e-12 -1.07155e-09 0)
(-6.26944e-11 -2.27716e-09 0)
(-6.13394e-12 -9.94859e-10 0)
(0 0 0)
(-3.84857e-12 -1.1163e-09 0)
(-1.58808e-12 -1.78979e-10 0)
(-7.73271e-12 -7.74534e-10 0)
(1.11476e-11 -1.14547e-09 0)
(6.10886e-11 -1.15862e-09 0)
(5.21315e-11 -1.24202e-09 0)
(-6.12228e-11 -1.2828e-09 0)
(-6.06188e-11 -1.25508e-09 0)
(-2.45986e-11 -1.19318e-09 0)
(-3.20945e-11 -1.20843e-09 0)
(-3.97241e-11 -1.15736e-09 0)
(-6.43123e-11 -1.13357e-09 0)
(-5.86955e-11 -1.14981e-09 0)
(-1.07794e-10 -3.10446e-09 0)
(-5.06193e-12 -1.14504e-09 0)
(-1.36095e-11 -1.13744e-09 0)
(0 0 0)
(-9.67906e-12 -1.15919e-09 0)
(0 0 0)
(5.85891e-12 -1.10699e-09 0)
(-3.43833e-11 -1.11758e-09 0)
(6.42432e-12 -1.07156e-09 0)
(-5.9318e-11 -1.1133e-09 0)
(-1.00619e-11 -1.32139e-09 0)
(-2.71674e-11 -1.16854e-09 0)
(-2.64162e-11 -9.97834e-10 0)
(1.60665e-11 -1.06029e-09 0)
(1.53374e-12 -1.13616e-09 0)
(-1.11646e-11 -1.20038e-09 0)
(7.60002e-11 -1.30572e-09 0)
(1.03463e-10 -1.17376e-09 0)
(8.02738e-11 -2.98909e-09 0)
(-1.58923e-11 -1.18827e-09 0)
(-1.11684e-11 -1.0439e-09 0)
(-4.3627e-11 -1.0438e-09 0)
(-3.6261e-11 -1.34655e-09 0)
(-1.34542e-09 5.11063e-08 0)
(7.74368e-10 2.25724e-09 0)
(-3.68847e-10 -1.17079e-10 0)
(-1.92628e-10 -1.11482e-09 0)
(-8.83125e-11 -1.03052e-09 0)
(0 0 0)
(2.13738e-10 -2.74716e-09 0)
(8.81124e-11 -1.28024e-09 0)
(-3.60177e-11 -1.333e-09 0)
(-2.18004e-11 -1.21459e-09 0)
(-9.28472e-11 -1.05317e-09 0)
(0 0 0)
(-8.77095e-11 -1.11405e-09 0)
(0 0 0)
(-1.1452e-10 -2.44069e-09 0)
(5.35605e-12 -2.47068e-09 0)
(2.20403e-11 -1.01869e-09 0)
(1.61168e-11 -1.07647e-09 0)
(2.08078e-11 -1.04621e-09 0)
(4.14701e-12 -1.07624e-09 0)
(7.26888e-11 -1.84553e-09 0)
(1.50421e-10 -1.53618e-09 0)
(-7.7546e-11 -1.24666e-09 0)
(3.46074e-12 -3.91332e-10 0)
(4.40782e-12 -7.52533e-10 0)
(3.20883e-11 -2.40411e-09 0)
(1.00644e-11 -6.22478e-10 0)
(2.84076e-12 -1.53941e-10 0)
(1.80488e-11 -1.08488e-09 0)
(2.72981e-11 -1.25154e-09 0)
(0 0 0)
(1.9321e-11 -1.09337e-09 0)
(-2.68484e-11 -1.21289e-09 0)
(-2.04699e-10 -1.38058e-09 0)
(-1.23959e-10 -1.34867e-09 0)
(0 0 0)
(-2.45524e-11 -1.15866e-09 0)
(7.43849e-12 -2.29064e-09 0)
(2.56721e-11 -8.85592e-10 0)
(2.81502e-11 -9.94827e-10 0)
(3.69273e-11 -1.10828e-09 0)
(4.5471e-11 -1.09112e-09 0)
(4.31583e-11 -1.01597e-09 0)
(1.03199e-10 -2.45131e-09 0)
(-2.42939e-11 -1.32558e-09 0)
(0 0 0)
(-5.66809e-11 -1.17489e-09 0)
(0 0 0)
(-3.66529e-11 -1.1563e-09 0)
(-3.73955e-11 -1.20379e-09 0)
(-5.78052e-11 -1.21309e-09 0)
(-8.4239e-11 -1.25273e-09 0)
(-1.0933e-10 -1.57145e-09 0)
(1.02867e-11 -2.45278e-09 0)
(1.84252e-11 -1.08459e-09 0)
(2.40462e-12 -1.12075e-09 0)
(-1.31938e-12 -1.17475e-09 0)
(4.6702e-12 -9.52766e-11 0)
(6.45884e-11 -4.14451e-09 0)
(0 0 0)
(1.23554e-11 -1.02229e-09 0)
(-6.73864e-11 -1.04836e-09 0)
(-3.13965e-11 -1.25223e-09 0)
(1.95788e-13 -1.41539e-11 0)
(1.63807e-11 -1.13395e-09 0)
(-2.44257e-11 -2.33424e-09 0)
(-9.80269e-12 -9.36616e-10 0)
(-4.53317e-11 -1.14325e-09 0)
(6.53311e-12 -1.134e-09 0)
(5.31448e-12 -1.45867e-09 0)
(-7.86563e-12 -2.29393e-09 0)
(7.77011e-11 -1.23732e-09 0)
(6.43104e-11 -1.94304e-09 0)
(1.50811e-12 -3.24243e-11 0)
(-4.96582e-11 -1.15522e-09 0)
(-3.65425e-09 6.25949e-08 0)
(1.40217e-09 3.70467e-09 0)
(2.77004e-10 2.01571e-10 0)
(0 0 0)
(-1.44009e-10 -1.14622e-09 0)
(-7.48977e-11 -1.01246e-09 0)
(-1.83274e-11 -1.05451e-09 0)
(2.15795e-11 -1.80184e-09 0)
(6.05554e-11 -2.95387e-09 0)
(0 0 0)
(0 0 0)
(-3.11129e-11 -1.03792e-09 0)
(-6.98532e-11 -2.40526e-09 0)
(-6.45298e-11 -1.14724e-09 0)
(-7.01631e-11 -1.17519e-09 0)
(-1.57893e-11 -1.12635e-09 0)
(-3.38112e-11 -1.00411e-09 0)
(-1.18336e-11 -1.06625e-09 0)
(-7.61147e-12 -1.10603e-09 0)
(1.40287e-12 -1.14391e-09 0)
(-7.56047e-12 -1.09558e-09 0)
(1.24325e-11 -1.31536e-09 0)
(1.84918e-11 -1.12399e-09 0)
(3.051e-10 -3.70654e-09 0)
(5.61268e-11 -1.11853e-09 0)
(0 0 0)
(0 0 0)
(3.12689e-11 -1.13598e-09 0)
(5.61381e-12 -1.04842e-09 0)
(-1.29217e-11 -1.02393e-09 0)
(3.19248e-11 -1.16185e-09 0)
(-3.4227e-11 -1.15388e-09 0)
(1.26534e-11 -1.33058e-09 0)
(-4.33091e-10 -3.03752e-09 0)
(0 0 0)
(0 0 0)
(0 0 0)
(3.52527e-12 -1.17567e-09 0)
(0 0 0)
(-4.47787e-11 -9.3112e-10 0)
(-6.34085e-11 -2.12193e-09 0)
(2.14885e-10 -3.58064e-09 0)
(0 0 0)
(0 0 0)
(1.14628e-10 -5.08727e-09 0)
(1.3991e-11 -1.18646e-09 0)
(0 0 0)
(4.94996e-12 -1.02792e-09 0)
(-1.55197e-11 -1.09427e-09 0)
(0 0 0)
(0 0 0)
(2.10295e-12 -1.27686e-09 0)
(-7.51849e-11 -1.26545e-09 0)
(-5.51371e-11 -1.22451e-09 0)
(-2.23664e-11 -1.18786e-09 0)
(-2.88328e-11 -1.221e-09 0)
(-2.36306e-11 -1.21047e-09 0)
(4.16524e-11 -1.16643e-09 0)
(3.75299e-11 -1.14198e-09 0)
(4.38069e-11 -1.10586e-09 0)
(1.73323e-11 -1.12766e-09 0)
(0 0 0)
(-3.57864e-11 -1.29271e-09 0)
(6.49163e-12 -1.26361e-09 0)
(0 0 0)
(-1.00555e-11 -1.0475e-09 0)
(-4.68652e-11 -1.07749e-09 0)
(-7.06018e-12 -1.04068e-09 0)
(-3.04735e-11 -1.16856e-09 0)
(-6.12724e-11 -1.18257e-09 0)
(-1.6459e-11 -1.24026e-09 0)
(-8.5273e-12 -2.53243e-09 0)
(-4.09843e-11 -1.06279e-09 0)
(1.8116e-11 -1.14529e-09 0)
(-3.23759e-11 -2.42921e-09 0)
(-1.50452e-08 1.80726e-09 0)
(-3.76452e-09 1.599e-09 0)
(0 0 0)
(-2.38385e-10 -1.32785e-09 0)
(-4.64566e-11 -9.8834e-10 0)
(-1.08522e-11 -1.0495e-09 0)
(-2.15357e-11 -1.14491e-09 0)
(-4.47733e-11 -1.31421e-09 0)
(-6.9287e-11 -1.36585e-09 0)
(1.35953e-10 -2.66977e-09 0)
(-8.36918e-11 -2.42354e-09 0)
(-2.75095e-11 -1.10516e-09 0)
(0 0 0)
(0 0 0)
(0 0 0)
(2.60328e-11 -1.16375e-09 0)
(-6.1099e-11 -1.06353e-09 0)
(-2.88476e-11 -1.08858e-09 0)
(-2.56364e-11 -1.15059e-09 0)
(0 0 0)
(-7.89958e-12 -1.03784e-09 0)
(-1.07767e-10 -2.7224e-09 0)
(7.50772e-11 -1.10115e-09 0)
(3.40725e-11 -1.14536e-09 0)
(2.83913e-11 -1.15634e-09 0)
(3.75462e-11 -2.48129e-09 0)
(7.38786e-11 -2.49373e-09 0)
(6.32551e-11 -1.14552e-09 0)
(3.56408e-11 -1.1821e-09 0)
(-3.90822e-11 -1.11541e-09 0)
(1.77379e-11 -1.10736e-09 0)
(0 0 0)
(-1.64264e-10 -3.64342e-09 0)
(0 0 0)
(-7.35305e-11 -1.37035e-09 0)
(0 0 0)
(0 0 0)
(-6.93009e-12 -1.27516e-09 0)
(0 0 0)
(-1.37009e-10 -3.91251e-09 0)
(0 0 0)
(0 0 0)
(-8.00219e-12 -9.93619e-10 0)
(-1.67062e-11 -1.18373e-09 0)
(-2.18388e-11 -1.28035e-09 0)
(5.36549e-11 -1.37727e-09 0)
(2.75269e-10 -2.56856e-09 0)
(7.71054e-11 -2.29447e-09 0)
(3.63949e-12 -1.02493e-09 0)
(0 0 0)
(-2.1161e-11 -1.10414e-09 0)
(1.1846e-11 -1.34119e-09 0)
(0 0 0)
(4.49507e-11 -1.28e-09 0)
(0 0 0)
(0 0 0)
(-4.67604e-11 -1.22566e-09 0)
(1.56397e-10 -2.47503e-09 0)
(9.73315e-11 -2.47716e-09 0)
(-1.97842e-11 -9.95972e-10 0)
(-6.37814e-12 -1.07672e-09 0)
(-2.61206e-11 -1.09696e-09 0)
(3.51176e-11 -1.17339e-09 0)
(-1.27568e-11 -2.50408e-09 0)
(1.67294e-11 -2.36267e-09 0)
(3.38668e-11 -2.44508e-09 0)
(-7.51957e-12 -9.52285e-10 0)
(3.34066e-11 -1.0032e-09 0)
(-3.83478e-11 -1.12971e-09 0)
(-2.59551e-11 -1.23684e-09 0)
(2.15011e-11 -1.22152e-09 0)
(0 0 0)
(0 0 0)
(0 0 0)
(0 0 0)
(-3.68476e-08 1.60685e-08 0)
(-3.10684e-09 1.91059e-09 0)
(-2.76246e-10 -1.28208e-09 0)
(-9.38128e-11 -1.13777e-09 0)
(0 0 0)
(5.83532e-11 -2.3962e-09 0)
(-2.43857e-11 -1.08182e-09 0)
(-1.2539e-11 -1.23623e-09 0)
(-1.57512e-11 -1.32367e-09 0)
(1.62766e-11 -1.20905e-09 0)
(2.55273e-11 -1.13356e-09 0)
(5.93879e-11 -2.56866e-09 0)
(1.01637e-11 -1.11086e-09 0)
(1.69428e-11 -1.15838e-09 0)
(3.90497e-12 -1.15425e-09 0)
(-9.40996e-12 -1.103e-09 0)
(-2.10122e-11 -1.08619e-09 0)
(-2.19953e-10 -2.04693e-09 0)
(-2.06872e-11 -1.0453e-09 0)
(0 0 0)
(7.55986e-12 -2.41518e-09 0)
(-4.94333e-11 -1.13527e-09 0)
(1.96441e-11 -1.15714e-09 0)
(2.8602e-11 -1.1776e-09 0)
(1.70978e-11 -1.19893e-09 0)
(4.11034e-13 -1.19848e-09 0)
(3.81812e-12 -1.19216e-09 0)
(-1.46942e-11 -1.17544e-09 0)
(0 0 0)
(-5.27536e-12 -1.14517e-09 0)
(1.25414e-11 -1.06435e-09 0)
(2.79435e-11 -1.1508e-09 0)
(-9.58536e-12 -1.44905e-09 0)
(0 0 0)
(2.07465e-11 -1.13721e-09 0)
(1.25707e-11 -1.11817e-09 0)
(-2.34265e-12 -1.18475e-09 0)
(0 0 0)
(-9.33058e-13 -1.19125e-09 0)
(-2.69165e-11 -1.19625e-09 0)
(-1.05674e-11 -2.15678e-09 0)
(1.08778e-10 -2.19429e-09 0)
(5.73024e-11 -9.99866e-10 0)
(-5.66535e-12 -1.12575e-09 0)
(2.74319e-11 -1.21224e-09 0)
(6.83915e-11 -1.15048e-09 0)
(6.06423e-11 -2.40944e-09 0)
(0 0 0)
(-7.61544e-12 -1.16644e-09 0)
(1.92018e-11 -1.19436e-09 0)
(4.97558e-11 -1.26219e-09 0)
(3.07397e-11 -1.42075e-09 0)
(0 0 0)
(-4.53936e-11 -1.13476e-09 0)
(9.94992e-12 -1.23177e-09 0)
(-1.0496e-12 -1.21591e-09 0)
(4.6855e-11 -9.69264e-10 0)
(-5.70063e-12 -1.13001e-09 0)
(-4.39912e-11 -2.39906e-09 0)
(-4.58607e-11 -1.05362e-09 0)
(-9.86432e-12 -1.11929e-09 0)
(-2.57778e-12 -1.18391e-09 0)
(1.82736e-11 -1.19904e-09 0)
(1.70179e-11 -1.18862e-09 0)
(3.18986e-11 -1.14259e-09 0)
(7.45517e-12 -1.12952e-09 0)
(-1.01136e-11 -1.1161e-09 0)
(-3.5903e-11 -1.11993e-09 0)
(-3.412e-11 -1.18364e-09 0)
(0 0 0)
(1.41524e-11 -1.2288e-09 0)
(2.39132e-11 -1.31025e-09 0)
(-5.21306e-12 -1.22668e-09 0)
(3.00538e-13 -1.18686e-09 0)
(4.57783e-11 -2.57582e-09 0)
)
;


// ************************************************************************* //
