/*--------------------------------*- C++ -*----------------------------------*\
  =========                 |
  \\      /  F ield         | OpenFOAM: The Open Source CFD Toolbox
   \\    /   O peration     | Website:  https://openfoam.org
    \\  /    A nd           | Version:  12
     \\/     M anipulation  |
\*---------------------------------------------------------------------------*/
FoamFile
{
    format      ascii;
    class       volScalarField::Internal;
    location    "0.1";
    object      cloud:UCoeff;
}
// * * * * * * * * * * * * * * * * * * * * * * * * * * * * * * * * * * * * * //

dimensions      [1 0 0 0 0 0 0];

value           nonuniform List<scalar> 
3750
(
7.07246e-08
2.50892e-07
5.20712e-08
6.81245e-08
4.61574e-08
6.12475e-08
5.62178e-08
6.11629e-08
6.44678e-08
6.84385e-08
6.58784e-08
6.24851e-08
5.84574e-08
6.20062e-08
5.85583e-08
6.16428e-08
6.00225e-08
6.40835e-08
6.14625e-08
6.02186e-08
6.66948e-08
6.05073e-08
6.03576e-08
6.4075e-08
7.06144e-08
6.17381e-08
6.4301e-08
6.59295e-08
5.89777e-08
6.34341e-08
6.71772e-08
6.27093e-08
6.29527e-08
6.38713e-08
6.64197e-08
6.17441e-08
6.62112e-08
6.6559e-08
6.74688e-08
5.95492e-08
6.32334e-08
6.39401e-08
6.26403e-08
6.26585e-08
6.24257e-08
6.35204e-08
6.27356e-08
6.41101e-08
6.29307e-08
6.30004e-08
6.48078e-08
5.95703e-08
6.61409e-08
6.20567e-08
6.24848e-08
5.94772e-08
6.37531e-08
6.37153e-08
6.46333e-08
6.24298e-08
6.22941e-08
6.20329e-08
6.58292e-08
5.96097e-08
5.96337e-08
6.25876e-08
6.18198e-08
6.242e-08
6.89379e-08
6.3698e-08
6.57386e-08
6.31307e-08
6.19197e-08
6.07161e-08
5.88532e-08
1.59511e-07
2.26242e-07
0
1.40829e-07
4.3759e-08
6.36548e-08
5.03518e-08
5.87671e-08
5.54168e-08
6.7542e-08
5.93138e-08
5.74208e-08
5.85587e-08
5.88598e-08
5.97584e-08
5.90901e-08
5.81564e-08
5.26177e-08
5.61002e-08
5.41201e-08
6.00339e-08
6.13568e-08
6.73196e-08
6.8168e-08
0
6.09425e-08
1.48875e-07
6.05792e-08
5.87316e-08
5.82573e-08
6.08675e-08
6.1486e-08
5.81958e-08
6.07261e-08
6.2326e-08
5.84873e-08
6.00438e-08
6.5102e-08
5.92603e-08
6.09957e-08
5.43497e-08
6.15462e-08
2.68865e-08
1.12007e-08
5.99151e-08
6.96769e-08
6.14627e-08
6.37814e-08
6.46364e-08
1.52954e-07
6.01508e-08
5.59648e-08
5.91792e-08
6.10484e-08
6.1551e-08
6.15645e-08
5.62268e-08
5.20733e-08
5.91696e-08
5.9323e-08
5.96293e-08
5.83854e-08
5.97295e-08
6.13998e-08
6.66402e-08
6.01824e-08
6.21959e-08
6.68177e-08
5.80686e-08
6.88322e-08
5.45912e-08
5.30708e-08
6.0504e-08
6.36935e-08
6.00267e-08
1.49037e-07
2.70753e-07
4.30808e-08
6.32242e-08
4.30879e-08
6.38518e-08
6.01215e-08
6.30006e-08
5.99653e-08
6.06135e-08
6.2624e-08
6.22592e-08
5.69805e-08
6.13439e-08
6.25413e-08
5.84144e-08
6.06186e-08
5.785e-08
5.6773e-08
5.90031e-08
5.36034e-08
5.46276e-08
6.00953e-08
1.21491e-07
6.47538e-08
8.35556e-08
5.54782e-08
6.25451e-08
1.15238e-08
7.39339e-08
8.39762e-08
8.52535e-08
6.44462e-08
5.91502e-08
5.17374e-08
6.46678e-08
2.40736e-08
1.61952e-08
6.59054e-08
6.4459e-08
6.12097e-08
6.25168e-08
6.08748e-08
5.78106e-08
5.55034e-08
6.08713e-08
6.27554e-08
6.28766e-08
6.14152e-08
6.20554e-08
6.12191e-08
5.90701e-08
5.92592e-08
5.98801e-08
6.16162e-08
6.15901e-08
5.97213e-08
6.75414e-08
5.40915e-08
6.39611e-08
8.90862e-08
3.26588e-08
6.19537e-08
6.12402e-08
6.46628e-08
6.74937e-08
6.81713e-08
6.43331e-08
6.3298e-08
6.53124e-08
6.68654e-08
6.20307e-08
6.18471e-08
6.07155e-08
6.02033e-08
1.4739e-07
1.36495e-07
5.37381e-08
5.91983e-08
6.06477e-08
6.25972e-08
6.48174e-08
6.50169e-08
6.54345e-08
6.60678e-08
6.67143e-08
6.44404e-08
6.23538e-08
5.84122e-08
6.24657e-08
6.33449e-08
6.01746e-08
6.00432e-08
6.02702e-08
5.92924e-08
5.96542e-08
6.98864e-08
1.42266e-07
6.69208e-08
6.27799e-08
5.46603e-08
5.44544e-08
6.31712e-08
1.3887e-08
3.68099e-08
6.46144e-08
1.53337e-07
6.35899e-08
5.8477e-08
5.72195e-08
5.70609e-08
5.8269e-08
6.44367e-08
0
6.08988e-08
6.25534e-08
1.57574e-07
6.16812e-08
5.22943e-08
4.99252e-08
6.10702e-08
0
1.51662e-07
6.04427e-08
6.32291e-08
1.91487e-08
2.61036e-08
5.85996e-08
5.91409e-08
5.97486e-08
7.47463e-08
7.30894e-08
7.92932e-08
1.89426e-08
6.05847e-08
1.542e-07
0
6.28301e-08
5.79195e-08
6.22247e-08
6.47241e-08
6.50965e-08
7.21047e-08
6.46519e-08
6.04126e-08
6.42332e-08
6.24573e-08
8.52745e-08
5.07298e-08
5.32518e-08
1.46278e-07
2.19495e-07
5.38263e-08
5.92537e-08
5.9218e-08
6.19827e-08
6.31984e-08
6.14096e-08
6.21361e-08
6.28159e-08
6.45245e-08
6.33972e-08
6.31192e-08
6.29561e-08
6.24486e-08
6.20292e-08
6.33032e-08
5.99136e-08
6.00777e-08
6.17004e-08
6.49073e-08
6.02246e-08
1.21461e-07
8.23669e-08
9.49714e-09
1.31929e-07
6.11393e-08
6.33266e-08
1.13467e-08
4.13009e-08
5.77694e-08
6.19673e-08
6.21613e-08
1.56944e-07
5.96553e-08
5.68107e-08
5.84198e-08
6.364e-08
6.31852e-08
6.39975e-08
6.53267e-08
1.95351e-08
5.14076e-08
1.21284e-07
5.0642e-09
5.90861e-08
7.82935e-08
1.22505e-07
6.26721e-08
6.24539e-08
0
5.83768e-08
5.92603e-08
6.05917e-08
6.35558e-08
6.54779e-08
9.97236e-08
1.07013e-07
0
6.25083e-08
7.99077e-08
1.34218e-07
5.51438e-08
6.04868e-08
2.07789e-08
5.73116e-08
4.32424e-08
9.21613e-08
1.04442e-07
5.55593e-08
5.65452e-08
6.29579e-08
2.41288e-08
2.97881e-08
8.59314e-08
1.48487e-07
4.64492e-07
5.01816e-08
5.83868e-08
5.80607e-08
5.99656e-08
6.4357e-08
1.52764e-07
5.79166e-08
6.31371e-08
0
5.95701e-08
6.05688e-08
5.9826e-08
6.98346e-08
5.72247e-08
6.31366e-08
5.97817e-08
5.83544e-08
5.95744e-08
5.96159e-08
1.54752e-07
3.10191e-08
6.24243e-08
7.35763e-09
5.95805e-08
1.53597e-07
6.53505e-08
6.3406e-09
5.66973e-08
5.5393e-08
6.30001e-08
6.4609e-08
6.31931e-08
6.86159e-08
8.47892e-08
1.23948e-07
6.31285e-08
6.38956e-08
6.3693e-08
6.47158e-08
6.32943e-08
2.32583e-08
1.04172e-07
6.25906e-08
5.44359e-08
5.43688e-08
6.25738e-08
4.47601e-09
5.52588e-08
6.28582e-08
6.3049e-08
6.45853e-08
6.2484e-08
6.44664e-08
1.17318e-07
8.19941e-08
6.07169e-08
6.48731e-08
2.25776e-09
5.94037e-08
1.52971e-07
5.50952e-08
5.56725e-08
6.26002e-08
6.53256e-08
6.67249e-08
6.64305e-08
6.20504e-08
5.70246e-08
6.35925e-08
2.49351e-08
7.51209e-08
4.41756e-08
1.0443e-07
1.47912e-07
2.34253e-07
5.94046e-08
5.71253e-08
6.53291e-08
5.98955e-08
6.50037e-08
6.41874e-08
6.71768e-08
6.37253e-08
6.46545e-08
5.90709e-08
6.31994e-08
1.08756e-07
1.00048e-07
6.39899e-08
0
8.20175e-08
3.78553e-08
5.97156e-08
9.90413e-08
7.8492e-08
4.51889e-09
6.13842e-08
6.51714e-08
6.49529e-08
6.63398e-08
6.84252e-08
8.45146e-08
7.13163e-08
3.70709e-08
6.38136e-08
6.02803e-08
1.11583e-07
1.05923e-08
6.69891e-08
1.47131e-07
2.53391e-08
1.73748e-08
6.14871e-08
6.46288e-08
1.05992e-07
5.9198e-08
1.11982e-07
6.54998e-08
5.96637e-08
5.73074e-08
5.81457e-08
1.36619e-08
3.64304e-08
6.24579e-08
5.96669e-08
5.87913e-08
8.53773e-08
1.17134e-07
6.28848e-08
5.61234e-08
5.21329e-08
6.30158e-08
2.70718e-08
1.55014e-08
6.34759e-08
6.8345e-08
1.45863e-07
6.29868e-08
6.45902e-08
6.28572e-08
6.13902e-08
6.32113e-08
6.41673e-08
6.6095e-08
0
6.51234e-08
6.566e-08
8.44139e-08
1.59915e-07
1.69428e-07
5.95461e-08
5.62378e-08
6.37939e-08
5.79581e-08
6.44315e-08
6.07391e-08
6.584e-08
6.59773e-08
6.45279e-08
7.99097e-08
1.3178e-07
6.36382e-08
6.26029e-08
5.55805e-08
5.35893e-08
5.4827e-08
5.74448e-08
5.99893e-08
6.11483e-08
1.63979e-08
3.05753e-08
6.23216e-08
6.4343e-08
6.22471e-08
6.54779e-08
1.45759e-07
6.30999e-08
6.34057e-08
6.25722e-08
6.11602e-08
5.66981e-08
5.87721e-08
0
5.84383e-08
6.40252e-08
6.62999e-08
6.23971e-08
6.21648e-08
6.26442e-08
9.45901e-08
9.41367e-08
8.1468e-08
1.44972e-08
8.8464e-08
8.46121e-08
5.87906e-08
5.52758e-08
5.41343e-08
5.20597e-08
5.59759e-08
5.54036e-08
5.63356e-08
5.64374e-08
6.14496e-08
6.17324e-08
5.59532e-08
6.03024e-08
6.43034e-08
1.47355e-08
4.03831e-08
5.80083e-08
6.30213e-08
6.08078e-08
1.58646e-07
2.7683e-08
5.9346e-08
1.06973e-07
1.11005e-08
1.34315e-07
0
6.19736e-08
1.19403e-07
8.11631e-08
2.50323e-07
4.60645e-08
6.07146e-08
5.23771e-08
6.37752e-08
7.95531e-08
8.51307e-08
1.46925e-08
8.08918e-08
1.34698e-07
5.74104e-08
5.82655e-08
5.93705e-08
6.25221e-08
5.80076e-08
5.83048e-08
5.57191e-08
5.58022e-08
5.71794e-08
5.25967e-08
5.42819e-08
3.02522e-08
7.58054e-08
5.63713e-08
5.5874e-08
5.41499e-08
5.89176e-08
5.67556e-08
4.92235e-08
5.77717e-08
6.3253e-08
6.05023e-08
6.27586e-08
6.49503e-08
5.44984e-09
5.05595e-08
6.27152e-08
6.51158e-08
6.21789e-08
6.21098e-08
6.33726e-08
7.25595e-08
1.49e-07
6.59272e-08
1.95744e-08
5.01273e-08
3.7006e-08
9.50818e-08
4.3511e-08
8.95232e-08
8.99332e-08
6.07435e-08
5.68431e-08
5.74684e-08
5.21284e-08
5.70059e-08
6.16171e-08
5.88446e-08
5.98206e-08
5.68515e-08
1.83622e-08
3.15683e-08
5.74626e-08
6.44153e-08
6.57577e-08
6.66262e-08
6.83803e-08
6.60595e-08
6.63205e-08
6.78971e-08
7.95024e-08
1.42537e-07
2.67984e-08
9.48366e-08
1.01562e-08
1.55674e-07
2.06963e-07
6.04962e-08
5.51784e-08
6.47913e-08
6.87457e-08
9.95639e-08
6.96806e-08
7.54522e-09
1.58061e-07
6.32172e-08
6.03403e-08
6.01793e-08
5.60543e-08
5.41425e-08
5.38645e-08
5.65465e-08
5.1439e-08
6.24609e-08
5.41821e-08
6.28448e-08
6.15217e-08
5.16137e-08
5.06528e-08
5.71355e-08
5.52593e-08
5.21113e-08
5.53464e-08
5.30237e-08
6.37788e-08
6.49522e-08
6.29475e-08
2.6907e-08
2.63254e-08
5.33964e-08
6.32968e-08
6.28462e-08
1.22755e-07
3.64678e-08
4.69716e-08
1.34522e-07
6.23844e-08
6.9021e-08
6.73742e-08
6.54952e-08
0
5.99134e-08
6.37788e-08
1.49042e-07
6.2202e-08
5.95802e-08
5.70886e-08
5.89377e-08
5.95644e-08
5.75581e-08
6.25399e-08
6.50542e-08
1.91362e-08
1.04746e-07
6.14297e-08
2.28353e-08
2.13854e-08
6.19886e-08
6.40339e-08
6.58759e-08
6.60425e-08
6.85898e-08
6.66179e-08
6.44778e-08
6.89218e-08
7.05919e-08
1.48877e-07
2.99867e-08
8.98476e-08
8.20221e-09
1.61925e-07
1.29257e-07
5.56955e-08
5.54505e-08
6.14778e-08
5.47782e-08
6.1996e-08
6.7624e-08
1.00631e-07
1.07688e-07
3.29274e-08
8.46422e-08
5.79557e-08
1.61879e-08
3.33451e-08
1.08045e-07
1.63895e-08
6.80701e-08
6.53606e-08
6.48902e-08
6.62048e-08
6.60443e-08
6.65733e-08
6.60213e-08
6.55373e-08
8.52671e-08
9.47567e-08
3.93609e-08
3.05099e-08
6.25032e-08
7.58046e-08
1.07244e-07
5.01563e-08
2.88432e-08
6.26579e-08
6.47226e-08
1.56345e-07
5.9043e-08
5.28898e-08
5.24783e-08
6.14635e-08
5.7102e-08
6.69595e-08
6.65345e-08
6.55309e-08
2.29063e-08
9.36575e-08
6.65465e-08
6.27132e-08
5.88735e-08
6.00118e-08
5.68554e-08
6.07089e-08
5.89814e-08
5.70036e-08
5.50504e-08
6.42402e-08
0
7.69937e-08
9.97805e-08
1.97886e-08
1.36749e-07
5.78493e-08
6.50715e-08
0
9.69114e-08
3.24047e-08
7.53943e-08
1.29473e-07
6.19491e-08
3.08247e-08
2.63631e-08
1.36451e-07
2.40401e-09
6.13836e-08
1.4626e-07
1.66753e-07
1.39946e-07
7.23514e-09
5.30761e-08
5.32572e-08
6.12613e-08
7.05806e-08
1.48536e-07
3.86854e-08
8.25665e-08
1.31223e-08
3.8512e-08
6.2922e-08
6.37053e-08
6.30429e-08
6.37392e-08
6.1788e-08
6.24794e-08
6.09378e-08
6.44952e-08
6.62699e-08
6.55665e-08
6.359e-08
6.26806e-08
6.22175e-08
6.30812e-08
8.03105e-08
7.04512e-08
3.47277e-08
6.19071e-08
6.28131e-08
1.09138e-07
7.06546e-08
2.32628e-08
1.46729e-07
3.2111e-08
8.02623e-08
5.48687e-08
5.54588e-08
5.78274e-08
5.60194e-08
6.48834e-08
6.63131e-08
6.30069e-08
5.89578e-08
5.70321e-08
6.01512e-08
5.81792e-08
5.64849e-08
5.85063e-08
5.79534e-08
5.82615e-08
5.67863e-08
2.08756e-08
4.07461e-08
7.38468e-08
3.24663e-08
6.4361e-08
6.35932e-08
7.81707e-08
4.95692e-08
6.1557e-08
1.57076e-07
6.6577e-08
6.46578e-08
6.3309e-08
6.10855e-08
5.59945e-08
5.9359e-08
0
6.23533e-08
6.5788e-08
8.37164e-08
4.59979e-08
1.55721e-07
3.51447e-07
5.25957e-08
6.23984e-08
6.10349e-08
5.37846e-08
1.52199e-07
2.28159e-09
1.17665e-07
9.08129e-08
1.31209e-08
3.86068e-08
6.00742e-08
6.46249e-08
6.50608e-08
7.67333e-08
1.05295e-07
8.9114e-09
6.38179e-08
1.5097e-07
2.98345e-08
1.31633e-08
6.22649e-08
6.37467e-08
6.05618e-08
6.28349e-08
6.34519e-08
6.5754e-08
6.46148e-08
6.30284e-08
6.5803e-08
6.79196e-08
6.43437e-08
1.5904e-07
3.05522e-08
9.06738e-08
1.45408e-08
3.70821e-08
6.21397e-08
1.00412e-07
1.06591e-07
6.44227e-08
6.50581e-08
6.10338e-08
5.66714e-08
5.61406e-08
6.20958e-08
6.30269e-08
6.09578e-08
5.70025e-08
5.24574e-08
5.92261e-08
6.41998e-08
9.24305e-09
4.39645e-08
6.41776e-08
6.10729e-08
6.33832e-08
6.58371e-08
6.59657e-08
6.41579e-08
6.39682e-08
6.28831e-08
6.42399e-08
6.7528e-08
7.98399e-08
7.51601e-08
3.87215e-08
6.17627e-08
6.2336e-08
6.2129e-08
9.53895e-08
1.17525e-07
5.50938e-08
5.37929e-08
1.48871e-07
1.1578e-07
5.27613e-08
5.96216e-08
6.93957e-08
1.35125e-07
6.07099e-08
6.58314e-08
6.46073e-08
6.7971e-08
3.31326e-08
8.06728e-09
7.92346e-08
1.18465e-07
2.64866e-08
5.53528e-08
1.05609e-07
6.597e-08
1.28327e-08
1.16118e-07
5.73639e-08
6.12717e-08
2.42979e-08
3.1363e-08
4.77285e-08
6.16373e-08
6.46127e-08
6.26005e-08
6.25506e-08
6.33536e-08
1.5271e-07
2.8575e-08
1.37926e-08
7.29793e-08
1.18432e-07
8.16357e-08
5.81877e-08
6.41111e-08
0
6.27993e-08
8.65634e-08
1.28548e-07
5.98245e-08
5.65308e-08
5.60939e-08
5.29561e-08
5.17359e-08
6.22134e-08
5.8361e-08
0
6.24151e-08
6.21758e-08
6.62858e-08
6.13049e-08
6.1685e-08
8.05507e-08
4.82763e-08
5.89588e-08
6.21612e-08
6.42655e-08
6.46254e-08
6.2478e-08
6.37815e-08
6.5574e-08
6.51912e-08
6.48558e-08
6.55597e-08
6.6207e-08
6.40182e-08
6.74712e-08
6.58995e-08
6.46235e-08
6.44499e-08
6.72766e-08
1.11656e-07
1.65812e-07
3.42098e-07
2.05758e-08
6.85448e-08
5.76757e-08
7.96883e-08
6.16909e-08
6.85229e-08
3.42695e-08
8.54384e-08
6.23414e-08
5.93676e-08
5.41467e-08
5.57284e-08
5.97423e-08
6.38194e-08
6.54823e-08
2.90282e-08
9.25227e-08
5.32078e-08
4.96589e-08
5.68188e-08
1.42144e-08
6.78009e-08
6.10313e-08
1.16436e-07
5.91789e-08
5.0699e-08
5.3818e-08
5.10737e-08
5.37774e-08
6.34308e-08
6.58929e-08
5.97446e-09
6.07446e-08
1.42986e-07
5.93424e-08
6.37531e-08
0
8.52267e-08
7.47124e-08
7.26693e-08
1.06289e-07
1.90795e-08
7.56769e-08
8.91669e-08
6.10162e-08
3.5055e-08
3.68887e-08
2.58276e-08
8.59761e-08
4.02673e-08
6.14213e-08
6.61747e-08
6.63022e-08
7.36315e-08
5.35622e-08
6.24243e-08
6.01785e-08
6.80619e-08
6.33409e-08
1.15649e-07
6.67694e-08
1.12872e-08
6.00297e-08
6.55475e-08
6.89937e-08
6.79986e-08
6.55501e-08
6.80195e-08
6.45513e-08
6.8209e-08
6.10466e-08
6.19861e-08
6.27126e-08
1.39833e-07
3.53342e-07
5.02515e-08
6.80425e-08
5.08366e-08
5.40844e-08
5.63529e-08
6.49917e-08
6.08511e-08
5.86659e-08
5.83248e-08
5.4007e-08
5.5845e-08
5.62535e-08
5.34263e-08
6.22606e-08
6.59751e-08
6.69135e-08
0
8.96068e-08
4.99095e-08
1.19839e-07
6.4559e-08
6.39896e-08
6.71003e-08
5.73063e-08
5.86313e-08
5.85173e-08
5.67258e-08
5.37902e-08
5.20186e-08
5.97385e-08
6.72869e-08
3.39781e-08
4.4768e-09
6.30381e-08
6.40478e-08
8.4536e-08
1.29414e-07
6.60767e-08
3.21585e-08
1.69012e-08
7.59807e-08
5.73774e-08
1.15643e-07
3.34584e-08
1.1219e-07
1.65463e-09
5.97884e-08
6.02164e-08
8.4617e-08
3.6521e-08
6.04883e-08
6.26214e-08
6.4444e-08
1.12315e-07
9.41836e-08
2.70593e-08
9.17464e-08
6.13062e-08
5.67667e-08
5.79935e-08
2.30348e-08
2.15893e-08
1.11258e-07
9.54472e-08
0
6.19213e-08
6.13793e-08
1.48825e-07
6.6204e-08
6.51754e-08
0
6.04364e-08
6.39647e-08
1.39832e-07
2.46199e-07
6.96703e-08
1.00006e-07
5.63034e-08
5.44979e-08
6.09648e-08
6.40577e-08
6.34038e-08
6.07016e-08
5.3816e-08
6.26395e-08
6.26418e-08
6.26584e-08
5.83682e-08
5.96802e-08
5.96965e-08
6.80769e-08
2.33671e-09
5.96297e-08
8.03072e-08
1.23418e-07
5.99581e-08
5.82848e-08
6.3819e-08
6.03882e-08
5.51556e-08
3.09259e-08
7.8739e-08
6.16881e-08
5.70772e-08
6.05641e-08
6.71159e-08
6.68025e-08
0
6.14225e-08
5.89106e-08
1.56487e-07
5.77916e-08
5.42427e-08
6.25621e-08
2.36091e-08
5.98297e-08
1.07688e-07
6.48372e-08
4.70491e-09
7.01641e-08
5.01699e-08
5.49356e-08
6.1578e-08
6.45658e-08
6.29244e-08
6.02772e-08
7.12837e-08
6.49587e-08
4.92456e-08
1.56532e-07
2.84015e-08
1.12376e-08
7.64973e-08
1.26602e-07
6.21259e-08
6.58246e-08
1.74992e-08
1.18894e-07
6.76884e-08
0
1.52938e-07
5.54545e-08
4.98255e-08
6.37976e-08
6.17043e-08
5.90153e-08
5.10302e-08
5.08596e-08
1.39828e-07
2.34898e-07
3.78318e-08
1.51427e-07
6.00908e-08
6.57639e-08
6.5112e-08
6.58264e-08
6.40473e-08
6.15273e-08
1.21108e-08
1.21141e-07
6.48968e-08
6.43004e-08
5.5536e-08
2.33829e-08
8.78045e-08
6.34558e-08
6.19965e-08
5.91692e-08
6.15632e-08
6.25525e-08
5.29642e-08
2.69702e-08
6.84318e-08
3.31295e-08
7.69985e-08
2.17758e-08
7.71212e-08
1.3705e-07
6.05354e-08
3.21021e-08
8.2581e-08
6.58252e-08
1.75956e-08
4.8479e-08
8.1425e-08
3.60338e-08
1.41928e-07
5.86252e-08
6.3261e-08
6.17468e-08
5.94582e-08
6.4593e-08
6.5449e-08
0
5.89755e-08
6.37346e-08
6.27513e-08
6.47747e-08
6.7067e-08
6.80055e-08
6.63988e-08
1.08444e-07
3.79985e-08
4.67007e-08
6.56012e-08
6.56601e-08
6.43216e-08
6.23914e-08
6.44069e-08
8.67835e-08
1.33315e-07
6.62207e-08
6.30077e-08
6.65183e-08
8.51676e-09
1.37384e-07
6.15803e-08
5.56446e-08
5.77943e-08
5.93194e-08
5.78498e-08
5.45587e-08
4.93984e-08
1.39832e-07
2.24095e-07
9.72146e-08
9.43079e-08
5.99806e-08
6.4205e-08
5.88232e-08
5.80248e-08
6.34823e-08
0
5.93635e-08
6.19559e-08
1.58537e-07
3.6392e-08
8.20001e-08
5.73609e-08
5.49707e-08
6.21767e-08
5.42831e-08
5.13633e-08
6.1519e-08
6.1206e-08
6.12781e-08
6.79555e-08
1.33999e-08
3.8052e-08
6.01849e-08
6.5167e-08
6.41296e-08
6.35351e-08
6.48597e-08
9.04487e-08
5.11529e-08
1.06249e-07
1.08482e-08
8.26857e-08
1.32913e-07
6.70196e-08
3.38755e-08
7.35895e-08
6.05919e-08
5.98586e-08
5.70936e-08
6.43873e-08
3.08424e-08
2.35172e-08
4.67623e-08
6.27018e-08
6.19839e-08
6.36557e-08
6.93834e-08
5.84058e-08
6.34319e-08
6.43022e-08
6.54634e-08
6.69711e-08
6.4724e-08
6.65274e-08
6.36243e-08
6.58841e-08
6.3917e-08
6.32891e-08
1.59208e-07
6.3645e-08
5.458e-08
5.49047e-08
6.33953e-08
6.343e-08
6.03542e-08
5.6233e-08
3.89435e-09
1.46357e-07
2.21759e-08
2.38887e-08
5.9515e-08
1.39828e-07
2.23519e-07
7.45783e-08
1.13732e-07
6.114e-08
2.80216e-08
5.79253e-08
6.29419e-08
2.68852e-08
6.23099e-08
1.51694e-07
5.99162e-08
5.81465e-08
6.55512e-08
5.98794e-08
5.49248e-08
5.87794e-08
6.31403e-08
6.20558e-08
6.0412e-08
2.7177e-08
6.08387e-08
4.16999e-08
1.31335e-07
0
6.17886e-08
5.93618e-08
5.84463e-08
6.17085e-08
6.19181e-08
9.66104e-08
6.64419e-08
2.77442e-08
6.40193e-08
6.51239e-08
1.19091e-07
8.86561e-08
6.60888e-08
1.97939e-08
5.05917e-08
3.73942e-08
1.50046e-07
6.1063e-08
6.35783e-08
7.9785e-09
6.16752e-08
1.33781e-07
1.45313e-08
7.29079e-08
1.04047e-07
6.2594e-08
5.99078e-08
5.76494e-08
6.441e-08
6.58651e-08
6.65766e-08
0
5.85702e-08
6.00448e-08
1.52974e-07
1.41662e-08
6.43901e-08
1.19353e-07
6.42053e-08
5.36413e-08
5.83616e-08
5.97091e-08
6.33386e-08
2.33634e-08
1.99603e-08
5.79913e-08
6.30369e-08
6.84458e-08
6.78119e-08
6.34477e-08
1.6664e-07
2.30085e-07
8.56374e-08
1.02042e-08
6.86223e-08
6.22535e-08
6.75031e-08
6.46078e-08
7.35993e-08
1.44363e-07
6.17211e-08
5.96364e-08
5.4163e-08
6.53861e-08
6.16193e-08
5.81566e-08
5.88933e-08
6.19905e-08
6.56716e-08
6.18549e-08
6.45758e-08
6.36805e-08
3.29417e-08
5.57854e-09
6.45721e-08
6.54896e-08
6.4369e-08
6.27717e-08
6.2345e-08
6.14347e-08
7.61091e-08
4.63512e-08
8.38728e-08
4.43982e-08
1.48346e-07
5.88917e-08
5.82419e-08
6.40687e-08
2.13131e-08
4.32796e-08
4.12669e-08
5.949e-08
5.87217e-08
1.05895e-07
4.91481e-08
8.18448e-08
8.67264e-08
6.32056e-08
6.12377e-08
5.77542e-08
6.22818e-08
5.40621e-08
5.27487e-08
6.20852e-08
6.39385e-08
6.61461e-08
0
5.84949e-08
1.49725e-07
5.66986e-08
5.15433e-08
6.4336e-08
6.67858e-08
6.34253e-08
0
1.49483e-07
6.48724e-08
0
6.29055e-08
6.40284e-08
6.31752e-08
6.24698e-08
6.15337e-08
6.87347e-08
5.99355e-08
1.39831e-07
2.27734e-07
6.1742e-08
5.22056e-08
1.29814e-07
6.52393e-08
6.41883e-08
1.06801e-08
1.39727e-07
5.98401e-08
6.14517e-08
0
5.9146e-08
1.53713e-07
6.15996e-08
4.67404e-08
4.95341e-08
5.31017e-08
6.21215e-08
5.71436e-08
5.91096e-08
5.72974e-08
3.26589e-08
3.33311e-08
6.38311e-08
2.74782e-08
7.82635e-08
4.61377e-08
6.33662e-08
6.20567e-08
6.3426e-08
6.15382e-08
8.29624e-08
1.02722e-07
2.92892e-08
1.23626e-07
6.20055e-08
6.92484e-09
1.0079e-07
1.09701e-08
6.29873e-08
6.38021e-08
6.61632e-08
6.78541e-08
6.53262e-08
6.21627e-08
1.57048e-07
6.51156e-08
6.4812e-08
3.44127e-08
2.09679e-09
1.56764e-07
1.53389e-08
3.65165e-08
1.5714e-07
6.79201e-08
0
1.00393e-07
1.01001e-07
5.32625e-08
4.76507e-08
6.25742e-08
6.45652e-08
2.11647e-08
2.52916e-08
6.19781e-08
6.67243e-08
6.87645e-08
6.59241e-08
6.35398e-08
6.09952e-08
7.01299e-08
5.81014e-08
6.1331e-08
5.98004e-08
1.39843e-07
2.26167e-07
8.88717e-08
4.39623e-08
1.13147e-07
5.96842e-08
6.21851e-08
6.76493e-08
6.50809e-08
5.93898e-08
0
6.06478e-08
6.09228e-08
6.16425e-08
6.12689e-08
6.04676e-08
7.41642e-08
1.27304e-07
6.36114e-08
6.1386e-08
5.35478e-08
5.90309e-08
6.32429e-08
6.01961e-08
5.55488e-08
5.39967e-08
3.36633e-08
6.18727e-10
6.56313e-08
6.76636e-08
6.12957e-08
6.53983e-08
1.02988e-07
1.06567e-07
6.00316e-08
6.3156e-08
6.32257e-08
0
6.11273e-08
6.27026e-08
6.36746e-08
6.52023e-08
7.34369e-08
5.45677e-08
6.14298e-08
5.96564e-08
8.31616e-08
6.24597e-08
1.37775e-07
6.47005e-08
1.97682e-08
2.94648e-08
6.58587e-08
6.53594e-08
6.51605e-08
6.48693e-08
6.44134e-08
6.14357e-08
6.30477e-08
8.23554e-08
1.24349e-07
6.448e-08
0
6.23263e-08
6.63891e-08
6.57233e-08
6.4513e-08
6.60164e-08
6.47854e-08
6.37121e-08
8.28e-08
1.32514e-07
5.92953e-08
5.28322e-08
5.76351e-08
1.58484e-07
2.35928e-07
4.35982e-08
9.25493e-08
8.37818e-08
8.184e-08
6.47886e-08
6.70942e-08
6.5128e-08
6.43515e-08
0
6.02231e-08
6.10892e-08
6.3863e-08
5.95922e-08
5.97855e-08
6.0502e-08
5.99217e-08
7.52814e-08
9.1637e-08
2.32246e-08
7.15204e-08
6.58711e-08
1.31035e-07
5.97784e-08
5.85414e-08
6.22852e-08
6.36115e-08
6.60653e-08
1.1227e-08
9.49471e-08
7.79935e-08
5.61191e-08
6.18189e-08
6.26321e-08
1.5752e-08
5.42743e-08
4.29747e-08
6.18393e-08
6.42402e-08
6.51531e-08
8.2743e-08
4.47945e-08
6.76856e-08
6.18091e-08
5.67638e-08
1.06385e-07
9.82434e-08
6.05322e-08
2.12617e-08
1.04384e-07
6.40614e-08
2.46706e-08
3.64797e-08
4.41512e-08
6.43226e-08
6.43565e-08
6.52818e-08
6.42557e-08
6.25837e-08
6.15571e-08
6.14887e-08
6.6761e-08
6.41152e-08
6.1607e-08
6.411e-08
6.38742e-08
6.40382e-08
6.5324e-08
6.47247e-08
8.21403e-08
1.30388e-07
6.19973e-08
5.95005e-08
5.45992e-08
1.39828e-07
2.74472e-07
8.68222e-08
6.47153e-08
4.78352e-08
5.89801e-08
2.50173e-08
1.76842e-08
6.5803e-08
6.62741e-08
6.41827e-08
6.00184e-08
1.23206e-07
2.11419e-09
6.02463e-08
5.8839e-08
5.6995e-08
5.9888e-08
6.20188e-08
6.30776e-08
6.05927e-08
6.16472e-08
7.76752e-08
1.36862e-07
2.76232e-08
8.50303e-08
3.12535e-08
8.31078e-08
6.50784e-08
6.14238e-08
2.23874e-08
3.17502e-08
4.77234e-08
6.14103e-08
1.09302e-07
7.63548e-08
2.84248e-08
4.59705e-08
1.52554e-07
6.32709e-08
6.24959e-08
5.94936e-08
5.47963e-08
5.98675e-08
6.41268e-08
3.12658e-08
2.91103e-08
1.24995e-07
5.69335e-08
3.08893e-08
8.38353e-08
6.41143e-08
2.93633e-08
7.68626e-09
5.91647e-08
6.1374e-08
6.16677e-08
1.0105e-07
2.77974e-08
6.16599e-08
6.32583e-08
6.20829e-08
6.80081e-08
6.59265e-08
6.48414e-08
6.8342e-08
6.51525e-08
6.64123e-08
6.59536e-08
6.45037e-08
6.26022e-08
1.09743e-07
3.4995e-08
4.9917e-08
1.4808e-07
1.58332e-07
2.3636e-07
3.23369e-08
6.82235e-08
5.67559e-08
1.59975e-07
0
6.32776e-08
6.68016e-08
6.79494e-08
6.14894e-08
6.14176e-08
1.54313e-07
2.89149e-08
6.65938e-09
5.75999e-08
6.13889e-08
6.23126e-08
6.47924e-08
5.97424e-08
6.04954e-08
6.39916e-08
7.00508e-08
8.23639e-08
3.21096e-08
5.96081e-08
6.02042e-08
1.60718e-07
3.24754e-08
3.5388e-08
4.08568e-08
5.76768e-08
6.35734e-08
6.58815e-08
6.51911e-08
6.52136e-08
6.36305e-08
6.12688e-08
6.39844e-08
1.11413e-07
9.30722e-08
5.41438e-08
5.11252e-08
5.43821e-08
6.23293e-08
1.51403e-08
3.25254e-08
6.13287e-08
6.84168e-08
6.83137e-08
6.43627e-08
6.42815e-08
6.12551e-08
6.35704e-08
6.37041e-08
6.15325e-08
1.29234e-07
8.19563e-08
0
5.97081e-08
6.06687e-08
5.85704e-08
6.1526e-08
6.25421e-08
6.32148e-08
6.60103e-08
6.41872e-08
1.1915e-07
3.42784e-08
4.24768e-08
6.65737e-08
5.62712e-08
6.36477e-08
6.40883e-08
6.69192e-08
1.39828e-07
2.06878e-07
7.12913e-08
9.30747e-08
5.30916e-08
1.17327e-07
6.58888e-08
6.39277e-08
6.07119e-08
5.73955e-08
6.4797e-08
6.31004e-08
5.64853e-08
5.4948e-08
0
5.75394e-08
1.52896e-07
0
6.00392e-08
6.00129e-08
6.03464e-08
6.10707e-08
6.23085e-08
6.08994e-08
6.15551e-08
5.96817e-08
6.1062e-08
6.90741e-08
6.7528e-08
7.68928e-08
8.54241e-08
4.92983e-08
4.13955e-08
6.11181e-08
6.26975e-08
6.05683e-08
5.95839e-08
6.04182e-08
7.77226e-08
1.40216e-07
2.74113e-08
1.43104e-08
1.48901e-07
6.07685e-08
1.15904e-08
4.95374e-08
5.58862e-08
6.27334e-08
6.65945e-08
6.33046e-08
6.50675e-08
6.21493e-08
6.51905e-08
6.2724e-08
6.51439e-08
9.79475e-08
1.21953e-07
6.75816e-08
6.43509e-08
6.15523e-08
2.11522e-08
2.17219e-08
5.89891e-08
6.00355e-08
7.87353e-08
7.11427e-08
1.22323e-07
1.70598e-08
9.01501e-08
4.81909e-08
2.31954e-08
5.82167e-08
6.19022e-08
6.65782e-08
6.6414e-08
1.40852e-07
2.17632e-07
5.56899e-08
9.91597e-08
9.87591e-08
6.94615e-08
6.35254e-08
6.44995e-08
5.54399e-08
5.33043e-08
5.35974e-08
6.52824e-08
0
6.00697e-08
6.07428e-08
6.32437e-08
6.60733e-08
6.31145e-08
6.46284e-08
6.16639e-08
5.83368e-08
5.86904e-08
6.15593e-08
6.33211e-08
6.27209e-08
6.25436e-08
7.44814e-08
5.55318e-08
6.2501e-08
6.4583e-08
6.48123e-08
8.3035e-08
7.2348e-08
1.22248e-07
9.15903e-09
4.50412e-08
6.01916e-08
5.98104e-08
8.75511e-08
1.2159e-07
7.61711e-09
4.76787e-08
5.99966e-08
6.38998e-08
6.71229e-08
6.39694e-08
6.41623e-08
6.5141e-08
6.51969e-08
6.76684e-08
6.29083e-08
6.16901e-08
6.14143e-08
6.81741e-08
7.0933e-08
1.51597e-07
6.60613e-08
6.6454e-08
1.34363e-08
6.22552e-08
3.74488e-08
6.12667e-08
6.45389e-08
6.35843e-08
6.31802e-08
1.17852e-07
9.03538e-08
6.88415e-08
6.60386e-08
1.27189e-08
5.86781e-08
8.41355e-08
9.64955e-08
6.48243e-08
3.1184e-08
1.40439e-07
2.14489e-07
3.63926e-08
1.12438e-07
9.05785e-08
6.85459e-08
6.36668e-08
6.41251e-08
5.76154e-08
5.88503e-08
5.95432e-08
6.72457e-08
0
5.95448e-08
1.55445e-07
1.1678e-08
4.18563e-08
6.18543e-08
7.15967e-08
1.14069e-07
2.49034e-08
3.99418e-08
6.0244e-08
6.54346e-08
6.339e-08
9.66762e-08
1.18238e-07
1.61172e-08
3.38901e-08
5.95972e-08
6.23886e-08
6.07387e-08
1.50659e-07
6.53487e-08
6.23383e-08
3.19054e-08
5.05845e-09
5.92899e-08
6.22154e-08
9.68063e-08
3.01142e-08
6.38105e-08
6.20112e-08
6.31389e-08
6.47623e-08
6.5783e-08
6.54018e-08
6.38831e-08
6.16982e-08
6.16258e-08
7.40714e-08
1.2909e-07
5.58081e-08
6.37836e-08
6.30151e-08
6.06389e-08
6.55517e-08
3.06456e-08
4.12915e-08
2.85758e-08
5.99433e-08
6.96998e-08
5.44211e-08
9.19423e-08
1.20716e-07
5.74376e-08
6.45367e-08
6.62487e-08
6.47833e-08
3.36207e-08
5.74792e-08
4.87779e-08
9.81563e-08
6.6159e-08
6.39826e-08
1.39831e-07
2.34193e-07
5.2625e-08
7.43752e-08
1.32103e-07
7.03091e-08
1.78993e-08
3.52931e-08
1.02671e-07
9.28238e-08
6.22554e-08
6.40891e-08
1.13861e-08
1.23215e-07
6.32071e-08
6.05254e-08
2.88176e-08
3.14879e-08
1.15876e-07
2.33681e-08
1.03697e-07
5.48041e-08
5.1277e-08
5.60416e-08
6.36902e-08
2.23103e-08
1.04548e-07
6.32977e-08
8.10561e-09
1.30354e-07
5.70753e-08
5.68052e-08
5.87208e-08
5.70761e-08
6.21513e-08
1.39375e-09
5.99398e-08
6.00143e-08
6.36835e-08
6.58683e-08
6.54736e-08
6.65305e-08
8.7313e-08
4.01886e-08
7.28769e-08
8.02796e-08
3.96504e-08
6.0621e-08
6.31108e-08
6.1696e-08
6.08331e-08
6.49673e-08
1.51966e-07
2.09709e-08
1.18738e-07
6.62156e-08
6.71754e-08
2.00613e-09
5.90763e-08
7.47777e-08
6.51219e-08
7.93244e-08
1.08798e-07
6.21051e-08
6.15389e-08
5.92108e-08
6.31869e-08
6.34349e-08
3.35712e-08
8.34529e-08
6.30538e-08
1.64847e-08
2.83762e-08
1.03863e-07
1.04495e-07
1.39831e-07
2.25621e-07
6.82659e-08
4.62169e-08
1.08874e-07
1.59382e-08
1.05671e-07
7.84783e-08
3.43726e-08
1.20388e-07
6.12399e-08
6.07988e-08
5.92791e-08
5.75217e-08
5.55398e-08
5.69898e-08
5.42589e-08
4.95525e-08
5.56309e-08
6.19105e-08
5.70152e-08
5.18198e-08
5.04147e-08
5.61044e-08
6.16785e-08
1.51013e-08
8.86807e-08
8.68897e-08
1.79022e-08
6.55851e-08
2.54837e-08
6.1152e-08
6.13555e-08
7.06735e-08
8.49118e-08
8.53694e-08
1.73869e-08
5.71845e-08
6.08642e-08
6.37033e-08
6.53197e-08
6.70135e-08
6.76378e-08
6.60507e-08
1.10432e-07
9.6847e-08
1.43e-08
3.65485e-08
6.36957e-08
6.48349e-08
6.17958e-08
5.91422e-08
6.28731e-08
1.2796e-07
5.96717e-08
1.20042e-08
6.40845e-08
6.43175e-08
6.25931e-08
6.31466e-08
6.55305e-08
9.4171e-08
1.16523e-07
6.26466e-08
6.42925e-08
6.33173e-08
3.45335e-08
3.58602e-08
8.91813e-08
8.50082e-08
1.56952e-08
7.57594e-08
4.39892e-08
7.26378e-08
3.89768e-08
1.40734e-07
2.21814e-07
4.95094e-08
5.48065e-08
1.14508e-07
7.01472e-08
7.90273e-09
8.02357e-08
5.29119e-08
1.41509e-07
6.47508e-08
6.396e-08
5.89937e-08
5.59339e-08
5.88961e-08
5.95453e-08
5.82153e-08
6.07282e-08
6.61136e-08
8.79072e-09
9.85231e-08
8.49452e-08
6.29678e-08
1.52242e-08
7.56735e-08
2.14724e-08
6.34847e-08
6.41393e-08
6.42965e-08
7.7039e-08
4.84112e-08
6.19231e-08
6.30756e-08
6.17311e-08
6.26756e-08
6.68839e-08
9.97792e-08
4.87406e-08
4.60178e-08
6.42763e-08
6.1536e-08
5.92338e-08
1.05333e-07
9.60172e-08
3.17945e-08
8.21245e-08
5.83879e-08
6.4268e-08
6.49514e-08
6.0366e-08
4.99066e-08
5.26544e-08
6.34278e-08
6.49914e-08
6.50275e-08
1.94002e-08
2.64985e-08
5.97912e-08
6.0121e-08
5.90391e-08
1.53495e-07
6.45381e-08
5.80638e-08
6.29266e-08
6.78001e-08
2.19328e-08
7.643e-08
1.10346e-08
9.34388e-08
1.24954e-07
0
1.08022e-07
9.57194e-08
3.66099e-08
3.26158e-08
1.39831e-07
2.28229e-07
4.61715e-08
5.82886e-08
8.36076e-08
1.33834e-07
5.81901e-08
5.53162e-08
5.46294e-08
5.6337e-08
5.38344e-08
6.29602e-08
5.63109e-08
5.77857e-08
5.7462e-08
5.69241e-08
5.77148e-08
5.66788e-08
6.3053e-08
5.82753e-08
6.15023e-08
2.51612e-08
4.98254e-08
4.93779e-08
4.14427e-08
8.77782e-08
1.24546e-07
2.23982e-09
9.73133e-08
6.24e-08
2.51803e-08
6.06053e-08
6.06042e-08
6.24999e-08
5.93884e-08
6.30784e-08
6.42213e-08
6.78454e-08
1.59913e-07
2.67624e-08
1.73446e-08
5.977e-08
5.96899e-08
9.74469e-08
1.06381e-07
6.08185e-08
5.67778e-08
6.34648e-08
6.49461e-08
6.18295e-08
5.57548e-08
6.11064e-08
6.72943e-08
6.85558e-08
6.41913e-08
1.79351e-08
2.58096e-08
5.79143e-08
5.87261e-08
6.3872e-08
1.54387e-07
6.37884e-08
6.54729e-08
6.83234e-08
6.77312e-08
1.55553e-08
3.61912e-08
6.13533e-08
1.5474e-07
6.665e-08
5.76949e-08
5.41286e-08
2.36491e-08
1.03966e-07
1.33883e-08
1.42356e-07
2.16977e-07
4.14219e-08
5.79248e-08
6.601e-08
6.27363e-08
1.51861e-07
6.33277e-08
6.17772e-08
6.52062e-08
0
6.22475e-08
1.06041e-07
5.75486e-08
1.05061e-07
6.11173e-08
5.65718e-08
5.34796e-08
5.25322e-08
5.49072e-08
2.76638e-08
6.32979e-08
1.59466e-08
5.40542e-08
7.96555e-08
1.301e-07
6.21684e-08
2.54055e-08
6.66214e-08
8.42777e-08
6.02024e-08
0
1.50196e-07
2.26143e-08
2.96689e-08
5.16773e-08
6.27657e-08
1.58414e-07
6.23946e-08
3.25313e-08
3.22677e-09
6.17539e-08
6.86656e-08
7.29547e-08
4.94285e-08
6.31284e-08
1.53303e-07
6.59559e-08
6.54142e-08
2.69728e-08
9.58645e-08
6.67493e-08
6.83165e-08
6.89339e-08
2.02552e-08
2.6142e-08
5.98686e-08
5.77106e-08
1.47083e-07
2.18521e-08
9.54782e-08
6.06357e-08
6.75081e-08
6.81493e-08
1.91579e-08
7.32903e-08
1.00784e-07
2.57549e-08
1.63484e-08
1.55678e-07
6.31726e-08
5.81676e-08
6.26402e-08
6.52196e-08
6.22547e-08
1.43026e-07
2.33198e-07
5.52888e-08
5.86172e-08
6.63293e-08
6.3486e-08
1.15353e-07
8.48388e-08
6.31522e-08
6.47387e-08
1.33928e-09
1.48961e-07
6.34589e-08
6.4607e-08
2.28413e-08
2.02051e-08
8.00348e-08
1.10268e-07
5.86379e-08
6.27615e-08
4.39533e-09
5.5651e-08
6.15136e-08
6.08242e-08
6.37498e-08
7.14778e-08
1.50024e-07
3.58387e-08
8.0734e-08
5.57233e-08
5.42183e-08
5.37819e-08
6.04297e-08
6.19259e-08
3.08167e-08
8.2042e-08
6.60758e-08
6.14608e-08
6.17288e-08
6.28014e-08
1.35782e-08
5.6987e-08
5.50115e-08
8.44e-08
5.65925e-08
3.01484e-08
8.82642e-08
3.5141e-08
1.58614e-07
6.18223e-08
6.77095e-08
6.77877e-08
6.83949e-08
3.82888e-08
3.99021e-08
1.04527e-07
5.83359e-08
5.78473e-08
6.00559e-08
5.64906e-08
5.82245e-08
5.71831e-08
6.62528e-08
6.4454e-08
6.50135e-08
6.24725e-08
6.0195e-08
7.91348e-09
4.90131e-08
6.66123e-08
6.37973e-08
6.62916e-08
6.25643e-08
6.43043e-08
8.10284e-08
1.49904e-07
2.45526e-07
7.86923e-08
1.67284e-08
4.75156e-08
1.44023e-07
2.37263e-08
9.89424e-08
6.13221e-08
5.58788e-08
5.40105e-08
5.19723e-08
5.81384e-08
6.35619e-08
1.77985e-08
2.60091e-08
5.90017e-08
6.18923e-08
6.4436e-08
6.40627e-08
6.15394e-08
6.25153e-08
6.08938e-08
1.13045e-07
2.23602e-08
5.46484e-08
6.3018e-08
1.19639e-07
9.50684e-08
5.67389e-08
5.80148e-08
6.03977e-08
5.9654e-08
5.54141e-08
6.19696e-08
6.34421e-08
6.63014e-08
2.37111e-08
2.62386e-08
1.10486e-07
9.20702e-08
1.93497e-08
2.58792e-08
6.0861e-08
6.27101e-08
6.25114e-08
6.25678e-08
6.1782e-08
1.55973e-07
6.00293e-08
6.53818e-08
6.64471e-08
2.09692e-08
1.12769e-07
3.11993e-08
7.20317e-08
5.70099e-08
5.60878e-08
6.27895e-08
5.31168e-08
5.48687e-08
5.50905e-08
6.4904e-08
6.63251e-08
0
1.59505e-07
6.63214e-08
1.97695e-08
2.60448e-08
6.18199e-08
6.10399e-08
5.93421e-08
6.2816e-08
6.40751e-08
6.53139e-08
1.39828e-07
2.17344e-07
1.08832e-07
4.89582e-08
1.05207e-07
6.77304e-08
0
6.24563e-08
1.48218e-07
6.17748e-08
5.80275e-08
5.70467e-08
6.33731e-08
3.34214e-09
5.52538e-08
6.10631e-08
6.24084e-08
6.22317e-08
5.97366e-08
1.05842e-07
1.77805e-08
6.07439e-08
5.9994e-08
9.54323e-08
2.7454e-08
8.23407e-08
1.30325e-07
6.64572e-08
6.20764e-08
5.79868e-08
5.68547e-08
5.50068e-08
5.37965e-08
5.62483e-08
5.68466e-08
1.71134e-08
7.94785e-08
2.09317e-08
6.44515e-08
1.02721e-07
8.2991e-08
1.76786e-08
5.18964e-08
5.86551e-08
6.11758e-08
6.11347e-08
6.35487e-08
6.72829e-08
1.07313e-07
9.57438e-08
6.89077e-08
6.60265e-08
6.45466e-08
4.39662e-09
5.31181e-08
5.86243e-08
5.9668e-08
5.94859e-08
1.50962e-07
6.10609e-08
6.13327e-08
6.18708e-08
6.41041e-08
6.18621e-08
9.65296e-09
4.58873e-08
6.54875e-08
6.63887e-08
7.07618e-08
6.35998e-08
5.59813e-08
6.13678e-08
6.13322e-08
8.81393e-08
7.649e-08
1.39828e-07
2.32391e-07
5.12892e-08
6.35988e-08
1.39776e-07
6.81537e-08
4.90004e-09
4.90541e-08
6.07468e-08
5.96014e-08
5.71446e-08
5.83897e-08
6.58425e-08
6.21878e-08
6.11749e-08
1.5485e-07
3.07016e-08
8.96223e-09
5.90654e-08
6.17919e-08
6.13608e-08
6.01349e-08
6.13261e-08
6.26726e-08
8.91127e-08
3.62361e-08
1.54949e-07
6.13367e-08
6.24575e-08
5.49079e-08
5.29091e-08
5.45464e-08
5.81224e-08
5.28478e-08
5.81533e-08
3.30915e-08
3.16885e-08
3.42012e-08
6.47117e-08
6.54691e-08
6.73294e-08
6.45037e-08
6.48965e-08
6.42291e-08
6.47711e-08
6.77848e-08
7.03826e-08
6.62802e-08
6.47941e-08
6.32903e-08
1.58505e-07
8.19252e-09
5.11278e-08
6.20713e-08
6.18645e-08
6.35769e-08
6.64488e-08
6.26999e-08
6.50212e-08
6.35357e-08
7.80579e-08
6.89229e-08
1.21655e-07
6.10268e-08
2.02091e-08
2.50705e-08
1.58798e-07
2.29317e-08
7.54668e-08
2.7326e-08
1.34866e-07
6.04418e-08
6.13978e-08
6.63756e-08
6.61269e-08
2.54745e-07
1.18111e-07
9.60597e-08
2.2014e-08
1.44959e-07
6.6311e-08
2.96368e-09
5.30877e-08
5.97614e-08
6.05698e-08
5.97146e-08
6.30787e-08
6.17718e-08
6.55134e-08
8.46507e-08
7.92422e-08
2.59711e-08
5.94195e-08
6.05741e-08
6.1016e-08
6.09833e-08
6.1038e-08
8.78396e-08
1.20923e-07
2.60748e-08
1.54798e-08
1.03853e-07
1.04466e-07
0
6.33375e-08
1.52405e-07
6.50725e-08
5.96248e-08
5.83389e-08
6.33208e-08
2.10687e-08
5.70448e-08
4.66624e-08
4.45206e-08
6.28522e-08
6.57604e-08
6.54142e-08
6.7753e-08
6.39751e-08
6.44903e-08
6.72134e-08
6.52874e-08
6.45504e-08
6.26838e-08
6.38154e-08
6.19258e-08
6.23191e-08
6.33228e-08
6.30094e-08
6.70471e-08
6.99285e-08
6.44936e-08
6.32102e-08
6.13291e-08
6.17338e-08
6.24613e-08
6.43092e-08
6.6259e-08
6.47799e-08
9.59862e-08
3.20755e-08
1.48504e-07
6.58224e-08
6.27687e-08
5.45347e-08
5.45977e-08
4.99024e-08
6.14274e-08
6.4304e-08
6.48495e-08
1.49851e-07
1.11458e-07
5.26947e-08
5.60407e-08
6.27825e-08
6.48699e-08
6.55426e-08
6.21245e-08
6.20325e-08
6.03584e-08
5.88749e-08
6.68475e-08
6.46725e-08
6.40677e-08
6.23094e-08
6.35089e-08
6.1357e-08
6.0149e-08
6.03357e-08
6.14504e-08
6.14564e-08
6.46668e-08
6.27751e-08
6.1207e-08
7.47558e-08
5.10059e-08
6.34538e-08
6.6019e-08
6.85934e-08
6.61739e-08
6.18799e-08
6.54061e-08
9.64819e-08
6.54981e-08
2.90765e-08
9.58475e-08
2.79948e-08
6.39562e-08
6.24004e-08
6.46066e-08
6.54191e-08
6.45232e-08
6.62025e-08
6.38235e-08
1.18314e-07
8.47684e-08
1.02343e-08
1.32218e-07
1.9477e-08
2.91374e-08
6.02961e-08
6.49383e-08
6.31582e-08
6.12885e-08
1.57655e-07
9.63834e-09
5.45618e-08
6.13962e-08
6.32895e-08
5.64301e-08
6.07549e-08
5.96495e-08
6.32012e-08
6.84062e-08
6.70194e-08
6.30861e-08
6.45856e-08
6.59983e-08
1.22942e-07
8.45748e-08
5.67924e-08
5.41042e-08
6.41523e-08
6.51755e-08
6.54091e-08
1.47917e-07
3.27577e-07
4.4229e-08
6.05358e-08
6.43921e-08
6.42837e-08
6.47032e-08
6.40896e-08
6.27358e-08
7.94449e-08
1.29122e-07
1.60429e-08
4.1309e-08
5.3308e-08
5.8719e-08
6.19486e-08
6.30261e-08
6.02416e-08
6.08037e-08
1.57872e-07
1.78447e-08
3.0249e-08
6.02089e-08
6.39335e-08
6.60248e-08
6.20816e-08
6.5325e-08
1.03752e-07
7.23543e-08
6.03987e-08
1.54325e-08
6.07223e-08
1.53241e-07
7.08364e-09
5.52331e-08
8.63313e-08
3.14593e-08
6.2133e-08
6.38613e-08
6.47712e-08
1.01105e-07
7.98815e-08
9.78159e-08
4.74208e-09
1.46024e-07
5.70698e-08
5.75507e-08
6.40215e-08
3.29613e-08
4.40497e-09
1.4838e-07
6.56557e-08
5.71458e-08
5.85506e-08
6.469e-08
6.44617e-08
1.38146e-08
4.90018e-08
4.61103e-08
6.04454e-08
5.96938e-08
5.94693e-08
6.19696e-08
6.71613e-08
6.84198e-08
6.33691e-08
6.45575e-08
6.38392e-08
7.37616e-08
1.49516e-07
1.45567e-09
6.65887e-08
5.6766e-08
6.43549e-08
6.67494e-08
1.44762e-07
2.02004e-07
9.28825e-08
3.50973e-08
1.35005e-07
5.6498e-08
5.11798e-08
2.53014e-08
9.55955e-08
5.48811e-08
5.8423e-08
6.26579e-08
1.72315e-08
2.89227e-08
6.09779e-08
6.29244e-08
6.13333e-08
6.12443e-08
6.79411e-08
1.46771e-07
6.22963e-08
1.89039e-08
1.05537e-07
6.11917e-08
6.10434e-08
6.18333e-08
6.01442e-08
6.2264e-08
5.18325e-09
5.29361e-08
6.28884e-08
6.3589e-08
6.26086e-08
6.30578e-08
6.10163e-08
6.5591e-08
5.69909e-08
6.9705e-08
1.39173e-07
6.3984e-08
6.3784e-08
6.30698e-08
6.39503e-08
6.81623e-08
6.73276e-08
6.18161e-08
6.33165e-08
6.4324e-08
6.30693e-08
5.32556e-08
5.14358e-08
5.31782e-08
5.98823e-08
5.17479e-08
6.25438e-08
6.4171e-08
2.14927e-08
5.05748e-08
3.37348e-08
6.21833e-08
6.40587e-08
7.67168e-08
1.37807e-07
0
1.10486e-07
4.23005e-08
6.64448e-08
3.49939e-08
7.37446e-08
1.04381e-07
6.55718e-08
9.76361e-08
1.46685e-09
6.03735e-08
6.61538e-08
1.4378e-07
2.01662e-07
5.16318e-08
5.74172e-08
6.4873e-08
8.65346e-08
3.64195e-08
1.47961e-07
5.59705e-08
6.28953e-08
6.45538e-08
1.56829e-08
1.17613e-07
2.11319e-08
2.70068e-08
6.20516e-08
6.10632e-08
6.11713e-08
1.55343e-07
6.60402e-08
6.30984e-08
5.61033e-08
5.61298e-08
6.03809e-08
5.96127e-08
5.46882e-08
5.96335e-08
5.51925e-08
5.97663e-08
5.42205e-08
5.97761e-08
6.45806e-09
4.97468e-08
6.19894e-08
6.35738e-08
6.54658e-08
6.3827e-08
1.56473e-07
6.24581e-08
5.58029e-08
6.02185e-08
5.60103e-08
5.46276e-08
6.65403e-08
6.76561e-08
6.71493e-08
6.29596e-08
6.68543e-08
1.47392e-08
3.62275e-08
5.87198e-08
6.12443e-08
6.39056e-08
6.13444e-08
6.23177e-08
1.10014e-07
8.00025e-08
3.8369e-08
1.19179e-07
5.70117e-08
5.17387e-08
5.28666e-08
6.34421e-08
2.2749e-08
9.47307e-08
6.05809e-08
3.16859e-08
8.64877e-08
6.32535e-08
6.53226e-08
6.19175e-08
5.64708e-08
5.50125e-08
6.32748e-08
6.6763e-08
1.43564e-07
1.8147e-07
5.05905e-08
5.70167e-08
6.53436e-08
6.01479e-08
6.51128e-08
1.49599e-07
6.12836e-08
5.1757e-08
6.02646e-08
5.8572e-08
6.22237e-08
6.53211e-08
6.04237e-08
2.02117e-08
4.41746e-08
4.81248e-08
1.43094e-07
6.46311e-08
6.3764e-08
6.17985e-08
5.85069e-08
6.1977e-08
5.57717e-08
5.63986e-08
6.26829e-08
5.45494e-08
5.88642e-08
5.04342e-08
5.52037e-08
9.44811e-09
4.45403e-08
5.93043e-08
5.97932e-08
1.54475e-07
6.83199e-08
6.40699e-08
6.01227e-08
5.61514e-08
5.26525e-08
5.39245e-08
5.21924e-08
6.49691e-08
6.78747e-08
6.45912e-08
5.94618e-08
6.44889e-08
1.71026e-08
3.3882e-08
6.15951e-08
6.14638e-08
6.15925e-08
6.30105e-08
6.36443e-08
6.65618e-08
6.51092e-08
6.32462e-08
1.61698e-07
6.30577e-08
5.04061e-08
5.19058e-08
6.16614e-08
5.44546e-08
6.11804e-08
6.09918e-08
6.73877e-08
5.85548e-08
5.92152e-08
6.3031e-08
6.27835e-08
5.67281e-08
5.45079e-08
6.39294e-08
1.44549e-08
1.45224e-07
1.81725e-07
5.65857e-08
5.3745e-08
6.37182e-08
1.53096e-07
3.37574e-08
7.40502e-08
5.31045e-08
5.91363e-08
5.88426e-08
5.95391e-08
5.85391e-08
6.14583e-08
5.75782e-08
5.42355e-08
5.35684e-08
6.34284e-08
6.32072e-08
5.86018e-08
6.49179e-08
6.27566e-08
5.465e-08
5.91043e-08
2.66978e-08
8.88362e-08
1.5253e-08
3.80948e-08
6.10455e-08
6.17923e-08
6.04942e-08
6.13412e-08
5.96864e-08
6.0338e-08
1.2085e-07
5.44016e-08
9.89017e-08
6.32636e-08
6.33027e-08
3.47739e-08
1.76336e-11
6.00915e-08
9.47648e-08
5.92091e-08
1.22031e-07
6.86776e-08
6.18192e-08
3.23805e-08
4.28446e-08
2.6766e-08
6.05854e-08
6.36996e-08
5.99136e-08
1.54146e-07
6.18452e-08
3.39321e-08
3.58572e-08
9.1443e-08
8.57794e-08
4.52914e-09
1.32164e-07
5.97538e-08
6.13821e-08
5.02516e-08
5.22281e-08
6.19064e-08
6.24156e-08
5.72157e-08
5.4052e-08
5.9145e-08
9.77884e-09
4.31784e-08
5.94344e-08
6.15268e-08
7.59213e-08
1.50406e-07
1.52082e-07
5.58519e-08
5.69982e-08
6.5269e-08
1.22069e-07
7.70924e-10
5.97772e-08
6.12434e-08
6.37925e-08
6.23605e-08
6.21618e-08
6.35164e-08
1.03059e-07
9.07577e-08
5.97703e-08
5.49392e-08
6.32384e-08
6.51696e-08
5.99803e-08
6.63226e-08
6.50075e-08
0
5.89718e-08
6.22748e-08
6.11532e-08
6.31778e-08
6.37954e-08
6.26027e-08
6.08861e-08
6.25048e-08
6.25449e-08
1.02739e-07
1.07532e-07
6.46071e-08
6.35109e-08
6.66908e-08
6.64623e-08
3.86432e-09
9.20555e-08
1.06199e-07
5.84179e-08
6.15129e-08
5.73347e-08
6.49876e-08
1.93171e-08
1.15693e-07
6.47911e-08
2.52929e-08
3.85283e-08
1.16142e-07
6.36822e-08
5.97303e-08
5.67002e-08
5.69178e-08
6.37396e-08
6.93943e-08
6.64195e-08
5.26935e-09
5.36775e-08
6.15801e-08
6.1991e-08
8.63436e-08
1.19469e-07
5.86291e-08
0
1.56559e-07
6.4104e-08
6.54799e-08
6.47792e-08
4.80865e-09
5.36283e-08
6.01147e-08
6.04669e-08
6.48201e-08
1.52657e-07
2.92501e-07
5.28801e-08
5.83326e-08
6.31278e-08
5.80075e-08
6.49252e-08
6.06257e-08
6.62093e-08
6.11586e-08
6.6422e-08
6.4241e-08
5.79143e-08
6.06298e-08
5.83675e-08
6.2416e-08
6.27608e-08
1.57624e-07
6.73008e-08
6.42679e-08
6.55599e-08
3.46242e-08
2.25514e-08
4.07775e-08
1.05668e-07
4.36103e-08
3.08898e-08
1.0052e-07
9.53194e-08
5.5892e-08
6.17199e-08
6.03788e-08
5.51768e-08
6.44237e-08
0
6.21732e-08
1.58919e-07
2.33491e-08
5.06511e-08
7.42341e-08
4.70215e-08
1.23255e-07
6.23351e-08
6.34408e-08
3.14235e-08
9.63009e-09
6.33307e-08
1.04061e-07
1.07256e-07
5.4848e-08
5.36684e-08
6.07565e-08
5.63946e-08
5.32528e-08
5.67617e-08
6.44965e-08
6.67984e-08
3.03339e-08
8.58751e-09
6.10909e-08
6.7602e-08
8.69955e-08
3.10248e-08
6.12543e-08
6.18731e-08
6.59486e-08
6.50024e-08
9.67353e-08
3.29472e-08
6.63964e-08
6.65442e-08
6.54449e-08
6.08881e-08
5.93797e-08
6.04058e-08
1.46883e-07
2.00122e-07
3.96134e-08
6.17257e-08
5.57238e-08
6.29657e-08
6.51842e-08
6.75826e-08
6.60313e-08
5.8654e-08
5.84958e-08
6.7e-08
6.3011e-08
6.22011e-08
6.28641e-08
6.50678e-08
6.09451e-08
6.05116e-08
6.12663e-08
6.1044e-08
6.51409e-08
6.45015e-08
6.31339e-08
5.98177e-08
6.02511e-08
6.59833e-08
5.44567e-08
5.88829e-08
6.35485e-08
7.20755e-08
1.34729e-07
6.08755e-08
5.44739e-08
6.2783e-08
6.15045e-08
5.75687e-08
6.55283e-08
0
6.13652e-08
8.16229e-08
4.7827e-08
6.19324e-08
6.35162e-08
9.1953e-08
8.45934e-08
3.55369e-08
7.64188e-08
2.99313e-08
6.36834e-08
8.93824e-08
3.14445e-08
1.14435e-07
2.29542e-08
7.46796e-08
1.14911e-07
6.37943e-08
6.56009e-08
6.55594e-09
6.5905e-08
1.01878e-07
7.51415e-08
6.37901e-08
0
6.04917e-08
5.99503e-08
6.06679e-08
6.27041e-08
6.37108e-08
6.46733e-08
6.34049e-08
6.02396e-08
6.07945e-08
6.15311e-08
5.96216e-08
6.14251e-08
1.51184e-07
2.31456e-07
5.32072e-08
6.48141e-08
4.57217e-08
6.04628e-08
5.49509e-08
6.49378e-08
5.62762e-08
5.24331e-08
5.37713e-08
5.68417e-08
5.3887e-08
5.35159e-08
5.65487e-08
5.97521e-08
5.83804e-08
5.72572e-08
6.01177e-08
6.40873e-08
5.85628e-08
5.86358e-08
6.16272e-08
6.17947e-08
5.69817e-08
5.75529e-08
5.91559e-08
6.19518e-08
6.13679e-08
5.97643e-08
6.04719e-08
5.76394e-08
5.78609e-08
6.27617e-08
6.51593e-08
6.49466e-08
6.36706e-08
6.50756e-08
6.5729e-08
5.69993e-08
5.9465e-08
6.46917e-08
5.97857e-08
5.77983e-08
6.44285e-08
8.16151e-08
9.24206e-08
2.41171e-08
6.28178e-08
5.69474e-08
5.98432e-08
5.34045e-08
5.24945e-08
5.38473e-08
5.8823e-08
6.77877e-08
6.3741e-08
6.42263e-08
6.42924e-08
5.70778e-08
5.23907e-08
5.04067e-08
6.61038e-08
6.12609e-08
6.54606e-08
5.78716e-08
5.87026e-08
5.23123e-08
5.65121e-08
5.68015e-08
5.85587e-08
6.17808e-08
5.80482e-08
5.82675e-08
5.95353e-08
7.07246e-08
2.45565e-07
5.40695e-08
1.4703e-07
0
6.20875e-08
5.86979e-08
5.80318e-08
5.85752e-08
6.03706e-08
6.2255e-08
6.55429e-08
6.1933e-08
5.9449e-08
6.31087e-08
6.18655e-08
6.60007e-08
6.19689e-08
6.19576e-08
6.45296e-08
6.67564e-08
6.27151e-08
5.87308e-08
5.81427e-08
6.05482e-08
5.91193e-08
8.45917e-08
1.21181e-07
0
6.02495e-08
6.14457e-08
7.30806e-08
4.62311e-08
6.4207e-08
6.78392e-08
5.92629e-08
6.5721e-08
6.37867e-08
1.50041e-07
1.33372e-08
1.24317e-07
6.60591e-08
1.08322e-08
4.03503e-08
5.80832e-08
6.42067e-08
6.15385e-08
6.51549e-08
6.57532e-08
6.50525e-08
6.75017e-08
6.28407e-08
6.82101e-08
6.32384e-08
6.45356e-08
6.56372e-08
6.75579e-08
6.37599e-08
6.30871e-08
6.05717e-08
7.93987e-08
3.99727e-08
6.00404e-08
5.78091e-08
5.87294e-08
6.16409e-08
5.62373e-08
6.77914e-08
6.78114e-08
6.34587e-08
6.37601e-08
6.22166e-08
1.43102e-07
6.19631e-08
6.37373e-08
)
;


// ************************************************************************* //
