/*--------------------------------*- C++ -*----------------------------------*\
  =========                 |
  \\      /  F ield         | OpenFOAM: The Open Source CFD Toolbox
   \\    /   O peration     | Website:  https://openfoam.org
    \\  /    A nd           | Version:  12
     \\/     M anipulation  |
\*---------------------------------------------------------------------------*/
FoamFile
{
    format      ascii;
    class       volScalarField::Internal;
    location    "0.5";
    object      cloud:UCoeff;
}
// * * * * * * * * * * * * * * * * * * * * * * * * * * * * * * * * * * * * * //

dimensions      [1 0 0 0 0 0 0];

value           nonuniform List<scalar> 
3750
(
1.30644e-05
1.71132e-07
1.52506e-07
8.34589e-08
1.27062e-07
5.51596e-08
0
5.51811e-08
5.7697e-08
1.94989e-08
8.73036e-08
5.33117e-08
5.57346e-08
5.24891e-08
5.5827e-08
1.29521e-07
0
5.60375e-08
5.59297e-08
5.60894e-08
5.43963e-08
5.48254e-08
5.69872e-08
1.30527e-07
5.14934e-08
5.50312e-08
0
5.49108e-08
5.5484e-08
1.29206e-07
5.93427e-09
1.13601e-07
5.45532e-08
5.75705e-08
0
5.56941e-08
0
1.25054e-07
1.23648e-07
0
0
5.5899e-08
0
0
1.26048e-07
2.17955e-07
0
5.72085e-08
5.59873e-08
5.5669e-08
5.53983e-08
5.60946e-08
5.53645e-08
5.47966e-08
5.39985e-08
1.28604e-07
5.06538e-08
5.52474e-08
5.24171e-08
5.69332e-08
8.27845e-08
9.65925e-08
5.4285e-08
5.52416e-08
5.60428e-08
6.41296e-08
1.14307e-07
0
0
5.46964e-08
1.28624e-07
5.14482e-08
5.3555e-08
1.31338e-07
5.52784e-08
8.4029e-06
2.82004e-07
5.57206e-08
5.58554e-08
1.29355e-07
5.13298e-08
0
0
1.54151e-08
5.49719e-08
0
5.77828e-08
5.22959e-08
1.26086e-07
2.32015e-07
5.31622e-08
0
0
5.54387e-08
0
0
5.39756e-08
5.61286e-08
5.34079e-08
2.63904e-07
8.71426e-08
5.38059e-08
0
0
1.34129e-07
5.56648e-08
0
5.53146e-08
5.56436e-08
0
0
2.17675e-07
5.17114e-08
5.24698e-08
1.34933e-07
0
0
5.49098e-08
5.43191e-08
5.51903e-08
1.37623e-07
5.88221e-08
0
0
5.49259e-08
0
5.52695e-08
5.44896e-08
0
1.29536e-07
0
0
5.5958e-08
1.32108e-07
5.43327e-08
5.60062e-08
0
0
5.56639e-08
5.57025e-08
5.462e-08
1.2861e-07
5.34148e-08
5.55227e-08
0
8.56096e-09
1.10534e-07
5.65559e-08
2.40576e-07
5.43306e-08
1.13787e-05
3.96567e-07
5.53382e-08
5.34715e-08
5.70077e-08
4.8061e-08
5.6148e-08
1.32227e-07
2.38805e-08
1.38119e-07
1.41321e-07
4.01533e-08
4.19139e-08
5.49034e-08
5.49712e-08
5.42993e-08
6.44991e-08
1.1213e-07
5.22847e-08
5.42386e-08
5.05383e-08
1.7988e-09
1.36275e-07
1.00163e-07
1.493e-07
5.16364e-08
5.42352e-08
2.59316e-08
1.00728e-08
5.46369e-08
5.48851e-08
1.33e-07
5.35802e-08
5.45328e-08
5.45092e-08
5.52662e-08
0
0
5.44884e-08
5.25985e-08
5.57655e-08
5.75425e-08
5.55505e-08
0
1.29993e-07
5.70152e-08
1.30321e-07
5.48585e-08
5.77398e-08
5.79875e-08
5.70655e-08
5.49949e-08
0
1.30398e-07
5.65959e-08
5.3604e-08
5.78047e-08
0
1.27702e-07
5.3212e-08
5.3003e-08
6.09916e-08
1.23574e-07
1.34833e-07
5.45368e-08
5.45466e-08
5.18656e-08
5.33502e-08
5.31363e-08
1.31158e-07
5.51817e-08
1.34778e-07
0
5.3267e-08
5.92008e-08
9.75642e-06
2.42996e-07
5.09999e-08
0
5.43524e-08
5.55927e-08
5.49095e-08
5.46901e-08
5.43223e-08
1.28592e-07
1.29532e-07
5.1616e-08
1.34166e-07
5.38755e-08
5.25265e-08
5.32476e-08
1.27463e-07
7.73626e-08
9.04779e-08
1.25393e-07
5.24925e-08
1.39763e-07
5.88738e-08
0
5.44316e-08
5.38528e-08
5.39754e-08
5.66592e-08
0
1.28019e-07
5.52969e-08
5.59739e-08
5.52619e-08
5.44623e-08
0
5.52257e-08
5.56403e-08
5.3812e-08
5.45019e-08
1.38618e-07
5.52831e-08
5.45035e-08
5.61931e-08
0
5.18773e-08
6.74362e-08
1.13916e-07
0
1.40639e-07
0
8.08073e-08
3.21292e-08
1.72303e-07
8.40053e-08
1.34078e-07
5.42009e-08
5.71909e-08
0
5.3324e-08
5.45185e-08
5.45219e-08
5.46536e-08
5.46617e-08
5.49208e-08
5.46226e-08
0
5.5208e-08
5.56487e-08
1.32435e-07
5.21292e-08
5.27705e-08
5.39705e-08
5.30205e-08
1.41427e-07
1.21251e-08
8.45306e-06
3.70815e-07
1.01576e-07
0
5.42458e-08
1.33508e-07
1.28681e-07
0
0
5.51686e-08
0
0
0
0
5.61805e-08
5.41569e-08
5.33622e-08
0
0
6.40119e-09
9.53622e-08
7.72594e-08
5.93542e-08
5.48802e-08
5.33383e-08
5.40391e-08
5.38686e-08
2.24197e-08
1.61584e-08
5.54813e-08
5.67566e-08
5.485e-08
5.91468e-08
5.53909e-08
5.41771e-08
5.48308e-08
5.46709e-08
5.43997e-08
1.35466e-07
1.36713e-07
5.39547e-08
5.41037e-08
0
5.3163e-08
1.31974e-07
5.3434e-08
5.38505e-08
7.39772e-08
3.25826e-08
1.39707e-07
0
5.65066e-09
4.12511e-08
5.40507e-08
5.40572e-08
5.5742e-08
5.64262e-08
5.70452e-08
2.79838e-08
1.50168e-07
5.12627e-08
1.312e-07
5.39548e-08
5.46777e-08
5.47039e-08
0
5.45781e-08
5.49874e-08
5.60834e-08
5.53765e-08
5.35357e-08
5.31874e-08
1.29841e-07
5.59068e-08
5.54347e-08
9.8295e-06
2.52326e-07
1.06218e-07
5.61627e-08
5.51768e-08
5.54631e-08
5.53154e-08
5.53317e-08
1.35735e-07
5.30359e-08
5.29742e-08
5.37449e-08
5.47485e-08
5.55666e-08
5.57043e-08
2.13689e-08
8.14932e-08
5.31604e-08
5.40656e-08
5.4337e-08
5.64326e-08
5.76588e-08
5.72489e-08
5.58376e-08
5.46232e-08
5.4634e-08
5.41459e-08
5.44752e-08
5.67675e-08
5.46984e-08
1.34411e-07
5.51477e-08
5.38928e-08
5.36079e-08
5.36045e-08
5.33459e-08
1.37393e-07
0
0
0
5.63475e-08
5.33737e-08
5.29761e-08
1.29037e-07
1.30005e-07
5.3754e-08
5.5408e-08
5.40566e-08
5.41837e-08
0
5.50351e-08
1.31695e-07
1.26995e-07
5.2796e-08
5.64501e-08
0
5.55161e-08
1.37725e-07
5.52536e-08
5.35016e-08
5.3121e-08
5.36317e-08
5.61233e-08
5.66903e-08
5.5636e-08
5.31743e-08
5.38024e-08
5.77419e-08
1.32008e-07
5.58723e-08
5.45795e-08
5.35407e-08
5.51788e-08
1.36587e-07
5.39879e-08
6.24006e-06
3.50797e-07
9.97854e-08
5.82963e-08
0
5.52395e-08
5.70126e-08
5.32825e-08
5.59288e-08
5.57757e-08
9.66713e-08
1.56707e-07
1.24273e-07
5.76604e-09
4.16524e-08
1.25751e-07
5.28444e-08
5.38214e-08
5.5658e-08
5.80187e-08
0
5.41719e-08
5.48333e-08
5.53574e-08
5.49942e-08
5.44232e-08
5.48893e-08
0
5.42062e-08
5.26845e-08
5.27249e-08
1.37876e-07
5.46918e-08
5.38045e-08
8.78428e-08
2.11746e-08
0
5.67602e-08
5.62098e-08
5.56454e-08
5.46983e-08
5.44438e-08
5.39567e-08
5.48967e-08
1.38118e-07
5.57583e-08
5.41518e-08
5.38575e-08
5.43319e-08
1.37518e-07
0
5.34094e-08
5.52224e-08
5.54028e-08
5.73762e-08
5.43903e-08
5.50999e-08
5.65008e-08
0
8.05872e-08
9.86887e-08
5.56481e-08
5.58174e-08
5.66424e-08
5.29181e-08
5.23542e-08
5.33135e-08
0
5.43114e-08
5.69055e-08
5.64362e-08
5.76301e-08
5.6279e-08
5.63406e-08
5.51615e-08
1.11566e-05
2.40714e-07
9.88568e-08
5.65993e-08
5.69384e-08
5.55513e-08
0
5.57766e-08
5.46742e-08
5.28853e-08
1.27863e-07
0
5.32232e-08
1.27908e-07
5.26824e-08
5.63767e-08
0
5.38893e-08
5.90767e-08
5.56907e-08
5.44566e-08
7.01144e-08
9.13901e-08
4.17402e-08
1.80688e-08
8.06473e-08
1.02398e-07
5.21588e-08
1.31886e-07
0
0
1.36255e-07
5.54276e-08
5.40656e-08
0
5.54551e-08
5.56451e-08
9.93514e-08
7.77125e-08
5.22393e-08
6.98309e-08
5.4151e-08
5.50699e-08
0
6.00769e-08
5.84293e-08
5.27901e-08
5.28579e-08
5.41198e-08
5.55466e-08
5.47262e-08
5.40091e-08
5.70009e-08
5.49043e-08
5.37229e-08
5.29228e-08
1.00613e-07
7.75871e-08
1.3792e-07
5.17284e-08
5.19976e-08
5.71265e-08
5.77177e-08
5.52443e-08
5.25177e-08
5.22322e-08
5.35225e-08
0
5.49556e-08
5.75106e-08
5.70638e-08
5.69566e-08
5.90019e-08
0
5.5037e-08
1.00614e-05
4.21543e-07
8.20787e-08
9.1001e-08
7.3319e-09
5.61011e-08
0
1.30055e-07
1.28496e-07
5.32405e-08
1.45264e-08
1.89977e-07
5.25311e-08
2.42257e-08
7.22536e-08
5.48665e-08
0
5.45034e-08
0
0
0
0
5.46896e-08
0
0
0
5.90878e-08
5.62043e-08
0
5.4703e-08
1.31221e-07
5.41015e-08
1.38005e-07
5.49753e-08
5.37147e-08
5.31214e-08
5.58651e-08
0
5.51174e-08
5.31241e-08
1.07159e-07
1.29541e-07
5.85058e-08
0
5.75222e-08
5.88695e-08
5.66804e-08
5.51776e-08
2.97165e-08
6.68777e-08
5.34647e-08
5.3807e-08
5.47037e-08
5.53849e-08
5.52852e-08
5.49932e-08
5.44147e-08
1.38491e-07
5.45668e-08
5.30942e-08
0
5.36346e-08
1.39684e-07
5.40191e-08
5.24886e-08
5.36475e-08
5.41221e-08
5.37551e-08
5.48147e-08
5.62517e-08
5.94603e-08
0
5.63779e-08
5.54118e-08
5.44195e-08
8.58505e-06
3.69536e-07
6.27477e-08
1.17125e-07
5.65306e-08
5.47441e-08
5.47691e-08
0
5.44618e-08
1.30879e-07
0
5.42596e-08
0
5.42323e-08
0
5.4755e-08
1.29201e-07
5.39239e-08
5.52692e-08
5.65226e-08
5.58335e-08
5.39129e-08
5.29394e-08
5.43323e-08
5.66161e-08
5.86851e-08
2.36096e-08
2.72525e-08
5.9017e-08
1.44144e-07
9.47382e-08
5.42868e-08
0
0
5.5467e-08
5.5294e-08
5.3658e-08
1.28986e-07
1.29035e-07
1.27164e-07
5.21296e-08
5.48174e-08
5.59117e-08
5.49044e-08
1.39466e-07
1.79909e-08
8.81859e-08
5.26849e-08
5.45794e-08
5.57667e-08
5.5128e-08
5.56178e-08
5.55876e-08
0
5.55456e-08
5.59924e-08
5.54093e-08
5.63053e-08
5.67331e-08
5.48298e-08
5.47529e-08
5.323e-08
5.65315e-08
5.68208e-08
5.68255e-08
7.72838e-08
1.02357e-07
5.38227e-08
5.46196e-08
5.92412e-08
1.95821e-08
5.68908e-08
2.4211e-08
5.49969e-08
5.43907e-08
1.14137e-05
3.69579e-07
4.7121e-08
5.85132e-08
5.92044e-08
0
1.08307e-07
6.50289e-08
5.34016e-08
0
5.45689e-08
5.59118e-08
5.61583e-08
0
5.35453e-08
0
0
5.59777e-08
5.59415e-08
5.51226e-08
1.31246e-07
5.55901e-08
1.27942e-07
5.3283e-08
5.33167e-08
5.52378e-08
5.62036e-08
5.60065e-08
1.37082e-07
5.3888e-08
5.32889e-08
0
5.37575e-08
1.31539e-07
1.3407e-07
5.26925e-08
1.30003e-07
0
5.47155e-08
5.48924e-08
5.27981e-08
5.61457e-08
5.71224e-08
0
5.82958e-08
5.65762e-08
5.39108e-08
5.35175e-08
5.42489e-08
5.43903e-08
5.45897e-08
5.34252e-08
5.40568e-08
9.36759e-08
8.68221e-08
5.45022e-08
2.44364e-08
1.09333e-08
5.50004e-08
5.52225e-08
5.53147e-08
5.46726e-08
6.86389e-08
1.1908e-07
5.4537e-08
5.47478e-08
5.47146e-08
5.5134e-08
5.45795e-08
5.53245e-08
5.96543e-08
0
5.64526e-08
5.65864e-08
5.53862e-08
1.01397e-05
2.62217e-07
8.0847e-08
9.72628e-08
5.88224e-08
0
5.53377e-08
5.4106e-08
1.31763e-07
5.33815e-08
5.42523e-08
5.4752e-08
5.5696e-08
5.50575e-08
5.47702e-08
5.48993e-08
5.62599e-08
1.36738e-07
5.64589e-08
5.44266e-08
1.32465e-07
5.27338e-08
5.32746e-08
5.33368e-08
5.31316e-08
5.39382e-08
1.3654e-07
5.52995e-08
5.56346e-08
5.49095e-08
5.34013e-08
5.31031e-08
1.31541e-07
5.54058e-08
5.48371e-08
5.32649e-08
5.24169e-08
5.30615e-08
5.70611e-08
0
5.42522e-08
5.49515e-08
9.57868e-08
8.98134e-08
5.85529e-08
5.7073e-08
8.0662e-09
6.98756e-08
9.6485e-08
5.46009e-08
5.24393e-08
5.49446e-08
5.50934e-08
5.45264e-08
5.42324e-08
5.52663e-08
5.48976e-08
5.5836e-08
5.50603e-08
5.48394e-08
5.42396e-08
5.43538e-08
5.47736e-08
5.52413e-08
5.47846e-08
1.3545e-07
5.41549e-08
3.99775e-09
4.64586e-08
5.45257e-08
5.70028e-08
0
5.65073e-08
1.32435e-07
5.61334e-08
9.59164e-06
2.45722e-07
1.03525e-07
5.54248e-08
5.65975e-08
5.6069e-08
5.57822e-08
1.52461e-08
2.62111e-08
5.64265e-08
5.51327e-08
5.47904e-08
5.55943e-08
5.43068e-08
1.29332e-07
5.23437e-08
1.38866e-07
5.61099e-08
5.36566e-08
5.19783e-08
5.32826e-08
5.42538e-08
5.47386e-08
1.29797e-07
5.38453e-08
5.33923e-08
5.44711e-08
5.48852e-08
1.37504e-07
5.44062e-08
5.28038e-08
5.35682e-08
7.97502e-08
2.84e-08
5.45101e-08
5.5741e-08
0
5.49877e-08
1.32314e-07
5.55693e-08
0
5.61738e-08
5.68969e-08
5.79208e-08
5.73194e-08
5.55617e-08
5.4097e-08
5.40669e-08
5.54842e-08
5.50861e-08
5.46237e-08
5.53374e-08
5.57388e-08
8.04315e-08
1.018e-07
5.47075e-08
5.37289e-08
5.58633e-08
5.61433e-08
5.49462e-08
5.4112e-08
5.46157e-08
5.48417e-08
5.49448e-08
5.47214e-08
6.08499e-08
1.27986e-07
5.36335e-08
5.36291e-08
5.52248e-08
5.69304e-08
0
1.37747e-07
5.50368e-08
0
8.48855e-06
2.48834e-07
9.89696e-08
5.44452e-08
5.64457e-08
5.72781e-08
2.54253e-08
8.22114e-09
9.07794e-08
1.55335e-08
5.53423e-08
1.31312e-07
5.36965e-08
5.41769e-08
5.38784e-08
5.47555e-08
5.69601e-08
5.7181e-08
5.55578e-08
5.48709e-08
5.38385e-08
5.61233e-08
5.34097e-08
5.25214e-08
1.34403e-07
5.31944e-08
5.38123e-08
5.53751e-08
5.61101e-08
5.58858e-08
5.5972e-08
5.52439e-08
5.44756e-08
5.5222e-08
5.62307e-08
0
5.45309e-08
0
0
5.45988e-08
5.52004e-08
0
5.95742e-08
0
1.37424e-07
5.34221e-08
5.34519e-08
5.42633e-08
5.57107e-08
5.63486e-08
0
5.55114e-08
5.56265e-08
5.5874e-08
5.63668e-08
5.63067e-08
5.58214e-08
2.33989e-07
5.38761e-08
5.50457e-08
5.38372e-08
5.31583e-08
5.31594e-08
5.46906e-08
5.51876e-08
5.51232e-08
1.37962e-07
5.35081e-08
5.2257e-08
5.35761e-08
5.47608e-08
5.62226e-08
7.77518e-08
3.32469e-08
5.36642e-08
1.14011e-05
3.67315e-07
5.49495e-08
1.00029e-07
8.02678e-08
5.45846e-08
5.39149e-08
5.2754e-08
5.43664e-08
5.56301e-08
5.45601e-08
5.45103e-08
5.49045e-08
5.49607e-08
5.49353e-08
5.61855e-08
6.05247e-08
0
5.6173e-08
5.49631e-08
5.44169e-08
5.40754e-08
5.43793e-08
5.62152e-08
5.3991e-08
5.41095e-08
5.53384e-08
5.60257e-08
5.55668e-08
5.54837e-08
5.59794e-08
5.55959e-08
5.52959e-08
5.6085e-08
2.95529e-08
4.51948e-09
5.59209e-08
5.59576e-08
5.58376e-08
5.61881e-08
5.57335e-08
5.65254e-08
5.76547e-08
1.02885e-07
7.68938e-08
5.49449e-08
0
5.40481e-08
5.44073e-08
5.52555e-08
5.56038e-08
5.57992e-08
5.51769e-08
5.63677e-08
5.79966e-08
0
5.57228e-08
5.61044e-08
0
0
5.52386e-08
5.72095e-08
5.47915e-08
0
5.58337e-08
5.54134e-08
7.19255e-08
1.12466e-07
5.25875e-08
2.92753e-08
1.50414e-08
1.25135e-07
5.54043e-08
5.42459e-08
5.44069e-08
7.29923e-06
3.70826e-07
5.4034e-08
5.6832e-08
1.02553e-07
7.64318e-08
5.30852e-08
5.39561e-08
5.40296e-08
5.4885e-08
7.94898e-08
2.99433e-08
5.49273e-08
5.58293e-08
7.24732e-09
4.15439e-08
5.64007e-08
5.76401e-08
5.58909e-08
5.56625e-08
5.42418e-08
5.45664e-08
5.52536e-08
5.51105e-08
5.52499e-08
5.41544e-08
5.64343e-08
5.56758e-08
5.51948e-08
5.66537e-08
5.63018e-08
5.54922e-08
1.89098e-08
1.92795e-08
5.75796e-08
0
1.34373e-07
5.40173e-08
5.50988e-08
5.52428e-08
9.40722e-08
8.34611e-08
5.43708e-08
5.55037e-08
5.61859e-08
5.49961e-08
5.48251e-08
5.64186e-08
1.16645e-08
1.07877e-07
5.39596e-08
5.35896e-08
5.47868e-08
5.66274e-08
5.67078e-08
5.67279e-08
0
0
5.58825e-08
5.58643e-08
5.53385e-08
5.68723e-08
1.63438e-08
9.68878e-08
0
0
0
5.52127e-08
7.10865e-08
1.16289e-07
0
5.69327e-08
5.64694e-08
5.57523e-08
5.50022e-08
1.54548e-05
3.60265e-07
1.31508e-07
5.58856e-08
5.46625e-08
5.42709e-08
5.34551e-08
5.35844e-08
5.52164e-08
5.65279e-08
5.61488e-08
5.51791e-08
5.48005e-08
5.58195e-08
0
5.5702e-08
5.63575e-08
5.65994e-08
5.60647e-08
5.47284e-08
5.43613e-08
5.39036e-08
5.51058e-08
5.56046e-08
5.54999e-08
5.38898e-08
5.26131e-08
5.37948e-08
5.52145e-08
5.88983e-08
0
5.53676e-08
5.50144e-08
5.48638e-08
5.90045e-08
1.50245e-08
6.78592e-08
3.40707e-08
1.13662e-07
5.38121e-08
1.35221e-07
5.40164e-08
5.34494e-08
0
5.67461e-08
5.61497e-08
1.31762e-07
5.38167e-08
5.33979e-08
1.35299e-07
5.25251e-08
5.21335e-08
1.36708e-07
5.52192e-08
5.43576e-08
5.38469e-08
5.60289e-08
5.68277e-08
5.7346e-08
0
5.50395e-08
0
1.33841e-07
5.56571e-08
5.6274e-08
5.39354e-08
1.26734e-07
5.48735e-08
5.49241e-08
5.65529e-08
5.646e-08
5.57385e-08
5.58666e-08
5.55353e-08
5.50844e-08
3.33366e-06
3.77142e-07
5.37236e-08
5.61342e-08
5.62272e-08
5.56349e-08
5.37423e-08
5.5087e-08
5.85205e-08
5.77908e-08
5.67017e-08
2.67151e-08
5.39333e-09
5.3583e-08
5.53812e-08
5.5826e-08
0
5.56525e-08
1.00325e-07
7.55504e-08
5.29993e-08
5.31443e-08
5.61205e-08
1.35827e-07
7.20218e-09
4.18152e-08
5.42567e-08
5.4859e-08
5.89856e-08
0
5.73079e-08
5.58056e-08
5.38953e-08
5.40908e-08
5.52673e-08
5.86184e-08
5.76474e-08
1.68329e-08
9.83438e-08
5.465e-08
5.42044e-08
5.38066e-08
5.5835e-08
5.70307e-08
5.91611e-08
5.68862e-08
5.49281e-08
5.40926e-08
1.30546e-07
5.3543e-08
1.29667e-07
5.25998e-08
1.36608e-07
5.54118e-08
5.44236e-08
5.40765e-08
5.5865e-08
5.54199e-08
5.4755e-08
5.52817e-08
0
1.29012e-07
5.43873e-08
5.34571e-08
1.32403e-07
5.25299e-08
5.35968e-08
5.00313e-08
0
5.45919e-08
5.69238e-08
5.64039e-08
5.51765e-08
5.4161e-08
1.2872e-07
1.54023e-05
4.10213e-07
7.64069e-08
5.99912e-08
0
5.38614e-08
5.6144e-08
0
5.56262e-08
5.61416e-08
5.80477e-08
5.60904e-08
5.48546e-08
5.46255e-08
5.51778e-08
5.55763e-08
5.65904e-08
5.55008e-08
5.44714e-08
7.70015e-08
9.7793e-08
5.98765e-08
1.28703e-07
5.58397e-08
5.42574e-08
6.61736e-10
5.28991e-08
5.50709e-08
5.71373e-08
5.81171e-08
5.93847e-08
2.1897e-08
8.26258e-08
7.73427e-09
5.1688e-08
1.21358e-07
0
5.61184e-08
5.80682e-08
3.5033e-09
4.79847e-08
1.01745e-07
7.33034e-08
5.91787e-08
6.00645e-08
5.66204e-08
5.36801e-08
5.47641e-08
5.503e-08
5.46014e-08
5.41076e-08
5.4869e-08
5.5507e-08
5.68302e-08
5.72767e-08
5.6584e-08
0
1.30488e-07
1.28827e-07
1.26669e-07
1.50899e-07
1.03209e-07
1.25971e-07
5.73482e-08
0
5.55004e-08
5.29729e-08
5.34866e-08
5.50721e-08
5.63282e-08
5.68634e-08
5.50173e-08
5.59947e-08
5.46407e-08
1.29547e-07
9.84329e-06
2.34614e-07
7.69418e-08
2.92394e-08
5.7342e-08
2.89901e-08
2.44276e-09
5.55992e-08
5.63644e-08
5.48365e-08
5.66456e-08
5.61511e-08
5.53485e-08
5.51278e-08
5.52796e-08
5.63803e-08
5.56903e-08
5.6004e-08
1.02573e-07
6.66806e-08
5.23763e-08
5.53669e-08
5.79055e-08
5.66813e-08
5.5167e-08
7.43335e-08
5.54112e-08
3.85667e-08
5.10376e-08
5.58475e-08
5.68118e-08
5.60621e-08
5.52497e-08
1.31681e-07
5.44745e-08
0
5.55243e-08
5.88405e-08
1.28392e-08
3.32956e-08
1.36039e-07
5.40701e-08
1.88775e-08
1.85057e-08
6.03667e-08
5.72532e-08
0
5.39528e-08
0
0
0
0
5.67157e-08
5.77942e-08
5.91799e-08
0
0
5.69714e-08
0
5.54428e-08
5.53924e-08
5.76805e-08
0
0
0
1.31002e-07
1.28333e-07
0
5.37786e-08
5.47188e-08
5.47983e-08
5.49142e-08
1.38056e-07
5.31991e-08
6.08615e-08
9.82837e-06
2.34383e-07
6.98858e-08
1.09621e-07
1.08211e-07
1.30428e-07
1.25915e-07
4.98965e-08
4.81348e-08
4.844e-08
5.36448e-08
1.06569e-08
3.77852e-08
5.52227e-08
5.48904e-08
7.35614e-08
1.17641e-07
5.36745e-08
5.19877e-08
5.17831e-08
5.33612e-08
5.87806e-08
5.90306e-08
5.63535e-08
5.23601e-08
5.22179e-08
5.34515e-08
5.43813e-08
5.5306e-08
5.55582e-08
5.62061e-08
5.66166e-08
1.04874e-07
6.83594e-08
5.31016e-08
1.83777e-08
2.07272e-08
5.59915e-08
5.6253e-08
5.48383e-08
5.58683e-08
5.49506e-08
5.5063e-08
1.37179e-07
5.30642e-08
0
5.47491e-08
5.46791e-08
5.47823e-08
1.30231e-07
5.69304e-08
5.544e-08
5.56024e-08
6.49837e-09
4.70202e-08
5.89433e-08
0
5.66089e-08
5.44743e-08
5.62362e-08
5.50626e-08
5.83869e-08
0
5.57849e-08
5.48535e-08
5.34049e-08
5.25317e-08
1.29136e-07
1.65455e-07
8.6586e-08
1.32192e-07
1.34282e-07
5.4303e-08
5.43408e-08
5.38014e-08
9.87525e-06
2.4491e-07
1.24671e-07
5.48307e-08
1.37751e-07
2.68073e-08
7.0272e-08
5.37325e-08
1.28103e-07
1.26991e-07
5.10277e-08
5.40083e-08
5.29144e-08
1.27831e-07
9.62358e-08
8.49868e-08
5.67392e-08
5.32778e-08
5.12201e-08
5.00069e-08
5.4773e-08
0
5.93775e-08
5.75814e-08
5.57787e-08
5.55153e-08
2.24336e-08
7.99338e-08
5.43325e-08
5.46293e-08
1.38005e-07
5.6038e-08
5.27973e-08
5.26247e-08
5.362e-08
5.42763e-08
1.30086e-07
5.443e-08
5.35913e-08
5.45821e-08
5.55682e-08
5.67799e-08
5.60199e-08
5.51728e-08
1.32375e-07
8.1954e-08
9.32489e-08
1.34323e-07
5.2409e-08
5.38538e-08
5.07167e-08
5.35339e-08
2.17346e-08
1.55136e-08
5.55482e-08
5.80421e-08
5.6711e-08
5.46692e-08
5.06656e-08
1.29307e-07
5.23862e-08
0
0
1.31996e-07
1.30021e-07
1.30408e-07
5.52791e-08
8.70977e-09
3.97911e-08
5.50885e-08
5.47281e-08
5.52868e-08
5.58959e-08
5.53173e-08
5.56599e-08
9.75564e-06
6.91331e-07
0
0
0
0
0
5.44819e-08
5.47573e-08
5.43749e-08
5.53e-08
5.7737e-08
0
0
5.68188e-08
8.99199e-08
9.61249e-08
5.36576e-08
5.18028e-08
5.17782e-08
5.80906e-08
5.98441e-08
8.64417e-09
4.17171e-08
5.53555e-08
5.50391e-08
5.43454e-08
5.39865e-08
5.43977e-08
6.96207e-08
9.38713e-08
7.56757e-08
5.35469e-08
5.27736e-08
0
1.31614e-07
5.50412e-08
1.30951e-07
5.26868e-08
0
1.44967e-08
1.10245e-07
5.66136e-08
5.44182e-08
5.61798e-08
0
5.23032e-08
5.83661e-08
0
1.2908e-07
5.14065e-08
5.63073e-08
5.38317e-08
5.26376e-08
1.36431e-07
1.35284e-07
5.15858e-08
1.3055e-07
5.0749e-08
5.13469e-08
5.27347e-08
7.25676e-09
2.1835e-07
5.54891e-08
5.3909e-08
5.38823e-08
5.35739e-08
5.61577e-08
1.51548e-08
2.65287e-08
5.31844e-08
5.42442e-08
0
0
0
1.16527e-05
1.8672e-07
1.11925e-07
5.46383e-08
8.46598e-08
9.44154e-08
5.34869e-08
0
0
5.79189e-08
0
5.54524e-08
5.3823e-08
1.021e-07
7.32243e-08
5.55892e-08
5.6651e-08
5.47576e-08
5.3603e-08
5.51898e-08
5.61401e-08
2.99552e-08
4.27307e-09
5.6897e-08
5.89793e-08
1.27777e-07
5.1832e-08
5.45526e-08
5.61267e-08
5.67057e-08
5.65089e-08
5.61258e-08
5.51873e-08
5.33608e-08
5.50965e-08
5.70596e-08
0
1.30421e-07
5.0808e-08
5.32506e-08
5.5527e-08
5.76797e-08
5.91228e-08
5.65887e-08
5.55156e-08
7.17284e-08
5.20379e-08
4.05888e-08
5.62661e-08
5.40095e-08
5.43729e-08
5.41774e-08
5.38799e-08
1.3531e-07
5.54081e-08
5.61497e-08
1.37576e-07
5.28934e-08
5.17281e-08
5.39526e-08
5.48216e-08
5.84671e-08
5.87507e-08
5.78469e-08
5.41997e-08
5.36657e-08
5.3806e-08
5.39876e-08
5.38932e-08
5.32518e-08
5.37906e-08
5.32507e-08
5.42241e-08
5.47245e-08
5.5221e-08
9.68986e-06
2.08876e-07
8.80146e-09
5.63567e-08
5.55402e-08
5.44308e-08
1.29995e-07
1.3333e-07
5.31254e-08
5.40383e-08
5.7102e-08
1.28281e-07
5.28742e-08
5.37929e-08
5.56955e-08
5.87584e-08
1.00357e-07
7.7094e-08
5.36929e-08
5.42491e-08
5.45307e-08
5.56572e-08
5.42352e-08
5.32416e-08
1.36109e-07
5.25572e-08
5.18017e-08
5.60156e-08
5.76799e-08
5.89022e-08
2.37139e-08
2.40906e-08
4.39099e-08
5.41892e-08
8.60453e-08
9.47164e-08
2.73447e-08
5.2201e-09
5.28193e-08
5.46458e-08
5.70557e-08
5.85258e-08
5.82783e-08
0
5.65557e-08
5.53631e-08
5.53849e-08
5.53873e-08
5.58329e-08
5.46892e-08
5.45997e-08
5.4244e-08
5.52392e-08
5.65779e-08
2.03075e-08
1.94346e-08
1.44535e-07
5.48804e-08
5.23253e-08
5.18005e-08
5.69663e-08
5.44686e-08
5.58284e-08
5.68976e-08
5.65022e-08
5.53186e-08
5.4292e-08
5.46675e-08
5.47171e-08
5.48733e-08
5.47388e-08
5.43314e-08
5.29949e-08
1.281e-07
1.35129e-07
6.2559e-06
1.95394e-07
8.41018e-08
4.61419e-09
4.82078e-08
5.44376e-08
5.39587e-08
5.35862e-08
1.31127e-07
5.30571e-08
1.34785e-07
5.26197e-08
5.18097e-08
5.6776e-08
5.65285e-08
5.79667e-08
5.65406e-08
2.6542e-08
7.47791e-08
5.34422e-08
5.3711e-08
5.18787e-08
1.33278e-07
5.34959e-08
5.50559e-08
5.45863e-08
5.26542e-08
5.67992e-08
5.72931e-08
6.04513e-08
1.93552e-09
5.30383e-08
0
1.28891e-07
9.81459e-08
8.38121e-08
2.77043e-08
4.8707e-08
1.2827e-08
5.41889e-08
5.4237e-08
1.35537e-07
5.95482e-08
5.83568e-08
5.70443e-08
3.90304e-09
1.19617e-07
5.45711e-08
5.91783e-08
5.17796e-08
5.28164e-08
5.44219e-08
0
0
5.70421e-08
5.74005e-08
5.89715e-08
0
5.55442e-08
5.38628e-08
1.35433e-07
5.6158e-08
5.73543e-08
5.9027e-08
5.62674e-08
0
0
0
5.42225e-08
5.51439e-08
0
0
0
5.30955e-08
1.32669e-07
1.5293e-05
2.33256e-07
6.3147e-08
2.64266e-08
5.48338e-08
5.4565e-08
2.81703e-08
4.42385e-09
1.29959e-07
1.30406e-07
5.32272e-08
5.40264e-08
8.76122e-08
9.20317e-08
5.54314e-08
5.60407e-08
5.6761e-08
5.56179e-08
5.50703e-08
5.47102e-08
5.43563e-08
5.45993e-08
5.38969e-08
1.34316e-07
5.41606e-08
5.23221e-08
5.2914e-08
2.53829e-08
9.22876e-09
5.90108e-08
0
1.31591e-07
5.49537e-08
5.4148e-08
5.48693e-08
5.61154e-08
0
0
5.53283e-08
1.33838e-07
7.95485e-08
9.73852e-08
5.54182e-08
5.66903e-08
5.61675e-08
5.52838e-08
9.73604e-08
8.28602e-08
5.49208e-08
5.29278e-08
5.27001e-08
0
5.5093e-08
5.77164e-08
3.27491e-08
9.50115e-10
5.7163e-08
8.90508e-08
1.98886e-08
1.36395e-07
0
5.71147e-08
5.89217e-08
5.73759e-08
0
5.50331e-08
5.36942e-08
5.29725e-08
0
0
5.49732e-08
1.31801e-07
5.3066e-08
0
0
9.74461e-06
6.10185e-07
6.81872e-08
5.5728e-08
0
5.5089e-08
5.57093e-08
0
5.5179e-08
5.42157e-08
5.39688e-08
5.39685e-08
1.35597e-07
5.60656e-08
5.56871e-08
5.58408e-08
5.67516e-08
5.49343e-08
0
5.43711e-08
5.45203e-08
5.53614e-08
5.55239e-08
5.54385e-08
5.43383e-08
5.36739e-08
5.34898e-08
5.62314e-08
5.94673e-08
0
5.80432e-08
5.60583e-08
6.67347e-09
4.09184e-08
5.44707e-08
5.53004e-08
5.45542e-08
5.36837e-08
1.34116e-07
5.43643e-08
5.22899e-08
5.51803e-08
5.52792e-08
5.58142e-08
5.61906e-08
6.93109e-08
6.52358e-08
1.07865e-07
5.47189e-08
5.30686e-08
5.25329e-08
5.31921e-08
5.42969e-08
5.50132e-08
1.40578e-07
5.70526e-08
9.51242e-08
7.89282e-08
5.31665e-08
5.37811e-08
1.3636e-07
5.51717e-08
5.56006e-08
5.58685e-08
5.64345e-08
0
7.14915e-08
1.09742e-07
5.31245e-08
5.43898e-08
5.50366e-08
5.33278e-08
5.36889e-08
5.48479e-08
5.46867e-08
1.05509e-05
1.02275e-06
4.97655e-08
7.08005e-08
3.94291e-08
5.472e-08
5.61172e-08
5.53111e-08
5.5562e-08
5.64163e-08
5.56956e-08
5.34724e-08
1.03582e-07
7.29606e-08
5.6145e-08
5.63023e-08
5.63113e-08
0
1.31173e-07
0
0
0
5.64237e-08
5.56737e-08
5.4677e-08
5.42463e-08
5.51924e-08
5.92216e-08
5.21385e-09
1.32746e-07
5.9605e-08
0
5.31862e-08
0
5.4204e-08
1.33065e-07
5.14671e-08
5.37718e-08
5.5783e-08
5.3307e-08
5.35973e-08
5.8697e-08
5.6983e-08
5.46804e-08
5.42835e-08
5.47798e-08
5.48276e-08
5.587e-08
5.54438e-08
5.40506e-08
6.28014e-08
4.41095e-08
5.38006e-08
1.37814e-07
5.62731e-08
5.72685e-08
5.53046e-08
5.32907e-08
5.31238e-08
5.58214e-08
5.8372e-08
5.78397e-08
5.59074e-08
0
0
5.63346e-08
5.56208e-08
5.36511e-08
9.10147e-08
9.03618e-08
1.75739e-08
2.24438e-08
5.35067e-08
5.42111e-08
5.43481e-08
3.4355e-06
5.78023e-07
4.93839e-08
5.58751e-08
5.41579e-08
5.5337e-08
5.89936e-08
0
5.53414e-08
6.95378e-08
1.10255e-07
5.27524e-08
5.46511e-08
6.01416e-09
4.47117e-08
5.59427e-08
5.6351e-08
0
5.36723e-08
1.26967e-07
1.2957e-07
1.29518e-07
5.28619e-08
5.55e-08
5.40944e-08
5.36065e-08
5.44263e-08
5.61699e-08
5.77263e-08
5.8353e-08
6.01141e-08
5.41913e-08
5.23008e-08
5.25271e-08
5.53358e-08
6.57615e-08
1.14672e-07
5.3035e-08
5.52662e-08
5.46097e-08
5.42364e-08
5.67885e-08
5.78345e-08
5.55059e-08
5.45102e-08
5.40952e-08
5.47933e-08
1.05264e-07
7.02931e-08
5.3284e-08
5.48293e-08
0
1.29752e-07
1.34998e-07
5.91569e-08
0
6.44952e-08
8.02591e-08
5.79675e-08
8.95202e-08
6.07549e-08
5.75424e-08
0
2.71168e-08
2.20366e-08
1.16185e-07
5.29423e-08
5.28714e-08
5.50299e-08
5.65853e-08
5.43105e-08
5.33898e-08
0
1.29542e-07
5.23403e-08
2.46763e-05
2.06225e-07
2.43572e-08
3.59616e-08
5.47271e-08
5.44311e-08
5.57044e-08
5.63872e-08
1.32111e-07
1.2979e-07
5.0239e-08
5.29282e-08
0
8.28129e-08
9.94127e-08
5.42559e-08
5.51811e-08
0
5.475e-08
0
5.38259e-08
1.36156e-07
1.68072e-08
9.65555e-08
2.04517e-08
4.76531e-08
4.46389e-08
6.57282e-08
1.05895e-07
0
0
5.6478e-08
5.55436e-08
5.49486e-08
8.58373e-08
9.01293e-08
5.41084e-08
1.69675e-08
2.27094e-08
5.54521e-08
5.50887e-08
5.59131e-08
5.60584e-08
5.58512e-08
6.62361e-08
1.19956e-07
5.4006e-08
5.48024e-08
5.44386e-08
9.01284e-08
9.00523e-08
5.66468e-08
5.38768e-08
5.50464e-08
5.90199e-08
0
5.57949e-08
5.3706e-08
5.3122e-08
1.38871e-07
6.009e-08
0
5.51827e-08
6.14805e-08
4.66867e-08
1.29452e-07
7.71969e-08
3.09171e-08
5.52959e-08
5.55142e-08
5.44331e-08
5.36001e-08
5.32531e-08
0
1.30708e-07
1.31464e-05
1.6614e-07
1.25129e-07
5.24541e-08
5.52501e-08
5.67004e-08
1.08039e-08
3.36042e-08
5.67086e-08
5.55174e-08
5.41718e-08
5.22162e-08
1.33027e-07
0
5.45324e-08
5.52741e-08
5.77509e-08
0
1.30432e-07
5.19528e-08
5.47362e-08
5.88186e-08
1.30359e-07
5.46379e-08
5.45176e-08
5.43419e-08
5.34518e-08
6.49255e-08
1.24606e-07
5.61089e-08
5.46453e-08
7.85303e-08
1.07258e-07
5.3507e-08
0
5.44282e-08
5.32998e-08
5.48997e-08
5.38133e-08
5.5003e-08
1.34607e-07
5.53131e-08
5.5536e-08
5.5444e-08
5.52116e-08
0
5.52674e-08
5.62024e-08
5.60684e-08
5.57484e-08
5.56585e-08
5.60781e-08
8.33912e-08
7.72614e-08
1.79788e-08
4.5168e-08
5.60635e-08
5.57572e-08
5.58021e-08
5.64642e-08
5.85819e-08
5.80339e-08
1.07629e-07
4.48333e-09
5.53477e-08
0
5.33432e-08
5.66446e-08
1.87716e-07
6.85137e-08
5.31125e-08
5.53164e-08
0
5.49404e-08
5.3255e-08
6.29939e-06
2.58261e-07
6.39185e-08
7.86506e-08
1.75451e-07
0
1.90384e-07
7.13671e-08
0
5.32333e-08
5.44489e-08
5.41082e-08
5.60174e-08
5.36864e-08
5.14202e-08
5.51116e-08
5.74881e-08
5.60322e-08
5.38762e-08
5.37337e-08
5.37664e-08
5.45735e-08
5.45967e-08
5.51457e-08
5.51718e-08
5.4756e-08
5.48846e-08
1.30335e-07
5.50547e-08
5.67479e-08
6.92603e-08
4.17083e-08
5.5733e-08
5.44862e-08
7.55121e-08
3.17568e-08
5.32973e-08
0
5.24866e-08
5.38427e-08
5.61317e-08
1.36554e-07
5.4515e-08
5.47547e-08
5.43095e-08
5.52239e-08
5.41355e-08
5.5718e-08
5.65528e-08
5.64219e-08
5.54679e-08
5.51385e-08
5.38941e-08
6.00087e-08
4.99991e-08
5.51723e-08
5.56102e-08
5.54882e-08
5.54204e-08
5.62132e-08
5.72278e-08
5.75228e-08
5.5598e-08
5.46703e-08
5.49573e-08
5.47936e-08
5.4387e-08
0
1.36162e-07
5.36348e-08
5.28645e-08
5.61199e-08
0
1.32195e-07
5.33771e-08
5.34059e-06
2.62669e-07
5.00826e-08
5.41898e-08
5.9133e-08
1.38088e-07
5.38019e-08
5.32944e-08
5.38519e-08
5.54505e-08
5.48196e-08
5.49399e-08
5.36136e-08
1.26866e-07
5.18189e-08
5.37881e-08
1.38205e-07
5.46708e-08
5.29097e-08
0
5.43548e-08
5.59169e-08
5.59797e-08
5.65763e-08
0
5.50386e-08
5.43551e-08
5.42453e-08
5.6051e-08
5.72297e-08
5.71343e-08
1.41068e-07
5.43621e-08
5.21899e-08
5.36403e-08
5.34413e-08
5.44432e-08
0
5.36364e-08
1.31284e-07
5.33051e-08
5.42973e-08
5.49225e-08
0
5.70471e-08
5.54544e-08
5.29633e-08
5.52883e-08
5.65637e-08
2.19024e-08
1.76556e-08
8.56814e-08
9.6883e-08
0
5.61869e-08
5.68573e-08
5.59113e-08
5.5021e-08
5.43996e-08
5.58208e-08
5.65326e-08
5.69778e-08
5.53717e-08
8.65989e-08
7.08961e-08
5.54956e-09
5.39317e-08
2.40128e-08
1.3055e-08
5.58592e-08
1.32469e-07
5.28157e-08
5.609e-08
5.38003e-08
5.40396e-08
2.07775e-05
2.43853e-07
5.00982e-08
5.47275e-08
5.85559e-08
0
5.64418e-08
5.45284e-08
0
5.50928e-08
5.52845e-08
5.52736e-08
1.36722e-07
5.29247e-08
1.06515e-07
6.48513e-08
5.51683e-08
5.43644e-08
5.42176e-08
5.47129e-08
5.65297e-08
2.06631e-09
5.26559e-08
5.60832e-08
5.55315e-08
5.49111e-08
5.41971e-08
5.45006e-08
5.86567e-08
5.98361e-08
5.93448e-08
5.76262e-08
5.42023e-08
5.18538e-08
5.23014e-08
5.27113e-08
9.0939e-08
1.73236e-07
1.26345e-07
5.07231e-08
5.26728e-08
5.67425e-08
0
1.35573e-07
5.7875e-08
0
5.39826e-08
5.11727e-08
5.47391e-08
5.952e-08
0
5.57841e-08
0
5.55816e-08
5.63706e-08
5.65057e-08
5.60951e-08
1.31366e-07
5.31958e-08
1.36366e-07
2.42769e-08
8.06499e-08
5.35931e-08
5.39401e-08
5.47035e-08
5.48176e-08
5.42117e-08
0
5.54499e-08
0
5.50103e-08
5.40397e-08
1.33074e-07
0
5.27287e-08
8.38044e-06
1.56546e-07
8.25019e-08
3.74745e-08
4.49802e-08
5.52007e-08
5.54391e-08
0
5.61274e-08
0
0
5.56568e-08
5.46719e-08
5.51045e-08
5.38487e-08
5.42714e-08
5.32921e-08
5.50153e-08
5.51505e-08
5.48744e-08
5.61443e-08
0
5.53465e-08
5.80485e-08
5.67448e-08
2.51726e-08
8.49046e-09
8.19611e-08
5.61788e-08
5.13445e-08
1.11136e-07
5.65665e-08
5.31845e-08
5.29866e-08
5.27391e-08
1.27266e-07
1.31236e-07
5.25348e-08
1.32687e-07
5.23186e-08
0
5.17766e-08
2.10549e-08
6.69471e-08
6.67648e-09
5.60681e-08
5.53533e-08
5.62683e-08
0
5.73041e-08
5.91346e-08
0
5.73698e-08
5.59082e-08
5.64458e-08
5.73764e-08
5.67645e-08
5.58344e-08
5.44486e-08
5.52435e-08
5.54888e-08
5.53458e-08
5.50289e-08
5.48982e-08
5.52724e-08
5.6398e-08
5.50985e-08
5.52391e-08
5.66532e-08
5.75181e-08
0
5.80863e-08
5.76774e-08
1.33268e-07
0
1.78413e-05
3.84795e-07
0
5.70132e-08
5.51335e-08
5.4296e-08
0
5.42781e-08
5.34605e-08
5.39829e-08
5.43863e-08
5.25531e-08
2.02906e-08
8.28763e-08
5.43939e-08
5.23393e-08
5.44401e-08
5.57684e-08
5.48444e-08
5.49589e-08
5.75194e-08
0
5.40534e-08
5.73565e-08
0
5.39069e-08
5.5357e-08
5.43195e-08
7.73221e-09
3.98679e-08
1.41315e-07
5.66767e-08
5.71291e-08
5.47531e-08
1.31585e-07
5.27155e-08
5.29403e-08
5.46516e-08
0
1.28806e-07
1.25713e-07
4.99841e-08
0
5.52818e-08
5.66699e-08
5.63388e-08
0
5.51861e-08
5.56975e-08
5.75511e-08
5.91918e-08
0
5.63176e-08
6.40469e-08
9.66043e-08
7.91832e-08
2.5406e-08
9.84527e-09
5.32345e-08
5.52037e-08
5.7933e-08
5.64151e-08
5.76265e-08
5.55098e-08
5.47824e-08
5.48062e-08
5.54239e-08
5.52503e-08
5.43691e-08
5.54325e-08
1.40643e-07
5.80525e-08
0
5.48492e-08
5.85209e-08
6.51902e-06
2.50372e-07
2.20648e-07
5.35352e-08
8.80542e-08
8.99742e-08
0
5.40819e-08
1.34018e-07
5.31151e-08
5.34289e-08
1.29336e-07
1.28508e-07
5.28889e-08
6.54416e-08
4.27806e-08
5.52694e-08
0
1.27073e-07
1.2794e-07
5.32494e-08
5.31289e-08
5.6246e-08
5.33187e-08
1.29462e-07
1.33317e-07
5.30589e-08
0
5.44217e-08
5.49978e-08
5.64125e-08
5.75107e-08
5.67887e-08
5.47977e-08
1.35811e-07
5.23827e-08
5.49749e-08
5.6583e-08
5.50103e-08
5.41672e-08
5.56709e-08
5.46937e-08
5.32303e-08
2.33514e-07
5.28893e-08
5.38486e-08
5.43192e-08
5.479e-08
5.52227e-08
5.59254e-08
5.53304e-08
5.51377e-08
6.40041e-08
1.24695e-07
1.6617e-08
2.66599e-08
5.59687e-08
5.70853e-08
0
5.36189e-08
5.34307e-08
1.38333e-07
5.53754e-08
5.39437e-08
5.37166e-08
5.43215e-08
5.51087e-08
5.47594e-08
5.60957e-08
5.65847e-08
1.10615e-07
7.76125e-08
5.63209e-08
5.16114e-08
5.17105e-08
9.92042e-06
3.71329e-07
5.29914e-08
1.36064e-07
5.34034e-08
5.30122e-08
1.26844e-07
1.32193e-07
5.31765e-08
5.38181e-08
5.37914e-08
6.62575e-08
1.11374e-07
1.34847e-07
5.30806e-08
5.33803e-08
5.3429e-08
1.27789e-07
5.26111e-08
5.48853e-08
5.09223e-08
1.28711e-07
5.39061e-08
5.39276e-08
5.47118e-08
5.59338e-08
5.60724e-08
5.47678e-08
5.36339e-08
5.49553e-08
5.61541e-08
5.74223e-09
4.52346e-08
5.63327e-08
5.5517e-08
5.46509e-08
5.50886e-08
5.46602e-08
5.52974e-08
5.65541e-08
5.59337e-08
5.53531e-08
5.52677e-08
5.60446e-08
5.5347e-08
1.30675e-07
5.28999e-08
5.47679e-08
9.90584e-08
7.75994e-08
5.60247e-08
5.55733e-08
9.49657e-08
7.95342e-08
5.81816e-08
1.61758e-08
5.62511e-08
9.95371e-08
5.44118e-08
5.34697e-08
5.46244e-08
5.86383e-08
2.81414e-08
5.23415e-09
5.31215e-08
5.39059e-08
5.44824e-08
1.27957e-07
5.30419e-08
5.51572e-08
5.97986e-08
5.98707e-08
0
5.36194e-08
0
1.32688e-05
2.50418e-07
1.02604e-07
5.42357e-08
5.52067e-08
5.49048e-08
5.33476e-08
1.33997e-07
5.50011e-08
2.43306e-08
2.20651e-08
6.21763e-08
6.67451e-08
2.64794e-08
1.31629e-07
1.37413e-07
0
5.32096e-08
5.36199e-08
5.48169e-08
5.40096e-08
5.48859e-08
5.54958e-08
6.37505e-09
6.56861e-08
3.39609e-08
5.37656e-08
1.36775e-07
5.49982e-08
5.52147e-08
5.60532e-08
0
2.2798e-08
1.48319e-08
5.51378e-08
1.3114e-07
5.41849e-08
5.44853e-08
5.47307e-08
5.4962e-08
5.59601e-08
5.56889e-08
5.57749e-08
0
5.62887e-08
5.57785e-08
5.56364e-08
5.55686e-08
5.79739e-08
5.64341e-08
1.3698e-07
5.41041e-08
5.27976e-08
1.27969e-07
1.34358e-07
5.41343e-08
2.31296e-08
1.3211e-08
5.47498e-08
5.50469e-08
5.55537e-08
5.56313e-08
5.61177e-08
5.51706e-08
5.39382e-08
5.42026e-08
5.41761e-08
5.22501e-08
1.33723e-07
5.84449e-08
6.00631e-08
0
5.68434e-08
0
1.30285e-07
8.53042e-06
2.49948e-07
5.08558e-08
5.50645e-08
0
0
1.01956e-08
1.07533e-07
5.40016e-08
5.45949e-08
5.45802e-08
5.49777e-08
5.56442e-08
5.58495e-08
5.44421e-08
5.5449e-08
5.5942e-08
1.35248e-07
5.28919e-08
5.31385e-08
5.36635e-08
6.46509e-08
4.48132e-08
1.30295e-07
0
5.28497e-08
5.40242e-08
5.51565e-08
5.52008e-08
1.38431e-07
0
5.42705e-08
1.34265e-07
5.46922e-08
5.44372e-08
5.49571e-08
5.67117e-08
0
5.4485e-08
5.79077e-08
0
5.57314e-08
5.62749e-08
1.0207e-08
6.57803e-08
5.79187e-08
2.28312e-08
1.38544e-07
5.73419e-08
5.46613e-08
5.47402e-08
5.55281e-08
5.47859e-08
5.43354e-08
9.05053e-08
9.29822e-08
5.43022e-08
5.46722e-08
5.38759e-08
5.73179e-08
0
5.58916e-08
5.57255e-08
5.58534e-08
5.56512e-08
5.44583e-08
5.37597e-08
6.38673e-08
1.20003e-07
5.61899e-08
5.47431e-08
9.37476e-08
4.29631e-08
2.90981e-08
0
8.4811e-06
2.46751e-07
0
2.8074e-08
7.61177e-08
5.45329e-08
1.27535e-07
5.29651e-08
5.48686e-08
5.38851e-08
5.55627e-08
5.57997e-08
5.6292e-08
0
5.5122e-08
5.57223e-08
0
0
5.54788e-08
5.50721e-08
5.51365e-08
5.43897e-08
1.31229e-07
5.32851e-08
1.06533e-07
6.3643e-08
5.32245e-08
1.34982e-07
5.48692e-08
5.53297e-08
5.62848e-08
5.56648e-08
5.58928e-08
5.48339e-08
5.49467e-08
5.45557e-08
5.58857e-08
0
5.61841e-08
2.63847e-08
9.211e-09
5.51639e-08
5.56985e-08
5.53755e-08
9.24582e-08
8.3378e-08
5.42397e-08
5.54176e-08
5.61526e-08
5.68953e-08
5.59496e-08
5.65281e-08
5.49513e-08
0
6.31145e-08
1.30746e-07
5.43795e-08
5.33164e-08
5.34093e-08
5.58322e-08
5.59602e-08
5.53672e-08
5.58966e-08
0
5.56192e-08
5.61903e-08
2.60936e-08
7.75492e-08
5.84109e-08
5.57584e-08
0
5.51005e-08
5.65677e-08
5.51548e-08
1.32389e-07
1.13966e-05
3.86498e-07
5.05176e-08
1.29247e-07
5.20471e-08
5.17018e-08
5.14349e-08
5.42373e-08
5.73102e-08
1.76368e-08
2.34938e-08
5.53338e-08
0
5.58112e-08
0
5.45088e-08
5.38241e-08
5.4564e-08
0
0
0
0
0
5.80662e-08
5.4409e-08
5.36922e-08
1.3052e-07
5.36776e-08
5.63967e-08
5.91117e-08
5.86401e-08
1.23612e-08
3.16884e-08
5.42572e-08
5.51424e-08
5.5598e-08
5.48339e-08
5.50094e-08
5.52788e-08
5.59203e-08
5.35757e-08
5.49875e-08
5.52617e-08
5.53154e-08
1.30748e-07
5.25321e-08
5.37193e-08
5.54416e-08
5.63303e-08
5.63972e-08
5.73632e-08
5.69144e-08
5.50854e-08
5.52458e-08
5.67584e-08
5.84177e-08
2.71491e-08
1.96222e-08
4.21893e-08
5.43703e-08
5.43632e-08
5.50898e-08
5.49189e-08
1.86299e-08
2.05241e-08
5.72748e-08
0
5.61576e-08
5.82969e-08
5.62254e-08
5.63203e-08
5.35622e-08
1.34991e-07
5.31623e-08
5.39059e-08
5.48394e-06
1.61921e-07
7.7221e-08
1.65103e-07
5.2631e-08
5.49275e-08
5.75539e-08
1.07913e-07
7.27324e-08
5.67812e-08
0
5.47322e-08
0
5.51362e-08
0
0
5.44134e-08
5.6461e-08
5.52419e-08
5.45839e-08
5.50059e-08
7.03684e-08
1.1218e-07
1.04179e-07
6.72196e-08
5.44616e-08
5.37311e-08
5.37273e-08
5.72886e-08
5.95565e-08
0
5.69867e-08
5.51434e-08
5.83355e-08
0
5.48508e-08
5.43658e-08
5.53934e-08
9.14104e-08
9.15554e-08
5.34326e-08
5.41604e-08
1.34381e-07
5.17374e-08
5.08134e-08
8.29183e-08
8.77508e-08
5.59373e-08
5.62816e-08
5.76925e-08
5.78662e-08
0
5.6269e-08
5.47853e-08
5.50015e-08
5.57013e-08
5.67209e-08
0
1.34671e-07
5.40205e-08
5.49787e-08
5.50293e-08
5.55413e-08
2.09469e-08
8.97315e-08
5.77264e-08
5.3931e-08
5.201e-08
5.29647e-08
5.38695e-08
8.34848e-08
9.61711e-08
5.37549e-08
5.44607e-08
5.51086e-08
2.41866e-05
5.10991e-07
1.27335e-07
5.70993e-08
5.44983e-08
5.45483e-08
0
5.60798e-08
5.63085e-08
5.64985e-08
5.51588e-08
5.48763e-08
5.47123e-08
5.39196e-08
5.37309e-08
5.54986e-08
5.46535e-08
5.49777e-08
6.33892e-08
1.20496e-07
5.27628e-08
5.38156e-08
5.34964e-08
5.41363e-08
5.41732e-08
1.36949e-07
5.31082e-08
5.17548e-08
5.85058e-08
0
5.77385e-08
5.58874e-08
5.5757e-08
5.73448e-08
5.58266e-08
5.51788e-08
5.54949e-08
5.42352e-08
5.47515e-08
5.52542e-08
5.51669e-08
8.83954e-08
8.72101e-08
5.46414e-08
5.34543e-08
5.39776e-08
1.35076e-07
5.74448e-08
5.694e-08
2.37002e-09
5.20467e-08
5.53926e-08
5.53193e-08
5.53119e-08
5.57934e-08
1.52715e-08
2.74131e-08
5.57622e-08
0
5.64422e-08
5.5363e-08
5.38348e-08
5.36528e-08
5.44842e-08
5.67664e-08
1.36536e-07
5.42789e-08
5.29007e-08
5.51223e-08
2.43111e-08
1.30906e-08
5.57129e-08
5.49434e-08
5.43517e-08
5.86849e-08
8.40351e-06
2.41687e-07
1.05139e-07
5.70825e-08
7.33712e-09
4.15061e-08
5.67727e-08
5.79631e-08
5.63904e-08
5.54477e-08
0
5.49516e-08
0
5.47179e-08
5.47669e-08
1.31085e-07
5.30728e-08
5.42465e-08
5.52409e-08
5.33601e-08
5.34425e-08
5.50611e-08
5.48383e-08
5.49797e-08
8.60471e-08
9.34436e-08
5.40215e-08
5.19453e-08
5.58639e-08
5.72426e-08
5.57044e-08
5.48503e-08
5.48262e-08
5.59485e-08
5.76231e-08
5.57531e-08
5.40636e-08
5.57484e-08
1.66972e-08
2.54581e-08
5.59171e-08
5.5801e-08
0
5.36057e-08
5.39298e-08
5.39983e-08
5.48874e-08
5.65281e-08
7.57454e-08
1.13227e-07
5.45708e-08
5.48667e-08
0
5.54262e-08
5.55292e-08
5.52174e-08
5.4366e-08
5.82065e-08
5.79166e-08
5.70623e-08
5.46832e-08
5.25793e-08
5.34643e-08
5.49368e-08
5.56889e-08
5.55963e-08
5.39107e-08
5.47455e-08
5.65574e-08
5.72464e-08
0
5.50245e-08
5.46319e-08
5.47458e-08
5.61076e-08
9.71186e-06
2.99909e-07
1.17042e-07
5.58372e-08
5.31622e-08
2.31451e-08
1.20309e-08
5.49542e-08
5.41573e-08
1.30565e-07
1.31482e-07
5.09409e-08
5.26627e-08
5.29262e-08
5.30193e-08
5.46364e-08
5.37897e-08
5.5856e-08
5.46196e-08
1.30185e-07
5.52683e-08
5.45174e-08
5.55248e-08
5.53767e-08
1.31211e-07
5.41725e-08
5.16655e-08
5.29099e-08
5.2867e-08
5.58348e-08
5.64043e-08
9.06619e-08
8.62665e-08
5.32182e-08
5.54068e-08
0
5.41089e-08
5.39572e-08
5.45917e-08
5.54931e-08
5.54829e-08
5.49924e-08
1.32814e-07
5.36695e-08
0
5.4423e-08
5.5725e-08
5.68746e-08
5.74448e-08
5.52121e-08
5.513e-08
5.56677e-08
5.5851e-08
5.57311e-08
5.47478e-08
5.46696e-08
5.46694e-08
5.67252e-08
0
5.822e-08
5.62732e-08
5.49805e-08
5.29916e-08
1.35564e-07
5.47536e-08
5.30037e-08
5.61417e-08
5.99026e-08
5.90939e-08
5.72761e-08
5.25768e-08
5.31559e-08
1.06384e-08
3.37188e-08
5.42709e-08
5.20968e-06
9.00533e-08
5.64058e-08
1.35362e-07
5.21569e-08
5.46857e-08
5.52888e-08
5.52322e-08
5.55449e-08
0
5.33389e-08
5.42099e-08
1.28494e-07
5.24064e-08
5.67556e-08
5.3576e-08
5.5708e-08
5.25846e-08
5.22759e-08
5.35801e-08
5.33599e-08
0
5.33237e-08
5.50323e-08
0
1.36112e-07
4.77007e-08
5.48858e-08
5.6559e-08
5.6746e-08
5.55932e-08
5.62553e-08
1.65014e-09
1.40105e-07
1.18537e-07
5.57272e-08
1.32461e-07
5.44519e-08
0
5.38479e-08
5.56991e-08
5.5242e-08
5.39843e-08
5.32484e-08
5.31788e-08
5.75237e-08
0
0
6.02261e-08
9.98303e-08
3.11898e-09
1.33799e-07
5.40277e-08
5.42739e-08
1.28827e-07
5.31971e-08
5.4684e-08
0
5.55673e-08
5.70786e-08
5.61609e-08
5.48423e-08
5.43669e-08
5.51187e-08
5.573e-08
5.47222e-08
5.45506e-08
5.55299e-08
5.65787e-08
5.70999e-08
5.6055e-08
0
1.26953e-07
5.23791e-08
5.47701e-08
3.29699e-05
1.46969e-07
1.35062e-07
1.32159e-07
5.22833e-08
5.96951e-08
5.61428e-08
4.46069e-08
5.59535e-08
5.51709e-08
5.53693e-08
5.50516e-08
0
0
5.35745e-08
9.19653e-08
1.81131e-08
1.30388e-07
5.21924e-08
2.31983e-07
5.22615e-08
5.63492e-08
0
0
5.49001e-08
5.11369e-08
5.42208e-08
5.55491e-08
0
1.35524e-07
5.48109e-08
5.38848e-08
5.35475e-08
5.33217e-08
5.52573e-08
5.89689e-08
0
1.50766e-07
1.09667e-07
0
0
1.28596e-07
5.30639e-08
5.30078e-08
0
0
0
2.27999e-07
5.22529e-08
0
5.96561e-08
0
5.48816e-08
5.39945e-08
1.29047e-07
1.33202e-07
5.43961e-08
5.5572e-08
1.10731e-08
3.5974e-08
5.61939e-08
5.73123e-08
5.32179e-08
0
5.4926e-08
5.44276e-08
1.31468e-07
5.42363e-08
5.49923e-08
5.72447e-08
5.63132e-08
5.58936e-08
5.25848e-08
1.24544e-07
5.18404e-08
8.40326e-06
3.03231e-07
1.59475e-07
5.44533e-08
5.28182e-08
0
5.41618e-08
5.53658e-08
5.54407e-08
5.49575e-08
5.38291e-08
5.24082e-08
5.33577e-08
5.4628e-08
1.34388e-07
5.30907e-08
5.30339e-08
5.51953e-08
5.48841e-08
5.53824e-08
5.71713e-08
5.62688e-08
5.57243e-08
1.30669e-07
5.48424e-08
5.59658e-08
0
5.39417e-08
1.30837e-07
5.42884e-08
5.48516e-08
5.61561e-08
5.62879e-08
5.50787e-08
5.7578e-08
5.66417e-08
0
5.14308e-08
5.33877e-08
5.55089e-08
5.53642e-08
5.43224e-08
0
5.56081e-08
5.59863e-08
5.35628e-08
5.49175e-08
5.4189e-08
8.42741e-08
5.16991e-08
1.00973e-07
5.67451e-08
5.47743e-08
5.46501e-08
5.42752e-08
5.3875e-08
5.74853e-08
0
5.61552e-08
5.53506e-08
5.60321e-08
5.6927e-08
1.16272e-08
1.032e-07
5.77745e-08
1.26129e-07
5.21484e-08
5.42146e-08
5.50594e-08
5.63858e-08
5.56642e-08
5.45563e-08
5.36999e-08
5.36249e-08
5.60823e-08
)
;


// ************************************************************************* //
