/*--------------------------------*- C++ -*----------------------------------*\
  =========                 |
  \\      /  F ield         | OpenFOAM: The Open Source CFD Toolbox
   \\    /   O peration     | Website:  https://openfoam.org
    \\  /    A nd           | Version:  12
     \\/     M anipulation  |
\*---------------------------------------------------------------------------*/
FoamFile
{
    format      ascii;
    class       IOPosition;
    location    "0.8/lagrangian/cloud";
    object      positions;
}
// * * * * * * * * * * * * * * * * * * * * * * * * * * * * * * * * * * * * * //

1931
(
(0.0363311 0.481834 0.442375 0.0394591) 76 3 2
(0.0865866 0.456707 0.190133 0.266574) 0 15075 2
(0.221635 0.389182 0.118806 0.270376) 1 0 1
(0.132157 0.433922 0.255766 0.178155) 1 2 1
(0.200578 0.399711 0.0593708 0.34034) 3 7 2
(0.249353 0.375324 0.105367 0.269956) 4 9 2
(0.239985 0.0575527 0.322455 0.380008) 5 8 2
(0.124586 0.115434 0.322273 0.437707) 6 10 2
(0.262983 0.0136289 0.368509 0.35488) 6 12 2
(0.00058956 0.499705 0.365277 0.134428) 83 17 2
(0.40299 0.133546 0.298505 0.164958) 7 7382 2
(0.559311 0.220344 0.0643624 0.155982) 8 7383 1
(0.0585663 0.470717 0.268013 0.202704) 9 16 1
(0.156622 0.421689 0.299506 0.122183) 9 18 1
(0.124963 0.107165 0.437519 0.330353) 10 20 2
(0.325229 0.0812354 0.25615 0.337385) 11 23 1
(0.300505 0.185104 0.164643 0.349747) 12 25 1
(0.256537 0.244532 0.1272 0.371732) 13 27 1
(0.280067 0.144016 0.21595 0.359966) 14 29 1
(0.390211 0.187975 0.11692 0.304894) 15 31 1
(0.442956 0.14813 0.130391 0.278522) 16 33 1
(0.476208 0.261896 0.223473 0.0384232) 17 35 2
(0.0289687 0.485516 0.223563 0.261953) 18 34 1
(0.476222 0.261889 0.216832 0.0450568) 18 36 1
(0.468924 0.185952 0.265538 0.0795863) 19 7394 2
(0.444837 0.277582 0.00138949 0.276192) 20 7395 1
(0.495521 0.158432 0.252239 0.093807) 22 7397 2
(0.458686 0.243828 0.0268285 0.270657) 24 49 1
(0.211515 0.394242 0.116886 0.277356) 25 51 2
(0.10361 0.129886 0.318309 0.448195) 26 50 2
(0.138634 0.198205 0.430683 0.232478) 26 52 2
(0.425179 0.194669 0.28741 0.0927417) 27 7402 2
(0.246451 0.376775 0.297289 0.0794855) 28 56 1
(0.418247 0.000870119 0.290876 0.290006) 29 7404 2
(0.486209 0.256895 0.180824 0.076071) 31 60 1
(0.177054 0.0280967 0.383376 0.411473) 32 62 2
(0.232403 0.104892 0.383799 0.278906) 32 64 2
(0.527705 0.233063 0.236147 0.00308474) 34 7409 2
(0.197325 0.195119 0.401337 0.206218) 109 69 1
(0.327163 0.0420219 0.336419 0.294397) 35 70 2
(0.444079 0.0561375 0.221823 0.27796) 36 73 1
(0.395612 0.302194 0.0373227 0.264871) 37 7412 1
(0.158063 0.00386453 0.417104 0.420969) 38 74 2
(0.289698 0.0688986 0.286252 0.355151) 38 77 1
(0.237886 0.381057 0.315865 0.065192) 39 79 2
(0.205945 0.0401798 0.356848 0.397028) 40 78 2
(0.190917 0.227958 0.176583 0.404542) 40 81 1
(0.412015 0.293992 0.236414 0.057578) 41 82 1
(0.402942 0.0202941 0.298529 0.278235) 42 7417 2
(0.376212 0.311894 0.310253 0.00164093) 43 86 1
(0.0845934 0.457703 0.241292 0.216411) 45 88 1
(0.0735778 0.335738 0.127473 0.463211) 45 91 1
(0.294975 0.352512 0.235661 0.116852) 46 93 2
(0.534862 0.175411 0.0571584 0.232569) 75 150 1
(0.495353 0.204005 0.252324 0.0483182) 80 11 1
(0.579283 0.110731 0.0996269 0.210358) 81 162 1
(0.532449 0.233776 0.0561813 0.177594) 82 163 1
(0.555832 0.06043 0.222084 0.161654) 83 17 1
(0.00564247 0.497179 0.333182 0.163997) 85 21 2
(0.0974367 0.451282 0.427473 0.0238084) 158 314 1
(0.319387 0.340307 0.229734 0.110572) 158 312 1
(0.131156 0.0956387 0.338783 0.434422) 84 168 1
(0.260295 0.369852 0.192807 0.177045) 85 170 2
(0.304853 0.0433001 0.304273 0.347574) 85 170 1
(0.230375 0.384812 0.0651992 0.319613) 86 172 2
(0.286694 0.327957 0.0286958 0.356653) 86 172 1
(0.0162065 0.240555 0.491897 0.251341) 86 171 2
(0.0602114 0.469894 0.16876 0.301135) 91 179 1
(0.541224 0.229388 0.133183 0.0962054) 92 35 2
(0.266566 0.181504 0.366717 0.185213) 93 37 1
(0.215325 0.199045 0.392338 0.193293) 94 39 1
(0.0372622 0.481369 0.23117 0.250199) 21 43 2
(0.0424419 0.299421 0.478779 0.179358) 97 45 1
(0.238579 0.380711 0.310135 0.070576) 95 190 2
(0.32428 0.33786 0.0520722 0.285788) 96 192 2
(0.104348 0.0942617 0.447826 0.353564) 96 191 2
(0.514813 0.152997 0.242594 0.089597) 100 51 1
(0.302769 0.301834 0.348616 0.0467811) 102 55 1
(0.0021606 0.49892 0.45981 0.0391101) 104 59 2
(0.111873 0.353696 0.444063 0.0903675) 175 200 1
(0.282911 0.358545 0.0195787 0.338966) 176 202 2
(0.0835807 0.447434 0.0107754 0.45821) 102 204 1
(0.0542714 0.084338 0.472864 0.388526) 102 203 2
(0.228174 0.385913 0.304943 0.0809703) 103 206 2
(0.180749 0.0826069 0.327019 0.409625) 103 206 1
(0.219748 0.390126 0.17457 0.215556) 104 208 2
(0.244386 0.034042 0.343765 0.377807) 104 208 1
(0.287757 0.356122 0.187002 0.16912) 108 67 2
(0.394731 0.302634 0.122998 0.179637) 110 71 2
(0.542302 0.228849 0.120861 0.107987) 111 73 2
(0.463792 0.268104 0.223504 0.0445998) 112 75 2
(0.402815 0.298592 0.228077 0.0705156) 113 223 1
(0.104934 0.447533 0.380046 0.0674871) 114 225 1
(0.142824 0.427107 0.428588 0.00148131) 114 227 2
(0.0816095 0.459195 0.224753 0.234442) 116 229 1
(0.599253 0.200374 0.123047 0.0773264) 116 231 1
(0.581668 0.209166 0.186969 0.0221976) 187 372 1
(0.446606 0.150295 0.276697 0.126402) 188 226 1
(0.112408 0.443796 0.0280703 0.415726) 151 298 1
(0.238015 0.380993 0.100617 0.280375) 77 154 2
(0.0164186 0.491791 0.374803 0.116987) 150 299 2
(0.168622 0.415689 0.09129 0.324399) 151 301 2
(0.277532 0.319327 0.0419067 0.361234) 151 301 1
(0.242916 0.126404 0.252138 0.378542) 152 300 2
(0.267002 0.105203 0.366499 0.261297) 152 302 2
(0.400978 0.114622 0.184889 0.299511) 154 307 1
(0.177341 0.411329 0.0790772 0.332252) 232 313 2
(0.176788 0.411606 0.121785 0.289821) 233 315 2
(0.0706943 0.0688146 0.395838 0.464653) 159 314 2
(0.418543 0.265984 0.0247445 0.290729) 161 318 2
(0.426944 0.286528 0.20622 0.0803081) 162 174 2
(0.0444177 0.477791 0.107916 0.369875) 163 322 1
(0.0859682 0.457016 0.402911 0.0541053) 163 324 1
(0.120967 0.439516 0.0310455 0.408471) 165 326 1
(0.168389 0.415806 0.254757 0.161049) 166 182 2
(0.00483908 0.0725404 0.42504 0.49758) 93 186 1
(0.132715 0.433643 0.0269876 0.406655) 241 477 1
(0.164993 0.0743443 0.343159 0.417504) 166 331 1
(0.168125 0.23899 0.176947 0.415937) 167 333 1
(0.188113 0.405943 0.1484 0.257544) 168 335 2
(0.251957 0.0919619 0.282059 0.374021) 168 335 1
(0.220605 0.389698 0.161003 0.228695) 169 337 2
(0.201976 0.12327 0.275742 0.399012) 169 337 1
(0.215388 0.392306 0.206462 0.185844) 170 339 2
(0.00955094 0.129402 0.495225 0.365822) 170 338 2
(0.262843 0.0380192 0.330559 0.368579) 171 341 1
(0.192665 0.0445341 0.403667 0.359133) 172 342 2
(0.256614 0.0410841 0.330609 0.371693) 174 347 1
(0.133605 0.433197 0.0250312 0.408166) 176 351 2
(0.14013 0.429935 0.081519 0.348416) 177 353 2
(0.173568 0.413216 0.0518168 0.361399) 178 355 2
(0.185849 0.407076 0.0152008 0.391875) 179 357 2
(0.239361 0.0836029 0.38032 0.296717) 180 210 1
(0.173584 0.413208 0.393314 0.0198938) 181 360 1
(0.176011 0.411995 0.289648 0.122346) 183 216 2
(0.082577 0.101367 0.458711 0.357345) 184 218 1
(0.0852747 0.457363 0.283314 0.174049) 183 365 2
(0.118743 0.0988415 0.341787 0.440628) 184 364 2
(0.375994 0.312003 0.105462 0.206542) 185 220 2
(0.219848 0.390076 0.0840059 0.30607) 186 368 1
(0.286867 0.356567 0.272198 0.0843687) 186 370 1
(0.668031 0.165985 0.14537 0.0206144) 226 449 1
(0.443973 0.145594 0.278014 0.13242) 227 303 1
(0.224204 0.0179102 0.387898 0.369988) 228 305 1
(0.00901548 0.495492 0.237082 0.258411) 231 457 1
(0.117196 0.0362806 0.405121 0.441402) 232 459 2
(0.0789596 0.46052 0.153738 0.306782) 233 464 2
(0.437494 0.281253 0.178884 0.102369) 234 317 2
(0.374457 0.312772 0.0144514 0.29832) 235 465 1
(0.359262 0.320369 0.305903 0.0144663) 236 321 2
(0.156629 0.421685 0.0646697 0.357016) 237 469 1
(0.0438573 0.478071 0.375987 0.102084) 237 471 1
(0.123949 0.438025 0.309406 0.128619) 239 327 2
(0.220604 0.225791 0.389698 0.163907) 313 474 1
(0.217193 0.391404 0.331938 0.0594654) 239 476 2
(0.169381 0.0804545 0.334855 0.41531) 239 476 1
(0.180346 0.409827 0.389585 0.0202419) 240 478 2
(0.134945 0.432528 0.275204 0.157324) 241 480 2
(0.114042 0.0398718 0.442979 0.403107) 241 479 2
(0.170758 0.15824 0.256381 0.414621) 242 482 1
(0.164724 0.234925 0.182713 0.417638) 243 484 1
(0.194067 0.243365 0.159602 0.402967) 244 486 1
(0.222721 0.281888 0.106752 0.38864) 245 488 1
(0.256683 0.284763 0.0868953 0.371658) 246 490 1
(0.268006 0.244036 0.121961 0.365997) 247 492 1
(0.382314 0.308843 0.243654 0.0651888) 248 493 1
(0.244287 0.377857 0.131717 0.246139) 250 495 1
(0.468637 0.265681 0.179159 0.0865224) 251 351 2
(0.284648 0.357676 0.106117 0.251559) 252 502 2
(0.242593 0.378703 0.0266832 0.35202) 253 504 2
(0.103724 0.0753883 0.372749 0.448138) 254 503 2
(0.115457 0.0696783 0.442272 0.372593) 254 505 2
(0.232741 0.032037 0.351593 0.38363) 255 508 1
(0.182175 0.00589644 0.408913 0.403016) 256 509 2
(0.100796 0.449602 0.181723 0.267879) 258 514 2
(0.465677 0.267161 0.253084 0.0140776) 259 367 2
(0.0412809 0.47936 0.115425 0.363935) 260 515 1
(0.397693 0.301154 0.0394144 0.261739) 260 369 2
(0.342021 0.328989 0.29525 0.0337397) 261 371 2
(0.212785 0.393608 0.377514 0.0160939) 300 448 2
(0.240931 0.0659176 0.379534 0.313617) 301 450 1
(0.129424 0.435288 0.279183 0.156105) 303 454 2
(0.129179 0.366132 0.435411 0.0692783) 304 456 1
(0.547007 0.226496 0.158759 0.0677373) 306 608 1
(0.226753 0.386624 0.112336 0.274287) 382 611 2
(0.0647923 0.0219373 0.445667 0.467604) 308 610 2
(0.135694 0.199277 0.232876 0.432153) 308 613 1
(0.154837 0.422581 0.366797 0.0557846) 309 615 2
(0.170654 0.414673 0.0832311 0.331442) 310 617 2
(0.156019 0.0253217 0.396669 0.42199) 310 617 1
(0.171493 0.301304 0.11295 0.414254) 311 619 1
(0.178663 0.410668 0.209502 0.201166) 312 621 2
(0.0673484 0.048605 0.466326 0.417721) 312 620 2
(0.106522 0.0798892 0.36685 0.446739) 313 623 1
(0.524941 0.237529 0.123961 0.113568) 315 624 1
(0.242562 0.378719 0.0704329 0.308286) 316 629 2
(0.173956 0.413022 0.340199 0.0728224) 317 631 2
(0.182317 0.00330521 0.408841 0.405536) 318 632 2
(0.179593 0.0155967 0.394607 0.410204) 320 634 2
(0.282698 0.358651 0.0331407 0.32551) 321 639 2
(0.178097 0.0552323 0.355719 0.410951) 322 638 2
(0.124975 0.0781919 0.437513 0.359321) 322 640 2
(0.145078 0.0509113 0.427461 0.37655) 323 642 2
(0.272373 0.22397 0.363814 0.139844) 324 496 1
(0.322446 0.316333 0.338777 0.0224442) 325 498 1
(0.266916 0.366542 0.087553 0.278989) 326 500 2
(0.0893402 0.105812 0.349518 0.45533) 327 648 2
(0.226963 0.081744 0.386518 0.304774) 327 650 2
(0.263469 0.15787 0.210395 0.368266) 328 653 1
(0.253332 0.229691 0.143643 0.373334) 329 655 1
(0.13633 0.431835 0.185805 0.246031) 406 659 2
(0.0969835 0.451508 0.420473 0.0310358) 408 663 2
(0.139761 0.0163559 0.413764 0.43012) 334 662 2
(0.316293 0.341854 0.303409 0.0384444) 334 664 1
(0.474561 0.0984333 0.26272 0.164286) 335 518 1
(0.504986 0.247507 0.0632956 0.184211) 336 520 2
(0.334657 0.332672 0.25285 0.0798219) 337 522 2
(0.176971 0.411515 0.0129982 0.398516) 376 745 1
(0.196774 0.401613 0.209778 0.191835) 377 601 2
(0.170847 0.414577 0.0800751 0.334501) 378 603 2
(0.167394 0.324296 0.416303 0.0920068) 379 605 1
(0.0526998 0.47365 0.339623 0.134027) 380 755 1
(0.0161485 0.491926 0.151364 0.340562) 456 904 1
(0.0424234 0.234298 0.24449 0.478788) 381 758 1
(0.037062 0.467177 0.014292 0.481469) 382 760 1
(0.0886629 0.455669 0.142186 0.313482) 383 762 2
(0.126435 0.00500872 0.431774 0.436782) 383 762 1
(0.137751 0.200195 0.230929 0.431124) 384 764 1
(0.166158 0.359099 0.057822 0.416921) 385 766 1
(0.173952 0.413024 0.310205 0.102819) 386 768 2
(0.169363 0.415318 0.210862 0.204457) 387 770 2
(0.819753 0.0901235 0.0754354 0.0146881) 388 623 2
(0.422655 0.288673 0.0211319 0.267541) 389 625 2
(0.455402 0.272299 0.129593 0.142706) 390 627 2
(0.58993 0.205035 0.0480999 0.156935) 391 775 1
(0.359464 0.320268 0.232238 0.0880305) 392 780 2
(0.0700368 0.116525 0.348457 0.464982) 394 781 2
(0.0677685 0.0850713 0.381044 0.466116) 395 783 2
(0.0496463 0.0945655 0.380611 0.475177) 396 785 2
(0.0568742 0.0920929 0.37947 0.471563) 397 787 2
(0.030478 0.106686 0.484761 0.378075) 397 789 2
(0.119409 0.0444441 0.440295 0.395851) 398 791 2
(0.22251 0.0226635 0.388745 0.366081) 399 793 2
(0.28275 0.0747019 0.358625 0.283923) 400 647 1
(0.492447 0.131416 0.253777 0.122361) 401 649 1
(0.537545 0.151514 0.231228 0.0797134) 402 651 1
(0.252428 0.373786 0.304621 0.0691648) 403 802 2
(0.266445 0.366777 0.172706 0.194071) 404 804 2
(0.265218 0.367391 0.127538 0.239853) 405 806 2
(0.183805 0.365742 0.408098 0.0423555) 481 808 1
(0.329127 0.285509 0.0499277 0.335437) 407 810 1
(0.402794 0.113844 0.298603 0.184759) 482 810 1
(0.237265 0.203393 0.381368 0.177975) 483 812 1
(0.123807 0.438096 0.0223605 0.415736) 410 816 2
(0.162134 0.418933 0.205076 0.213857) 411 817 1
(0.197607 0.401197 0.0204063 0.38079) 450 15081 2
(0.130287 0.434856 0.0387086 0.396148) 451 894 1
(0.0733997 0.4633 0.387071 0.0762294) 451 896 1
(0.19813 0.0860132 0.400935 0.314922) 452 750 1
(0.233486 0.258256 0.383257 0.125001) 453 752 1
(0.148525 0.235638 0.425737 0.1901) 454 754 1
(0.236552 0.0926553 0.381724 0.289069) 528 901 1
(0.177775 0.411112 0.336639 0.074473) 454 903 2
(0.153728 0.00731148 0.423136 0.415825) 454 902 2
(0.015077 0.318865 0.173596 0.492461) 455 905 1
(0.110859 0.44457 0.417067 0.0275029) 456 907 2
(0.150621 0.424689 0.348741 0.0759479) 457 909 2
(0.108653 0.2096 0.236073 0.445673) 458 911 1
(0.0392771 0.0605888 0.419773 0.480361) 460 912 2
(0.172637 0.413682 0.103121 0.31056) 461 917 2
(0.230161 0.384919 0.154229 0.23069) 462 919 2
(0.362149 0.318925 0.15869 0.160235) 463 772 2
(0.285033 0.357484 0.058229 0.299255) 464 774 2
(0.285378 0.25925 0.357311 0.098061) 465 776 1
(0.0285763 0.485712 0.313597 0.172115) 466 926 1
(0.362339 0.318831 0.226695 0.0921359) 468 782 2
(0.028086 0.0929313 0.393026 0.485957) 469 930 2
(0.157709 0.0635804 0.421145 0.357565) 469 932 2
(0.269284 0.0609064 0.304451 0.365358) 470 935 1
(0.221674 0.0359105 0.353252 0.389163) 471 937 1
(0.0834685 0.0575526 0.400713 0.458266) 473 938 2
(0.172695 0.413652 0.200918 0.212735) 474 943 2
(0.491208 0.100301 0.254396 0.154095) 475 796 1
(0.344709 0.244916 0.327646 0.08273) 476 798 1
(0.352147 0.276025 0.323927 0.0479017) 477 800 1
(0.0376731 0.481163 0.261434 0.21973) 478 951 2
(0.128953 0.042371 0.393152 0.435523) 479 950 2
(0.246157 0.102701 0.274221 0.376922) 479 953 1
(0.243717 0.320536 0.0576053 0.378142) 480 955 1
(0.109073 0.234381 0.211083 0.445464) 481 957 1
(0.284455 0.252303 0.357773 0.10547) 557 959 1
(0.262759 0.0578869 0.36862 0.310733) 558 961 1
(0.348355 0.318262 0.00756049 0.325822) 484 963 1
(0.31811 0.340945 0.273542 0.0674032) 486 818 2
(0.210609 0.394695 0.386659 0.00803607) 525 895 2
(0.233982 0.383009 0.378542 0.00446663) 525 1043 1
(0.234172 0.311119 0.382914 0.0717949) 526 897 1
(0.258035 0.370983 0.179679 0.191304) 527 899 2
(0.0427774 0.478611 0.104211 0.3744) 528 1047 1
(0.0259825 0.487009 0.257781 0.229227) 527 1048 2
(0.048026 0.475987 0.0810461 0.394941) 528 1050 2
(0.0128582 0.243059 0.493571 0.250512) 603 1050 1
(0.229719 0.38514 0.162452 0.222688) 529 1052 2
(0.14849 0.0490896 0.376665 0.425755) 530 1051 2
(0.204362 0.384449 0.0133699 0.397819) 531 1056 1
(0.196241 0.401879 0.0959838 0.305896) 533 1060 2
(0.189365 0.0940315 0.311286 0.405317) 534 1062 1
(0.129743 0.0442802 0.390848 0.435128) 536 1063 2
(0.26756 0.36622 0.27016 0.0960598) 537 1067 1
(0.234141 0.38293 0.354929 0.028001) 538 1069 1
(0.248403 0.375799 0.365383 0.0104155) 539 1071 1
(0.206508 0.396746 0.38458 0.012166) 540 1073 1
(0.176988 0.411506 0.373865 0.037641) 542 929 2
(0.405442 0.0890597 0.208219 0.297279) 542 1078 1
(0.462771 0.234532 0.034083 0.268615) 543 1080 1
(0.430395 0.284803 0.195088 0.089715) 544 1082 2
(0.52862 0.129883 0.105807 0.23569) 545 1084 1
(0.227374 0.386313 0.282162 0.104151) 547 1088 2
(0.215323 0.116281 0.276058 0.392339) 548 1090 1
(0.114804 0.0492087 0.442598 0.39339) 549 1091 2
(0.201745 0.399128 0.0441113 0.355016) 551 1096 2
(0.18075 0.409625 0.180399 0.229226) 552 1098 2
(0.148358 0.425821 0.31283 0.112991) 553 1100 2
(0.191042 0.404479 0.271386 0.133093) 554 1102 2
(0.225758 0.387121 0.123422 0.263699) 555 1104 2
(0.0958176 0.0784989 0.373592 0.452091) 556 1103 2
(0.126051 0.0324873 0.436975 0.404487) 556 1105 2
(0.0237958 0.0567602 0.431342 0.488102) 558 1110 1
(0.0843582 0.00947546 0.448345 0.457821) 559 1112 1
(0.271256 0.364372 0.2949 0.0694718) 560 965 2
(0.175862 0.412069 0.0382454 0.373824) 561 1113 1
(0.180253 0.253035 0.409873 0.156839) 600 1044 1
(0.27637 0.361815 0.0908981 0.270917) 601 1192 1
(0.249216 0.375392 0.116091 0.259301) 601 1194 1
(0.00417022 0.497915 0.276154 0.221761) 602 1197 2
(0.256514 0.371743 0.0231038 0.348639) 603 1199 2
(0.373519 0.298901 0.0143396 0.31324) 604 1201 1
(0.134493 0.143123 0.432753 0.28963) 605 1202 2
(0.308005 0.127727 0.218271 0.345997) 607 1207 1
(0.233273 0.383364 0.352415 0.0309483) 609 1211 2
(0.144668 0.0399135 0.427666 0.387752) 610 1212 2
(0.193013 0.403493 0.0623477 0.341146) 612 1214 1
(0.27491 0.362545 0.323229 0.0393165) 613 1070 2
(0.265735 0.367133 0.247417 0.119715) 614 1072 2
(0.258855 0.370573 0.252462 0.118111) 615 1074 2
(0.282859 0.35857 0.348107 0.0104632) 616 1076 2
(0.0526588 0.473671 0.317955 0.155716) 616 1224 1
(0.106993 0.446503 0.272985 0.173518) 617 1226 1
(0.120958 0.439521 0.295502 0.144019) 618 1228 1
(0.20233 0.398835 0.0605202 0.338315) 620 1230 1
(0.276712 0.361644 0.00805081 0.353593) 621 1232 1
(0.0504573 0.0947083 0.380063 0.474771) 622 1234 2
(0.239614 0.380193 0.307621 0.0725721) 623 1239 2
(0.207723 0.0606356 0.335503 0.396138) 624 1241 1
(0.206592 0.396704 0.0204367 0.376267) 626 1245 2
(0.0749052 0.462547 0.377845 0.0847026) 702 1395 1
(0.0182064 0.490897 0.246271 0.244626) 629 1251 2
(0.107761 0.403837 0.0422823 0.446119) 630 1253 1
(0.123295 0.241658 0.196694 0.438352) 631 1255 1
(0.094703 0.124558 0.32809 0.452649) 632 1257 1
(0.0254643 0.487268 0.073626 0.413642) 634 1261 2
(0.223554 0.388223 0.378111 0.0101115) 635 1263 2
(0.0895463 0.455227 0.058547 0.39668) 636 1262 1
(0.19048 0.40476 0.377965 0.0267951) 636 1264 1
(0.331143 0.0221931 0.334428 0.312235) 675 1193 1
(0.601703 0.199149 0.144244 0.0549047) 677 1343 1
(0.46614 0.26693 0.0501376 0.216792) 678 1199 2
(0.415388 0.292306 0.0171898 0.275116) 679 1201 2
(0.255147 0.372427 0.246956 0.12547) 680 1351 1
(0.462357 0.268821 0.0167049 0.252117) 683 1358 2
(0.32225 0.00493372 0.338875 0.333941) 684 1359 2
(0.397124 0.301438 0.218866 0.0825723) 686 1364 2
(0.195014 0.00475362 0.397739 0.402493) 687 1366 1
(0.0628057 0.468597 0.442493 0.0261044) 689 1370 2
(0.0730139 0.463493 0.0946283 0.368865) 690 1369 1
(0.267939 0.366031 0.326872 0.0391585) 690 1371 1
(0.343961 0.148721 0.328019 0.179298) 691 1225 1
(0.338515 0.330743 0.0593123 0.27143) 692 1227 2
(0.325823 0.337089 0.269945 0.067144) 693 1229 2
(0.0880594 0.45597 0.0962381 0.359732) 694 1377 1
(0.194792 0.402604 0.389131 0.0134736) 694 1379 1
(0.210098 0.0265609 0.394951 0.36839) 695 1233 1
(0.567002 0.179655 0.0368434 0.216499) 697 1386 1
(0.249715 0.0235927 0.375143 0.35155) 698 1387 2
(0.280861 0.359569 0.0305698 0.329) 700 1392 2
(0.272116 0.363942 0.303287 0.060655) 701 1394 2
(0.131376 0.434312 0.378331 0.0559816) 703 1398 2
(0.246769 0.0395935 0.337022 0.376615) 704 1400 1
(0.253992 0.060831 0.312173 0.373004) 706 1404 1
(0.131078 0.434461 0.252202 0.182259) 783 1408 2
(0.0702719 0.0851661 0.379698 0.464864) 709 1410 1
(0.180124 0.016384 0.409938 0.393554) 710 1411 2
(0.2703 0.255082 0.36485 0.109768) 711 1265 1
(0.282937 0.358531 0.103898 0.254633) 712 1267 2
(0.261749 0.369126 0.24651 0.122616) 713 1269 2
(0.0905831 0.454708 0.347002 0.107706) 750 1490 1
(0.202522 0.290732 0.398739 0.108007) 753 1348 1
(0.199259 0.327804 0.400371 0.0725666) 754 1350 1
(0.282845 0.358578 0.174759 0.183819) 755 1352 2
(0.412165 0.22774 0.0661781 0.293918) 757 1502 2
(0.347779 0.112199 0.213912 0.326111) 758 1504 2
(0.682503 0.158749 0.0684057 0.090343) 759 1509 2
(0.477634 0.101204 0.261183 0.159979) 760 1510 2
(0.348253 0.143252 0.325873 0.182622) 761 1512 2
(0.259994 0.346344 0.0236586 0.370003) 763 1517 1
(0.195676 0.258734 0.143428 0.402162) 765 1521 1
(0.124748 0.0258181 0.437626 0.411808) 766 1522 2
(0.116862 0.0790254 0.362543 0.441569) 768 1527 1
(0.0237156 0.488142 0.430714 0.0574277) 768 1526 1
(0.184877 0.229912 0.407562 0.177649) 769 1380 1
(0.214513 0.392743 0.220134 0.17261) 770 1382 2
(0.179478 0.410261 0.408687 0.00157372) 770 1530 1
(0.192797 0.313815 0.403602 0.0897867) 771 1384 1
(0.259182 0.370409 0.302273 0.068136) 772 1386 2
(0.0797272 0.460136 0.114919 0.345217) 773 1534 1
(0.733903 0.128504 0.004545 0.133049) 774 1539 1
(0.21492 0.140282 0.39254 0.252257) 775 1540 2
(0.194767 0.182484 0.402617 0.220133) 776 1542 2
(0.861207 0.0693967 0.0297359 0.0396607) 778 1398 2
(0.162354 0.418823 0.233975 0.184848) 780 1548 1
(0.507794 0.0245622 0.246103 0.221541) 781 1404 1
(0.323108 0.104778 0.338446 0.233668) 783 1556 2
(0.00980283 0.158369 0.495099 0.33673) 785 1560 2
(0.186994 0.0106084 0.406503 0.395895) 786 1562 2
(0.425107 0.287447 0.235318 0.0521286) 787 1564 1
(0.0840824 0.457959 0.271071 0.186888) 788 1567 2
(0.162301 0.0477022 0.371147 0.418849) 789 1566 2
(0.264512 0.0481572 0.319587 0.367744) 825 1640 1
(0.31318 0.34341 0.0863435 0.257066) 826 1642 2
(0.121187 0.098443 0.439407 0.340964) 826 1641 2
(0.0384258 0.0671762 0.413611 0.480787) 828 1643 2
(0.0807134 0.0835003 0.459643 0.376143) 828 1645 2
(0.0541048 0.472948 0.313808 0.15914) 827 1495 2
(0.118934 0.440533 0.393355 0.047178) 828 1497 2
(0.0136785 0.0626144 0.493161 0.430546) 753 1496 2
(0.329416 0.158287 0.335292 0.177005) 829 1499 1
(0.20951 0.293709 0.395245 0.101536) 830 1501 1
(0.195314 0.319323 0.402343 0.0830203) 831 1503 1
(0.215813 0.21164 0.392094 0.180453) 832 1505 1
(0.294902 0.107544 0.352549 0.245005) 833 1507 1
(0.2064 0.139032 0.3968 0.257768) 834 1509 1
(0.173398 0.107764 0.413301 0.305536) 835 1511 1
(0.146533 0.426733 0.126141 0.300593) 837 1515 2
(0.279898 0.0299991 0.330052 0.360051) 838 1666 1
(0.222342 0.388829 0.0704088 0.31842) 840 1670 2
(0.208192 0.347124 0.0487795 0.395904) 841 1672 1
(0.199781 0.180289 0.21982 0.400109) 842 1674 1
(0.246184 0.050647 0.326261 0.376908) 843 1676 1
(0.285566 0.0625256 0.357217 0.294691) 844 1529 1
(0.285289 0.1885 0.357356 0.168855) 845 1531 1
(0.285584 0.357208 0.0164977 0.34071) 846 1533 2
(0.273803 0.363099 0.226114 0.136985) 847 1535 2
(0.154843 0.422579 0.0515672 0.371011) 848 1683 1
(0.28225 0.00694228 0.358875 0.351933) 848 1537 1
(0.287423 0.130893 0.356288 0.225396) 849 1539 1
(0.317707 0.23564 0.341146 0.105507) 850 1541 1
(0.110723 0.444638 0.318455 0.126183) 851 1691 1
(0.25054 0.37473 0.299649 0.0750813) 854 1549 2
(0.0662648 0.466868 0.389287 0.077581) 855 1699 1
(0.270898 0.364551 0.352059 0.0124922) 856 1701 1
(0.0947784 0.452611 0.100474 0.352137) 860 1707 1
(0.320206 0.339897 0.212323 0.127574) 860 1709 1
(0.273679 0.36316 0.121345 0.241816) 936 1858 1
(0.0519852 0.31689 0.157117 0.474007) 861 1712 1
(0.185113 0.407444 0.207385 0.200058) 862 1714 2
(0.117508 0.0292337 0.412012 0.441246) 863 1713 2
(0.373784 0.131272 0.181836 0.313108) 900 1789 1
(0.217023 0.175446 0.391489 0.216043) 901 1790 2
(0.052948 0.468169 0.473526 0.00535696) 978 1795 1
(0.0124558 0.162328 0.331444 0.493772) 904 1797 1
(0.185984 0.0436199 0.407008 0.363388) 905 1798 2
(0.0328618 0.483569 0.46185 0.0217189) 906 1652 2
(0.196278 0.148316 0.401861 0.253545) 906 1652 1
(0.173858 0.413071 0.131781 0.28129) 907 1654 2
(0.0714001 0.4643 0.063642 0.400658) 908 1802 1
(0.237072 0.111926 0.381464 0.269538) 908 1656 1
(0.196678 0.313422 0.401661 0.0882389) 909 1658 1
(0.386735 0.306633 0.118431 0.188202) 910 1809 2
(0.130824 0.120212 0.314376 0.434588) 835 1660 1
(0.212391 0.393804 0.187113 0.206692) 911 1662 2
(0.156839 0.42158 0.411493 0.0100869) 911 1810 1
(0.255244 0.372378 0.0922829 0.280095) 912 1664 2
(0.108168 0.445916 0.0808246 0.365091) 913 1812 1
(0.182924 0.199192 0.209346 0.408538) 913 1815 1
(0.214606 0.0773866 0.31531 0.392697) 914 1817 1
(0.0671783 0.0734531 0.392958 0.466411) 916 1818 2
(0.246968 0.376516 0.0328565 0.343659) 917 1823 2
(0.437424 0.281288 0.0493594 0.231929) 918 1825 2
(0.347738 0.231224 0.326131 0.0949065) 919 1678 1
(0.283882 0.271603 0.358059 0.0864562) 920 1680 1
(0.284102 0.346654 0.357949 0.0112952) 921 1682 1
(0.279284 0.360358 0.0772275 0.28313) 922 1684 2
(0.273142 0.363429 0.184036 0.179393) 923 1686 2
(0.269782 0.365109 0.325235 0.0398737) 924 1688 2
(0.0697243 0.465138 0.0954229 0.369715) 925 1836 1
(0.0795191 0.46024 0.0599087 0.400332) 926 1838 1
(0.164585 0.417708 0.315983 0.101724) 927 1694 2
(0.126612 0.436694 0.378265 0.0584286) 855 1700 2
(0.303453 0.348273 0.157598 0.190675) 931 1702 2
(0.247952 0.376024 0.05586 0.320164) 933 1706 2
(0.19721 0.401395 0.296419 0.104976) 859 1708 2
(0.481443 0.259278 0.230342 0.0289362) 935 1710 2
(0.534748 0.232626 0.184469 0.0481574) 1010 2007 1
(0.612148 0.193926 0.0119251 0.182001) 1011 1861 2
(0.0900629 0.454969 0.208696 0.246272) 1012 2009 1
(0.3978 0.074014 0.3011 0.227086) 1012 1863 1
(0.301831 0.349084 0.0893513 0.259733) 975 15088 2
(0.321505 0.339247 0.169795 0.169452) 976 1791 2
(0.22204 0.38898 0.171234 0.217746) 977 1942 2
(0.173854 0.413073 0.383325 0.0297474) 978 1944 2
(0.248665 0.375667 0.280399 0.095268) 979 1946 2
(0.262709 0.00303735 0.365608 0.368646) 980 1945 2
(0.160748 0.0624003 0.419626 0.357226) 980 1947 2
(0.264752 0.0590202 0.308604 0.367624) 981 1950 1
(0.229162 0.0685244 0.316895 0.385419) 982 1952 1
(0.226107 0.386947 0.00641712 0.38053) 1059 2102 1
(0.276607 0.361696 0.0700227 0.291674) 984 1953 1
(0.360102 0.319949 0.0512202 0.268729) 985 1955 1
(0.00717031 0.496415 0.24099 0.255424) 986 1957 1
(0.22258 0.300649 0.38871 0.088061) 986 1811 1
(0.191938 0.404031 0.0752397 0.328791) 987 1959 1
(0.303236 0.0687645 0.348382 0.279618) 987 1813 1
(0.375157 0.00313378 0.309288 0.312421) 988 1964 1
(0.260876 0.152871 0.216691 0.369562) 989 1966 1
(0.271598 0.253337 0.110864 0.364201) 990 1968 1
(0.505667 0.247166 0.198489 0.0486774) 991 1970 2
(0.553868 0.223066 0.166702 0.056364) 992 1972 2
(0.620224 0.189888 0.167812 0.0220755) 993 1825 2
(0.275803 0.362099 0.105919 0.256179) 994 1827 2
(0.247586 0.376207 0.0218037 0.354403) 995 1829 2
(0.234627 0.270726 0.382687 0.11196) 996 1831 1
(0.296697 0.145061 0.20659 0.351651) 997 1982 1
(0.266879 0.0895923 0.36656 0.276968) 998 1983 2
(0.0597153 0.212493 0.25765 0.470142) 1000 1985 2
(0.170083 0.110789 0.414959 0.304169) 1000 1839 1
(0.216079 0.207785 0.391961 0.184176) 1001 1841 1
(0.0833206 0.241841 0.45834 0.216499) 1002 1843 1
(0.245851 0.0508936 0.326181 0.377075) 928 1845 1
(0.149639 0.0403268 0.384854 0.425181) 930 1846 2
(0.241093 0.252198 0.127255 0.379453) 932 1853 1
(0.237344 0.381328 0.325792 0.0555365) 1009 1857 2
(0.0556941 0.472153 0.294114 0.178039) 1009 2005 1
(0.0903716 0.454814 0.364128 0.0906866) 1008 2004 2
(0.316117 0.341942 0.0912933 0.250648) 1084 2006 2
(0.383602 0.308199 0.0786518 0.229547) 1085 2154 1
(0.219347 0.390326 0.174323 0.216003) 1086 2156 1
(0.151246 0.155574 0.424377 0.268802) 1050 1938 1
(0.238162 0.380919 0.0809062 0.300013) 1051 2089 2
(0.175067 0.0367561 0.375711 0.412467) 1052 2088 2
(0.133967 0.0505558 0.382461 0.433017) 1053 2090 2
(0.22422 0.38789 0.101303 0.286587) 1054 2095 2
(0.24129 0.379355 0.265526 0.113829) 1055 2097 2
(0.254158 0.372225 0.000696126 0.372921) 1056 2099 1
(0.214164 0.392918 0.0703432 0.322575) 1058 2103 2
(0.43282 0.28359 0.147357 0.136234) 1059 2104 1
(0.456133 0.173739 0.271934 0.0981945) 1060 1958 1
(0.369098 0.315451 0.118252 0.197199) 1061 1960 2
(0.307397 0.346302 0.0155688 0.330733) 1062 2108 1
(0.206222 0.396889 0.30394 0.0929492) 1062 2110 1
(0.48513 0.0778439 0.257435 0.179591) 1063 1964 1
(0.220425 0.228357 0.161431 0.389788) 1064 2115 1
(0.293549 0.28307 0.0701553 0.353225) 1065 2117 1
(0.281835 0.359082 0.297233 0.0618495) 1066 2119 2
(0.0117836 0.494108 0.153852 0.340256) 1067 2118 1
(0.297316 0.351342 0.335408 0.0159336) 1067 2120 1
(0.239377 0.120333 0.380312 0.259979) 1068 1974 1
(0.221235 0.0560597 0.389383 0.333323) 1069 1976 1
(0.263856 0.368072 0.137648 0.230424) 1071 2129 2
(0.25194 0.37403 0.361242 0.0127879) 1072 2131 2
(0.260997 0.232164 0.137338 0.369502) 1073 2133 1
(0.381966 0.280594 0.309017 0.0284224) 1074 1986 1
(0.351682 0.304529 0.324159 0.01963) 1075 1988 1
(0.266864 0.366568 0.150153 0.216415) 1076 1990 2
(0.295173 0.352414 0.343774 0.00864017) 1077 1992 2
(0.265382 0.367309 0.00510542 0.362204) 1003 1994 2
(0.040779 0.228074 0.251536 0.47961) 1004 1993 2
(0.106863 0.40071 0.0458583 0.446569) 1004 1996 1
(0.0981748 0.450913 0.303985 0.146927) 1080 1998 2
(0.0240532 0.487973 0.350529 0.137445) 1081 2000 2
(0.266732 0.366634 0.0105935 0.356041) 1007 2002 2
(0.313686 0.260122 0.0830352 0.343157) 1081 2149 1
(0.26182 0.0845577 0.284532 0.36909) 1082 2148 2
(0.340919 0.0752019 0.32954 0.254339) 1082 2150 2
(0.318182 0.107691 0.233218 0.340909) 1083 2153 1
(0.19095 0.26158 0.142945 0.404525) 1125 2236 1
(0.259954 0.330018 0.0400048 0.370023) 1126 2238 1
(0.402378 0.298811 0.132523 0.166288) 1127 2240 2
(0.467875 0.266062 0.175832 0.09023) 1128 2242 2
(0.0763645 0.206061 0.255757 0.461818) 1130 2243 2
(0.55807 0.0830159 0.137949 0.220965) 1132 2247 2
(0.206494 0.396753 0.107213 0.28954) 1133 2251 1
(0.360652 0.319674 0.111047 0.208627) 1135 2107 2
(0.345772 0.229857 0.327114 0.0972571) 1136 2109 1
(0.173551 0.0407893 0.372435 0.413225) 1138 2259 2
(0.0311864 0.0857167 0.484407 0.39869) 1138 2261 2
(0.149463 0.184545 0.240724 0.425269) 1139 2264 1
(0.162809 0.418596 0.357863 0.0607328) 1140 2266 2
(0.158735 0.0416512 0.378981 0.420633) 1141 2265 2
(0.252804 0.285416 0.0881823 0.373598) 1141 2268 1
(0.146502 0.0536969 0.373052 0.426749) 1142 2267 2
(0.115998 0.442001 0.0405161 0.401485) 1142 2121 2
(0.0835645 0.458218 0.113477 0.344741) 1143 2269 1
(0.247908 0.0233624 0.376046 0.352684) 1143 2123 1
(0.339279 0.33036 0.238866 0.0914949) 1145 2276 2
(0.300963 0.349519 0.248118 0.101401) 1146 2278 2
(0.280886 0.238847 0.120709 0.359557) 1147 2280 1
(0.279299 0.0393869 0.320964 0.360351) 1148 2282 1
(0.217625 0.043233 0.391187 0.347955) 1149 2135 1
(0.0236598 0.48817 0.378406 0.109764) 1150 2285 1
(0.15641 0.244035 0.17776 0.421795) 1151 2288 1
(0.29196 0.335659 0.0183612 0.35402) 1152 2290 1
(0.186937 0.406531 0.330294 0.0762377) 1153 2292 2
(0.396562 0.301719 0.0692914 0.232427) 1078 2143 2
(0.0536008 0.4732 0.0699785 0.403221) 1154 2291 1
(0.201721 0.206667 0.39914 0.192473) 1154 2145 1
(0.192783 0.403608 0.226561 0.177047) 1155 2147 2
(0.175698 0.0586492 0.412151 0.353502) 1155 2147 1
(0.510363 0.202678 0.0421409 0.244818) 1156 2298 1
(0.149859 0.425071 0.244322 0.180749) 1157 2297 1
(0.577878 0.211061 0.186518 0.0245431) 1157 2299 1
(0.542187 0.228906 0.00694378 0.221963) 1158 2153 2
(0.363519 0.31824 0.17763 0.140611) 1200 2385 2
(0.387424 0.306288 0.126393 0.179895) 1201 2387 2
(0.418116 0.17898 0.290942 0.111962) 1202 2240 1
(0.322712 0.281801 0.338644 0.0568435) 1203 2242 1
(0.00377185 0.498114 0.152976 0.345138) 1205 2392 1
(0.210322 0.394839 0.305116 0.0897229) 1207 2250 2
(0.435327 0.282336 0.188584 0.0937529) 1208 2401 2
(0.483251 0.0451852 0.258375 0.213189) 1210 2256 1
(0.328022 0.335989 0.247307 0.0886817) 1212 2260 2
(0.244306 0.00635403 0.377847 0.371493) 1287 2409 1
(0.0102034 0.400332 0.0945667 0.494898) 1213 2411 1
(0.089426 0.455287 0.316217 0.13907) 1214 2413 2
(0.105287 0.447357 0.0518 0.395557) 1215 2415 2
(0.137246 0.137252 0.294124 0.431377) 1215 2415 1
(0.149497 0.425251 0.392142 0.0331094) 1216 2417 2
(0.541233 0.229383 0.194026 0.0353571) 1217 2270 2
(0.108012 0.445994 0.326618 0.119375) 1217 2418 1
(0.28445 0.217523 0.357775 0.140252) 1218 2272 1
(0.0596644 0.280755 0.470168 0.189413) 1219 2274 1
(0.263114 0.0791045 0.289338 0.368443) 1221 2424 2
(0.0891638 0.15632 0.455418 0.299099) 1221 2426 2
(0.242541 0.0548178 0.37873 0.323912) 1222 2428 2
(0.203905 0.0524648 0.398047 0.345582) 1223 2430 2
(0.141441 0.0660425 0.429279 0.363237) 1224 2432 2
(0.0193067 0.100268 0.490347 0.390079) 1225 2434 2
(0.0260874 0.083366 0.40359 0.486956) 1227 2436 2
(0.141828 0.0113689 0.417717 0.429086) 1228 2438 2
(0.216762 0.391619 0.352919 0.0387002) 1304 2591 1
(0.209342 0.395329 0.0357546 0.359574) 1229 2294 2
(0.280618 0.359691 0.263537 0.0961542) 1230 2296 2
(0.325351 0.167582 0.337325 0.169743) 1230 2296 1
(0.278712 0.360644 0.325122 0.0355223) 1231 2298 2
(0.504079 0.24223 0.247961 0.00573107) 1231 2298 1
(0.0959376 0.452031 0.236878 0.215153) 1232 2446 1
(0.368184 0.245265 0.315908 0.070643) 1232 2300 1
(0.323642 0.338179 0.228322 0.109857) 1233 2302 2
(0.258109 0.370945 0.318366 0.0525797) 1234 2304 2
(0.0667888 0.466606 0.29502 0.171586) 1275 2533 1
(0.251121 0.374439 0.295696 0.078743) 1277 2389 2
(0.141526 0.429237 0.0752195 0.354018) 1278 2391 2
(0.0184224 0.490789 0.137516 0.353273) 1205 2395 2
(0.189938 0.225765 0.179266 0.405031) 1206 2397 1
(0.0665797 0.124567 0.46671 0.342143) 1281 2545 2
(0.222414 0.0457037 0.388793 0.343089) 1282 2547 2
(0.287681 0.10812 0.24804 0.35616) 1283 2550 1
(0.234708 0.189782 0.192864 0.382646) 1284 2552 1
(0.173783 0.0012648 0.413108 0.411844) 1285 2553 2
(0.0688955 0.465552 0.419632 0.0459201) 1287 2558 2
(0.118852 0.318861 0.121713 0.440574) 1288 2560 1
(0.248789 0.0829786 0.292627 0.375605) 1289 2562 1
(0.492702 0.253649 0.161014 0.092635) 1291 2565 1
(0.383396 0.105316 0.308302 0.202986) 1292 2419 1
(0.215552 0.322971 0.0692529 0.392224) 1219 2423 1
(0.273451 0.363275 0.301219 0.0620556) 1220 2425 2
(0.415288 0.292356 0.164138 0.128218) 1296 2576 2
(0.260954 0.0489812 0.320542 0.369523) 1297 2575 2
(0.348547 0.122333 0.203393 0.325726) 1297 2578 1
(0.314266 0.342867 0.105736 0.237131) 1298 2580 2
(0.301174 0.00534596 0.344067 0.349413) 1298 2580 1
(0.288913 0.349433 0.00611003 0.355543) 1299 2582 1
(0.290384 0.354808 0.0577652 0.297043) 1300 2584 2
(0.0307808 0.48461 0.36994 0.11467) 1375 2732 1
(0.327217 0.336392 0.0416338 0.294758) 1377 2734 1
(0.301478 0.301008 0.0482527 0.349261) 1302 2588 1
(0.190423 0.358148 0.0466409 0.404788) 1303 2590 1
(0.0253917 0.323552 0.163752 0.487304) 1304 2592 1
(0.513395 0.101342 0.243302 0.14196) 1305 2445 1
(0.572166 0.213917 0.00963239 0.204285) 1306 2593 1
(0.0456958 0.477152 0.267558 0.209594) 1306 2595 1
(0.393743 0.0851566 0.303128 0.217972) 1307 2449 1
(0.342537 0.328732 0.0289071 0.299824) 1308 2451 2
(0.30719 0.346405 0.286875 0.0595297) 1309 2453 2
(0.156566 0.421717 0.0627071 0.35901) 1310 2601 1
(0.143195 0.363119 0.428403 0.065284) 1350 2534 1
(0.238926 0.380537 0.0302553 0.350281) 1351 2536 2
(0.21198 0.39401 0.109138 0.284872) 1352 2538 2
(0.180348 0.409826 0.0877399 0.322086) 1353 2540 2
(0.171018 0.414491 0.0431662 0.371325) 1354 2542 2
(0.0393411 0.234376 0.480329 0.245954) 1355 2544 1
(0.376301 0.311849 0.00552612 0.306323) 1356 2695 2
(0.172038 0.0708063 0.413981 0.343175) 1356 2694 2
(0.285769 0.109544 0.247571 0.357115) 1357 2697 1
(0.259065 0.193417 0.17705 0.370468) 1358 2699 1
(0.321875 0.0122015 0.326861 0.339063) 1360 2700 2
(0.210533 0.394734 0.0999612 0.294772) 1362 2707 2
(0.63309 0.183455 0.00701748 0.176437) 1364 2562 2
(0.333135 0.0395918 0.333432 0.293841) 1365 2564 1
(0.0203802 0.48981 0.164624 0.325186) 1367 2714 1
(0.212435 0.393782 0.348589 0.0451934) 1294 2572 2
(0.159258 0.184932 0.420371 0.235439) 1370 2574 1
(0.102968 0.0356246 0.412891 0.448516) 1371 2722 2
(0.254499 0.232489 0.140262 0.372751) 1371 2725 1
(0.203727 0.398137 0.0228611 0.375275) 1372 2727 2
(0.233402 0.234862 0.148437 0.383299) 1372 2727 1
(0.179655 0.410172 0.0817991 0.328373) 1373 2729 2
(0.21578 0.135382 0.256728 0.39211) 1373 2729 1
(0.217134 0.391433 0.197564 0.193868) 1374 2731 2
(0.115632 0.0584588 0.442184 0.383725) 1374 2730 2
(0.299335 0.192841 0.350332 0.157491) 1450 2733 1
(0.399304 0.18909 0.300348 0.111258) 1451 2735 1
(0.399589 0.300206 0.00032317 0.299882) 1452 2737 2
(0.012545 0.0570565 0.436671 0.493727) 1378 2736 2
(0.155228 0.329755 0.0926307 0.422386) 1378 2739 1
(0.159997 0.420001 0.234777 0.185224) 1379 2741 2
(0.400311 0.299844 0.126708 0.173136) 1380 2594 2
(0.376687 0.311656 0.132156 0.1795) 1381 2596 2
(0.334164 0.332918 0.12434 0.208578) 1382 2598 2
(0.327505 0.336247 0.155329 0.180918) 1383 2600 2
(0.266373 0.366814 0.177453 0.18936) 1384 2602 2
(0.124273 0.364631 0.0732324 0.437864) 1350 2683 1
(0.387051 0.220675 0.0857992 0.306475) 1425 2832 1
(0.830316 0.02994 0.054902 0.084842) 1426 2834 1
(0.167481 0.416259 0.051966 0.364293) 1427 2687 2
(0.169863 0.415068 0.111768 0.3033) 1428 2689 2
(0.179405 0.410297 0.14304 0.267258) 1429 2691 2
(0.226322 0.386839 0.143523 0.243316) 1430 2693 2
(0.360646 0.0975888 0.319677 0.222088) 1431 2843 2
(0.185075 0.0351083 0.407463 0.372354) 1432 2845 2
(0.33043 0.140126 0.194659 0.334785) 1434 2847 2
(0.249202 0.375399 0.0181169 0.357282) 1435 2851 1
(0.263873 0.343046 0.0250175 0.368063) 1437 2856 1
(0.353063 0.323469 0.22318 0.100289) 1439 2711 2
(0.291109 0.354446 0.0509546 0.303491) 1440 2713 2
(0.268876 0.365562 0.010969 0.354593) 1441 2715 2
(0.218066 0.247333 0.390967 0.143634) 1442 2717 1
(0.00865654 0.495672 0.0688607 0.426811) 1370 2723 2
(0.0647248 0.467638 0.193607 0.27403) 1444 2870 2
(0.165915 0.0374396 0.379603 0.417042) 1445 2869 2
(0.213967 0.333854 0.0591623 0.393016) 1445 2872 1
(0.0373103 0.092489 0.388856 0.481345) 1446 2871 2
(0.188705 0.372668 0.0329801 0.405648) 1446 2874 1
(0.17103 0.414485 0.0243222 0.390163) 1447 2876 2
(0.152442 0.164771 0.259008 0.423779) 1447 2876 1
(0.179957 0.409617 0.000404945 0.410022) 1448 2878 1
(0.173014 0.413493 0.287327 0.126166) 1449 2880 2
(0.265142 0.367429 0.080377 0.287052) 1525 2882 2
(0.266584 0.0282013 0.366708 0.338507) 1526 2884 1
(0.154895 0.0581945 0.422552 0.364358) 1527 2886 1
(0.1847 0.185592 0.222058 0.40765) 1453 2888 1
(0.263892 0.000706429 0.368054 0.367348) 1530 2892 1
(0.28608 0.35696 0.0341227 0.322837) 1455 2889 1
(0.350344 0.324828 0.319767 0.00506035) 1456 2745 2
(0.135609 0.432195 0.128592 0.303603) 1457 2893 1
(0.19975 0.400125 0.302887 0.0972375) 1457 2895 1
(0.313603 0.0197626 0.343198 0.323436) 1458 2749 1
(0.382267 0.134941 0.173926 0.308867) 1500 15095 1
(0.243537 0.378231 0.0760007 0.302231) 1501 2834 2
(0.190226 0.404887 0.0227028 0.382184) 1502 2836 2
(0.169507 0.415247 0.0149743 0.400272) 1503 2838 2
(0.15799 0.371119 0.421005 0.0498865) 1504 2840 1
(0.207104 0.226154 0.396448 0.170294) 1505 2842 1
(0.322362 0.106074 0.338819 0.232745) 1506 2844 1
(0.670727 0.000919777 0.163717 0.164637) 1508 2994 2
(0.193401 0.268331 0.403299 0.134969) 1509 2850 1
(0.00564439 0.408833 0.0883444 0.497178) 1436 2854 1
(0.354851 0.322575 0.13951 0.183065) 1512 3005 2
(0.103797 0.109765 0.338337 0.448102) 1513 3004 2
(0.0718472 0.0989031 0.464076 0.365173) 1513 3006 2
(0.340186 0.00724733 0.329907 0.32266) 1515 2862 1
(0.349384 0.325308 0.109013 0.216294) 1517 2866 2
(0.21063 0.341585 0.394685 0.0530995) 1592 3015 1
(0.101999 0.449 0.213097 0.235904) 1518 3017 2
(0.0856533 0.0165729 0.457173 0.4406) 1518 3016 2
(0.10492 0.324858 0.122682 0.44754) 1519 3019 1
(0.121629 0.439185 0.203416 0.23577) 1520 3021 2
(0.0862935 0.0217895 0.456853 0.435064) 1520 3020 2
(0.165564 0.225281 0.191937 0.417218) 1521 3023 1
(0.21077 0.394615 0.367887 0.0267285) 1522 3025 2
(0.242308 0.378846 0.20916 0.169686) 1523 3027 2
(0.220004 0.389998 0.177741 0.212257) 1524 3029 2
(0.0623238 0.468838 0.355158 0.11368) 1526 3033 2
(0.061834 0.259929 0.209154 0.469083) 1527 3035 1
(0.097814 0.0540992 0.451093 0.396994) 1528 3036 2
(0.0372044 0.481398 0.302165 0.179232) 1531 3043 2
(0.0233718 0.090175 0.488314 0.398139) 1532 3044 2
(0.362729 0.0033165 0.315319 0.318636) 1535 3048 2
(0.00864844 0.388883 0.106793 0.495676) 1536 3050 2
(0.686838 0.107339 0.156581 0.0492419) 1460 2901 2
(0.53272 0.201737 0.0319025 0.23364) 1461 2904 1
(0.490201 0.2549 0.111902 0.142997) 1462 2906 2
(0.110936 0.444532 0.328874 0.115658) 1575 2981 2
(0.0126784 0.480701 0.0129596 0.493661) 1501 2983 1
(0.0319932 0.15681 0.327193 0.484003) 1578 3133 2
(0.0390129 0.203499 0.276995 0.480494) 1579 3135 2
(0.122059 0.329371 0.43897 0.1096) 1579 3137 2
(0.0676465 0.466177 0.409317 0.0568593) 1580 3139 1
(0.182998 0.408501 0.331548 0.076953) 1582 2995 2
(0.202252 0.246376 0.398874 0.152498) 1583 2997 1
(0.113678 0.0951299 0.348031 0.443161) 1509 2999 1
(0.268899 0.333252 0.0322983 0.365551) 1511 3003 1
(0.299273 0.00152649 0.350364 0.348837) 1585 3149 2
(0.238099 0.277501 0.10345 0.38095) 1586 3152 1
(0.209279 0.395361 0.137771 0.25759) 1587 3154 2
(0.146808 0.0546596 0.426596 0.371936) 1587 3153 2
(0.284767 0.143776 0.21384 0.357616) 1588 3156 1
(0.363239 0.243678 0.0747031 0.318381) 1589 3158 1
(0.244857 0.316931 0.0606403 0.377572) 1590 3160 1
(0.0910716 0.454464 0.189796 0.264668) 1592 3164 2
(0.113755 0.443122 0.350526 0.0925966) 1593 3166 2
(0.106711 0.376842 0.0698023 0.446645) 1594 3168 1
(0.150087 0.236016 0.188941 0.424956) 1595 3170 1
(0.16218 0.0337567 0.385153 0.41891) 1596 3172 1
(0.276013 0.361994 0.210793 0.151201) 1598 3176 2
(0.157957 0.421022 0.319916 0.101105) 1599 3178 2
(0.378652 0.310674 0.245926 0.0647485) 1601 3182 2
(0.249116 0.0818842 0.293558 0.375442) 1602 3184 1
(0.237378 0.0120603 0.369251 0.381311) 1603 3186 1
(0.317877 0.341062 0.0493176 0.291744) 1605 3190 2
(0.38429 0.139179 0.168676 0.307855) 1606 3192 1
(0.209089 0.057294 0.338161 0.395455) 1609 3195 2
(0.398044 0.300978 0.0389964 0.261982) 1610 3200 2
(0.131734 0.241777 0.192356 0.434133) 1611 3199 2
(0.371542 0.0672772 0.246952 0.314229) 1536 3053 1
(0.147871 0.426065 0.276257 0.149808) 1537 3055 2
(0.00168234 0.499159 0.371181 0.127977) 1613 3057 2
(0.0301503 0.47824 0.484925 0.00668514) 1650 3130 1
(0.0814443 0.459278 0.25312 0.206157) 1651 3132 2
(0.0856081 0.457196 0.398541 0.0586553) 1652 3134 2
(0.301099 0.0614616 0.349451 0.287989) 1652 3282 2
(0.516425 0.150129 0.241787 0.0916584) 1653 3284 2
(0.145017 0.427491 0.0291131 0.398378) 1655 3286 1
(0.127048 0.436476 0.0211971 0.415279) 1656 3288 1
(0.146713 0.426644 0.270523 0.156121) 1657 3144 2
(0.056468 0.178005 0.293761 0.471766) 1583 3146 1
(0.222525 0.377946 0.0107909 0.388737) 1658 3295 1
(0.162222 0.0181618 0.400727 0.418889) 1584 3148 1
(0.112996 0.443502 0.145064 0.298438) 1659 3297 2
(0.046148 0.078317 0.476926 0.398609) 1659 3296 2
(0.164729 0.410177 0.00745901 0.417636) 1660 3299 1
(0.0784248 0.0500467 0.410741 0.460788) 1661 3298 2
(0.285316 0.198528 0.158814 0.357342) 1661 3301 1
(0.393407 0.254445 0.0488512 0.303296) 1662 3303 1
(0.255376 0.248704 0.123608 0.372312) 1664 3304 2
(0.3008 0.3496 0.285606 0.0639942) 1666 3311 2
(0.191792 0.404104 0.0874524 0.316651) 1668 3315 2
(0.182848 0.24264 0.165936 0.408576) 1669 3317 1
(0.178315 0.410843 0.332544 0.0782986) 1671 3321 2
(0.0386721 0.480664 0.238818 0.241846) 1672 3322 1
(0.259258 0.370371 0.292042 0.0783284) 1675 3329 2
(0.301176 0.349412 0.0510846 0.298328) 1676 3328 1
(0.11935 0.440325 0.147468 0.292857) 1677 3330 1
(0.345827 0.161416 0.165671 0.327087) 1678 3335 1
(0.058935 0.138379 0.470533 0.332154) 1679 3336 2
(0.298506 0.350747 0.111656 0.239091) 1681 3341 2
(0.292124 0.353938 0.297113 0.0568251) 1682 3343 2
(0.388186 0.204658 0.101249 0.305907) 1683 3345 1
(0.0746045 0.15352 0.462698 0.309178) 1684 3346 2
(0.0757911 0.462104 0.189057 0.273047) 1685 3348 1
(0.216226 0.115543 0.391887 0.276344) 1686 3202 1
(0.238303 0.380848 0.102842 0.278006) 1687 3204 2
(0.277914 0.361043 0.352967 0.00807618) 1688 3206 2
(0.177026 0.306423 0.411487 0.105064) 1725 3279 1
(0.225197 0.387402 0.220294 0.167108) 1726 3281 2
(0.167169 0.416415 0.338744 0.0776711) 1727 3283 2
(0.134875 0.432563 0.220478 0.212085) 1727 3432 2
(0.128877 0.0405142 0.435562 0.395047) 1727 3431 2
(0.260421 0.268839 0.36979 0.10095) 1728 3285 1
(0.193597 0.403202 0.0712644 0.331937) 1729 3287 2
(0.238542 0.380729 0.296025 0.0847036) 1730 3289 2
(0.00934501 0.495327 0.385937 0.109391) 1730 3437 1
(0.0526982 0.473651 0.453276 0.0203744) 1732 3293 2
(0.154028 0.127559 0.295427 0.422986) 1657 3293 1
(0.354257 0.237704 0.0851677 0.322872) 1731 3440 1
(0.298426 0.350787 0.19902 0.151767) 1732 3442 2
(0.0221072 0.143149 0.345798 0.488946) 1733 3441 2
(0.168114 0.152483 0.26346 0.415943) 1733 3444 1
(0.109427 0.445287 0.218132 0.227155) 1735 3448 2
(0.772974 0.113513 0.0774061 0.0361069) 1736 3450 2
(0.464495 0.267753 0.0999182 0.167834) 1737 3303 2
(0.00674119 0.256079 0.496629 0.24055) 1739 3307 1
(0.389615 0.305192 0.24123 0.0639628) 1742 3462 2
(0.281577 0.0206746 0.338537 0.359212) 1744 3463 2
(0.428054 0.0835321 0.202441 0.285973) 1745 3468 1
(0.284351 0.0898145 0.357825 0.26801) 1747 3323 1
(0.269423 0.365288 0.199452 0.165836) 1749 3327 2
(0.200882 0.399559 0.259456 0.140103) 1750 3478 2
(0.278476 0.0603766 0.360762 0.300386) 1751 3331 1
(0.0247395 0.48763 0.347143 0.140487) 1752 3481 1
(0.36225 0.128314 0.318875 0.190561) 1754 3485 2
(0.297113 0.0483773 0.303066 0.351444) 1755 3488 1
(0.326692 0.0536176 0.283036 0.336654) 1756 3490 1
(0.299013 0.110961 0.239533 0.350494) 1757 3492 1
(0.531569 0.0561094 0.234216 0.178106) 1758 3345 1
(0.450708 0.164957 0.274646 0.109689) 1759 3347 1
(0.218313 0.390844 0.124132 0.266711) 1760 3498 2
(0.2116 0.0118702 0.38233 0.3942) 1761 3497 2
(0.0162961 0.0996803 0.392172 0.491852) 1762 3499 2
(0.0787586 0.0645141 0.460621 0.396107) 1762 3501 2
(0.251788 0.188448 0.374106 0.185658) 1800 3428 1
(0.14371 0.428145 0.096393 0.331752) 1801 3579 2
(0.217875 0.115629 0.275433 0.391062) 1801 3579 1
(0.149351 0.425325 0.39996 0.0253649) 1802 3581 2
(0.0221091 0.060877 0.488945 0.428068) 1802 3580 2
(0.25615 0.199348 0.371925 0.172577) 1878 3583 1
(0.21112 0.261915 0.39444 0.132525) 1803 3434 1
(0.276704 0.361648 0.355338 0.00631045) 1804 3436 2
(0.277656 0.286643 0.361172 0.074529) 1804 3436 1
(0.0543741 0.472813 0.125174 0.347639) 1805 3584 1
(0.242173 0.378914 0.0248238 0.35409) 1805 3438 2
(0.125936 0.437032 0.302509 0.134523) 1805 3586 1
(0.531385 0.234307 0.206941 0.0273662) 1806 3588 1
(0.622786 0.0328061 0.188607 0.155801) 1807 3442 1
(0.385245 0.307378 0.1003 0.207078) 1809 3592 1
(0.0777579 0.176901 0.461121 0.28422) 1811 3598 2
(0.0161176 0.417564 0.491941 0.0743775) 1813 3602 2
(0.318805 0.0806802 0.259918 0.340598) 1739 3456 1
(0.324408 0.185787 0.152009 0.337796) 1740 3458 1
(0.0615714 0.233135 0.469214 0.23608) 1816 3460 1
(0.134063 0.432969 0.165185 0.267783) 1818 3464 2
(0.45971 0.270145 0.155533 0.114612) 1820 3468 2
(0.211178 0.394411 0.137557 0.256854) 1822 3472 2
(0.2396 0.00747594 0.3802 0.372724) 1823 3474 1
(0.548615 0.00293832 0.222754 0.225693) 1825 3624 2
(0.460458 0.205345 0.0644253 0.269771) 1826 3629 1
(0.0163329 0.413527 0.491834 0.0783063) 1828 3484 1
(0.383952 0.177629 0.308024 0.130395) 1829 3486 1
(0.200691 0.399655 0.0388806 0.360774) 1830 3637 2
(0.276328 0.0214692 0.361836 0.340367) 1830 3636 2
(0.302345 0.212994 0.135833 0.348827) 1831 3639 1
(0.286148 0.356926 0.312538 0.0443881) 1832 3641 2
(0.291036 0.354482 0.174574 0.179908) 1833 3643 2
(0.273318 0.363341 0.0883701 0.274971) 1834 3645 2
(0.224228 0.387886 0.0458616 0.342024) 1835 3647 2
(0.113537 0.0515421 0.391689 0.443231) 1836 3646 2
(0.0114084 0.0771722 0.494296 0.417124) 1836 3648 2
(0.348694 0.325653 0.239965 0.0856882) 1875 3577 2
(0.173657 0.413172 0.384536 0.0286351) 1951 3728 2
(0.249232 0.375384 0.00616265 0.369221) 1952 3876 1
(0.354981 0.322509 0.00624302 0.316266) 1953 3878 1
(0.338821 0.330589 0.0375855 0.293004) 1954 3880 1
(0.44435 0.277825 0.148156 0.129669) 1955 3736 2
(0.698706 0.150647 0.0822142 0.068433) 1956 3738 2
(0.589905 0.205047 0.195286 0.00976141) 1879 3585 2
(0.175191 0.412405 0.25411 0.158294) 1879 3733 1
(0.354159 0.32292 0.122864 0.200056) 1880 3587 2
(0.317164 0.341418 0.293707 0.0477107) 1880 3735 1
(0.451183 0.274409 0.224427 0.0499818) 1881 3589 2
(0.404831 0.0393368 0.297585 0.258248) 1881 3589 1
(0.313635 0.299051 0.343183 0.0441313) 1882 3591 1
(0.233981 0.254385 0.383009 0.128625) 1883 3593 1
(0.12686 0.43657 0.135001 0.301569) 1886 3599 2
(0.0760393 0.46198 0.0539834 0.407997) 1888 3603 2
(0.127756 0.323883 0.112239 0.436122) 1814 3605 1
(0.294898 0.352551 0.335818 0.0167326) 1815 3607 2
(0.234248 0.269331 0.113545 0.382876) 1816 3609 1
(0.251047 0.318544 0.0559324 0.374477) 1817 3611 1
(0.252193 0.0844246 0.289479 0.373904) 1818 3613 1
(0.111559 0.0699258 0.44422 0.374295) 1820 3616 2
(0.0177391 0.49113 0.321037 0.170094) 1897 3621 2
(0.143633 0.428183 0.268746 0.159438) 1898 3623 2
(0.246361 0.0335166 0.37682 0.343303) 1899 3625 1
(0.397038 0.00325097 0.29823 0.301481) 1900 3776 1
(0.326649 0.263085 0.0735906 0.336675) 1901 3778 1
(0.321359 0.33932 0.135244 0.204076) 1902 3780 2
(0.0278683 0.116183 0.369883 0.486066) 1903 3779 2
(0.288968 0.147005 0.208511 0.355516) 1903 3782 1
(0.295109 0.352445 0.270696 0.0817493) 1904 3784 2
(0.295028 0.352486 0.0568802 0.295606) 1905 3786 2
(0.091155 0.0986072 0.355815 0.454423) 1906 3785 2
(0.111554 0.073795 0.444223 0.370428) 1906 3787 2
(0.0567147 0.0953828 0.471643 0.37626) 1907 3789 2
(0.285959 0.357021 0.0264942 0.330526) 1909 3794 2
(0.257482 0.0127001 0.371259 0.358559) 1910 3795 2
(0.190295 0.404852 0.243535 0.161318) 1950 3875 2
(0.0657524 0.467124 0.378514 0.0886097) 1951 3877 2
(0.0808564 0.459572 0.0202828 0.439289) 2027 3879 2
(0.177441 0.384016 0.411279 0.027263) 2028 3881 1
(0.696375 0.151813 0.110395 0.0414174) 2029 3883 2
(0.419644 0.103547 0.290178 0.186631) 2030 3885 1
(0.283557 0.358221 0.00820583 0.350015) 2032 4035 1
(0.0862896 0.0523644 0.404491 0.456855) 1959 3890 2
(0.264269 0.277249 0.367865 0.0906166) 1957 3740 1
(0.0902974 0.454851 0.179371 0.27548) 2035 3895 2
(0.0363435 0.0323585 0.481828 0.44947) 1958 3742 1
(0.131243 0.135571 0.434379 0.298808) 1959 3744 1
(0.211342 0.394329 0.182691 0.211638) 1960 3746 2
(0.242729 0.00175893 0.378636 0.376877) 1960 3746 1
(0.173971 0.413014 0.144241 0.268773) 1961 3748 2
(0.272285 0.363857 0.347087 0.0167701) 1961 3896 1
(0.357415 0.321292 0.265769 0.0555232) 1887 3750 2
(0.220435 0.389782 0.348556 0.0412261) 1888 3752 2
(0.289368 0.355316 0.144171 0.211145) 1889 3754 2
(0.245945 0.0381307 0.338897 0.377027) 1890 3753 2
(0.0384895 0.12962 0.351136 0.480755) 1891 3755 2
(0.00995141 0.130974 0.495024 0.36405) 1891 3757 2
(0.203213 0.0861337 0.31226 0.398394) 1893 3759 2
(0.510642 0.115037 0.129642 0.244679) 1894 3764 1
(0.410055 0.22697 0.0680023 0.294973) 1896 3768 1
(0.34191 0.323681 0.329045 0.00536343) 1973 3772 1
(0.161295 0.419353 0.178654 0.240698) 1974 3920 1
(0.0252431 0.433576 0.487378 0.053802) 1974 3774 1
(0.241952 0.379024 0.199313 0.179711) 1975 3922 1
(0.41378 0.0505248 0.242585 0.29311) 1975 3925 1
(0.297902 0.351049 0.244077 0.106972) 1976 3927 2
(0.303089 0.000898806 0.347557 0.348455) 1977 3926 2
(0.0409074 0.115413 0.364134 0.479546) 1978 3928 2
(0.120323 0.0665341 0.439839 0.373304) 1978 3930 2
(0.22899 0.0295486 0.385505 0.355956) 1979 3932 2
(0.140629 0.0679959 0.429686 0.36169) 1980 3934 2
(0.226307 0.0152278 0.371618 0.386846) 1982 3936 2
(0.277624 0.361188 0.23887 0.122318) 1983 3941 2
(0.220776 0.389612 0.237527 0.152085) 1984 3942 1
(0.440787 0.279607 0.0936174 0.185989) 1986 3798 2
(0.0869517 0.456524 0.229823 0.226701) 2025 4024 2
(0.0282991 0.0360755 0.48585 0.449775) 2025 4023 2
(0.119026 0.173628 0.266859 0.440487) 2026 4026 1
(0.11003 0.331058 0.113927 0.444985) 2027 4028 1
(0.361293 0.319354 0.0271672 0.292186) 2103 4030 2
(0.363959 0.31802 0.207436 0.110584) 2105 4034 2
(0.20419 0.397905 0.207342 0.190563) 2107 4038 2
(0.222922 0.0192303 0.369309 0.388539) 2033 4037 2
(0.0523828 0.0933598 0.473809 0.380449) 2033 4039 2
(0.163592 0.0102226 0.418204 0.407981) 2034 4041 2
(0.163219 0.0246066 0.418391 0.393784) 2035 4043 2
(0.129614 0.435193 0.231572 0.203621) 2036 3897 2
(0.189933 0.405033 0.400172 0.00486125) 2036 4045 1
(0.181025 0.335718 0.409487 0.073769) 2037 3899 1
(0.18464 0.40768 0.21148 0.1962) 2038 3901 2
(0.180737 0.409632 0.0124352 0.397196) 2039 4049 1
(0.258797 0.0352958 0.370601 0.335306) 1964 3902 2
(0.111925 0.126218 0.444038 0.317819) 1965 3904 2
(0.390631 0.304684 0.0259193 0.278765) 1967 3909 2
(0.324412 0.294499 0.043295 0.337794) 2044 4059 2
(0.56026 0.21987 0.141682 0.0781882) 1969 3913 2
(0.389125 0.305437 0.250287 0.0551508) 1970 3915 2
(0.367002 0.316499 0.0673553 0.249144) 1971 3917 2
(0.0222571 0.20851 0.280362 0.488871) 1972 3916 2
(0.354641 0.0812639 0.241416 0.32268) 1972 3919 1
(0.0309935 0.411841 0.0726623 0.484503) 1973 3921 1
(0.532081 0.142799 0.0911606 0.23396) 2048 4070 1
(0.142413 0.428794 0.122803 0.30599) 2049 3923 2
(0.0714141 0.464293 0.0845609 0.379732) 2050 4071 1
(0.392335 0.287788 0.0160447 0.303832) 2050 4074 1
(0.494982 0.252509 0.119902 0.132606) 2051 4076 2
(0.430733 0.168123 0.116511 0.284633) 2052 4078 1
(0.00899766 0.132753 0.495501 0.362748) 2053 4079 2
(0.328157 0.277676 0.0582456 0.335922) 2055 4084 1
(0.258172 0.143936 0.226978 0.370914) 2056 4086 1
(0.223531 0.0241021 0.388235 0.364133) 2057 4087 2
(0.0915014 0.0790293 0.454249 0.37522) 2058 4089 2
(0.170067 0.414966 0.00601626 0.40895) 2060 4094 2
(0.245593 0.197775 0.377204 0.179429) 2060 3945 1
(0.280887 0.29675 0.359556 0.0628061) 2061 3947 1
(0.458537 0.0714408 0.270731 0.199291) 2175 4173 1
(0.234321 0.38284 0.125253 0.257586) 2176 4175 2
(0.092254 0.453873 0.197468 0.256405) 2102 4177 2
(0.195528 0.402236 0.328875 0.0733614) 2180 4183 2
(0.232054 0.383973 0.301563 0.0824103) 2181 4185 2
(0.0674726 0.466264 0.249343 0.216921) 2107 4187 2
(0.173463 0.0330864 0.413269 0.380182) 2107 4186 2
(0.3324 0.136829 0.196971 0.3338) 2108 4189 1
(0.304129 0.347935 0.123907 0.224028) 2111 4192 1
(0.0145937 0.492703 0.127649 0.365054) 2112 4194 1
(0.269359 0.00765641 0.365321 0.357664) 2112 4048 1
(0.179581 0.130314 0.41021 0.279896) 2113 4050 1
(0.38371 0.308145 0.26537 0.042775) 2040 4054 2
(0.579899 0.210051 0.102162 0.107888) 2041 4056 2
(0.447457 0.0627675 0.213504 0.276271) 2042 4055 2
(0.0731676 0.140946 0.463416 0.32247) 2117 4058 1
(0.0962363 0.233797 0.451882 0.218085) 2118 4060 1
(0.155723 0.0734961 0.348643 0.422139) 2045 4061 2
(0.385603 0.307199 0.0178393 0.289359) 2120 4213 2
(0.108588 0.118162 0.327544 0.445706) 2121 4212 2
(0.334434 0.0398307 0.292952 0.332783) 2046 4063 2
(0.0757098 0.462145 0.429416 0.0327286) 2121 4214 1
(0.227805 0.278059 0.386098 0.108039) 2122 4068 1
(0.133553 0.433224 0.0998331 0.333391) 2123 4216 1
(0.396331 0.074157 0.301834 0.227677) 2123 4070 1
(0.361304 0.319348 0.23673 0.0826175) 2124 4072 2
(0.0607167 0.469642 0.330062 0.13958) 2124 4220 1
(0.113201 0.443399 0.115278 0.328122) 2126 4222 1
(0.208574 0.395713 0.360051 0.0356618) 2126 4224 1
(0.426752 0.111774 0.286624 0.17485) 2127 4078 1
(0.579887 0.0558055 0.154251 0.210056) 2130 4233 1
(0.313799 0.184425 0.158675 0.343101) 2131 4235 1
(0.123091 0.103528 0.438455 0.334926) 2132 4236 2
(0.246775 0.376612 0.298752 0.0778606) 2134 4241 2
(0.245322 0.377339 0.358857 0.0184826) 2212 4247 2
(0.0280383 0.116937 0.485981 0.369044) 2137 4246 2
(0.134428 0.432786 0.190186 0.242601) 2138 4100 2
(0.196031 0.401985 0.039881 0.362104) 2139 4248 1
(0.23442 0.38279 0.133748 0.249042) 2250 15105 2
(0.145468 0.427266 0.193141 0.234125) 2251 4470 1
(0.305144 0.347428 0.0229686 0.324459) 2176 4323 1
(0.289513 0.355244 0.204638 0.150606) 2177 4325 1
(0.145302 0.427349 0.378116 0.0492325) 2179 4330 2
(0.112448 0.382585 0.0611909 0.443776) 2180 4332 1
(0.188439 0.17625 0.229531 0.405781) 2181 4334 1
(0.489698 0.255151 0.00972998 0.245421) 2183 4335 1
(0.268072 0.00592867 0.365964 0.360035) 2184 4191 1
(0.157726 0.050132 0.421137 0.371005) 2186 4195 1
(0.0542981 0.442725 0.472851 0.0301263) 2189 4201 1
(0.371006 0.314497 0.148545 0.165952) 2115 4203 2
(0.421992 0.289004 0.0112607 0.277743) 2116 4205 2
(0.205351 0.0740268 0.323298 0.397325) 2117 4204 2
(0.442727 0.278637 0.0975909 0.181046) 2192 4356 2
(0.080378 0.18968 0.270131 0.459811) 2193 4355 2
(0.359559 0.320221 0.217506 0.102714) 2119 4211 2
(0.305474 0.217147 0.347263 0.130116) 2193 4357 2
(0.134847 0.432577 0.312387 0.120189) 2194 4360 2
(0.091424 0.454288 0.0318745 0.422414) 2270 4508 1
(0.587274 0.203786 0.00257679 0.206363) 2195 4362 1
(0.267391 0.366304 0.36016 0.00614407) 2196 4363 1
(0.289887 0.0659025 0.355057 0.289154) 2197 4217 1
(0.320808 0.184236 0.339596 0.15536) 2198 4219 1
(0.338624 0.330688 0.0404786 0.290209) 2199 4221 2
(0.0257159 0.487142 0.469171 0.0179708) 2125 4223 2
(0.109763 0.445118 0.377426 0.0676929) 2126 4225 2
(0.361973 0.319014 0.298992 0.0200216) 2201 4373 1
(0.22494 0.208461 0.38753 0.179069) 2202 4227 1
(0.198822 0.234677 0.400589 0.165912) 2203 4229 1
(0.024098 0.443921 0.487951 0.0440304) 2205 4233 1
(0.365124 0.317438 0.198126 0.119312) 2206 4384 2
(0.444137 0.271913 0.00601898 0.277932) 2207 4386 1
(0.0454038 0.117492 0.477298 0.359806) 2208 4387 2
(0.00171549 0.499142 0.206457 0.292685) 2211 4394 2
(0.0716157 0.464192 0.424345 0.0398472) 2212 4396 2
(0.0911213 0.0105128 0.443927 0.454439) 2213 4395 2
(0.223744 0.158398 0.22973 0.388128) 2213 4398 1
(0.0381557 0.480922 0.172395 0.308527) 2325 4619 1
(0.3042 0.3479 0.20261 0.14529) 2327 4475 2
(0.392611 0.303695 0.28692 0.0167751) 2252 4474 1
(0.473156 0.0331782 0.263422 0.230244) 2253 4328 1
(0.162393 0.418804 0.351092 0.0677118) 2329 4479 2
(0.0173233 0.134066 0.357272 0.491338) 2255 4478 2
(0.0796504 0.460175 0.232909 0.227266) 2255 4480 1
(0.32703 0.336485 0.0123191 0.324166) 2257 4336 2
(0.046507 0.476746 0.0813267 0.39542) 2259 4486 1
(0.199573 0.400214 0.218295 0.181918) 2260 4342 2
(0.108307 0.296758 0.445846 0.149089) 2261 4344 1
(0.0699277 0.0990916 0.465036 0.365945) 2189 4349 2
(0.3611 0.0646875 0.254763 0.31945) 2190 4352 1
(0.265997 0.282083 0.0849187 0.367001) 2191 4354 1
(0.00415087 0.146023 0.497925 0.351901) 2265 4500 2
(0.0271106 0.175319 0.486445 0.311126) 2266 4502 2
(0.296304 0.345712 0.00613568 0.351848) 2267 4505 1
(0.0953584 0.0919971 0.360324 0.452321) 2268 4504 2
(0.521658 0.239171 0.216858 0.022313) 2268 4507 2
(0.421375 0.289313 0.0319981 0.257315) 2343 4507 2
(0.373404 0.0651666 0.248131 0.313298) 2269 4506 2
(0.231389 0.384306 0.332927 0.0513785) 2270 4510 1
(0.20373 0.314449 0.398135 0.0836855) 2271 4364 1
(0.277142 0.361429 0.218545 0.142884) 2272 4366 2
(0.116963 0.441518 0.104626 0.336892) 2273 4514 1
(0.240633 0.379683 0.334255 0.0454283) 2273 4516 1
(0.28233 0.104654 0.358835 0.254181) 2274 4370 1
(0.243695 0.123957 0.378153 0.254196) 2275 4372 1
(0.0529215 0.473539 0.391566 0.0819732) 2276 4522 1
(0.16955 0.415225 0.384016 0.031209) 2278 4378 2
(0.0228583 0.242764 0.488571 0.245807) 2204 4379 2
(0.0993181 0.450341 0.0599525 0.390388) 2280 4382 2
(0.404303 0.0733179 0.297848 0.22453) 2280 4530 2
(0.671685 0.113113 0.164157 0.0510445) 2281 4532 2
(0.635685 0.118579 0.0635785 0.182157) 2282 4535 1
(0.190399 0.106316 0.298485 0.404801) 2284 4536 2
(0.231482 0.384259 0.00361069 0.380648) 2285 4541 2
(0.554193 0.202304 0.222904 0.0205995) 2361 4543 1
(0.198648 0.400676 0.327213 0.0734627) 2400 4620 2
(0.106184 0.446908 0.0960621 0.350846) 2402 4770 1
(0.00214814 0.149728 0.498926 0.349198) 2402 4624 1
(0.0638322 0.19132 0.276764 0.468084) 2328 4626 1
(0.666835 0.166583 0.0653858 0.101197) 2329 4627 1
(0.631709 0.170403 0.184145 0.0137426) 2330 4481 1
(0.262787 0.18257 0.368607 0.186036) 2331 4483 1
(0.148076 0.425962 0.254801 0.171161) 2333 4487 2
(0.194446 0.402777 0.217492 0.185286) 2334 4489 2
(0.191341 0.404329 0.0289946 0.375335) 2335 4491 2
(0.196027 0.246784 0.401987 0.155203) 2336 4493 1
(0.302385 0.105244 0.243564 0.348807) 2262 4495 1
(0.231173 0.0442942 0.340119 0.384414) 2264 4496 2
(0.345133 0.228354 0.0990799 0.327433) 2338 4646 1
(0.363213 0.318394 0.274281 0.0441128) 2339 4648 2
(0.251574 0.374213 0.0215567 0.352656) 2340 4650 2
(0.299928 0.173047 0.176989 0.350036) 2340 4650 1
(0.276155 0.361923 0.0343278 0.327595) 2341 4652 2
(0.223466 0.261079 0.127188 0.388267) 2341 4652 1
(0.146134 0.109412 0.317521 0.426933) 2342 4651 2
(0.084772 0.457614 0.36249 0.0951242) 2343 4656 2
(0.403479 0.29826 0.0327009 0.26556) 2344 4655 1
(0.33923 0.0493157 0.330385 0.28107) 2344 4509 1
(0.266689 0.366656 0.113969 0.252687) 2345 4511 2
(0.158011 0.420995 0.0842292 0.336766) 2346 4659 1
(0.184543 0.407729 0.348338 0.0593902) 2346 4661 1
(0.215717 0.392141 0.375169 0.0169726) 2347 4663 1
(0.077728 0.461136 0.0763374 0.384799) 2349 4665 1
(0.217514 0.391243 0.349371 0.0418721) 2350 4521 2
(0.190391 0.404805 0.227998 0.176807) 2351 4523 2
(0.174427 0.412786 0.148003 0.264784) 2352 4525 2
(0.1361 0.43195 0.116587 0.315363) 2353 4527 2
(0.00764588 0.393492 0.496177 0.102685) 2354 4529 1
(0.0601642 0.469918 0.0406883 0.42923) 2356 4533 2
(0.0667403 0.46663 0.315256 0.151374) 2283 4537 2
(0.435407 0.0750855 0.282297 0.207211) 2358 4685 2
(0.33614 0.212953 0.118978 0.33193) 2359 4688 1
(0.267339 0.343025 0.0233058 0.36633) 2360 4690 1
(0.207264 0.133939 0.262429 0.396368) 2400 4769 1
(0.0345553 0.482722 0.135985 0.346738) 2402 4773 2
(0.0872596 0.45637 0.245808 0.210562) 2403 4775 2
(0.861724 0.0691382 0.040834 0.0283042) 2404 4628 2
(0.256599 0.3717 0.270189 0.101512) 2406 4632 2
(0.117337 0.441332 0.138234 0.303097) 2333 4636 2
(0.284233 0.357883 0.104411 0.253472) 2409 4787 2
(0.279682 0.360159 0.116575 0.243584) 2410 4789 2
(0.219537 0.390231 0.366558 0.0236738) 2411 4791 2
(0.113468 0.443266 0.437406 0.00586041) 2412 4644 2
(0.145839 0.42708 0.353261 0.0738197) 2412 4792 1
(0.0432906 0.478355 0.240649 0.237706) 2413 4795 2
(0.16196 0.00239348 0.41902 0.416627) 2413 4794 2
(0.234312 0.382844 0.299456 0.0833883) 2414 4797 2
(0.0740082 0.0542601 0.462996 0.408736) 2414 4796 2
(0.16201 0.395934 0.0230616 0.418995) 2415 4799 1
(0.121216 0.0252646 0.414127 0.439392) 2416 4798 2
(0.170439 0.207381 0.207399 0.414781) 2416 4801 1
(0.17921 0.03154 0.410395 0.378855) 2492 4803 1
(0.426026 0.286987 0.112967 0.174021) 2417 4654 2
(0.038165 0.480918 0.289614 0.191303) 2418 4802 1
(0.36457 0.317715 0.233802 0.0839128) 2418 4804 1
(0.322055 0.305823 0.338972 0.0331499) 2419 4658 1
(0.281546 0.359227 0.150696 0.208531) 2420 4660 2
(0.251215 0.374393 0.152381 0.222012) 2421 4662 2
(0.21596 0.39202 0.0494504 0.34257) 2422 4664 2
(0.206909 0.338683 0.396546 0.0578626) 2423 4666 1
(0.216771 0.266359 0.391615 0.125256) 2424 4668 1
(0.216931 0.245954 0.391534 0.14558) 2425 4670 1
(0.207751 0.260554 0.396124 0.135571) 2426 4672 1
(0.191301 0.313392 0.40435 0.0909573) 2427 4674 1
(0.165063 0.360468 0.417469 0.057001) 2428 4676 1
(0.283399 0.0350798 0.323221 0.358301) 2354 4678 1
(0.253374 0.209981 0.163332 0.373313) 2356 4682 1
(0.34184 0.167124 0.161956 0.32908) 2357 4684 1
(0.0440432 0.286008 0.477978 0.191971) 2433 4686 1
(0.128713 0.127547 0.435644 0.308097) 2433 4834 2
(0.215597 0.0690764 0.392201 0.323125) 2434 4836 2
(0.317354 0.341323 0.138886 0.202437) 2476 4917 1
(0.589706 0.205147 0.106148 0.0989993) 2477 4919 1
(0.345339 0.327331 0.172687 0.154644) 2478 4923 1
(0.132514 0.433743 0.317684 0.116059) 2481 4781 2
(0.271414 0.119032 0.24526 0.364293) 2407 4783 1
(0.277045 0.0692758 0.292202 0.361477) 2482 4932 1
(0.311515 0.117127 0.227116 0.344243) 2483 4934 1
(0.281857 0.297323 0.0617483 0.359071) 2484 4936 1
(0.279682 0.360159 0.248107 0.112052) 2485 4938 2
(0.248374 0.375813 0.147937 0.227876) 2486 4940 2
(0.252487 0.0105986 0.363158 0.373757) 2487 4939 2
(0.304168 0.000480081 0.347916 0.347436) 2562 4942 1
(0.287708 0.0291217 0.356146 0.327024) 2563 4944 1
(0.313774 0.0511234 0.343113 0.29199) 2564 4946 1
(0.322188 0.0865563 0.338906 0.25235) 2565 4948 1
(0.224437 0.00691669 0.387782 0.380865) 2566 4950 1
(0.431287 0.014426 0.284356 0.26993) 2567 4952 1
(0.169906 0.415047 0.178107 0.23694) 2493 4954 2
(0.0524408 0.0604458 0.47378 0.413334) 2493 4953 2
(0.224489 0.00919501 0.378561 0.387756) 2495 4955 2
(0.0541649 0.181804 0.472918 0.291113) 2494 4807 1
(0.211518 0.252692 0.394241 0.141549) 2495 4809 1
(0.22037 0.389815 0.231708 0.158107) 2496 4811 2
(0.00714116 0.496429 0.385369 0.111061) 2496 4959 1
(0.24465 0.0874475 0.377675 0.290228) 2497 4813 1
(0.235427 0.268141 0.382286 0.114145) 2498 4815 1
(0.227607 0.386197 0.0333343 0.352862) 2499 4817 2
(0.229889 0.385055 0.17209 0.212966) 2500 4819 2
(0.223538 0.388231 0.315849 0.0723825) 2501 4821 2
(0.068534 0.465733 0.069046 0.396687) 2502 4969 1
(0.21375 0.393125 0.392952 0.000173247) 2502 4971 1
(0.216863 0.0629767 0.391569 0.328592) 2503 4825 1
(0.298278 0.350861 0.122123 0.228738) 2430 4829 2
(0.318763 0.340619 0.0733188 0.2673) 2431 4831 2
(0.0424924 0.145917 0.332837 0.478754) 2432 4830 2
(0.342619 0.0353909 0.2933 0.32869) 2432 4833 1
(0.363757 0.318122 0.0444391 0.273683) 2508 4835 2
(0.420089 0.289956 0.157375 0.13258) 2509 4837 2
(0.132042 0.433979 0.343925 0.0900539) 2550 5066 1
(0.396676 0.0189347 0.301662 0.282727) 2551 4920 1
(0.308465 0.134909 0.345768 0.210859) 2552 4922 1
(0.343403 0.0258815 0.328298 0.302417) 2553 4924 1
(0.112231 0.110799 0.333085 0.443884) 2480 4928 1
(0.1664 0.4168 0.267919 0.148881) 2555 5077 2
(0.281495 0.359252 0.130603 0.228649) 2556 5079 2
(0.163601 0.0624751 0.355724 0.418199) 2557 5078 2
(0.210213 0.182227 0.212666 0.394894) 2557 5081 1
(0.396998 0.301501 0.170798 0.130703) 2558 5083 2
(0.424376 0.287812 0.0555645 0.232247) 2633 5083 2
(0.285148 0.357426 0.259015 0.0984114) 2634 5085 2
(0.135612 0.432194 0.0601289 0.372065) 2635 5233 1
(0.0660725 0.466964 0.0856088 0.381355) 2636 5235 1
(0.233702 0.383149 0.287452 0.0956969) 2637 5091 2
(0.255799 0.372101 0.115776 0.256325) 2638 5093 2
(0.311365 0.254656 0.344317 0.089661) 2639 5095 1
(0.0943548 0.353655 0.0991678 0.452823) 2566 5099 1
(0.402306 0.0724135 0.298847 0.226434) 2641 5099 1
(0.067565 0.0809692 0.385248 0.466218) 2567 5101 1
(0.70114 0.0487383 0.14943 0.100692) 2569 4956 1
(0.404702 0.173042 0.297649 0.124608) 2570 4958 1
(0.325774 0.337113 0.0836267 0.253487) 2571 4960 2
(0.306693 0.346654 0.294318 0.0523355) 2572 4962 2
(0.000114374 0.499943 0.364695 0.135248) 2572 5110 1
(0.246943 0.0513706 0.376528 0.325158) 2573 4964 1
(0.238722 0.195283 0.380639 0.185356) 2574 4966 1
(0.253007 0.325436 0.373496 0.0480607) 2575 4968 1
(0.234844 0.382578 0.0954218 0.287156) 2576 4970 2
(0.20869 0.395655 0.223363 0.172292) 2577 4972 2
(0.229441 0.385279 0.317571 0.0677085) 2578 4974 2
(0.187565 0.258256 0.406218 0.147962) 2579 4976 1
(0.34857 0.325715 0.135486 0.190229) 2505 4978 2
(0.25909 0.0245921 0.345863 0.370455) 2506 4977 2
(0.150376 0.0700683 0.424812 0.354744) 2506 4979 2
(0.2651 0.089748 0.277702 0.36745) 2507 4982 1
(0.118976 0.440512 0.220887 0.219625) 2584 4986 2
(0.260497 0.369751 0.131067 0.238684) 2510 4988 2
(0.282647 0.358676 0.0148968 0.34378) 2625 15110 2
(0.231448 0.384276 0.327732 0.0565442) 2625 5215 1
(0.301777 0.067074 0.349112 0.282038) 2626 5069 1
(0.250464 0.0791028 0.374768 0.295665) 2627 5071 1
(0.346166 0.326917 0.249063 0.0778542) 2629 5075 2
(0.0357297 0.159902 0.322233 0.482135) 2629 5224 1
(0.206715 0.374086 0.0225566 0.396642) 2630 5226 1
(0.157316 0.421342 0.0955148 0.325827) 2631 5228 2
(0.228264 0.126992 0.258876 0.385868) 2631 5228 1
(0.268442 0.365779 0.230851 0.134928) 2632 5230 2
(0.065466 0.467267 0.343483 0.123784) 2707 5378 1
(0.287901 0.146807 0.356049 0.209242) 2708 5232 1
(0.271372 0.364314 0.0025795 0.361735) 2709 5234 2
(0.229508 0.385246 0.0957937 0.289452) 2710 5236 2
(0.172111 0.196774 0.413944 0.21717) 2711 5238 1
(0.0470349 0.476483 0.0616539 0.414829) 2713 5388 1
(0.302138 0.237142 0.348931 0.111789) 2714 5244 1
(0.154702 0.422649 0.297634 0.125015) 2640 5246 2
(0.206871 0.396565 0.385072 0.011493) 2642 5247 1
(0.218649 0.390675 0.169984 0.220692) 2642 5249 1
(0.487815 0.0909584 0.256093 0.165134) 2643 5103 1
(0.316056 0.228614 0.341972 0.113358) 2644 5105 1
(0.258725 0.0156392 0.370637 0.354998) 2645 5107 1
(0.211744 0.394128 0.362327 0.0318012) 2647 5111 2
(0.0149453 0.186235 0.492527 0.306292) 2648 5113 1
(0.499181 0.202323 0.0480863 0.250409) 2649 5264 1
(0.52667 0.236665 0.157059 0.0796063) 2650 5266 2
(0.147868 0.426066 0.191111 0.234955) 2651 5119 2
(0.0073917 0.496304 0.126609 0.369695) 2652 5267 1
(0.283057 0.194339 0.358471 0.164132) 2652 5121 1
(0.217917 0.34253 0.391042 0.048512) 2653 5123 1
(0.0695909 0.25604 0.209164 0.465205) 2579 5125 1
(0.24867 0.375665 0.331906 0.043759) 2580 5127 2
(0.284819 0.35759 0.00804079 0.349549) 2581 5129 2
(0.0178933 0.109937 0.381117 0.491053) 2582 5128 2
(0.146143 0.0358273 0.391101 0.426929) 2583 5130 2
(0.215186 0.0730127 0.319395 0.392407) 2584 5135 1
(0.282999 0.12256 0.23594 0.3585) 2585 5137 1
(0.253536 0.373232 0.347827 0.0254054) 2700 5216 2
(0.131747 0.0644807 0.434126 0.369646) 2700 5364 2
(0.272139 0.0831581 0.280773 0.363931) 2701 5367 1
(0.257262 0.302449 0.0689204 0.371369) 2702 5369 1
(0.247511 0.376245 0.238351 0.137893) 2703 5371 2
(0.217977 0.391012 0.0399354 0.351076) 2704 5373 2
(0.0930793 0.0275806 0.45346 0.42588) 2704 5372 2
(0.16047 0.185622 0.234142 0.419765) 2705 5375 1
(0.182143 0.408929 0.403923 0.00500579) 2706 5377 2
(0.182897 0.408551 0.202709 0.205843) 2707 5379 2
(0.280489 0.359756 0.227221 0.132535) 2783 5381 2
(0.121401 0.439299 0.0767998 0.3625) 2784 5529 1
(0.100767 0.449617 0.397018 0.0525982) 2785 5385 2
(0.0226712 0.488664 0.0104739 0.47819) 2786 5387 2
(0.126982 0.421306 0.436509 0.0152026) 2787 5389 1
(0.315522 0.211475 0.130764 0.342239) 2713 5391 1
(0.0205993 0.295018 0.194682 0.4897) 2714 5393 1
(0.0328271 0.483586 0.200042 0.283545) 2716 5394 1
(0.384792 0.307604 0.304364 0.0032399) 2717 5250 2
(0.336604 0.212945 0.118753 0.331698) 2718 5401 1
(0.214805 0.176505 0.216093 0.392597) 2719 5403 1
(0.195983 0.0321211 0.402008 0.369887) 2720 5404 2
(0.131939 0.43403 0.0953707 0.33866) 2722 5409 2
(0.194707 0.0704539 0.402647 0.332193) 2722 5260 1
(0.275796 0.200958 0.362102 0.161144) 2723 5262 1
(0.489219 0.25539 0.024619 0.230771) 2724 5264 2
(0.49462 0.25269 0.188861 0.0638295) 2725 5266 2
(0.274436 0.362782 0.0383615 0.32442) 2726 5414 1
(0.269196 0.365402 0.310236 0.0551663) 2726 5416 1
(0.252723 0.127007 0.373639 0.246631) 2727 5270 1
(0.159287 0.074082 0.346275 0.420357) 2653 5272 1
(0.250046 0.309505 0.065472 0.374977) 2654 5274 1
(0.285345 0.357327 0.191016 0.166311) 2655 5276 2
(0.287226 0.356387 0.0338258 0.322561) 2656 5278 2
(0.217807 0.0334956 0.357601 0.391097) 2657 5277 2
(0.250003 0.374998 0.130147 0.244852) 2658 5282 2
(0.237364 0.296233 0.0850854 0.381318) 2659 5284 1
(0.28812 0.0449823 0.310958 0.35594) 2660 5286 1
(0.141554 0.429223 0.396545 0.0326779) 2775 5514 2
(0.222057 0.388972 0.213428 0.175544) 2776 5516 2
(0.228795 0.385602 0.157476 0.228126) 2777 5518 2
(0.225419 0.387291 0.173766 0.213525) 2778 5520 2
(0.209544 0.395228 0.168072 0.227156) 2779 5522 2
(0.211493 0.394254 0.0583265 0.335927) 2780 5524 2
(0.0137411 0.0859799 0.493129 0.40715) 2780 5523 2
(0.168627 0.117717 0.297969 0.415686) 2781 5526 1
(0.164702 0.197641 0.220008 0.417649) 2782 5528 1
(0.265904 0.0677727 0.367048 0.299275) 2858 5530 1
(0.148403 0.425799 0.342224 0.0835749) 2859 5680 1
(0.328456 0.198874 0.136897 0.335772) 2785 5534 1
(0.318576 0.188547 0.152165 0.340712) 2786 5536 1
(0.166989 0.252057 0.164448 0.416506) 2787 5538 1
(0.378815 0.310593 0.221426 0.0891663) 2788 5391 2
(0.0455472 0.206393 0.270834 0.477226) 2789 5539 2
(0.275777 0.362112 0.101008 0.261104) 2790 5541 1
(0.419896 0.290052 0.0805917 0.20946) 2791 5397 2
(0.372631 0.313684 0.296621 0.0170634) 2793 5401 2
(0.472964 0.263518 0.113905 0.149613) 2795 5554 2
(0.29961 0.350195 0.119351 0.230844) 2796 5556 2
(0.115983 0.0691442 0.372864 0.442009) 2797 5555 2
(0.270446 0.00956972 0.355207 0.364777) 2797 5558 1
(0.171075 0.0600495 0.354413 0.414463) 2798 5560 1
(0.257211 0.371395 0.23271 0.138685) 2799 5413 2
(0.139637 0.430182 0.0792618 0.35092) 2800 5561 1
(0.0433367 0.478332 0.370052 0.108279) 2800 5563 1
(0.211475 0.394262 0.339644 0.0546188) 2802 5419 2
(0.161182 0.419409 0.40736 0.0120492) 2728 5421 2
(0.265261 0.367369 0.266757 0.100612) 2729 5423 2
(0.269724 0.365138 0.22443 0.140708) 2730 5425 2
(0.284495 0.357752 0.157853 0.199899) 2731 5427 2
(0.321108 0.339446 0.0614791 0.277967) 2732 5429 2
(0.248345 0.0344831 0.341345 0.375828) 2733 5428 2
(0.0696603 0.124174 0.340996 0.46517) 2734 5430 2
(0.0153558 0.143432 0.492322 0.34889) 2734 5432 2
(0.0419354 0.129725 0.349307 0.479032) 2736 5434 2
(0.294433 0.0437524 0.309031 0.352784) 2850 15113 1
(0.00358814 0.140998 0.357208 0.498206) 2851 5662 2
(0.275659 0.0021499 0.362171 0.360021) 2851 5664 2
(0.281044 0.125067 0.23441 0.359478) 2852 5667 1
(0.275681 0.264937 0.0972231 0.36216) 2853 5669 1
(0.247973 0.376013 0.361684 0.0143293) 2854 5671 2
(0.228796 0.385602 0.254694 0.130908) 2855 5673 2
(0.228998 0.385501 0.177106 0.208395) 2856 5675 2
(0.191922 0.404039 0.117546 0.286493) 2857 5677 2
(0.108266 0.445867 0.205247 0.24062) 2858 5679 2
(0.0871603 0.45642 0.0201757 0.436244) 2935 5829 1
(0.00107726 0.00757239 0.491889 0.499461) 2860 5683 1
(0.256793 0.371603 0.0896523 0.281951) 2861 5682 1
(0.114427 0.442786 0.25117 0.191617) 2861 5684 1
(0.171156 0.414422 0.137458 0.276965) 2863 5686 1
(0.587089 0.0213869 0.206456 0.185069) 2866 5694 2
(0.235712 0.374638 0.00750565 0.382144) 2868 5699 1
(0.0920813 0.106787 0.453959 0.347172) 2868 5550 1
(0.24893 0.323345 0.375535 0.0521907) 2869 5552 1
(0.412119 0.293941 0.173569 0.120371) 2870 5554 2
(0.181333 0.00203102 0.407302 0.409333) 2871 5702 2
(0.0736372 0.0917748 0.463181 0.371407) 2871 5704 2
(0.216481 0.03484 0.35692 0.39176) 2872 5707 1
(0.150693 0.424654 0.282392 0.142262) 2948 5857 1
(0.209224 0.395388 0.35119 0.0441978) 2874 5711 2
(0.0966875 0.451656 0.0672978 0.384358) 2875 5710 1
(0.241238 0.19141 0.379381 0.18797) 2875 5564 1
(0.264653 0.367673 0.0484456 0.319228) 2876 5566 2
(0.113106 0.443447 0.0533237 0.390123) 2877 5568 2
(0.287986 0.356007 0.157096 0.198912) 2803 5570 2
(0.137211 0.431394 0.080556 0.350838) 2879 5572 2
(0.0166339 0.171634 0.491683 0.320049) 2804 5571 2
(0.290234 0.00592628 0.354883 0.348957) 2805 5573 2
(0.317724 0.0915637 0.249574 0.341138) 2806 5576 1
(0.318957 0.159794 0.180727 0.340522) 2807 5578 1
(0.332854 0.1944 0.139173 0.333573) 2808 5580 1
(0.34142 0.234006 0.0952834 0.32929) 2809 5582 1
(0.32476 0.196177 0.141443 0.33762) 2810 5584 1
(0.211257 0.394371 0.155263 0.239108) 2925 15114 2
(0.346414 0.0632296 0.326793 0.263564) 3000 5812 1
(0.248419 0.303061 0.0727299 0.37579) 2926 5814 1
(0.274985 0.362507 0.344446 0.0180609) 2927 5816 2
(0.295391 0.352305 0.162786 0.189519) 2928 5818 2
(0.183343 0.0511985 0.35713 0.408328) 2929 5817 2
(0.239604 0.00896793 0.380198 0.37123) 2929 5819 2
(0.263595 0.0836857 0.368203 0.284517) 2930 5821 2
(0.0113563 0.154391 0.339931 0.494322) 2932 5823 2
(0.21205 0.267311 0.126664 0.393975) 2933 5828 1
(0.112295 0.138413 0.305439 0.443853) 2934 5830 1
(0.00850818 0.495746 0.474016 0.02173) 3011 5834 2
(0.631379 0.116594 0.184311 0.0677165) 2936 5685 1
(0.366872 0.316564 0.215718 0.100846) 2937 5687 2
(0.290602 0.354699 0.0377053 0.316994) 2938 5689 2
(0.308837 0.140026 0.205556 0.345582) 2940 5842 1
(0.288719 0.0859578 0.269682 0.35564) 2941 5844 1
(0.227375 0.0281347 0.386313 0.358178) 2942 5845 2
(0.152285 0.0717334 0.423858 0.352124) 2943 5847 2
(0.0724802 0.0893973 0.46376 0.374363) 2944 5849 2
(0.0250343 0.0965771 0.487483 0.390906) 2945 5851 2
(0.0640112 0.0630208 0.404974 0.467994) 2947 5853 2
(0.17024 0.41488 0.0387371 0.376143) 2948 5858 2
(0.339502 0.235934 0.330249 0.0943149) 3024 5860 1
(0.157173 0.200366 0.421413 0.221047) 3025 5862 1
(0.236608 0.155303 0.381696 0.226393) 2950 5713 1
(0.315766 0.342117 0.0260082 0.316109) 2951 5715 2
(0.121215 0.439392 0.0668551 0.372537) 2952 5863 1
(0.382465 0.252009 0.308767 0.056758) 2952 5717 1
(0.126015 0.0676282 0.369364 0.436992) 2878 5716 2
(0.199458 0.0222357 0.400271 0.378035) 2878 5718 2
(0.0826795 0.0684412 0.45866 0.390219) 2879 5720 2
(0.344141 0.134291 0.193639 0.32793) 2880 5723 1
(0.362407 0.318796 0.235861 0.0829352) 2881 5725 2
(0.401046 0.000779818 0.298697 0.299477) 2882 5724 2
(0.0374959 0.188861 0.292391 0.481252) 2883 5726 2
(0.273539 0.0804 0.36323 0.28283) 2883 5728 2
(0.400622 0.0662774 0.233412 0.299689) 2884 5731 1
(0.361519 0.15625 0.162991 0.319241) 2885 5733 1
(0.28305 0.358475 0.0160909 0.342384) 3075 15116 2
(0.316018 0.168632 0.341991 0.173358) 3076 5963 1
(0.15059 0.321369 0.103336 0.424705) 3002 5965 1
(0.243629 0.378186 0.357303 0.0208821) 3003 5967 2
(0.193677 0.403161 0.177958 0.225203) 3004 5969 2
(0.0357244 0.128271 0.482138 0.353867) 3004 5968 2
(0.0283591 0.0130463 0.48582 0.472774) 3080 5971 1
(0.412646 0.00315946 0.293677 0.290517) 3005 5822 1
(0.472903 0.164889 0.263548 0.0986593) 3006 5824 1
(0.362012 0.0344381 0.318994 0.284556) 3007 5826 1
(0.0656006 0.120646 0.346554 0.4672) 3010 5978 2
(0.120965 0.439518 0.264737 0.174781) 3011 5983 2
(0.0489215 0.475539 0.472141 0.00339834) 3088 5987 2
(0.269569 0.365215 0.247943 0.117273) 3013 5838 2
(0.118337 0.440832 0.0913715 0.34946) 3014 5986 1
(0.228559 0.38572 0.360945 0.0247754) 3014 5988 1
(0.373846 0.119027 0.313077 0.19405) 3015 5990 2
(0.50798 0.0362452 0.209765 0.24601) 3016 5993 1
(0.381171 0.309415 0.228058 0.0813564) 3017 5995 2
(0.145994 0.0871123 0.339891 0.427003) 3018 5994 2
(0.335969 0.0246402 0.307375 0.332015) 3018 5997 1
(0.299167 0.17395 0.176466 0.350416) 3019 5999 1
(0.243417 0.164541 0.213751 0.378292) 3020 6001 1
(0.0386471 0.0449566 0.43572 0.480676) 3022 6002 2
(0.136357 0.431821 0.00218089 0.42964) 3099 6155 1
(0.383459 0.258586 0.308271 0.0496845) 3100 6011 1
(0.0201152 0.0501097 0.489942 0.439833) 3026 6012 2
(0.235635 0.382182 0.0025741 0.379608) 3027 5866 2
(0.299702 0.350149 0.203417 0.146733) 3028 5868 2
(0.26882 0.36559 0.00531656 0.360274) 3029 6016 1
(0.0750718 0.462464 0.148804 0.31366) 3030 6018 1
(0.359354 0.0185231 0.3018 0.320323) 2955 5869 2
(0.222488 0.0574857 0.33127 0.388756) 2956 5871 2
(0.0339347 0.173721 0.483033 0.309312) 2956 5873 2
(0.38763 0.0125043 0.306185 0.293681) 2957 5875 2
(0.428604 0.176229 0.109469 0.285698) 2958 5878 1
(0.382088 0.308956 0.197727 0.111229) 2959 5880 2
(0.519331 0.0321238 0.208211 0.240334) 2960 5879 2
(0.734051 0.0118937 0.121081 0.132975) 2961 5881 2
(0.3272 0.283652 0.3364 0.0527477) 2962 5737 1
(0.302944 0.333871 0.348528 0.0146567) 3150 6110 1
(0.0636339 0.461857 0.0063263 0.468183) 3077 6114 1
(0.16096 0.319971 0.0995486 0.41952) 3078 6116 1
(0.197114 0.252527 0.148916 0.401443) 3079 6118 1
(0.156164 0.0786186 0.343299 0.421918) 3080 6120 1
(0.49697 0.244472 0.251515 0.00704246) 3081 5973 1
(0.230833 0.384583 0.00113296 0.38345) 3082 6121 1
(0.320129 0.0662788 0.339936 0.273657) 3082 5975 1
(0.250555 0.206431 0.374723 0.168292) 3083 5977 1
(0.382028 0.308986 0.284773 0.0242127) 3084 6127 1
(0.239351 0.357578 0.0227467 0.380325) 3086 6132 1
(0.179218 0.126255 0.284136 0.410391) 3087 6134 1
(0.182561 0.0483868 0.360333 0.408719) 3088 6136 1
(0.250874 0.360648 0.374563 0.0139153) 3165 6140 1
(0.163959 0.418021 0.343581 0.0744391) 3089 6137 1
(0.383389 0.308305 0.258397 0.0499078) 3090 6139 1
(0.508636 0.13821 0.245682 0.107472) 3091 5993 1
(0.120033 0.330062 0.109922 0.439983) 3092 6144 1
(0.212623 0.255323 0.138365 0.393688) 3093 6146 1
(0.238944 0.380528 0.0846154 0.295913) 3094 6148 2
(0.374676 0.10753 0.205132 0.312662) 3094 6148 1
(0.467412 0.266294 0.200911 0.065383) 3095 6150 2
(0.403786 0.298107 0.0765492 0.221558) 3096 6152 2
(0.244851 0.0115749 0.366 0.377575) 3097 6151 2
(0.162766 0.288421 0.130196 0.418617) 3098 6156 1
(0.180897 0.362055 0.0474967 0.409551) 3101 6162 1
(0.580376 0.0926104 0.209812 0.117202) 3102 6015 1
(0.257403 0.299765 0.371299 0.0715331) 3103 6017 1
(0.140894 0.204761 0.429553 0.224792) 3104 6019 1
(0.171396 0.0262497 0.414302 0.388052) 3030 6020 2
(0.35965 0.177345 0.142829 0.320175) 3031 6023 1
(0.342014 0.328993 0.161032 0.167961) 3032 6025 2
(0.0540817 0.127039 0.472959 0.34592) 3032 6024 2
(0.300815 0.248619 0.100973 0.349593) 3033 6027 1
(0.265349 0.367325 0.115992 0.251333) 3034 6029 2
(0.214683 0.192662 0.392658 0.199996) 3034 6028 2
(0.333963 0.132677 0.333019 0.200342) 3035 5882 1
(0.252944 0.0918051 0.373528 0.281723) 3036 6032 2
(0.325051 0.0311872 0.337475 0.306288) 3037 6034 2
(0.150025 0.424987 0.260414 0.164574) 3226 6261 2
(0.0635214 0.327379 0.468239 0.14086) 3227 6263 1
(0.124163 0.059353 0.378565 0.437918) 3154 6264 2
(0.3063 0.00647823 0.340372 0.34685) 3155 6266 2
(0.244853 0.377573 0.345492 0.0320818) 3156 6270 1
(0.268621 0.0597781 0.36569 0.305912) 3157 6124 1
(0.255538 0.130877 0.372231 0.241353) 3158 6126 1
(0.254092 0.219672 0.372954 0.153282) 3159 6128 1
(0.245856 0.31264 0.377072 0.0644316) 3160 6130 1
(0.222056 0.388972 0.296479 0.0924926) 3161 6281 2
(0.224648 0.387676 0.320093 0.067583) 3162 6283 2
(0.0156211 0.300275 0.492189 0.191915) 3239 6287 1
(0.244735 0.377632 0.0255262 0.352106) 3240 6289 2
(0.292387 0.353807 0.269009 0.0847974) 3241 6291 2
(0.0813888 0.110714 0.348592 0.459306) 3167 6290 2
(0.0916312 0.104635 0.454184 0.349549) 3167 6292 2
(0.208898 0.395551 0.140085 0.255466) 3243 6441 1
(0.198101 0.40095 0.22904 0.171909) 3244 6443 1
(0.157875 0.391342 0.0297204 0.421062) 3169 6297 1
(0.363665 0.318168 0.0701997 0.247968) 3170 6296 1
(0.293718 0.353141 0.133154 0.219987) 3170 6298 1
(0.235362 0.268318 0.114 0.382319) 3171 6301 1
(0.2656 0.343117 0.0240829 0.3672) 3172 6303 1
(0.281229 0.359385 0.126843 0.232542) 3173 6305 2
(0.279198 0.317599 0.360401 0.0428025) 3174 6306 2
(0.400078 0.299961 0.0764154 0.223545) 3176 6311 2
(0.330995 0.289074 0.334502 0.0454287) 3177 6164 1
(0.248089 0.168404 0.375956 0.207552) 3178 6166 1
(0.248698 0.375651 0.318872 0.0567787) 3105 6170 2
(0.314654 0.342673 0.142671 0.200001) 3106 6172 2
(0.247148 0.0453649 0.331061 0.376426) 3107 6171 2
(0.101993 0.101167 0.449003 0.347836) 3107 6173 2
(0.255226 0.081305 0.291082 0.372387) 3108 6176 1
(0.318122 0.182815 0.158124 0.340939) 3109 6178 1
(0.376877 0.252113 0.059448 0.311561) 3110 6180 1
(0.145627 0.427187 0.348353 0.0788337) 3111 6033 2
(0.0612318 0.157276 0.312108 0.469384) 3112 6181 2
(0.0452539 0.140472 0.336901 0.477373) 3113 6183 2
(0.184565 0.407717 0.375394 0.0323234) 3301 6410 2
(0.16432 0.41784 0.288352 0.129488) 3302 6412 2
(0.234672 0.382664 0.376404 0.00626026) 3303 6414 2
(0.457527 0.229244 0.0419924 0.271237) 3228 6414 1
(0.410623 0.275436 0.294688 0.0192526) 3230 6269 1
(0.283537 0.318126 0.358231 0.0401058) 3231 6271 1
(0.307012 0.334166 0.346494 0.0123283) 3232 6273 1
(0.308374 0.345813 0.0647666 0.281046) 3233 6275 2
(0.273162 0.363419 0.193742 0.169677) 3234 6277 2
(0.245365 0.377317 0.138027 0.23929) 3235 6279 2
(0.137757 0.292169 0.138953 0.431121) 3235 6428 1
(0.245596 0.369626 0.00757585 0.377202) 3236 6430 1
(0.13875 0.0748878 0.355737 0.430625) 3239 6433 2
(0.28401 0.110787 0.357995 0.247208) 3314 6436 1
(0.275017 0.304489 0.362492 0.058003) 3315 6438 1
(0.285643 0.357178 0.151146 0.206033) 3316 6440 2
(0.242105 0.378948 0.227576 0.151372) 3317 6442 2
(0.0696492 0.177881 0.465175 0.287294) 3317 6590 2
(0.140878 0.218039 0.429561 0.211523) 3318 6592 2
(0.384703 0.307649 0.139942 0.167707) 3245 6445 1
(0.322524 0.338738 0.326453 0.012285) 3320 6596 1
(0.374266 0.312867 0.161423 0.151444) 3246 6449 1
(0.0629278 0.468536 0.12892 0.339616) 3322 6452 2
(0.0359817 0.482009 0.42348 0.0585293) 3249 6456 2
(0.173181 0.413409 0.311663 0.101747) 3248 6453 1
(0.267772 0.366114 0.357645 0.00846853) 3249 6455 1
(0.195474 0.279877 0.402263 0.122386) 3250 6309 1
(0.34742 0.230959 0.32629 0.0953311) 3251 6311 1
(0.226792 0.250418 0.386604 0.136186) 3252 6313 1
(0.28967 0.352731 0.355165 0.00243362) 3254 6317 1
(0.278603 0.360699 0.298801 0.0618976) 3180 6319 2
(0.275206 0.362397 0.222263 0.140134) 3181 6321 2
(0.264111 0.367945 0.126629 0.241316) 3182 6323 2
(0.264146 0.367927 0.0262088 0.341718) 3183 6325 2
(0.181763 0.0410726 0.368046 0.409118) 3184 6324 2
(0.0864522 0.0966958 0.360078 0.456774) 3185 6326 2
(0.0315276 0.159322 0.484236 0.324914) 3185 6328 2
(0.229052 0.0623751 0.385474 0.323099) 3186 6330 2
(0.353642 0.0164835 0.323179 0.306696) 3187 6332 2
(0.0296271 0.0108637 0.474323 0.485186) 3300 6557 1
(0.0967378 0.0212236 0.430408 0.451631) 3301 6559 1
(0.0693172 0.0985756 0.366766 0.465341) 3302 6561 1
(0.12229 0.342558 0.0962972 0.438855) 3303 6563 1
(0.169051 0.415475 0.0238269 0.391648) 3304 6562 1
(0.312863 0.123827 0.343569 0.219741) 3304 6416 1
(0.325117 0.312535 0.337442 0.0249068) 3305 6418 1
(0.319909 0.340045 0.0835998 0.256446) 3306 6420 2
(0.26136 0.36932 0.0345268 0.334793) 3307 6422 2
(0.245806 0.197905 0.377097 0.179192) 3308 6424 1
(0.251379 0.12043 0.25388 0.37431) 3309 6575 1
(0.240171 0.0173882 0.362526 0.379915) 3310 6577 1
(0.216153 0.0279715 0.391923 0.363952) 3311 6578 2
(0.230658 0.22845 0.156221 0.384671) 3313 6583 1
(0.196022 0.401989 0.0166135 0.385376) 3390 6733 1
(0.16796 0.41602 0.356131 0.0598889) 3390 6735 1
(0.221428 0.0715531 0.389286 0.317733) 3391 6589 1
(0.115513 0.442243 0.263077 0.179167) 3392 6739 1
(0.353815 0.323093 0.0452322 0.277861) 3394 6741 1
(0.244021 0.377989 0.258443 0.119547) 3395 6597 2
(0.292111 0.353944 0.201939 0.152005) 3396 6599 2
(0.475054 0.262473 0.163428 0.0990448) 3322 6600 1
(0.0602373 0.469881 0.408315 0.0615665) 3323 6603 2
(0.106752 0.446624 0.414552 0.0320723) 3324 6605 2
(0.252888 0.373556 0.342684 0.0308715) 3325 6458 2
(0.29396 0.133793 0.35302 0.219228) 3325 6458 1
(0.226855 0.386572 0.267794 0.118778) 3326 6460 2
(0.333594 0.0506483 0.333203 0.282555) 3326 6460 1
(0.260168 0.30397 0.369916 0.0659462) 3327 6462 1
(0.224951 0.342196 0.387524 0.0453285) 3328 6464 1
(0.096718 0.0192483 0.432393 0.451641) 3255 6465 2
(0.262896 0.0478446 0.320707 0.368552) 3255 6468 1
(0.256645 0.303733 0.0679451 0.371678) 3256 6470 1
(0.268398 0.365801 0.225001 0.1408) 3257 6472 2
(0.27594 0.36203 0.0643794 0.297651) 3258 6474 2
(0.242755 0.0125847 0.366038 0.378622) 3259 6473 2
(0.252518 0.373741 0.0186296 0.355111) 3260 6478 2
(0.296365 0.351818 0.104493 0.247325) 3261 6480 2
(0.606755 0.196623 0.137977 0.0586456) 3262 6482 2
(0.0657252 0.467137 0.225409 0.241728) 3376 6708 2
(0.109354 0.00626648 0.439056 0.445323) 3378 6709 2
(0.202149 0.398925 0.267847 0.131078) 3378 6711 1
(0.333787 0.165441 0.333107 0.167665) 3379 6565 1
(0.27013 0.268297 0.364935 0.0966381) 3380 6567 1
(0.213575 0.0248927 0.393212 0.36832) 3382 6719 2
(0.0789323 0.105684 0.460534 0.35485) 3383 6721 2
(0.153994 0.0660439 0.423003 0.356959) 3384 6723 2
(0.288841 0.0272937 0.328286 0.355579) 3385 6726 1
(0.293882 0.167955 0.185104 0.353059) 3386 6728 1
(0.327706 0.336147 0.321181 0.0149659) 3387 6730 2
(0.277261 0.361369 0.180904 0.180466) 3388 6732 2
(0.125954 0.39358 0.0434425 0.437023) 3389 6734 1
(0.185184 0.407408 0.318155 0.0892531) 3466 6738 2
(0.124897 0.437552 0.0625111 0.37504) 3467 6886 1
(0.115561 0.44222 0.310238 0.131982) 3468 6742 2
(0.167755 0.416122 0.223581 0.192541) 3469 6744 2
(0.200927 0.399536 0.258986 0.14055) 3470 6746 2
(0.255883 0.372059 0.297955 0.0741039) 3471 6748 2
(0.2125 0.39375 0.0433739 0.350376) 3397 6750 2
(0.192136 0.403932 0.365264 0.0386677) 3398 6752 2
(0.00505882 0.497471 0.258747 0.238724) 3400 6753 1
(0.229362 0.385319 0.322932 0.0623872) 3400 6755 1
(0.345584 0.0682897 0.327208 0.258918) 3401 6609 1
(0.279915 0.183328 0.360043 0.176715) 3402 6611 1
(0.268868 0.275628 0.365566 0.0899379) 3403 6613 1
(0.378716 0.310642 0.0178477 0.292794) 3404 6615 2
(0.17866 0.0566974 0.41067 0.353973) 3404 6615 1
(0.371713 0.314143 0.249632 0.064511) 3330 6617 2
(0.278057 0.360971 0.0641295 0.296842) 3331 6619 2
(0.0056736 0.133684 0.497163 0.36348) 3331 6618 2
(0.278309 0.0180835 0.342762 0.360845) 3332 6621 1
(0.275582 0.0869875 0.275221 0.362209) 3333 6623 1
(0.158584 0.0628875 0.357821 0.420708) 3336 6626 2
(0.276317 0.027655 0.334186 0.361841) 3337 6628 2
(0.0201641 0.489918 0.387749 0.102169) 3337 6630 1
(0.0286077 0.0619555 0.485696 0.423741) 3338 6484 1
(0.200009 0.0266858 0.37331 0.399995) 3451 6854 2
(0.253534 0.317854 0.0553795 0.373233) 3452 6859 1
(0.579812 0.0548627 0.210094 0.155231) 3454 6862 2
(0.166659 0.41667 0.110281 0.306389) 3455 6716 2
(0.240092 0.379954 0.1722 0.207754) 3456 6718 2
(0.340634 0.329683 0.186209 0.143474) 3458 6871 2
(0.25673 0.371635 0.0878808 0.283754) 3459 6873 2
(0.210045 0.017042 0.377936 0.394978) 3460 6872 2
(0.0380638 0.104411 0.376557 0.480968) 3461 6874 2
(0.198353 0.0109021 0.400824 0.389922) 3461 6876 2
(0.220772 0.146762 0.242852 0.389614) 3462 6879 1
(0.255627 0.322287 0.0499 0.372187) 3463 6881 1
(0.239247 0.380376 0.284019 0.0963577) 3464 6883 2
(0.0561974 0.471901 0.257248 0.214653) 3466 6887 2
(0.141742 0.035772 0.393357 0.429129) 3467 6889 1
(0.139474 0.0221379 0.408125 0.430263) 3468 6891 1
(0.0462804 0.0159893 0.47686 0.460871) 3469 6892 2
(0.0773852 0.461307 0.0373353 0.423972) 3471 6897 2
(0.0929307 0.453535 0.413806 0.0397287) 3548 6901 2
(0.0722088 0.416786 0.463896 0.0471094) 3549 6903 1
(0.074812 0.462594 0.178178 0.284416) 3473 6900 1
(0.313927 0.343036 0.0983311 0.244705) 3475 6756 2
(0.0883318 0.455834 0.346007 0.109827) 3476 6906 1
(0.278815 0.217807 0.360592 0.142786) 3478 6762 1
(0.169586 0.415207 0.0682193 0.346988) 3480 6912 1
(0.202209 0.398895 0.249108 0.149787) 3481 6914 1
(0.003679 0.145035 0.498161 0.353125) 3405 6765 2
(0.0633843 0.0969821 0.468308 0.371326) 3406 6767 2
(0.165349 0.0422644 0.417325 0.375061) 3407 6769 2
(0.224873 0.0309578 0.387564 0.356606) 3408 6771 2
(0.347627 0.0308623 0.295324 0.326186) 3409 6774 1
(0.337231 0.187429 0.143956 0.331385) 3410 6776 1
(0.351258 0.324371 0.284124 0.0402464) 3411 6778 2
(0.307172 0.346414 0.139256 0.207158) 3412 6780 2
(0.408858 0.198939 0.0966322 0.295571) 3413 6782 1
(0.31901 0.340495 0.0966876 0.243807) 3415 6786 2
(0.136321 0.431839 0.0679659 0.363873) 3339 6635 2
(0.107703 0.446148 0.0636177 0.382531) 3340 6637 2
(0.0289298 0.339791 0.145744 0.485535) 3525 7004 1
(0.292529 0.353735 0.200283 0.153452) 3525 6855 2
(0.951488 0.0138218 0.0104343 0.0242561) 3528 7010 1
(0.0802743 0.154215 0.459863 0.305647) 3529 7011 2
(0.0500701 0.474965 0.378591 0.0963744) 3606 7016 2
(0.0600889 0.0186552 0.469956 0.4513) 3529 6863 1
(0.257475 0.110364 0.371263 0.260899) 3530 6865 1
(0.24627 0.249209 0.376865 0.127656) 3531 6867 1
(0.24233 0.378835 0.340414 0.0384206) 3532 7017 1
(0.555253 0.0238186 0.198555 0.222374) 3535 7024 1
(0.286842 0.349814 0.00676511 0.356579) 3536 7026 1
(0.252242 0.292542 0.0813373 0.373879) 3537 7028 1
(0.170263 0.332059 0.082809 0.414868) 3538 7030 1
(0.174589 0.220471 0.192234 0.412706) 3539 7032 1
(0.0865841 0.045165 0.456708 0.411543) 3540 7033 2
(0.232753 0.383623 0.134704 0.248919) 3542 7038 2
(0.191631 0.10122 0.302964 0.404185) 3543 7040 1
(0.205479 0.397261 0.141404 0.255857) 3545 7044 2
(0.464745 0.0308901 0.267628 0.236737) 3546 7045 2
(0.305042 0.155851 0.347479 0.191628) 3623 7050 1
(0.190847 0.353791 0.0507849 0.404576) 3549 7052 1
(0.00295433 0.0847612 0.413762 0.498523) 3551 7053 2
(0.246612 0.0189129 0.376694 0.357781) 3551 7055 2
(0.00237133 0.0498749 0.448939 0.498814) 3553 7057 2
(0.139215 0.25469 0.430392 0.175703) 3552 6909 1
(0.290504 0.354748 0.067644 0.287104) 3553 6911 2
(0.268477 0.365762 0.268807 0.0969545) 3554 6913 2
(0.289906 0.355047 0.0654205 0.289626) 3555 6915 2
(0.570184 0.214908 0.0201124 0.194796) 3556 6917 2
(0.708799 0.145601 0.107896 0.0377043) 3560 7074 2
(0.362175 0.318912 0.137494 0.181418) 3561 7076 2
(0.298038 0.350981 0.0641149 0.286866) 3562 7078 2
(0.0110917 0.152577 0.494454 0.341877) 3485 6924 2
(0.0872754 0.11356 0.342802 0.456362) 3487 6926 2
(0.104032 0.108381 0.339603 0.447984) 3488 6928 2
(0.288666 0.0350343 0.355667 0.320633) 3488 6930 2
(0.387768 0.181307 0.124809 0.306116) 3489 6933 1
(0.325981 0.337009 0.277844 0.059165) 3490 6935 2
(0.120384 0.439808 0.0128241 0.426984) 3566 6937 2
(0.858946 0.0378885 0.0705272 0.0326387) 3567 6939 1
(0.354738 0.290782 0.0318486 0.322631) 3568 7087 2
(0.0545469 0.472727 0.241986 0.23074) 3491 6788 2
(0.379963 0.123032 0.186986 0.310018) 3600 7153 1
(0.409852 0.106568 0.188506 0.295074) 3601 7155 1
(0.319536 0.217967 0.122265 0.340232) 3602 7157 1
(0.0956078 0.452196 0.112677 0.339519) 3604 7161 2
(0.0318684 0.484066 0.180944 0.303122) 3605 7163 2
(0.0179681 0.491016 0.0528537 0.438162) 3528 7010 2
(0.126718 0.436641 0.291513 0.145128) 3604 7012 2
(0.354048 0.0626213 0.322976 0.260355) 3604 7012 1
(0.215641 0.392179 0.0722638 0.319916) 3606 7165 2
(0.260707 0.369647 0.0394306 0.330216) 3607 7167 2
(0.194905 0.238512 0.164035 0.402547) 3609 7171 1
(0.0132918 0.493354 0.416216 0.0771383) 3608 7020 2
(0.0343812 0.482809 0.0764533 0.406356) 3609 7022 2
(0.153983 0.423008 0.0785619 0.344446) 3610 7170 1
(0.29049 0.354755 0.0268063 0.327949) 3610 7024 2
(0.144312 0.427844 0.16211 0.265734) 3610 7172 1
(0.0540944 0.472953 0.241447 0.231506) 3612 7174 1
(0.373695 0.00465297 0.308499 0.313152) 3616 7185 1
(0.251995 0.0848674 0.289135 0.374002) 3618 7186 2
(0.157494 0.0636464 0.357607 0.421253) 3619 7188 2
(0.0396532 0.127279 0.480173 0.352895) 3619 7190 2
(0.193964 0.0598196 0.403018 0.343198) 3620 7192 2
(0.259999 0.0546089 0.315392 0.37) 3622 7197 1
(0.249526 0.375237 0.344084 0.0311528) 3621 7194 1
(0.149452 0.425274 0.38773 0.0375437) 3623 7050 2
(0.356813 0.00953248 0.312061 0.321593) 3626 7205 1
(0.212404 0.0752425 0.318556 0.393798) 3627 7207 1
(0.0940702 0.0408639 0.452965 0.412101) 3628 7208 2
(0.124376 0.437812 0.359595 0.0782165) 3630 7213 2
(0.0741584 0.462921 0.146124 0.316797) 3629 7062 2
(0.192332 0.403834 0.181881 0.221953) 3630 7064 2
(0.0420983 0.478951 0.36865 0.110301) 3630 7212 1
(0.295796 0.151021 0.201082 0.352102) 3634 7221 1
(0.291536 0.212437 0.141795 0.354232) 3559 7072 1
(0.297409 0.351296 0.0600295 0.291266) 3635 7074 2
(0.257038 0.371481 0.0902771 0.281204) 3636 7225 2
(0.25197 0.0358955 0.338119 0.374015) 3637 7224 2
(0.103822 0.128615 0.319474 0.448089) 3638 7226 2
(0.241662 0.0970552 0.379169 0.282114) 3638 7228 2
(0.343355 0.328323 0.0114808 0.316842) 3640 7233 2
(0.275239 0.36238 0.0503943 0.311986) 3564 7082 2
(0.0369324 0.155168 0.481534 0.326366) 3640 7084 1
(0.247748 0.376126 0.0853408 0.290785) 3641 7086 2
(0.074569 0.462716 0.415694 0.0470218) 3641 7234 1
(0.371577 0.314212 0.122867 0.191344) 3642 7088 2
(0.0556869 0.472157 0.0127561 0.459401) 3643 7090 2
(0.270139 0.36493 0.104359 0.260571) 3644 7092 2
(0.614077 0.192961 0.0469591 0.146002) 3645 7243 2
(0.614265 0.139551 0.192868 0.0533169) 3569 6943 1
(0.479754 0.260123 0.194587 0.0655356) 3675 7301 1
(0.286893 0.0413511 0.315202 0.356553) 3676 7301 2
(0.380727 0.0832147 0.309636 0.226422) 3676 7302 2
(0.476259 0.19955 0.0623202 0.261871) 3677 7452 1
(0.42745 0.286275 0.27412 0.0121551) 3678 7453 2
(0.367222 0.025188 0.316389 0.291201) 3679 7305 2
(0.445155 0.0319871 0.245435 0.277422) 3680 7455 1
(0.407853 0.067649 0.228424 0.296073) 3681 7456 1
(0.374125 0.312937 0.0676602 0.245277) 3683 7169 2
(0.483797 0.258102 0.189908 0.0681939) 3684 7310 1
(0.348334 0.181475 0.325833 0.144358) 3685 7173 1
(0.307016 0.34604 0.346492 0.000452238) 3686 7175 1
(0.275076 0.362462 0.0376481 0.324814) 3687 7177 2
(0.217107 0.242485 0.391447 0.148962) 3688 7179 1
(0.188204 0.405898 0.401824 0.00407437) 3689 7315 1
(0.153616 0.423192 0.350874 0.0723184) 3690 7316 1
(0.0537667 0.473117 0.221555 0.251562) 3692 7317 1
(0.0294396 0.48528 0.201472 0.283808) 3693 7318 1
(0.357981 0.321009 0.106715 0.214295) 3693 7468 2
(0.2941 0.0781044 0.274846 0.35295) 3694 7319 2
(0.350422 0.324789 0.135345 0.189444) 3695 7321 1
(0.676517 0.0577412 0.161741 0.104) 3697 7197 1
(0.320577 0.230602 0.339711 0.109109) 3698 7199 1
(0.249232 0.371528 0.375384 0.00385582) 3699 7201 1
(0.222895 0.368796 0.388553 0.0197564) 3700 7203 1
(0.329082 0.14934 0.335459 0.186119) 3701 7205 1
(0.157345 0.126923 0.294404 0.421327) 3702 7327 2
(0.116945 0.157232 0.441528 0.284295) 3702 7328 2
(0.0485534 0.202684 0.273039 0.475723) 3704 7329 2
(0.0473839 0.476308 0.143357 0.332951) 3706 7331 1
(0.175952 0.412024 0.397482 0.0145418) 3707 7217 2
(0.292149 0.250427 0.103498 0.353926) 3633 7219 1
(0.454304 0.272848 0.235902 0.0369457) 3708 7483 2
(0.485999 0.257001 0.162145 0.094856) 3709 7484 2
(0.481173 0.0277805 0.231633 0.259413) 3710 7335 2
(0.0614024 0.218685 0.250613 0.469299) 3711 7336 2
(0.276545 0.100273 0.361727 0.261454) 3711 7337 2
(0.43561 0.0025825 0.282195 0.279612) 3712 7338 2
(0.339033 0.330483 0.167818 0.162666) 3714 7231 2
(0.0972147 0.185906 0.265487 0.451393) 3715 7340 2
(0.250746 0.374627 0.31374 0.0608869) 3716 7235 2
(0.260792 0.369604 0.324079 0.045525) 3717 7237 2
(0.159651 0.420175 0.129258 0.290917) 3643 7239 2
(0.379719 0.31014 0.252345 0.0577958) 3718 7344 1
(0.186838 0.398152 0.0084288 0.406581) 3644 7241 1
(0.0111171 0.494441 0.0754189 0.419023) 3645 7243 2
(0.50108 0.24946 0.234895 0.0145648) 3720 7495 2
(0.451217 0.274391 0.149412 0.12498) 3721 7496 2
(0.353126 0.058124 0.265313 0.323437) 3646 7242 2
(0.110887 0.444556 0.436865 0.00769159) 3722 7247 2
)


// ************************************************************************* //
