/*--------------------------------*- C++ -*----------------------------------*\
  =========                 |
  \\      /  F ield         | OpenFOAM: The Open Source CFD Toolbox
   \\    /   O peration     | Website:  https://openfoam.org
    \\  /    A nd           | Version:  12
     \\/     M anipulation  |
\*---------------------------------------------------------------------------*/
FoamFile
{
    format      ascii;
    class       vectorField;
    location    "0.8/lagrangian/cloud";
    object      U;
}
// * * * * * * * * * * * * * * * * * * * * * * * * * * * * * * * * * * * * * //


1931
(
(0.00158929 -0.0236344 0)
(-5.1846e-05 -0.0301566 0)
(0.000445031 -0.0285852 0)
(0.00180497 -0.0279221 0)
(-0.000369386 -0.0240254 0)
(-0.000281926 -0.0247925 0)
(-5.98816e-06 -0.0251223 0)
(-0.000198081 -0.0241684 0)
(-2.22957e-06 -0.0233438 0)
(-0.000642331 -0.0225034 0)
(2.03307e-05 -0.0292055 0)
(-0.000537839 -0.0291092 0)
(0.00176715 -0.0270332 0)
(0.000309982 -0.0290703 0)
(-0.000467174 -0.0254823 0)
(-0.000671993 -0.026643 0)
(-0.000972598 -0.026366 0)
(-0.00038462 -0.0266062 0)
(-0.000208797 -0.0265675 0)
(0.000140295 -0.0259726 0)
(0.00037886 -0.0256384 0)
(0.000509757 -0.0257845 0)
(-0.000153636 -0.0280229 0)
(0.000137094 -0.0267155 0)
(0.000561681 -0.0287184 0)
(-0.000553966 -0.0293756 0)
(7.5197e-06 -0.0291517 0)
(0.000668226 -0.0246241 0)
(0.000386828 -0.0250728 0)
(0.000586184 -0.0234614 0)
(0.000698086 -0.0236665 0)
(-1.81223e-05 -0.0251509 0)
(0.000770968 -0.0306285 0)
(0.00096721 -0.0299096 0)
(0.000373755 -0.0314944 0)
(-0.000248277 -0.0270477 0)
(-0.000300492 -0.0269065 0)
(-0.000105243 -0.0313622 0)
(-1.57299e-05 -0.0299575 0)
(-0.000769895 -0.0297434 0)
(-0.000332152 -0.0291314 0)
(0.000219526 -0.0309473 0)
(0.000327452 -0.0291698 0)
(0.00129623 -0.0298914 0)
(0.000872288 -0.0321622 0)
(0.00111267 -0.0312888 0)
(0.000814003 -0.0319604 0)
(0.00155075 -0.0344976 0)
(0.000186978 -0.0353939 0)
(0.000103184 -0.0364051 0)
(0.000900369 -0.0339846 0)
(0.00055971 -0.0355985 0)
(-0.000357644 -0.0365925 0)
(-0.000454226 -0.0279813 0)
(-0.000539183 -0.0244439 0)
(0.00206046 -0.0259719 0)
(0.0012791 -0.0241729 0)
(0.000967432 -0.0222502 0)
(0.000262971 -0.0199843 0)
(-0.0010209 -0.0244544 0)
(0.000361305 -0.0285247 0)
(0.000354635 -0.0246514 0)
(0.000369041 -0.0203674 0)
(0.000481875 -0.0212991 0)
(-0.000141431 -0.02331 0)
(-0.000601813 -0.0231307 0)
(-0.000632237 -0.0251821 0)
(1.52036e-05 -0.0257224 0)
(-0.000583976 -0.0251065 0)
(3.92882e-05 -0.0237125 0)
(0.000177561 -0.0227246 0)
(-0.000875436 -0.02568 0)
(-0.000636661 -0.0220675 0)
(-0.000955916 -0.0315457 0)
(-0.000807848 -0.0295299 0)
(-0.000576869 -0.0267887 0)
(0.000204721 -0.0249839 0)
(1.70392e-05 -0.0220444 0)
(-0.000123177 -0.0203461 0)
(0.000588316 -0.0315055 0)
(-1.53805e-05 -0.0302842 0)
(0.00100303 -0.0283812 0)
(-5.50632e-05 -0.0265851 0)
(-5.86262e-05 -0.0259471 0)
(-5.45423e-05 -0.0256581 0)
(0.000331292 -0.0257178 0)
(0.000107975 -0.0265237 0)
(0.000257233 -0.0274685 0)
(0.000658403 -0.0295583 0)
(-0.00109755 -0.0307088 0)
(-0.000593001 -0.0306241 0)
(0.00209699 -0.0334088 0)
(0.00233909 -0.0317496 0)
(0.00357684 -0.0327376 0)
(0.00110048 -0.0324067 0)
(0.00166808 -0.0326575 0)
(0.00267494 -0.0348868 0)
(0.00118056 -0.0378043 0)
(-0.000220714 -0.0240045 0)
(-0.000135691 -0.0285796 0)
(0.000606853 -0.0348946 0)
(0.00235579 -0.0292856 0)
(0.00153475 -0.0282109 0)
(-0.00036582 -0.0326853 0)
(-0.000201539 -0.0323584 0)
(-0.00045423 -0.0356187 0)
(0.000131695 -0.030693 0)
(0.00148588 -0.0298792 0)
(0.000728547 -0.0286189 0)
(0.00324655 -0.0287935 0)
(-9.4946e-05 -0.0238901 0)
(5.14225e-05 -0.0274598 0)
(-0.000815628 -0.0280724 0)
(-2.0257e-06 -0.0288491 0)
(-0.000773784 -0.0271264 0)
(0.000394425 -0.0255298 0)
(0.000798773 -0.035417 0)
(-0.000505658 -0.0340258 0)
(-0.000598932 -0.0360096 0)
(0.00046642 -0.0348545 0)
(0.000659449 -0.0348085 0)
(0.000256147 -0.0346264 0)
(0.00013553 -0.0351971 0)
(-0.000533465 -0.0383179 0)
(0.000336903 -0.0372736 0)
(0.000670718 -0.0361917 0)
(-0.000630206 -0.0407824 0)
(-0.00177931 -0.0402057 0)
(0.000537251 -0.0370466 0)
(3.34967e-05 -0.0402908 0)
(0.000199803 -0.0401446 0)
(0.000462753 -0.0394634 0)
(0.000665936 -0.0345261 0)
(-5.82429e-05 -0.0344356 0)
(-0.000312581 -0.0317714 0)
(-0.000522329 -0.0337941 0)
(-0.000632957 -0.0375737 0)
(-0.000860789 -0.0365555 0)
(0.000507176 -0.0357906 0)
(-0.000327526 -0.0371272 0)
(0.00137497 -0.0361111 0)
(0.00384365 -0.0321788 0)
(0.00101118 -0.0344896 0)
(-0.000482494 -0.0362464 0)
(-0.000717637 -0.0349864 0)
(0.000634133 -0.0314025 0)
(0.000945181 -0.0315295 0)
(-0.000626092 -0.0312462 0)
(-0.000173912 -0.0344756 0)
(-0.000798766 -0.0339289 0)
(0.00018018 -0.0348161 0)
(0.000467206 -0.0337428 0)
(-0.000974591 -0.0286841 0)
(-0.000110939 -0.0363327 0)
(0.000424838 -0.0361215 0)
(0.000582043 -0.0361296 0)
(-0.00117502 -0.038967 0)
(0.000457051 -0.0386813 0)
(0.000671982 -0.0382742 0)
(-0.000127635 -0.0394706 0)
(0.000309387 -0.041187 0)
(0.000338134 -0.0414811 0)
(0.000576553 -0.0414624 0)
(0.000698853 -0.0415362 0)
(0.000242868 -0.0402028 0)
(-0.000986492 -0.0400374 0)
(-0.0011688 -0.0399302 0)
(-0.000347884 -0.0405556 0)
(-0.000107568 -0.0414918 0)
(-3.32841e-05 -0.0411251 0)
(0.000442449 -0.0392807 0)
(0.00028327 -0.0383855 0)
(0.000245814 -0.0385601 0)
(0.000201069 -0.0411528 0)
(0.000351549 -0.0401182 0)
(-0.00157782 -0.0383217 0)
(-0.001278 -0.0379217 0)
(-0.000274164 -0.0379496 0)
(-0.000648483 -0.0402452 0)
(-0.000459727 -0.0363433 0)
(0.00136516 -0.035824 0)
(0.000411775 -0.0352517 0)
(-0.000680471 -0.0346616 0)
(0.00131174 -0.0333451 0)
(0.00364653 -0.0340754 0)
(0.00109626 -0.0342002 0)
(0.000423022 -0.0348453 0)
(0.000411735 -0.0371931 0)
(0.0006751 -0.0373833 0)
(0.000660367 -0.0378202 0)
(-0.000215835 -0.0393908 0)
(-3.16753e-05 -0.0420609 0)
(0.000397891 -0.0400466 0)
(0.00124375 -0.0380238 0)
(-0.000419252 -0.0425071 0)
(0.000189446 -0.0419946 0)
(-0.000107018 -0.0422359 0)
(0.000224145 -0.0410351 0)
(-6.63492e-05 -0.0400097 0)
(0.000465895 -0.0404267 0)
(0.000407423 -0.0394782 0)
(0.000171286 -0.0383275 0)
(-0.00081983 -0.0384971 0)
(-0.00165323 -0.0384935 0)
(-0.000618306 -0.0411424 0)
(0.000237396 -0.0418616 0)
(0.000210206 -0.0408083 0)
(0.00015111 -0.0399969 0)
(9.42948e-05 -0.0396674 0)
(-0.000142649 -0.0405144 0)
(-0.000746536 -0.0423621 0)
(0.00156815 -0.0399093 0)
(0.00173557 -0.0380363 0)
(0.00146367 -0.0363641 0)
(-0.000176152 -0.0372737 0)
(-0.000616016 -0.0393323 0)
(0.000279491 -0.0393332 0)
(0.000170491 -0.0372334 0)
(0.000184904 -0.0367574 0)
(0.000269174 -0.0363218 0)
(-0.000347187 -0.0356597 0)
(0.000261751 -0.0367481 0)
(0.00107798 -0.0400427 0)
(0.00125248 -0.0389933 0)
(0.00186562 -0.0381388 0)
(0.000848225 -0.041081 0)
(0.00170911 -0.0402163 0)
(0.00110081 -0.0395101 0)
(0.000191117 -0.0412191 0)
(-4.94469e-05 -0.0429009 0)
(-0.000121579 -0.0431586 0)
(-0.000683899 -0.0417595 0)
(-0.000297833 -0.0413425 0)
(-6.32407e-05 -0.0424908 0)
(-0.000194201 -0.0435627 0)
(5.24962e-05 -0.0412435 0)
(0.000503255 -0.0403156 0)
(-6.26661e-05 -0.0392202 0)
(0.000188605 -0.0400748 0)
(0.000520467 -0.0395587 0)
(0.000547364 -0.039656 0)
(-9.24312e-05 -0.0384118 0)
(-0.000441515 -0.0387556 0)
(-0.000663695 -0.0400555 0)
(0.000254759 -0.041111 0)
(-0.000443898 -0.04242 0)
(-0.000577051 -0.0424001 0)
(-0.000594176 -0.0420339 0)
(-0.000365055 -0.0419873 0)
(-0.00070294 -0.0409126 0)
(-0.000278397 -0.0432421 0)
(-0.000229397 -0.043699 0)
(0.000659842 -0.0437901 0)
(0.000509299 -0.0432904 0)
(0.00047536 -0.0423015 0)
(1.76544e-05 -0.0394273 0)
(7.6445e-05 -0.0401792 0)
(-0.000768293 -0.0399305 0)
(-0.000632213 -0.0383256 0)
(3.57502e-05 -0.0383624 0)
(-0.000723337 -0.036012 0)
(-0.00102294 -0.0430705 0)
(-0.000817915 -0.0427692 0)
(-0.00051376 -0.042721 0)
(-0.000168376 -0.0464981 0)
(0.000137834 -0.0445118 0)
(-0.000337554 -0.0479053 0)
(0.000766875 -0.0476478 0)
(0.000837198 -0.0434568 0)
(0.000122265 -0.0450029 0)
(0.000610021 -0.0444768 0)
(-0.000325972 -0.0429597 0)
(-0.000690017 -0.0429081 0)
(-0.000578097 -0.0421015 0)
(8.6387e-05 -0.0410119 0)
(0.000165472 -0.040847 0)
(0.000280126 -0.0403024 0)
(0.000639368 -0.0398368 0)
(0.000485567 -0.0393528 0)
(0.000261 -0.0408286 0)
(-0.000126149 -0.0402229 0)
(-0.000531618 -0.0404866 0)
(-0.00152805 -0.0390022 0)
(-0.000253716 -0.0406511 0)
(-0.000479085 -0.0426345 0)
(-0.000265717 -0.0422829 0)
(0.000351572 -0.0390992 0)
(0.000661131 -0.0388276 0)
(-0.00110718 -0.0402822 0)
(6.80053e-05 -0.0407095 0)
(5.53624e-05 -0.0404826 0)
(7.53892e-05 -0.0439257 0)
(-0.000637021 -0.0442619 0)
(0.000249849 -0.0431912 0)
(-0.000778455 -0.0423134 0)
(-0.000521418 -0.0418975 0)
(0.000831147 -0.0417395 0)
(0.000914404 -0.04227 0)
(-0.00030668 -0.0419822 0)
(0.000258078 -0.04573 0)
(0.000325439 -0.0454021 0)
(0.00132359 -0.0459813 0)
(0.000175631 -0.0475102 0)
(0.00126012 -0.0479517 0)
(-0.000815363 -0.0495673 0)
(0.000407275 -0.0492475 0)
(0.000105495 -0.0458355 0)
(-0.000174138 -0.0444341 0)
(0.0011588 -0.0442832 0)
(0.000438692 -0.0435158 0)
(5.77994e-05 -0.0435668 0)
(-0.000119122 -0.0434003 0)
(-0.000643634 -0.0389819 0)
(0.000713349 -0.0393842 0)
(-0.000375618 -0.0409687 0)
(0.00012001 -0.0419755 0)
(0.000713172 -0.0419235 0)
(6.37898e-05 -0.0428626 0)
(-6.49702e-05 -0.0416262 0)
(3.2068e-05 -0.0407726 0)
(1.1536e-05 -0.0407744 0)
(2.28913e-05 -0.0406921 0)
(5.81415e-05 -0.0404507 0)
(-5.19901e-05 -0.0398436 0)
(9.43498e-05 -0.0402102 0)
(0.000293963 -0.039307 0)
(0.0017516 -0.038328 0)
(0.000898259 -0.0400202 0)
(-6.47957e-05 -0.0406587 0)
(-4.1906e-05 -0.043084 0)
(-0.000695224 -0.0440066 0)
(0.00126094 -0.0483935 0)
(0.000930165 -0.047612 0)
(-1.71001e-05 -0.0466573 0)
(-0.00182067 -0.0494879 0)
(0.000571617 -0.0473725 0)
(0.000470422 -0.0471036 0)
(-0.00101027 -0.0488135 0)
(2.1574e-06 -0.0483256 0)
(-0.000290751 -0.0454335 0)
(-0.000407308 -0.0454725 0)
(0.00031323 -0.0447304 0)
(0.000244423 -0.0435163 0)
(0.000145879 -0.0435153 0)
(8.36143e-05 -0.0432402 0)
(-0.000444621 -0.0432963 0)
(0.000364036 -0.0422019 0)
(1.17734e-05 -0.0414981 0)
(-0.000526806 -0.0420127 0)
(0.000404447 -0.0425035 0)
(0.000276148 -0.0419521 0)
(0.000390466 -0.0421071 0)
(-1.55218e-05 -0.0427465 0)
(-1.40258e-05 -0.041544 0)
(-0.000201046 -0.0409285 0)
(0.000776055 -0.0387369 0)
(0.000862168 -0.0391448 0)
(-0.000105618 -0.0384326 0)
(0.000108232 -0.0380499 0)
(2.40316e-05 -0.0381779 0)
(0.000793913 -0.0378442 0)
(0.000115539 -0.0390726 0)
(-0.000186044 -0.0416263 0)
(-0.000250595 -0.040454 0)
(-8.07123e-05 -0.052811 0)
(0.000632569 -0.0492897 0)
(-0.000710059 -0.0484671 0)
(0.000429591 -0.0474967 0)
(-0.000143683 -0.0474339 0)
(0.000627399 -0.0453619 0)
(-0.000741847 -0.0451695 0)
(-0.000621233 -0.0428133 0)
(1.27612e-05 -0.0422697 0)
(-0.000569444 -0.0420242 0)
(0.000113638 -0.0417362 0)
(0.000172983 -0.0404829 0)
(-7.02544e-05 -0.0406437 0)
(0.000656205 -0.0420282 0)
(0.000354437 -0.0427571 0)
(-4.64111e-05 -0.0412701 0)
(-0.00093317 -0.0408435 0)
(-0.00168119 -0.0396762 0)
(0.000933173 -0.0434047 0)
(-0.000543659 -0.0425609 0)
(0.000349559 -0.0415523 0)
(-0.000390858 -0.0410923 0)
(-0.000377258 -0.037959 0)
(1.31846e-05 -0.0413559 0)
(0.000492931 -0.0382256 0)
(0.000857364 -0.0351414 0)
(0.00109495 -0.037254 0)
(-1.57362e-05 -0.0356628 0)
(-0.000740851 -0.036871 0)
(0.000334737 -0.038209 0)
(-0.00062253 -0.0384086 0)
(-0.000379873 -0.053803 0)
(4.66306e-05 -0.0472499 0)
(-0.000309895 -0.0431122 0)
(0.000171056 -0.0457464 0)
(-0.00121127 -0.0453264 0)
(-0.000443297 -0.0449365 0)
(-0.000224275 -0.0437773 0)
(-0.00152972 -0.041667 0)
(-0.00174618 -0.0411868 0)
(-3.69182e-05 -0.0405304 0)
(0.000742205 -0.0404094 0)
(0.000175942 -0.0396881 0)
(0.000306561 -0.037721 0)
(0.000535262 -0.0376943 0)
(0.000262103 -0.0363503 0)
(-0.000109421 -0.0395295 0)
(-1.04781e-05 -0.0388682 0)
(0.000504996 -0.0397449 0)
(0.000793238 -0.0425958 0)
(0.00020536 -0.0423602 0)
(0.000261643 -0.0407815 0)
(-0.000177646 -0.0415585 0)
(-0.000775022 -0.0426142 0)
(-0.000316835 -0.0390911 0)
(0.000772302 -0.0400953 0)
(-0.000514515 -0.038308 0)
(0.00116053 -0.0354724 0)
(0.00010711 -0.0348613 0)
(0.000319185 -0.0347611 0)
(0.000216424 -0.035743 0)
(-0.000307357 -0.0384341 0)
(0.000211625 -0.0384573 0)
(-0.00153255 -0.034592 0)
(-0.00111055 -0.034397 0)
(-0.000440142 -0.0335012 0)
(-0.000394981 -0.0342612 0)
(0.000104385 -0.036027 0)
(-0.000723938 -0.0433578 0)
(-2.82212e-05 -0.0427689 0)
(-0.000457949 -0.0416692 0)
(-0.000805514 -0.0401875 0)
(0.000250694 -0.0440611 0)
(-0.000397001 -0.0437658 0)
(0.000272469 -0.0442993 0)
(-0.00103336 -0.0428224 0)
(-0.000147359 -0.0423097 0)
(-0.000190392 -0.037836 0)
(-0.000687344 -0.0411952 0)
(-0.000324197 -0.0397265 0)
(-8.3818e-05 -0.0411569 0)
(0.000634192 -0.0410091 0)
(0.000445306 -0.041141 0)
(0.00108574 -0.0399959 0)
(0.000215724 -0.0387738 0)
(0.000106717 -0.0394463 0)
(0.000181626 -0.0403856 0)
(-0.000253399 -0.0415767 0)
(-0.000316017 -0.0412235 0)
(-0.000629886 -0.0396041 0)
(0.000213609 -0.0406655 0)
(0.000255063 -0.0413014 0)
(0.000726115 -0.0418167 0)
(-0.000252916 -0.040735 0)
(-0.000151431 -0.0380725 0)
(0.000762742 -0.0360629 0)
(0.000469703 -0.0360846 0)
(0.00115846 -0.0346034 0)
(0.000625191 -0.0359439 0)
(-0.000329641 -0.036192 0)
(-0.00052005 -0.0373207 0)
(0.000223871 -0.0372052 0)
(0.00120366 -0.0319275 0)
(0.000338082 -0.0339362 0)
(-0.00073344 -0.0293517 0)
(-0.000656626 -0.0333471 0)
(0.000597783 -0.0315866 0)
(0.000377768 -0.0292906 0)
(0.000145471 -0.0290416 0)
(-0.000245547 -0.0340173 0)
(0.000278609 -0.0329911 0)
(-0.000742842 -0.0327533 0)
(7.98887e-05 -0.0347251 0)
(0.000524824 -0.0376091 0)
(-0.00261174 -0.0362112 0)
(-0.00140648 -0.0369769 0)
(-0.001322 -0.03661 0)
(-7.45051e-05 -0.0362169 0)
(-0.000388818 -0.0371624 0)
(0.000556233 -0.0380426 0)
(0.000111751 -0.0420108 0)
(0.000443138 -0.0427757 0)
(0.000396988 -0.0436103 0)
(0.00042401 -0.0432877 0)
(2.03224e-05 -0.0400289 0)
(-0.000446674 -0.0401834 0)
(-0.000404488 -0.0403807 0)
(-0.000294701 -0.0408894 0)
(3.23388e-05 -0.0408351 0)
(0.000289016 -0.0406781 0)
(0.000374565 -0.0401933 0)
(-2.11395e-05 -0.0397747 0)
(-0.00044637 -0.0409747 0)
(0.000430164 -0.0394914 0)
(0.000332909 -0.0382863 0)
(-9.40488e-05 -0.0376036 0)
(-0.000230691 -0.0374126 0)
(-0.00040528 -0.0365853 0)
(0.00163567 -0.0369175 0)
(0.00131458 -0.0387456 0)
(0.00319356 -0.0372119 0)
(0.00244739 -0.036051 0)
(-0.000162611 -0.0347553 0)
(0.000851111 -0.0332584 0)
(-0.000190216 -0.0404772 0)
(-0.000612401 -0.037508 0)
(-7.24376e-05 -0.0411055 0)
(7.39364e-05 -0.0399867 0)
(0.000339467 -0.0372898 0)
(-0.000567152 -0.039597 0)
(-0.000303813 -0.0414829 0)
(-0.000354329 -0.0395118 0)
(-0.00054149 -0.0400294 0)
(0.000455717 -0.0396001 0)
(0.00105056 -0.0369229 0)
(-0.000410169 -0.0365301 0)
(-0.0017052 -0.0372933 0)
(-0.00220551 -0.0380156 0)
(-5.53892e-05 -0.0416877 0)
(0.000150251 -0.041216 0)
(0.000402591 -0.0426661 0)
(0.000695141 -0.0439791 0)
(0.000880696 -0.0440805 0)
(-0.00010426 -0.0429247 0)
(-7.73284e-05 -0.0419895 0)
(0.000255825 -0.0418025 0)
(-1.60426e-05 -0.041508 0)
(-0.000861774 -0.0413377 0)
(-0.00134476 -0.0400642 0)
(-0.000937551 -0.0376454 0)
(-0.00128177 -0.0374911 0)
(-0.000246468 -0.0392339 0)
(8.33502e-05 -0.0395845 0)
(-0.00133794 -0.0411497 0)
(-0.000539993 -0.0402614 0)
(-0.000322181 -0.0370969 0)
(0.000612537 -0.0388055 0)
(-0.000267401 -0.0388717 0)
(-0.000761777 -0.0418051 0)
(0.00139009 -0.0430634 0)
(0.000391482 -0.0452763 0)
(0.000387123 -0.0454049 0)
(0.00062926 -0.0385476 0)
(-0.000599045 -0.0424395 0)
(3.39354e-05 -0.0424722 0)
(0.000732857 -0.0430431 0)
(0.000388482 -0.0432942 0)
(8.88322e-05 -0.0424179 0)
(-0.000214985 -0.0410696 0)
(-0.000952155 -0.0409719 0)
(7.57038e-05 -0.038258 0)
(-0.000370332 -0.0402938 0)
(-0.000135125 -0.0424869 0)
(-0.000913329 -0.0416344 0)
(0.000701188 -0.0399571 0)
(-0.000341586 -0.0402457 0)
(0.000187363 -0.0413842 0)
(0.000219822 -0.0423593 0)
(0.000126445 -0.0426746 0)
(0.000855571 -0.0425357 0)
(-0.000994346 -0.0420591 0)
(-0.000453407 -0.0410238 0)
(0.000360242 -0.0425767 0)
(0.000112901 -0.0429546 0)
(-0.000410936 -0.0416351 0)
(5.94053e-05 -0.0401111 0)
(-0.000754126 -0.03953 0)
(-0.000277468 -0.0391811 0)
(-0.000103968 -0.0401063 0)
(-0.000311818 -0.0401067 0)
(-0.000533852 -0.0406743 0)
(-0.000236466 -0.03926 0)
(-0.00020295 -0.0390859 0)
(0.00060775 -0.04207 0)
(-0.00136549 -0.0385033 0)
(5.62518e-06 -0.0401807 0)
(-0.000855535 -0.0413143 0)
(-0.000584209 -0.041347 0)
(-0.00055586 -0.0407511 0)
(-0.00128826 -0.0419305 0)
(0.000662423 -0.0431565 0)
(5.17671e-05 -0.0428517 0)
(9.11191e-05 -0.0431965 0)
(0.000867167 -0.042191 0)
(-0.000489948 -0.0396703 0)
(-3.859e-05 -0.0389104 0)
(-0.000192404 -0.0407884 0)
(-0.000286527 -0.0399012 0)
(-0.00129146 -0.0399795 0)
(0.000247345 -0.0375299 0)
(-5.67021e-05 -0.0353663 0)
(-0.000631215 -0.0357164 0)
(-7.0901e-05 -0.0382189 0)
(0.000238885 -0.0369646 0)
(-1.6903e-05 -0.0376158 0)
(0.000640023 -0.0372522 0)
(0.00116874 -0.0393463 0)
(0.000273971 -0.0393807 0)
(-0.000456016 -0.038769 0)
(-0.000344965 -0.0422256 0)
(0.000452103 -0.0442752 0)
(-0.000911439 -0.0416346 0)
(-0.00067982 -0.0402844 0)
(-0.000298574 -0.0399363 0)
(0.000495886 -0.038679 0)
(0.000754655 -0.0384921 0)
(-0.000436645 -0.0403138 0)
(-0.000489201 -0.0420207 0)
(-0.000282912 -0.0424486 0)
(-0.000642399 -0.0391634 0)
(-0.000176761 -0.0394657 0)
(-0.000146956 -0.0401437 0)
(5.07268e-05 -0.0408957 0)
(-0.00100121 -0.0421436 0)
(-0.00019722 -0.0416534 0)
(0.000385842 -0.0412982 0)
(-0.000290763 -0.0429791 0)
(0.000467374 -0.0424102 0)
(-0.000128605 -0.041039 0)
(-0.000330143 -0.0424541 0)
(0.00051732 -0.0416007 0)
(-0.000373222 -0.037637 0)
(-0.000253708 -0.0384868 0)
(-2.46035e-05 -0.0388435 0)
(-4.52012e-05 -0.0373325 0)
(9.60085e-05 -0.0374726 0)
(0.000935438 -0.0375166 0)
(0.000405168 -0.0377814 0)
(8.91155e-05 -0.0381246 0)
(0.00109088 -0.0357003 0)
(0.000293178 -0.0361931 0)
(0.000605378 -0.0367058 0)
(-0.000144949 -0.0386386 0)
(0.000998516 -0.0369903 0)
(0.000676001 -0.0381684 0)
(-0.000281634 -0.0394629 0)
(0.000302017 -0.0420993 0)
(-0.000775322 -0.0404973 0)
(-0.000938692 -0.0390579 0)
(-0.000962001 -0.0399711 0)
(-0.00050148 -0.0421607 0)
(-0.000237813 -0.0416849 0)
(0.000744428 -0.0397557 0)
(0.000119046 -0.0415514 0)
(-0.000115194 -0.0394702 0)
(0.000213196 -0.0418868 0)
(-0.00099471 -0.0390101 0)
(-0.000772506 -0.039885 0)
(-0.00124994 -0.0404836 0)
(-2.97939e-05 -0.0402939 0)
(0.000589356 -0.0420398 0)
(-7.83222e-05 -0.0411747 0)
(0.000612721 -0.0437693 0)
(-0.000701568 -0.0449036 0)
(2.23827e-05 -0.0413232 0)
(0.000166148 -0.0405403 0)
(0.000581793 -0.0405874 0)
(-0.000643715 -0.0356538 0)
(-0.00210474 -0.0385414 0)
(-0.000690616 -0.0396386 0)
(-0.000183356 -0.0376435 0)
(0.000451986 -0.038424 0)
(-0.000494073 -0.0402552 0)
(0.000443088 -0.0430736 0)
(-5.5455e-06 -0.0383627 0)
(0.00012341 -0.037436 0)
(0.000105862 -0.0387218 0)
(0.00244334 -0.0360737 0)
(0.00152784 -0.0369277 0)
(0.000899686 -0.03746 0)
(-0.000723225 -0.0398529 0)
(-0.000339022 -0.0358063 0)
(0.000435571 -0.0351536 0)
(0.00119526 -0.0337821 0)
(0.0016062 -0.0347453 0)
(0.00113443 -0.0356469 0)
(-0.000757844 -0.0382538 0)
(-0.00101756 -0.0407821 0)
(-0.000596642 -0.0432182 0)
(0.000209173 -0.0437274 0)
(0.000242068 -0.0430084 0)
(-0.000300045 -0.0424207 0)
(-0.000140911 -0.0408857 0)
(0.000634774 -0.0389814 0)
(0.000857474 -0.0434963 0)
(0.00139537 -0.0409344 0)
(0.000266703 -0.0401671 0)
(0.000321804 -0.0429147 0)
(0.000214168 -0.0447092 0)
(0.000576266 -0.0453674 0)
(-0.000723939 -0.0396264 0)
(4.0661e-06 -0.0410361 0)
(1.18773e-05 -0.0419768 0)
(0.000115515 -0.0419873 0)
(0.000175182 -0.0407364 0)
(0.000209739 -0.0395771 0)
(-0.000386741 -0.0401008 0)
(-0.000687833 -0.0392194 0)
(0.000214773 -0.039349 0)
(-0.000353287 -0.0410201 0)
(-0.000343103 -0.0428106 0)
(0.000418384 -0.040538 0)
(-8.30569e-05 -0.0386777 0)
(0.000227831 -0.0375629 0)
(0.000951568 -0.0367232 0)
(-0.000218818 -0.03533 0)
(-9.38089e-05 -0.0342919 0)
(-0.000298104 -0.0343088 0)
(-0.000673698 -0.0351201 0)
(-7.56334e-05 -0.0355871 0)
(-2.04935e-05 -0.035898 0)
(-7.58723e-05 -0.0366916 0)
(-0.000258019 -0.0378455 0)
(-0.000892388 -0.0397357 0)
(-0.000784352 -0.0407496 0)
(-0.000189782 -0.0431028 0)
(-0.000341578 -0.0444124 0)
(0.000128893 -0.0454897 0)
(0.00029398 -0.0414323 0)
(0.000594724 -0.0409231 0)
(-0.00061227 -0.0438665 0)
(-0.000131247 -0.0422537 0)
(0.000850304 -0.043703 0)
(0.000379707 -0.0435213 0)
(-2.07059e-05 -0.0434812 0)
(0.000203236 -0.0439288 0)
(-0.000906713 -0.0393128 0)
(0.000286014 -0.0436541 0)
(0.000748207 -0.0416479 0)
(4.78026e-05 -0.0433215 0)
(-0.000314964 -0.0432763 0)
(-5.155e-06 -0.0429659 0)
(-0.000286082 -0.0429841 0)
(-0.000429139 -0.0416916 0)
(0.000134629 -0.0414534 0)
(0.000660363 -0.0415137 0)
(-0.00123655 -0.0422774 0)
(4.95523e-05 -0.0397109 0)
(-0.000816529 -0.0387554 0)
(-0.000408087 -0.0383059 0)
(0.000386155 -0.0378852 0)
(0.000246157 -0.0378775 0)
(-0.00101125 -0.0321196 0)
(0.000492184 -0.0414775 0)
(0.000788632 -0.0373742 0)
(0.000591754 -0.0385595 0)
(3.8993e-05 -0.0381444 0)
(-0.000128938 -0.0402579 0)
(0.000525213 -0.0405935 0)
(0.000830314 -0.0414729 0)
(0.000232205 -0.0433399 0)
(-0.000446405 -0.0452192 0)
(0.000363434 -0.0459911 0)
(-0.000559713 -0.0426195 0)
(0.00161519 -0.0423338 0)
(0.000158401 -0.0438913 0)
(0.00100975 -0.0418061 0)
(-0.000611141 -0.0454023 0)
(6.99217e-05 -0.0461518 0)
(0.000802916 -0.0446029 0)
(0.000816285 -0.0422312 0)
(0.00034095 -0.0424708 0)
(0.000167223 -0.0450321 0)
(-3.75165e-05 -0.0412848 0)
(-0.000744538 -0.0432451 0)
(-0.000540688 -0.0428762 0)
(0.000156286 -0.0424353 0)
(-9.98719e-05 -0.0425495 0)
(0.000236519 -0.0419524 0)
(-0.000374161 -0.0409023 0)
(0.000206118 -0.0382049 0)
(-0.000986407 -0.0386965 0)
(-0.000311763 -0.0429155 0)
(-0.000550771 -0.0434284 0)
(-0.000379305 -0.0446289 0)
(0.000511625 -0.0411829 0)
(0.000266948 -0.0407516 0)
(0.0001366 -0.0426405 0)
(0.000299744 -0.0438699 0)
(0.000223348 -0.042039 0)
(7.75408e-05 -0.0405915 0)
(0.000293866 -0.042868 0)
(0.0015583 -0.0420283 0)
(0.000354268 -0.0407311 0)
(0.000218653 -0.0430262 0)
(-0.000161984 -0.0438089 0)
(-0.00023299 -0.0438708 0)
(-0.000400424 -0.0419541 0)
(-3.6477e-05 -0.03934 0)
(0.00015934 -0.0444424 0)
(-0.000418896 -0.0369788 0)
(-0.000232103 -0.038806 0)
(7.82331e-05 -0.0379697 0)
(-0.000482908 -0.0364259 0)
(-0.00238916 -0.0368271 0)
(0.00211262 -0.0399849 0)
(0.0023718 -0.0417446 0)
(-0.00136491 -0.0412179 0)
(-0.00147406 -0.0413388 0)
(-0.0023919 -0.0402071 0)
(-0.00155974 -0.0401772 0)
(-0.00100713 -0.0423317 0)
(0.000113823 -0.0427206 0)
(0.000282337 -0.0413548 0)
(0.000275629 -0.0376379 0)
(-0.000128293 -0.0387812 0)
(-0.000308945 -0.041396 0)
(-0.000433459 -0.0431805 0)
(-0.000557783 -0.0439556 0)
(-7.88151e-05 -0.0453431 0)
(0.000332325 -0.0448226 0)
(0.000284398 -0.0460101 0)
(-0.000436319 -0.0465413 0)
(-6.74067e-05 -0.0463431 0)
(0.000346332 -0.0423605 0)
(-0.000438303 -0.0447879 0)
(-0.000196823 -0.0442856 0)
(0.000386725 -0.0425472 0)
(0.00120237 -0.0421937 0)
(-0.000314556 -0.0404905 0)
(-0.000688587 -0.0400688 0)
(0.000382249 -0.0392057 0)
(0.000366444 -0.038674 0)
(-0.000308997 -0.0398402 0)
(-7.89356e-05 -0.0382066 0)
(-0.000804965 -0.0363331 0)
(-5.06369e-05 -0.035104 0)
(-0.000263386 -0.0368697 0)
(-0.0021313 -0.0350452 0)
(-0.00109205 -0.0338404 0)
(-0.00230141 -0.0363757 0)
(-0.000936331 -0.0370535 0)
(-0.00233109 -0.0399765 0)
(-0.00142966 -0.0399568 0)
(-0.00228706 -0.0391081 0)
(-0.00176134 -0.039057 0)
(-0.00157314 -0.0407857 0)
(-4.9211e-06 -0.0410167 0)
(-0.000122844 -0.041366 0)
(-0.000317713 -0.039629 0)
(0.000849423 -0.039015 0)
(0.00115797 -0.0449842 0)
(6.17689e-06 -0.045363 0)
(0.000345513 -0.0473527 0)
(0.000435858 -0.0466477 0)
(7.00632e-05 -0.0459586 0)
(0.00120672 -0.0450702 0)
(0.00123589 -0.0458228 0)
(0.000403527 -0.0475438 0)
(-0.00103322 -0.0483511 0)
(-0.000754628 -0.0467716 0)
(-0.000182941 -0.0449226 0)
(0.000550573 -0.0427051 0)
(0.000411175 -0.0404239 0)
(-4.2338e-05 -0.0403034 0)
(0.000463198 -0.0374715 0)
(-0.000349605 -0.0388351 0)
(0.00145326 -0.0381723 0)
(0.000345276 -0.0370515 0)
(-0.000763016 -0.0384575 0)
(-0.000449738 -0.0356812 0)
(-0.000448589 -0.0360215 0)
(8.7161e-05 -0.0369213 0)
(-8.62842e-05 -0.0382935 0)
(0.000205537 -0.0354478 0)
(-0.000547823 -0.0328989 0)
(-0.000628578 -0.0364097 0)
(-0.00180157 -0.0363971 0)
(0.000296252 -0.0368536 0)
(0.000354428 -0.0399307 0)
(-0.000441315 -0.0380266 0)
(-0.000191772 -0.0401581 0)
(-0.000214623 -0.0403633 0)
(-0.000965371 -0.0402812 0)
(-9.18205e-05 -0.0432407 0)
(0.000272909 -0.0448757 0)
(-0.00184959 -0.0438817 0)
(0.0014626 -0.0424896 0)
(0.000532364 -0.0427313 0)
(0.000694459 -0.0455864 0)
(0.000652252 -0.0463404 0)
(0.00144389 -0.0456602 0)
(0.000260723 -0.047217 0)
(0.000629902 -0.0504646 0)
(0.00205901 -0.0470835 0)
(0.000146114 -0.0485254 0)
(-4.40804e-05 -0.0433149 0)
(-0.000307331 -0.046284 0)
(7.44181e-05 -0.0451782 0)
(-0.000577991 -0.0438585 0)
(-0.000131996 -0.0398975 0)
(-0.000329941 -0.0381993 0)
(0.00020197 -0.039844 0)
(0.000770952 -0.0373889 0)
(0.000829819 -0.0371946 0)
(-0.000308659 -0.0376556 0)
(-0.00045218 -0.0371093 0)
(-0.000254535 -0.0370369 0)
(0.000186433 -0.0370339 0)
(-0.000982018 -0.0368248 0)
(-0.000354005 -0.0372534 0)
(-0.00040247 -0.040562 0)
(-0.000444007 -0.0405984 0)
(0.000135125 -0.0419094 0)
(0.000212251 -0.0424886 0)
(0.000149394 -0.03958 0)
(-0.000477656 -0.0391139 0)
(-0.000129098 -0.0404942 0)
(-0.00101061 -0.0423973 0)
(0.000279452 -0.042002 0)
(0.00180705 -0.0432978 0)
(-0.000168998 -0.0430219 0)
(-0.000859841 -0.0436719 0)
(-0.00107291 -0.0442164 0)
(-0.000223355 -0.0442518 0)
(0.00033616 -0.0451177 0)
(0.000355432 -0.0466808 0)
(0.00141295 -0.0469089 0)
(0.00223362 -0.0488842 0)
(3.39933e-05 -0.050715 0)
(-0.000747918 -0.0461481 0)
(0.000177335 -0.0425911 0)
(-0.000849356 -0.0428501 0)
(-0.000831225 -0.0446056 0)
(-0.00186005 -0.044444 0)
(-0.00025345 -0.0456527 0)
(-0.00224495 -0.0457432 0)
(5.68103e-05 -0.0434816 0)
(-0.000641079 -0.0427746 0)
(-0.000532704 -0.043143 0)
(0.00114281 -0.0406909 0)
(0.000301012 -0.0382698 0)
(-0.000485341 -0.0379533 0)
(0.000770474 -0.0390992 0)
(-0.000354429 -0.0379045 0)
(0.000238289 -0.0389892 0)
(-0.00012972 -0.0412711 0)
(-0.000133742 -0.0424602 0)
(-0.000101592 -0.0423855 0)
(-0.000251582 -0.0424699 0)
(0.000195285 -0.0414887 0)
(0.000841042 -0.0424544 0)
(-0.000450376 -0.0396847 0)
(0.00223134 -0.0373013 0)
(0.00201307 -0.0408748 0)
(0.00159891 -0.0422556 0)
(0.00144732 -0.0421592 0)
(-1.66222e-06 -0.0426925 0)
(-0.000256125 -0.0416975 0)
(0.000328055 -0.0424751 0)
(0.000935423 -0.0421779 0)
(0.000614098 -0.0442127 0)
(0.00166141 -0.0433557 0)
(0.00125646 -0.0435332 0)
(-0.000865439 -0.043578 0)
(0.000792629 -0.0471802 0)
(0.000106137 -0.0495364 0)
(-0.000245895 -0.0458596 0)
(0.00030145 -0.0417533 0)
(0.000214694 -0.0420626 0)
(-0.000460132 -0.0454484 0)
(-0.000474021 -0.0443774 0)
(-0.00114331 -0.0449302 0)
(0.000410465 -0.045971 0)
(-0.00167278 -0.0440173 0)
(-0.000387322 -0.0450247 0)
(-0.00070216 -0.0446897 0)
(-0.00155363 -0.042126 0)
(0.000320174 -0.0418631 0)
(0.000680683 -0.042084 0)
(2.57598e-05 -0.0436924 0)
(0.000140116 -0.0417412 0)
(0.000890437 -0.0399679 0)
(-0.000633741 -0.0417734 0)
(-0.000551106 -0.0435189 0)
(0.000238367 -0.0407373 0)
(0.000334421 -0.0414582 0)
(-8.93071e-05 -0.0436818 0)
(4.00446e-05 -0.0437063 0)
(-3.22388e-05 -0.0420619 0)
(6.87739e-05 -0.0392496 0)
(0.00118981 -0.0370586 0)
(0.00283453 -0.0362791 0)
(0.00404611 -0.0413062 0)
(0.00309478 -0.0401858 0)
(0.00183389 -0.0381126 0)
(0.000645744 -0.03734 0)
(-0.000335561 -0.0328417 0)
(0.000579634 -0.0430582 0)
(0.000735042 -0.0359247 0)
(-0.00061133 -0.0392633 0)
(0.000119673 -0.0387725 0)
(-0.000642766 -0.0401733 0)
(-0.000711912 -0.03976 0)
(-0.00032898 -0.0390596 0)
(-0.000647926 -0.0399913 0)
(-0.000687528 -0.0418064 0)
(0.000557327 -0.0416382 0)
(-0.000334957 -0.0440485 0)
(-0.0001851 -0.0438972 0)
(-0.000272203 -0.0430092 0)
(0.000195436 -0.0450185 0)
(0.000122156 -0.0450668 0)
(-0.00172059 -0.0424639 0)
(0.000250802 -0.0432463 0)
(-0.003103 -0.0373216 0)
(-0.00281143 -0.0362319 0)
(-0.00189884 -0.0386765 0)
(-0.00274575 -0.0401247 0)
(-0.000363735 -0.0378073 0)
(-0.000614543 -0.0400932 0)
(-0.000659007 -0.0415842 0)
(0.000797643 -0.0398435 0)
(0.00151782 -0.040672 0)
(-0.000227185 -0.0421039 0)
(-0.000484149 -0.0426407 0)
(-0.00038352 -0.0406992 0)
(0.000123344 -0.0413361 0)
(-0.000224989 -0.0433286 0)
(-9.80969e-05 -0.0416374 0)
(0.000730364 -0.0358151 0)
(0.00121842 -0.0346326 0)
(0.000904179 -0.0336314 0)
(0.000683671 -0.033506 0)
(-0.000947094 -0.0374608 0)
(0.00108437 -0.0381856 0)
(0.00105729 -0.0342308 0)
(0.000360874 -0.0366041 0)
(0.000827066 -0.0352503 0)
(0.00124056 -0.0352024 0)
(-0.000329659 -0.035298 0)
(0.000754005 -0.0363773 0)
(0.000247445 -0.0379073 0)
(0.000136238 -0.0395151 0)
(0.000110692 -0.0419898 0)
(-2.99395e-05 -0.0417881 0)
(-0.000343308 -0.0426345 0)
(-0.000323953 -0.0418719 0)
(-0.000119274 -0.0394131 0)
(-0.000815624 -0.0367752 0)
(-0.000452818 -0.0375743 0)
(0.000607315 -0.0379536 0)
(8.03728e-05 -0.0383613 0)
(-0.000157993 -0.0379727 0)
(0.000648728 -0.0349113 0)
(0.000165434 -0.0338102 0)
(0.000460657 -0.0378843 0)
(0.000453217 -0.0387287 0)
(0.00110431 -0.0375934 0)
(0.000628545 -0.0366139 0)
(0.00134559 -0.0389543 0)
(0.00059444 -0.0404438 0)
(0.000578492 -0.0412648 0)
(-0.000234964 -0.0403107 0)
(-0.000499024 -0.0397232 0)
(-0.000964624 -0.0391491 0)
(-0.000116587 -0.0406483 0)
(0.000514921 -0.0356289 0)
(-0.000863118 -0.0371102 0)
(0.000119418 -0.0393322 0)
(0.0034777 -0.0341069 0)
(0.00369603 -0.0347541 0)
(0.00392896 -0.0372482 0)
(0.000536886 -0.0370386 0)
(0.000490239 -0.0364702 0)
(0.000331346 -0.036289 0)
(0.00031158 -0.0355197 0)
(0.00086403 -0.0361758 0)
(-0.000416883 -0.0375082 0)
(-0.000282771 -0.0364773 0)
(-0.000476452 -0.0364673 0)
(0.000525149 -0.0379718 0)
(0.000260078 -0.0398577 0)
(0.000963487 -0.0387029 0)
(-0.000658264 -0.0392403 0)
(-0.00255045 -0.0355091 0)
(-0.000986335 -0.0366434 0)
(-0.000815334 -0.0382942 0)
(2.23599e-05 -0.0409871 0)
(-0.000209142 -0.0408425 0)
(-0.000368872 -0.0393397 0)
(-0.000671494 -0.0379479 0)
(0.000589214 -0.0364477 0)
(0.000222868 -0.0371132 0)
(-0.000132995 -0.0362084 0)
(0.00142937 -0.0385203 0)
(0.000774551 -0.0375581 0)
(0.000463121 -0.0372933 0)
(-0.00024569 -0.0375161 0)
(0.000919736 -0.0397654 0)
(-0.000682713 -0.0383557 0)
(-0.000517451 -0.0386765 0)
(-0.000701324 -0.0394432 0)
(-0.00107038 -0.0379575 0)
(0.000352921 -0.0363425 0)
(0.000493004 -0.0372149 0)
(-0.000506301 -0.0368065 0)
(-0.000574593 -0.0374331 0)
(0.00126543 -0.0439248 0)
(0.00288125 -0.0437105 0)
(0.00487677 -0.0360572 0)
(0.00382093 -0.0384816 0)
(0.00158207 -0.0399522 0)
(0.0011236 -0.0379208 0)
(0.0013181 -0.0366475 0)
(-0.000271935 -0.0385161 0)
(0.000675302 -0.0393227 0)
(-0.000470885 -0.0377594 0)
(-0.00083762 -0.0376353 0)
(-0.000466394 -0.0369003 0)
(-0.0003971 -0.0379276 0)
(-0.00112818 -0.0361538 0)
(-0.000362457 -0.0379449 0)
(-0.000730922 -0.0368172 0)
(-0.000790015 -0.0383922 0)
(-0.00140726 -0.0349222 0)
(-0.00261011 -0.0373924 0)
(-0.000486633 -0.0386992 0)
(-0.000783646 -0.0409226 0)
(-0.000378275 -0.0398429 0)
(-0.000796039 -0.0388505 0)
(-0.000504427 -0.0389128 0)
(9.94521e-05 -0.0396945 0)
(0.000322357 -0.0378447 0)
(0.000993309 -0.0368751 0)
(0.00150287 -0.0393648 0)
(0.000441033 -0.0384461 0)
(0.00049851 -0.0400377 0)
(-0.00205738 -0.0356173 0)
(8.85115e-05 -0.0385973 0)
(-0.00130545 -0.0388604 0)
(-0.00136202 -0.0399961 0)
(0.00109903 -0.0392104 0)
(0.00163745 -0.0369488 0)
(0.00180196 -0.0368554 0)
(0.00152023 -0.0367361 0)
(0.00111257 -0.0446814 0)
(0.00209577 -0.0387211 0)
(0.0034146 -0.0381483 0)
(0.00112497 -0.0392356 0)
(0.000788998 -0.035724 0)
(-0.000297958 -0.0375952 0)
(0.00241258 -0.0385495 0)
(0.000520943 -0.0377384 0)
(-0.000202903 -0.037616 0)
(0.00039338 -0.0380417 0)
(-0.000251391 -0.037129 0)
(-0.000763919 -0.0355548 0)
(-0.000410044 -0.0335078 0)
(-0.00126662 -0.0362337 0)
(-2.706e-05 -0.0367746 0)
(-0.000164291 -0.0372143 0)
(-0.000257956 -0.0373602 0)
(0.000403125 -0.0380818 0)
(0.00066975 -0.0367668 0)
(0.00156417 -0.0390461 0)
(-0.000717202 -0.0388651 0)
(-0.00129305 -0.039898 0)
(-0.000370366 -0.0384302 0)
(0.000206073 -0.040704 0)
(-0.000282152 -0.0403068 0)
(0.000112925 -0.0397725 0)
(0.000321366 -0.0407873 0)
(0.000744591 -0.0414793 0)
(0.000425298 -0.0417779 0)
(-1.55871e-05 -0.0403188 0)
(-0.00187388 -0.0371753 0)
(-0.0017228 -0.0374306 0)
(-0.0011152 -0.0386396 0)
(-0.00141828 -0.0382124 0)
(-0.000813562 -0.04194 0)
(-0.00190264 -0.0412919 0)
(-0.000377014 -0.0425557 0)
(0.00136157 -0.0452823 0)
(-0.000760474 -0.0391279 0)
(0.00128934 -0.0348588 0)
(0.00152311 -0.0360349 0)
(0.000725199 -0.0358376 0)
(0.0024978 -0.0359354 0)
(-2.22767e-05 -0.0399796 0)
(0.000151618 -0.0391632 0)
(0.000343472 -0.0354007 0)
(0.000508583 -0.0372597 0)
(0.000510463 -0.0372745 0)
(-0.000485135 -0.0366651 0)
(-0.000179336 -0.0364795 0)
(-0.000777053 -0.0366616 0)
(-0.000546755 -0.0364602 0)
(-0.00023093 -0.0387695 0)
(0.000277712 -0.0380652 0)
(-0.000186519 -0.0384868 0)
(-0.00115454 -0.0384479 0)
(-0.00133223 -0.038818 0)
(-0.0018716 -0.0394764 0)
(0.000576825 -0.0417831 0)
(0.000512962 -0.0415008 0)
(4.68465e-05 -0.04016 0)
(0.00113892 -0.0430217 0)
(0.000501415 -0.0435123 0)
(-8.1988e-05 -0.0442923 0)
(-0.000256451 -0.0454426 0)
(5.44476e-05 -0.0445092 0)
(0.000123022 -0.0452855 0)
(0.000126765 -0.0446808 0)
(0.00062733 -0.0440219 0)
(0.000545205 -0.0437962 0)
(-0.000717557 -0.0397671 0)
(-0.00119301 -0.039489 0)
(-0.00271222 -0.0421928 0)
(-0.00183786 -0.0427682 0)
(-0.0013341 -0.0429496 0)
(-0.0018928 -0.0441286 0)
(0.000381412 -0.0352808 0)
(0.00142916 -0.0328576 0)
(0.00131735 -0.0361765 0)
(-0.00102622 -0.0349099 0)
(0.000979853 -0.0373798 0)
(-0.000550029 -0.0328285 0)
(0.000368144 -0.0354141 0)
(0.000395686 -0.0352383 0)
(-0.000580983 -0.0364347 0)
(-0.000220926 -0.0356999 0)
(-0.00021219 -0.0344836 0)
(-0.000503141 -0.0343119 0)
(-0.000379553 -0.0348542 0)
(-0.000286729 -0.0358893 0)
(4.3379e-05 -0.0366009 0)
(0.000199796 -0.0369395 0)
(0.000600065 -0.036494 0)
(0.000698906 -0.0366138 0)
(0.0019455 -0.0383134 0)
(0.000282149 -0.0416829 0)
(-7.65577e-05 -0.0413094 0)
(0.0013045 -0.0411273 0)
(0.00068313 -0.0425057 0)
(0.00107687 -0.0452832 0)
(0.000621808 -0.0463606 0)
(-3.11514e-05 -0.045723 0)
(2.75192e-05 -0.0450059 0)
(-0.00037881 -0.0441209 0)
(-0.000224951 -0.0433991 0)
(1.12052e-05 -0.0424116 0)
(-0.000181717 -0.0422503 0)
(0.000397855 -0.0416655 0)
(-0.000643073 -0.0400883 0)
(-0.000605533 -0.0412789 0)
(-0.00136679 -0.0437952 0)
(-0.00044401 -0.0422937 0)
(-0.000446151 -0.0432882 0)
(0.000195539 -0.0439216 0)
(-0.000861321 -0.035855 0)
(0.000655798 -0.0351567 0)
(0.00126531 -0.0363694 0)
(0.00105871 -0.0326573 0)
(-9.81074e-06 -0.0346158 0)
(0.00113562 -0.0361441 0)
(0.000743376 -0.0354728 0)
(-2.80569e-06 -0.0360298 0)
(-0.000269816 -0.0366932 0)
(-0.000206279 -0.0371094 0)
(-0.000176803 -0.0370568 0)
(-9.79149e-06 -0.0379474 0)
(-0.000271756 -0.0370663 0)
(9.22939e-05 -0.0366098 0)
(7.04397e-05 -0.035941 0)
(-0.000757936 -0.0354415 0)
(0.000200614 -0.0341473 0)
(-0.000141145 -0.0339034 0)
(0.000508979 -0.0341821 0)
(0.000903981 -0.0330341 0)
(-0.000111793 -0.0361876 0)
(-0.000320697 -0.0358282 0)
(0.000563193 -0.0403264 0)
(-0.000343569 -0.0391188 0)
(-0.000374756 -0.037634 0)
(0.000118944 -0.0393261 0)
(0.000281194 -0.0399075 0)
(0.00025305 -0.0404935 0)
(0.000283393 -0.0408309 0)
(-0.000647777 -0.0390279 0)
(-0.00128256 -0.0387192 0)
(-0.000202462 -0.0393399 0)
(0.00043888 -0.0424561 0)
(-0.000110747 -0.0426758 0)
(5.70744e-05 -0.0411448 0)
(-0.000264033 -0.0399265 0)
(-0.000532003 -0.0418391 0)
(-0.000788817 -0.042715 0)
(-0.000762324 -0.0354274 0)
(-7.8029e-05 -0.0343665 0)
(-0.000433476 -0.0358528 0)
(0.00136125 -0.0368946 0)
(0.000958697 -0.0334213 0)
(0.000576897 -0.0404573 0)
(0.000505853 -0.0398487 0)
(0.00106621 -0.0375267 0)
(0.00208064 -0.0376656 0)
(0.000256043 -0.0394814 0)
(0.000674469 -0.0418114 0)
(0.000757653 -0.0411783 0)
(0.000254308 -0.0416995 0)
(-0.000362326 -0.0422875 0)
(0.000104849 -0.0414144 0)
(4.1495e-05 -0.0412395 0)
(0.000242243 -0.0410802 0)
(0.000302305 -0.0393938 0)
(0.00218931 -0.0417448 0)
(0.00102212 -0.0379251 0)
(0.000647935 -0.0381572 0)
(1.17033e-05 -0.0378995 0)
(0.000629302 -0.0388236 0)
(0.000195543 -0.0390873 0)
(-0.00014792 -0.0382556 0)
(-0.000764386 -0.0366527 0)
(-0.000200412 -0.0380537 0)
(0.000288727 -0.0403408 0)
(4.28639e-05 -0.0412815 0)
(-0.000265847 -0.040553 0)
(-0.000590394 -0.0400376 0)
(-0.00104691 -0.039305 0)
(-0.000294477 -0.0411589 0)
(0.000114456 -0.042113 0)
(0.000394427 -0.0408632 0)
(0.000612432 -0.0405012 0)
(-0.00095631 -0.0420248 0)
(-0.000598236 -0.0426717 0)
(-0.000808993 -0.0417658 0)
(0.000600377 -0.0391849 0)
(0.000470348 -0.0404036 0)
(0.00035642 -0.0417548 0)
(0.000320016 -0.0404286 0)
(0.000864624 -0.0422571 0)
(3.06068e-06 -0.0419949 0)
(0.000332686 -0.0404448 0)
(0.000136158 -0.0400901 0)
(-0.000262733 -0.0411787 0)
(-0.000309495 -0.0419129 0)
(-0.00048837 -0.0406879 0)
(0.000248474 -0.0428466 0)
(0.000525829 -0.0440327 0)
(-0.000709135 -0.0446511 0)
(-0.000145742 -0.042503 0)
(-0.00116066 -0.0440229 0)
(-0.000654015 -0.0446829 0)
(0.00254915 -0.0407428 0)
(0.00174043 -0.0390252 0)
(0.000757589 -0.039628 0)
(0.000598204 -0.0411219 0)
(0.000476594 -0.0426059 0)
(8.60108e-05 -0.0418004 0)
(-0.000447246 -0.039661 0)
(0.000262781 -0.0410783 0)
(-0.000702342 -0.0436845 0)
(-0.000611067 -0.043569 0)
(-9.69521e-05 -0.0402023 0)
(-0.000497061 -0.0392493 0)
(0.000246315 -0.0397811 0)
(0.000283125 -0.0409478 0)
(-0.000605431 -0.0428857 0)
(-0.000166075 -0.0444895 0)
(0.000578167 -0.0430887 0)
(4.20237e-05 -0.0442458 0)
(0.000187832 -0.0409725 0)
(-0.000489871 -0.0415111 0)
(-0.0014253 -0.0423556 0)
(-0.000197179 -0.0403596 0)
(-0.000257155 -0.0405507 0)
(-0.000322429 -0.0421205 0)
(-6.81792e-05 -0.043902 0)
(0.000106664 -0.0446398 0)
(0.00085264 -0.0426666 0)
(0.000157766 -0.0408416 0)
(-0.000712951 -0.0421342 0)
(-0.000214205 -0.0427164 0)
(0.000352176 -0.0427478 0)
(3.17854e-05 -0.0427613 0)
(-0.00030153 -0.0424099 0)
(2.29939e-05 -0.0427234 0)
(0.00154602 -0.0434785 0)
(0.000517848 -0.0443937 0)
(-0.000491647 -0.0455989 0)
(0.00075763 -0.0456655 0)
(0.00022442 -0.0446902 0)
(0.000964718 -0.0452158 0)
(0.000280683 -0.0438281 0)
(0.000187275 -0.0444459 0)
(-0.000119169 -0.0408514 0)
(-0.000679787 -0.0399963 0)
(0.000420363 -0.0404184 0)
(-0.00049109 -0.0428111 0)
(-0.00187538 -0.0446903 0)
(-0.000695255 -0.0447556 0)
(0.00020911 -0.0413221 0)
(0.000158258 -0.0424338 0)
(0.00111618 -0.0420248 0)
(-0.000207008 -0.0437416 0)
(-0.000711851 -0.0459321 0)
(-6.58532e-05 -0.0459561 0)
(3.14945e-05 -0.045128 0)
(0.000123267 -0.0451491 0)
(-0.000104724 -0.0435749 0)
(-0.00028839 -0.0428789 0)
(0.000194502 -0.0419139 0)
(-0.000294793 -0.0441888 0)
(-0.00017865 -0.0445312 0)
(-0.000300249 -0.0449494 0)
(-0.000295763 -0.045179 0)
(-6.18933e-05 -0.0448169 0)
(0.000713542 -0.0420443 0)
(0.000387412 -0.0402215 0)
(-0.000152967 -0.0417046 0)
(-0.000345731 -0.0405916 0)
(0.00106088 -0.0450878 0)
(0.00113485 -0.0430204 0)
(0.000701008 -0.0435687 0)
(0.000755494 -0.043822 0)
(0.000463693 -0.0465142 0)
(0.00409942 -0.048476 0)
(-0.000966613 -0.0485772 0)
(-0.000831714 -0.0485095 0)
(0.000956365 -0.0458806 0)
(0.00103405 -0.0420022 0)
(-0.000154427 -0.0424697 0)
(6.24412e-05 -0.0411724 0)
(-2.98611e-05 -0.0402131 0)
(-0.000411699 -0.0410156 0)
(0.000646922 -0.0430263 0)
(-0.000374115 -0.0442561 0)
(-0.000147593 -0.0446684 0)
(0.000189412 -0.0445852 0)
(-0.00123957 -0.0447178 0)
(-0.000308513 -0.0450395 0)
(-0.000595136 -0.0449398 0)
(-0.000359106 -0.0444124 0)
(-0.000237107 -0.0440993 0)
(-0.000177532 -0.0437998 0)
(-0.000328688 -0.043115 0)
(-0.000489104 -0.0435678 0)
(-0.000285762 -0.0426311 0)
(0.000353363 -0.0446347 0)
(0.000942945 -0.0432667 0)
(0.000884184 -0.0417968 0)
(0.000247505 -0.0428508 0)
(-0.000482501 -0.0438665 0)
(-0.000485296 -0.0445842 0)
(-0.000754637 -0.0441905 0)
(-0.000817783 -0.0431936 0)
(-0.00078235 -0.0426531 0)
(0.00052072 -0.0402779 0)
(0.00250838 -0.0404705 0)
(0.000275804 -0.0394923 0)
(0.00148528 -0.042259 0)
(0.00121608 -0.0430171 0)
(0.000693301 -0.0469515 0)
(-0.000377791 -0.0363075 0)
(-0.000211113 -0.0375737 0)
(-0.000609185 -0.0387022 0)
(0.000422538 -0.0396527 0)
(-0.000480127 -0.0417835 0)
(-6.70787e-05 -0.0417347 0)
(0.000414226 -0.0407323 0)
(0.000793519 -0.03956 0)
(0.000473966 -0.0398379 0)
(-0.000371328 -0.0412889 0)
(-0.000729339 -0.0413891 0)
(-0.000968472 -0.041046 0)
(0.000955929 -0.0435105 0)
(-9.03944e-05 -0.0456467 0)
(-0.000257129 -0.0440585 0)
(0.00043214 -0.0426027 0)
(-5.98977e-05 -0.0437699 0)
(-5.01236e-05 -0.0424139 0)
(0.000110585 -0.0428431 0)
(-0.000326326 -0.0434767 0)
(-0.000738686 -0.0434576 0)
(-0.000569459 -0.0427326 0)
(-0.000648294 -0.0420035 0)
(0.00103356 -0.0442828 0)
(0.00136926 -0.0404166 0)
(0.0012525 -0.0399765 0)
(0.000173861 -0.040672 0)
(-0.000237361 -0.0415328 0)
(-0.000262699 -0.0407096 0)
(-0.000645435 -0.0384597 0)
(-0.000722246 -0.0406861 0)
(-0.000843397 -0.041025 0)
(-0.000264774 -0.0404243 0)
(0.000260383 -0.0398751 0)
(0.00125767 -0.0364776 0)
(0.000269087 -0.0397021 0)
(0.000368362 -0.041477 0)
(-0.000292854 -0.0429548 0)
(-0.000459254 -0.0389796 0)
(0.000237586 -0.038529 0)
(-5.81325e-05 -0.0403639 0)
(-0.000734399 -0.0392943 0)
(-0.000460093 -0.0409656 0)
(0.000129815 -0.0409812 0)
(0.000550722 -0.0400657 0)
(0.000468182 -0.0385068 0)
(0.00125201 -0.0391904 0)
(0.00176184 -0.0397318 0)
(0.000641567 -0.04161 0)
(0.000740769 -0.0411992 0)
(0.000132803 -0.0409097 0)
(-0.000771323 -0.0398457 0)
(-0.00121912 -0.0426513 0)
(9.77512e-05 -0.0415816 0)
(0.000318467 -0.042711 0)
(0.000795829 -0.0420095 0)
(-0.000172079 -0.0438465 0)
(-5.84459e-05 -0.0451423 0)
(-0.000215427 -0.0427369 0)
(-0.000863205 -0.0412022 0)
(-0.000354669 -0.0411669 0)
(0.000263662 -0.0422851 0)
(0.000757806 -0.0404156 0)
(-0.000740958 -0.0395984 0)
(-0.000827628 -0.0393013 0)
(-0.000714685 -0.0393251 0)
(-0.000622837 -0.0398528 0)
(-4.827e-05 -0.0377814 0)
(-0.000491145 -0.0359153 0)
(-3.81181e-05 -0.038375 0)
(-0.000792032 -0.0405579 0)
(-0.000648908 -0.0418423 0)
(-0.000221199 -0.0390869 0)
(0.000326388 -0.0367474 0)
(0.000684843 -0.0329291 0)
(-0.000286093 -0.0396713 0)
(3.2945e-05 -0.0386849 0)
(-0.000176494 -0.0366062 0)
(0.000109584 -0.0367049 0)
(-0.000319451 -0.0364312 0)
(-0.00042611 -0.0382785 0)
(0.000328327 -0.0379825 0)
(0.00121214 -0.0358469 0)
(-0.000518119 -0.0379591 0)
(-0.000475241 -0.0406387 0)
(-0.000149984 -0.040602 0)
(0.0013246 -0.0381985 0)
(0.00157542 -0.0389205 0)
(0.000871275 -0.0355586 0)
(0.000554676 -0.0372593 0)
(0.00051961 -0.0398915 0)
(0.000377382 -0.0405361 0)
(0.000451232 -0.038279 0)
(0.000200788 -0.0402452 0)
(0.000185945 -0.0399247 0)
(-0.000332461 -0.039086 0)
(-0.0012497 -0.0372339 0)
(-0.000570525 -0.0389535 0)
(-0.000536232 -0.0407264 0)
(-0.000350703 -0.041442 0)
(-0.000272179 -0.0410557 0)
(-0.00263424 -0.0422458 0)
(0.000353088 -0.0401011 0)
(0.000138931 -0.0379986 0)
(0.000379818 -0.0386011 0)
(0.000206595 -0.0374859 0)
(0.000934015 -0.0363676 0)
(-0.000180405 -0.0350231 0)
(-0.000475343 -0.0382498 0)
(-0.000793044 -0.0376552 0)
(0.00050779 -0.0378821 0)
(0.000425685 -0.0392529 0)
(-0.000426486 -0.0357392 0)
(0.00070285 -0.0353669 0)
(0.000174349 -0.0330083 0)
(0.000258735 -0.0338673 0)
(0.000802319 -0.0375221 0)
(0.00152787 -0.0352019 0)
(-0.000621053 -0.0359317 0)
(-2.97417e-06 -0.0351559 0)
(0.000338289 -0.0346454 0)
(0.000745265 -0.0319149 0)
(0.00120774 -0.0328537 0)
(-0.000252631 -0.0367153 0)
(-0.000860213 -0.03785 0)
(0.000262085 -0.0387349 0)
(0.000622151 -0.0386653 0)
(3.10445e-05 -0.0366556 0)
(-0.000380262 -0.0364675 0)
(0.000255312 -0.0368379 0)
(0.000506562 -0.037073 0)
(-0.000500212 -0.0360458 0)
(0.000263722 -0.0349323 0)
(-0.000949062 -0.037433 0)
(-0.00101377 -0.0356486 0)
(-0.000280021 -0.0350501 0)
(0.00026928 -0.0370794 0)
(-0.000202361 -0.0375177 0)
(-0.00173357 -0.0393135 0)
(-0.00112063 -0.0406859 0)
(-0.00171054 -0.039683 0)
(-0.000243638 -0.0370979 0)
(-0.000239996 -0.036083 0)
(0.000322424 -0.0355531 0)
(2.82138e-05 -0.0360748 0)
(-9.00338e-05 -0.0361126 0)
(9.77025e-05 -0.035014 0)
(-0.000217228 -0.0356943 0)
(6.31019e-05 -0.0356132 0)
(-3.91499e-05 -0.0357493 0)
(-0.000334154 -0.0358497 0)
(-0.000286659 -0.0358405 0)
(-0.000627605 -0.0331053 0)
(-1.35207e-05 -0.0348553 0)
(0.000204574 -0.0345014 0)
(-0.000402014 -0.0327432 0)
(-0.000562506 -0.0333806 0)
(0.000972186 -0.0336827 0)
(5.18479e-06 -0.0335859 0)
(6.59126e-06 -0.0336834 0)
(0.000335723 -0.0329916 0)
(0.000620379 -0.0318581 0)
(0.00117812 -0.0351228 0)
(0.00017818 -0.0354278 0)
(0.000268961 -0.0354226 0)
(-0.000622008 -0.03563 0)
(0.00035487 -0.035593 0)
(0.000251371 -0.0355445 0)
(9.62404e-05 -0.0352614 0)
(0.000194572 -0.0359168 0)
(-0.000180165 -0.0357054 0)
(-0.000148766 -0.0350334 0)
(0.000546205 -0.0332626 0)
(0.000156332 -0.0337697 0)
(0.000226139 -0.0359647 0)
(0.000904972 -0.0371489 0)
(-6.71089e-05 -0.0406964 0)
(-0.00144355 -0.0388343 0)
(-0.00156547 -0.0392835 0)
(0.00027317 -0.0336579 0)
(0.000692618 -0.0344298 0)
(0.000461371 -0.036491 0)
(3.88482e-05 -0.0383504 0)
(0.000440767 -0.0357611 0)
(0.000460511 -0.0359188 0)
(0.000147319 -0.035754 0)
(-0.000107116 -0.0359433 0)
(-0.000432567 -0.0354517 0)
(-0.000284309 -0.0330851 0)
(0.000660719 -0.0353805 0)
(-0.000847784 -0.0371204 0)
(-0.000280055 -0.0359177 0)
(0.000133278 -0.0388302 0)
(-5.63811e-05 -0.0382323 0)
(0.000155162 -0.0391467 0)
(8.99343e-05 -0.0385193 0)
(-0.00106148 -0.0401639 0)
(-0.0013745 -0.0405751 0)
(-9.64409e-05 -0.0346181 0)
(0.000243184 -0.038548 0)
(0.00228389 -0.0347841 0)
(0.00266674 -0.0328776 0)
(-0.00174229 -0.0339059 0)
(0.00189302 -0.0341643 0)
(-0.00037739 -0.034876 0)
(0.000322625 -0.0349265 0)
(0.000892122 -0.0355248 0)
(0.000666432 -0.0361352 0)
(6.67121e-05 -0.0369307 0)
(-0.000195822 -0.035967 0)
(-0.000509522 -0.0357301 0)
(-0.000590301 -0.0360503 0)
(-0.00062305 -0.0362127 0)
(-0.000210249 -0.0362587 0)
(0.00011176 -0.0367005 0)
(-0.000591096 -0.0375885 0)
(-0.000611863 -0.0372228 0)
(-0.0014448 -0.0385298 0)
(0.000563485 -0.0373666 0)
(0.000459738 -0.0349152 0)
(0.00019992 -0.0360543 0)
(8.68481e-05 -0.0371525 0)
(-0.000489328 -0.0378819 0)
(-0.000375966 -0.038318 0)
(0.000582749 -0.0406887 0)
(-0.000227117 -0.0418972 0)
(3.50794e-05 -0.042105 0)
(-0.000263398 -0.041499 0)
(-0.000605328 -0.0410362 0)
(-0.000206918 -0.039512 0)
(-0.000611551 -0.0392635 0)
(-1.15551e-05 -0.0410801 0)
(0.000103779 -0.0393849 0)
(-0.000166349 -0.0380283 0)
(-0.000321586 -0.0378352 0)
(-8.63366e-05 -0.0401452 0)
(-0.00086182 -0.0408249 0)
(-0.000119918 -0.0405576 0)
(5.85139e-05 -0.0397821 0)
(0.00332709 -0.032575 0)
(0.000744931 -0.0375086 0)
(0.00056228 -0.0380863 0)
(-0.00143423 -0.0335176 0)
(-0.000407643 -0.034419 0)
(-0.000612048 -0.0337803 0)
(-0.000435752 -0.0344675 0)
(0.00125985 -0.0366813 0)
(0.000877483 -0.0384285 0)
(0.000164238 -0.0359925 0)
(0.000444621 -0.0356494 0)
(-0.000773857 -0.0376259 0)
(-0.000746363 -0.0392171 0)
(-0.000470723 -0.0388952 0)
(-0.000217772 -0.0391219 0)
(-4.19725e-05 -0.0398517 0)
(0.000156282 -0.0397333 0)
(-0.000124679 -0.039999 0)
(0.00043858 -0.0411228 0)
(0.000234019 -0.0372709 0)
(0.000368735 -0.037529 0)
(0.000749615 -0.0387729 0)
(0.000496479 -0.0401903 0)
(0.000209813 -0.0368498 0)
(-0.000240496 -0.0388443 0)
(-0.000328418 -0.0356524 0)
(-3.64343e-05 -0.0348592 0)
(-0.000427384 -0.0357073 0)
(-0.000697011 -0.0364848 0)
(0.000167867 -0.0370469 0)
(-0.000238342 -0.0395422 0)
(0.00091873 -0.0366254 0)
(-2.87419e-05 -0.0380284 0)
(-6.40066e-05 -0.0368351 0)
(-0.000221344 -0.0398533 0)
(6.98182e-05 -0.039529 0)
(9.40983e-05 -0.0396611 0)
(0.000810599 -0.0406163 0)
(0.00045855 -0.0410893 0)
(0.00111918 -0.0367855 0)
(0.000320768 -0.0352585 0)
(-5.45849e-05 -0.0354206 0)
(0.000111029 -0.0374704 0)
(-0.000130585 -0.0381193 0)
(-0.000684778 -0.0371732 0)
(-0.000770655 -0.036831 0)
(-0.000595149 -0.0380701 0)
(-0.000333778 -0.0401131 0)
(0.000332773 -0.0383645 0)
(0.00030263 -0.0368755 0)
(-0.00048402 -0.0382393 0)
(0.000151418 -0.0403731 0)
(-0.000386632 -0.0408161 0)
(-0.000625178 -0.0386747 0)
(-0.00144707 -0.0355615 0)
(0.000841503 -0.0369597 0)
(0.000477785 -0.0380357 0)
(-0.00216807 -0.0321512 0)
(0.000278069 -0.0347945 0)
(0.000403872 -0.0347871 0)
(4.4511e-05 -0.0331309 0)
(-4.72216e-05 -0.0338507 0)
(-0.000205185 -0.0338034 0)
(6.61369e-05 -0.0319665 0)
(0.000625698 -0.0319513 0)
(-0.000105845 -0.0326231 0)
(-0.000679722 -0.034153 0)
(-0.000709184 -0.0346909 0)
(0.000173363 -0.0324022 0)
(0.00033289 -0.0343059 0)
(4.26905e-05 -0.0342372 0)
(-0.000223524 -0.0352615 0)
(-9.11897e-05 -0.0345169 0)
(0.00128018 -0.036537 0)
(4.58288e-05 -0.0299889 0)
(0.000924875 -0.0407565 0)
(-4.77077e-05 -0.0382098 0)
(0.000456224 -0.0378572 0)
(-7.02204e-05 -0.0353145 0)
(0.000907614 -0.0358306 0)
(0.00113473 -0.0351728 0)
(0.000339034 -0.0364015 0)
(0.00115551 -0.0380339 0)
(0.00100725 -0.0367509 0)
(-0.000232509 -0.0362991 0)
(-0.000406317 -0.035491 0)
(-0.000139626 -0.0365478 0)
(-0.000572539 -0.0369483 0)
(0.000793463 -0.036039 0)
(0.000618571 -0.0373549 0)
(-0.00247383 -0.0391519 0)
(-0.00569881 -0.0381375 0)
(-0.00543155 -0.0400452 0)
(0.000226116 -0.0256104 0)
(-0.000265027 -0.0339913 0)
(0.00119578 -0.0245957 0)
(-0.000652287 -0.024653 0)
(-0.00144133 -0.0252903 0)
(-0.00124905 -0.0290952 0)
(-0.000346309 -0.0268754 0)
(0.000935954 -0.0308625 0)
(0.000235038 -0.0328528 0)
(-0.00133347 -0.0304633 0)
(-4.26724e-05 -0.0303658 0)
(-0.00118332 -0.0298928 0)
(-0.000472295 -0.030484 0)
(6.71774e-05 -0.0303231 0)
(0.000805519 -0.0302185 0)
(0.000842555 -0.028476 0)
(0.00022463 -0.0293797 0)
(-0.00118103 -0.0281063 0)
(-0.00215682 -0.0280311 0)
(-0.00138194 -0.0228436 0)
(-0.000370335 -0.024379 0)
(-0.000442943 -0.0266779 0)
(-0.00107314 -0.0254152 0)
(-0.000101311 -0.0239648 0)
(-0.000908316 -0.0310132 0)
(-6.54001e-05 -0.0289382 0)
(-0.000689966 -0.0312246 0)
(0.000387042 -0.033994 0)
(-0.00111274 -0.0311079 0)
(0.000318616 -0.0301698 0)
(0.000324037 -0.0297889 0)
(0.000250764 -0.0297247 0)
(-0.000729108 -0.032679 0)
(-0.000935314 -0.0315772 0)
(-0.00136808 -0.0308238 0)
(-0.00116083 -0.028341 0)
(-0.000495667 -0.0299869 0)
(-0.000346143 -0.031063 0)
(-0.000467477 -0.0308562 0)
(-0.00186466 -0.0303826 0)
(-0.000997822 -0.0317697 0)
(-0.00228574 -0.0382486 0)
(-0.000160907 -0.0239437 0)
(-0.000254797 -0.0239903 0)
(0.000237132 -0.0246552 0)
(0.00132667 -0.019082 0)
(-0.000419514 -0.0249113 0)
(0.00208801 -0.0258934 0)
(-0.000792843 -0.0233868 0)
(-0.000937219 -0.0208421 0)
(-0.000638872 -0.0228321 0)
(0.00222209 -0.0272898 0)
(-0.0016275 -0.0261941 0)
(0.000499421 -0.0306101 0)
(-7.82859e-05 -0.0275288 0)
(0.000205556 -0.0267272 0)
(-0.000906522 -0.0261565 0)
(0.00171763 -0.0258453 0)
(0.000390961 -0.0280588 0)
(-4.07069e-05 -0.0250681 0)
(0.000192561 -0.0238461 0)
(0.000174183 -0.024319 0)
(0.000213912 -0.0234507 0)
(-0.000765792 -0.0224028 0)
(-0.00190514 -0.0245673 0)
(0.000607745 -0.0262815 0)
(-0.00186641 -0.0230276 0)
(-0.000194935 -0.0262039 0)
(0.000188076 -0.0251105 0)
(0.000333308 -0.0232048 0)
(-0.00142609 -0.0229395 0)
(0.000494577 -0.025519 0)
(0.000546557 -0.0249902 0)
(-0.00173989 -0.0239086 0)
(0.000797202 -0.0271243 0)
(-0.00128303 -0.0304589 0)
(-0.000254819 -0.0294014 0)
(-0.000790537 -0.0287317 0)
(-0.000769345 -0.0288119 0)
(-0.000924422 -0.0284129 0)
(-0.0011972 -0.0280893 0)
(-0.000599351 -0.0293415 0)
(-0.000957832 -0.0301129 0)
(-0.00247371 -0.0287766 0)
(-0.00107979 -0.0287839 0)
(-0.000288507 -0.0284336 0)
(-0.000781265 -0.0293008 0)
(-0.00108534 -0.0299255 0)
(-0.00141717 -0.0311939 0)
(0.000321033 -0.0321267 0)
(-0.0025785 -0.0318501 0)
(-0.000810815 -0.0244705 0)
(0.000203454 -0.0275854 0)
(-0.000226019 -0.0268258 0)
(0.000369127 -0.029061 0)
(-0.000748215 -0.0295029 0)
(-0.000327759 -0.0303487 0)
(-0.000339268 -0.0297625 0)
(-0.00042482 -0.0305496 0)
(-0.00143003 -0.0272567 0)
(0.00151488 -0.0263546 0)
(0.000675791 -0.026092 0)
(-0.000285554 -0.0265542 0)
(-0.000516864 -0.0261742 0)
(-0.000245648 -0.0263536 0)
(-0.000134083 -0.0255493 0)
(2.76495e-05 -0.0259147 0)
(0.000492207 -0.0246225 0)
(0.000621081 -0.0232305 0)
(-0.000168092 -0.0266831 0)
(0.000203917 -0.0281689 0)
(0.000634925 -0.0263861 0)
(-0.00254713 -0.0241794 0)
(0.000786583 -0.0237071 0)
(0.00125483 -0.0239953 0)
(0.000317275 -0.0248301 0)
(0.000171951 -0.0262838 0)
(-2.10193e-05 -0.0271143 0)
(-4.53561e-06 -0.0273457 0)
(0.000624704 -0.0271304 0)
(0.000985618 -0.0232822 0)
(8.42103e-05 -0.0247179 0)
(0.0008717 -0.0260928 0)
(0.000701932 -0.0303738 0)
(0.000382559 -0.0299647 0)
(0.000184103 -0.030089 0)
(-0.000160027 -0.028667 0)
(-0.000559722 -0.0285189 0)
(-0.00128336 -0.0298211 0)
(-0.000437895 -0.0297284 0)
(-0.00045151 -0.0305478 0)
(-2.90499e-05 -0.0311567 0)
(-0.000974909 -0.0314167 0)
(-0.00156587 -0.0301316 0)
(0.00013678 -0.0331869 0)
(-0.000702826 -0.031344 0)
(-0.000683379 -0.0312056 0)
(0.000101076 -0.0347748 0)
(-0.000205772 -0.0344192 0)
(0.00085979 -0.0363045 0)
(1.90417e-05 -0.0363673 0)
)


// ************************************************************************* //
