/*--------------------------------*- C++ -*----------------------------------*\
  =========                 |
  \\      /  F ield         | OpenFOAM: The Open Source CFD Toolbox
   \\    /   O peration     | Website:  https://openfoam.org
    \\  /    A nd           | Version:  12
     \\/     M anipulation  |
\*---------------------------------------------------------------------------*/
FoamFile
{
    format      ascii;
    class       volVectorField::Internal;
    location    "0.95";
    object      cloud:UTrans;
}
// * * * * * * * * * * * * * * * * * * * * * * * * * * * * * * * * * * * * * //

dimensions      [1 1 -1 0 0 0 0];

value           nonuniform List<vector> 
3750
(
(-1.75459e-11 -9.00494e-10 0)
(9.74666e-12 -8.94102e-10 0)
(-7.61657e-12 -8.5902e-10 0)
(9.69167e-11 -1.77079e-09 0)
(-4.99683e-11 -1.75217e-09 0)
(2.74503e-11 -6.67829e-10 0)
(-1.90259e-11 -7.50114e-10 0)
(-1.50592e-11 -7.64513e-10 0)
(-1.36169e-11 -8.19847e-10 0)
(-3.62439e-11 -8.08904e-10 0)
(-1.78441e-11 -7.83623e-10 0)
(3.86748e-12 -7.63769e-10 0)
(-4.60074e-11 -7.92387e-10 0)
(-7.7814e-11 -2.21429e-09 0)
(3.58852e-11 -8.7568e-10 0)
(1.50074e-11 -7.31368e-10 0)
(5.46769e-12 -7.70701e-10 0)
(1.10182e-11 -8.32791e-10 0)
(5.14551e-14 -7.93054e-10 0)
(0 0 0)
(1.98589e-11 -8.74386e-10 0)
(6.16347e-12 -8.93059e-10 0)
(7.56471e-12 -8.00849e-10 0)
(6.98609e-11 -1.62267e-09 0)
(-2.13864e-11 -7.15321e-10 0)
(4.06401e-12 -1.66285e-09 0)
(1.19376e-11 -8.90535e-10 0)
(-6.4852e-13 -8.67149e-10 0)
(1.24168e-11 -8.55254e-10 0)
(1.16874e-11 -8.47734e-10 0)
(0 0 0)
(1.82698e-11 -8.16654e-10 0)
(3.55882e-11 -1.71811e-09 0)
(0 0 0)
(-1.47935e-10 -1.68479e-09 0)
(-8.6795e-11 -1.72261e-09 0)
(-2.26585e-11 -8.62834e-10 0)
(1.70247e-12 -8.19787e-10 0)
(-9.63586e-12 -8.2319e-10 0)
(-3.68458e-11 -8.59389e-10 0)
(-1.36478e-11 -8.23424e-10 0)
(0 0 0)
(0 0 0)
(0 0 0)
(0 0 0)
(0 0 0)
(0 0 0)
(0 0 0)
(0 0 0)
(0 0 0)
(0 0 0)
(0 0 0)
(0 0 0)
(0 0 0)
(0 0 0)
(0 0 0)
(0 0 0)
(0 0 0)
(0 0 0)
(0 0 0)
(0 0 0)
(0 0 0)
(0 0 0)
(0 0 0)
(0 0 0)
(0 0 0)
(0 0 0)
(0 0 0)
(0 0 0)
(0 0 0)
(0 0 0)
(0 0 0)
(0 0 0)
(0 0 0)
(0 0 0)
(0 0 0)
(2.74866e-11 -8.8319e-10 0)
(4.70933e-11 -8.3839e-10 0)
(0 0 0)
(-3.51486e-11 -1.91398e-09 0)
(-1.21474e-11 -7.85386e-10 0)
(-8.87944e-11 -2.82993e-09 0)
(-1.31889e-10 -1.6966e-09 0)
(-4.93938e-11 -1.65026e-09 0)
(0 0 0)
(0 0 0)
(0 0 0)
(-3.83504e-12 -7.33692e-10 0)
(-8.58325e-11 -1.0215e-09 0)
(0 0 0)
(1.47803e-10 -1.83739e-09 0)
(1.31054e-10 -2.48505e-09 0)
(4.43735e-11 -9.8821e-10 0)
(1.12892e-11 -8.58209e-10 0)
(0 0 0)
(1.71447e-11 -8.34281e-10 0)
(4.64523e-11 -8.90801e-10 0)
(0 0 0)
(-2.25039e-11 -6.18706e-10 0)
(-1.11177e-10 -2.3593e-09 0)
(-6.61391e-11 -1.39074e-09 0)
(0 0 0)
(0 0 0)
(0 0 0)
(6.48175e-12 -8.12239e-10 0)
(4.51332e-11 -9.1109e-10 0)
(5.00583e-11 -1.73806e-09 0)
(-1.9515e-11 -7.11704e-10 0)
(-3.05356e-11 -1.77664e-09 0)
(0 0 0)
(-2.4512e-11 -7.8244e-10 0)
(-2.82192e-11 -7.16868e-10 0)
(0 0 0)
(0 0 0)
(2.87989e-13 -8.72321e-10 0)
(0 0 0)
(0 0 0)
(0 0 0)
(0 0 0)
(0 0 0)
(0 0 0)
(0 0 0)
(0 0 0)
(0 0 0)
(0 0 0)
(0 0 0)
(0 0 0)
(0 0 0)
(0 0 0)
(0 0 0)
(0 0 0)
(0 0 0)
(0 0 0)
(0 0 0)
(0 0 0)
(0 0 0)
(0 0 0)
(0 0 0)
(0 0 0)
(0 0 0)
(0 0 0)
(0 0 0)
(0 0 0)
(0 0 0)
(0 0 0)
(0 0 0)
(0 0 0)
(0 0 0)
(0 0 0)
(0 0 0)
(0 0 0)
(0 0 0)
(0 0 0)
(-1.06687e-11 -9.98313e-10 0)
(-3.47671e-12 -8.39158e-10 0)
(-1.9549e-11 -8.14879e-10 0)
(-1.62952e-11 -8.93216e-10 0)
(0 0 0)
(-2.09298e-12 -7.41654e-10 0)
(5.26111e-11 -1.69946e-09 0)
(-7.18445e-11 -1.79549e-09 0)
(-4.3499e-11 -6.64152e-10 0)
(-8.85835e-11 -1.68506e-09 0)
(-1.20674e-10 -1.75893e-09 0)
(-5.8005e-11 -1.78902e-09 0)
(4.78614e-11 -1.69294e-09 0)
(3.33101e-11 -8.37964e-10 0)
(4.10559e-11 -8.27353e-10 0)
(-1.87282e-11 -8.97693e-10 0)
(0 0 0)
(1.05627e-11 -8.44256e-10 0)
(9.70815e-11 -1.8636e-09 0)
(5.31238e-11 -8.2518e-10 0)
(5.46724e-13 -1.83833e-09 0)
(0 0 0)
(1.37789e-11 -7.18554e-10 0)
(4.10055e-11 -6.61154e-10 0)
(-2.23906e-11 -8.54436e-10 0)
(-2.59038e-11 -1.72908e-09 0)
(9.2478e-12 -8.58544e-10 0)
(-2.0088e-11 -1.82746e-09 0)
(-5.0556e-11 -7.0154e-10 0)
(7.14537e-11 -1.73266e-09 0)
(-2.62955e-11 -7.25656e-10 0)
(-5.08128e-11 -6.84465e-10 0)
(0 0 0)
(0 0 0)
(0 0 0)
(0 0 0)
(0 0 0)
(0 0 0)
(0 0 0)
(0 0 0)
(0 0 0)
(0 0 0)
(0 0 0)
(0 0 0)
(0 0 0)
(0 0 0)
(0 0 0)
(0 0 0)
(0 0 0)
(0 0 0)
(0 0 0)
(0 0 0)
(0 0 0)
(0 0 0)
(0 0 0)
(0 0 0)
(0 0 0)
(0 0 0)
(0 0 0)
(0 0 0)
(0 0 0)
(0 0 0)
(0 0 0)
(0 0 0)
(0 0 0)
(0 0 0)
(0 0 0)
(0 0 0)
(0 0 0)
(0 0 0)
(0 0 0)
(0 0 0)
(-2.1445e-11 -8.73909e-10 0)
(0 0 0)
(-6.91179e-11 -1.85393e-09 0)
(-5.32156e-11 -9.06454e-10 0)
(4.43091e-11 -8.77082e-10 0)
(2.37639e-11 -7.42661e-10 0)
(4.43191e-11 -8.45157e-10 0)
(-1.70285e-11 -8.84469e-10 0)
(-1.18445e-10 -1.83275e-09 0)
(3.03983e-11 -1.76705e-09 0)
(-6.72257e-11 -7.91942e-10 0)
(-2.88027e-10 -2.54112e-09 0)
(-7.51429e-11 -6.86008e-10 0)
(-8.1151e-11 -7.8828e-10 0)
(-6.04888e-11 -8.11967e-10 0)
(7.40574e-12 -7.77166e-10 0)
(5.29578e-11 -8.89674e-10 0)
(-7.31111e-12 -8.98764e-10 0)
(0 0 0)
(-2.02685e-11 -7.75371e-10 0)
(1.6353e-11 -7.80425e-10 0)
(-7.97109e-12 -7.5949e-10 0)
(1.18147e-10 -2.09969e-09 0)
(5.342e-11 -8.97597e-10 0)
(-1.13265e-11 -7.84935e-10 0)
(-4.44235e-11 -7.9379e-10 0)
(0 0 0)
(-1.66101e-11 -8.30687e-10 0)
(-1.7674e-11 -8.33082e-10 0)
(-1.04966e-10 -1.74464e-09 0)
(-2.56845e-11 -6.82828e-10 0)
(0 0 0)
(0 0 0)
(0 0 0)
(0 0 0)
(0 0 0)
(0 0 0)
(0 0 0)
(0 0 0)
(0 0 0)
(0 0 0)
(0 0 0)
(0 0 0)
(0 0 0)
(0 0 0)
(0 0 0)
(0 0 0)
(0 0 0)
(0 0 0)
(0 0 0)
(0 0 0)
(0 0 0)
(0 0 0)
(0 0 0)
(0 0 0)
(0 0 0)
(0 0 0)
(0 0 0)
(0 0 0)
(0 0 0)
(0 0 0)
(0 0 0)
(0 0 0)
(0 0 0)
(0 0 0)
(0 0 0)
(0 0 0)
(0 0 0)
(0 0 0)
(0 0 0)
(0 0 0)
(0 0 0)
(0 0 0)
(0 0 0)
(0 0 0)
(0 0 0)
(-2.38922e-11 -8.32858e-10 0)
(0 0 0)
(-1.60532e-10 -1.944e-09 0)
(-2.86238e-10 -1.8066e-09 0)
(-3.31918e-10 -1.75498e-09 0)
(-2.36267e-10 -2.0187e-09 0)
(-2.818e-11 -1.48406e-09 0)
(-2.48761e-13 -9.34289e-12 0)
(-1.41288e-11 -2.20705e-09 0)
(0 0 0)
(-1.16217e-11 -8.15921e-10 0)
(-1.57824e-12 -7.99715e-10 0)
(-2.23383e-11 -8.52007e-10 0)
(0 0 0)
(-1.69854e-11 -7.50649e-10 0)
(-1.04338e-10 -2.23067e-09 0)
(2.59034e-11 -9.55607e-10 0)
(-2.80126e-12 -7.6015e-10 0)
(1.78496e-11 -6.90767e-10 0)
(1.23181e-12 -1.81098e-09 0)
(5.65262e-12 -7.39824e-10 0)
(7.4347e-12 -8.03774e-10 0)
(7.45312e-11 -9.23035e-10 0)
(-1.06561e-11 -9.25192e-10 0)
(0 0 0)
(0 0 0)
(0 0 0)
(-3.54604e-11 -8.11702e-10 0)
(3.7584e-11 -1.9477e-09 0)
(-4.03225e-12 -8.26e-10 0)
(-1.0291e-10 -7.68659e-10 0)
(0 0 0)
(0 0 0)
(0 0 0)
(0 0 0)
(0 0 0)
(0 0 0)
(0 0 0)
(0 0 0)
(0 0 0)
(0 0 0)
(0 0 0)
(0 0 0)
(0 0 0)
(0 0 0)
(0 0 0)
(0 0 0)
(0 0 0)
(0 0 0)
(0 0 0)
(0 0 0)
(0 0 0)
(0 0 0)
(0 0 0)
(0 0 0)
(0 0 0)
(0 0 0)
(0 0 0)
(0 0 0)
(0 0 0)
(0 0 0)
(0 0 0)
(0 0 0)
(0 0 0)
(0 0 0)
(0 0 0)
(0 0 0)
(0 0 0)
(0 0 0)
(0 0 0)
(0 0 0)
(0 0 0)
(0 0 0)
(0 0 0)
(-1.86229e-11 -8.55948e-10 0)
(-5.74436e-11 -8.9685e-10 0)
(-4.76513e-11 -8.19012e-10 0)
(0 0 0)
(0 0 0)
(0 0 0)
(0 0 0)
(-5.85015e-11 -8.34731e-10 0)
(-4.94961e-11 -7.64431e-10 0)
(-4.98496e-11 -8.04166e-10 0)
(2.16244e-11 -8.81508e-10 0)
(2.25611e-11 -7.99072e-10 0)
(9.13777e-12 -8.81306e-10 0)
(1.97404e-12 -8.63411e-10 0)
(-2.63291e-11 -8.37203e-10 0)
(-7.64927e-11 -8.64905e-10 0)
(-6.1404e-11 -8.97332e-10 0)
(2.23385e-11 -8.51733e-10 0)
(6.71169e-11 -8.04835e-10 0)
(2.35433e-11 -7.40396e-10 0)
(-3.58916e-12 -7.69342e-10 0)
(-8.58809e-12 -7.49359e-10 0)
(-1.54674e-11 -8.04314e-10 0)
(2.08437e-11 -2.32754e-09 0)
(0 0 0)
(0 0 0)
(-2.4571e-12 -6.91099e-10 0)
(-1.55733e-11 -7.90065e-10 0)
(-4.52688e-11 -7.77291e-10 0)
(0 0 0)
(-1.4799e-11 -1.00113e-09 0)
(0 0 0)
(0 0 0)
(0 0 0)
(0 0 0)
(0 0 0)
(0 0 0)
(0 0 0)
(0 0 0)
(0 0 0)
(0 0 0)
(0 0 0)
(0 0 0)
(0 0 0)
(0 0 0)
(0 0 0)
(0 0 0)
(0 0 0)
(0 0 0)
(0 0 0)
(0 0 0)
(0 0 0)
(0 0 0)
(0 0 0)
(0 0 0)
(0 0 0)
(0 0 0)
(0 0 0)
(0 0 0)
(0 0 0)
(0 0 0)
(0 0 0)
(0 0 0)
(0 0 0)
(0 0 0)
(0 0 0)
(0 0 0)
(0 0 0)
(0 0 0)
(0 0 0)
(0 0 0)
(0 0 0)
(0 0 0)
(0 0 0)
(0 0 0)
(-3.40379e-11 -8.16667e-10 0)
(-4.09796e-11 -1.93537e-09 0)
(-4.25644e-11 -7.34111e-10 0)
(-5.13043e-11 -8.61259e-10 0)
(-2.98056e-11 -9.35881e-10 0)
(-3.55235e-12 -7.44323e-10 0)
(-3.09098e-11 -1.76194e-09 0)
(-1.07815e-11 -2.87289e-10 0)
(-1.37187e-11 -3.59068e-10 0)
(-4.70395e-11 -8.55631e-10 0)
(2.74959e-11 -8.6409e-10 0)
(0 0 0)
(4.23739e-11 -1.899e-09 0)
(1.79686e-11 -8.36985e-10 0)
(-5.68552e-12 -8.03346e-10 0)
(-5.1589e-11 -8.03971e-10 0)
(-3.5131e-11 -8.6795e-10 0)
(0 0 0)
(-4.61257e-12 -8.41634e-10 0)
(-1.14387e-11 -8.27986e-10 0)
(-2.09968e-11 -8.29016e-10 0)
(-2.43252e-11 -8.49489e-10 0)
(-6.90492e-11 -1.2754e-09 0)
(-8.05283e-11 -1.47052e-09 0)
(1.64145e-11 -8.1557e-10 0)
(1.36345e-10 -1.83464e-09 0)
(1.63947e-11 -6.60233e-10 0)
(-4.1263e-11 -1.76325e-09 0)
(0 0 0)
(-5.71202e-11 -8.41419e-10 0)
(0 0 0)
(0 0 0)
(0 0 0)
(0 0 0)
(0 0 0)
(0 0 0)
(0 0 0)
(0 0 0)
(0 0 0)
(0 0 0)
(0 0 0)
(0 0 0)
(0 0 0)
(0 0 0)
(0 0 0)
(0 0 0)
(0 0 0)
(0 0 0)
(0 0 0)
(0 0 0)
(0 0 0)
(0 0 0)
(0 0 0)
(0 0 0)
(0 0 0)
(0 0 0)
(0 0 0)
(0 0 0)
(0 0 0)
(0 0 0)
(0 0 0)
(0 0 0)
(0 0 0)
(0 0 0)
(0 0 0)
(0 0 0)
(0 0 0)
(0 0 0)
(0 0 0)
(0 0 0)
(0 0 0)
(0 0 0)
(0 0 0)
(0 0 0)
(0 0 0)
(-9.40285e-11 -7.89103e-10 0)
(-4.58189e-11 -7.9488e-10 0)
(5.40402e-12 -1.13732e-09 0)
(-6.02516e-13 -4.35476e-10 0)
(1.06367e-10 -1.61317e-09 0)
(7.11863e-11 -7.26044e-10 0)
(4.52432e-11 -9.31544e-10 0)
(-5.8529e-12 -8.82539e-10 0)
(-2.01666e-11 -8.70052e-10 0)
(-3.52025e-12 -8.52498e-10 0)
(3.22131e-11 -8.39308e-10 0)
(5.81129e-11 -7.58206e-10 0)
(-2.32856e-12 -8.10614e-10 0)
(5.2735e-12 -8.08697e-10 0)
(3.13697e-11 -8.49779e-10 0)
(0 0 0)
(-1.0266e-11 -8.74204e-10 0)
(-7.10769e-12 -8.4832e-10 0)
(-1.98349e-11 -8.74512e-10 0)
(0 0 0)
(-3.03663e-11 -8.47695e-10 0)
(-4.82085e-11 -8.80521e-10 0)
(-5.34981e-11 -8.99908e-10 0)
(-5.87061e-11 -9.18568e-10 0)
(-2.12882e-11 -9.06936e-10 0)
(-2.6844e-11 -8.28532e-10 0)
(9.39345e-13 -1.73481e-09 0)
(-9.18763e-12 -7.84913e-10 0)
(-4.67851e-12 -7.7162e-10 0)
(-1.45473e-11 -7.79208e-10 0)
(0 0 0)
(0 0 0)
(0 0 0)
(0 0 0)
(0 0 0)
(0 0 0)
(0 0 0)
(0 0 0)
(0 0 0)
(0 0 0)
(0 0 0)
(0 0 0)
(0 0 0)
(0 0 0)
(0 0 0)
(0 0 0)
(0 0 0)
(0 0 0)
(0 0 0)
(0 0 0)
(0 0 0)
(0 0 0)
(0 0 0)
(0 0 0)
(0 0 0)
(0 0 0)
(0 0 0)
(0 0 0)
(0 0 0)
(0 0 0)
(0 0 0)
(0 0 0)
(0 0 0)
(0 0 0)
(0 0 0)
(0 0 0)
(0 0 0)
(0 0 0)
(0 0 0)
(0 0 0)
(0 0 0)
(0 0 0)
(0 0 0)
(0 0 0)
(0 0 0)
(-3.0373e-11 -1.74078e-09 0)
(0 0 0)
(6.07833e-12 -8.32198e-10 0)
(0 0 0)
(2.95566e-11 -8.27083e-10 0)
(-3.32733e-11 -8.43564e-10 0)
(-5.26218e-11 -9.18145e-10 0)
(-1.29019e-11 -8.88391e-10 0)
(8.39863e-12 -8.67012e-10 0)
(-9.73655e-12 -8.10285e-10 0)
(1.47361e-11 -7.85125e-10 0)
(3.71616e-11 -7.84506e-10 0)
(2.9859e-11 -8.05948e-10 0)
(3.53795e-12 -8.25826e-10 0)
(2.96931e-11 -8.56675e-10 0)
(2.32903e-11 -8.42304e-10 0)
(0 0 0)
(9.1611e-12 -8.4861e-10 0)
(1.10955e-11 -8.57727e-10 0)
(-2.68915e-12 -3.85369e-10 0)
(-1.05374e-12 -1.47183e-10 0)
(0 0 0)
(0 0 0)
(-2.3369e-11 -8.88581e-10 0)
(-2.58463e-11 -9.47429e-10 0)
(0 0 0)
(-3.02976e-11 -8.2165e-10 0)
(-3.90671e-11 -1.9199e-09 0)
(1.44016e-11 -7.47952e-10 0)
(0 0 0)
(-9.5791e-11 -3.06493e-09 0)
(0 0 0)
(0 0 0)
(0 0 0)
(0 0 0)
(0 0 0)
(0 0 0)
(0 0 0)
(0 0 0)
(0 0 0)
(0 0 0)
(0 0 0)
(0 0 0)
(0 0 0)
(0 0 0)
(0 0 0)
(0 0 0)
(0 0 0)
(0 0 0)
(0 0 0)
(0 0 0)
(0 0 0)
(0 0 0)
(0 0 0)
(0 0 0)
(0 0 0)
(0 0 0)
(0 0 0)
(0 0 0)
(0 0 0)
(0 0 0)
(0 0 0)
(0 0 0)
(0 0 0)
(0 0 0)
(0 0 0)
(0 0 0)
(0 0 0)
(0 0 0)
(0 0 0)
(0 0 0)
(0 0 0)
(0 0 0)
(0 0 0)
(0 0 0)
(0 0 0)
(1.10384e-11 -8.07687e-10 0)
(0 0 0)
(1.26116e-11 -8.18064e-10 0)
(2.97369e-12 -9.89046e-10 0)
(0 0 0)
(-3.44019e-11 -8.26845e-10 0)
(0 0 0)
(4.91948e-12 -1.86766e-09 0)
(3.031e-12 -7.33255e-10 0)
(1.92815e-11 -7.49294e-10 0)
(2.51299e-12 -8.04098e-10 0)
(3.77765e-11 -1.88836e-09 0)
(3.70815e-11 -7.5434e-10 0)
(2.97506e-11 -7.94866e-10 0)
(0 0 0)
(8.53733e-11 -7.85445e-10 0)
(8.4132e-12 -7.57165e-10 0)
(1.62457e-11 -8.54761e-10 0)
(0 0 0)
(-9.76677e-12 -8.87955e-10 0)
(0 0 0)
(-1.94171e-11 -1.88874e-09 0)
(-2.2674e-11 -9.2019e-10 0)
(0 0 0)
(0 0 0)
(-1.66695e-11 -8.51745e-10 0)
(0 0 0)
(1.77645e-12 -8.05437e-10 0)
(-1.73245e-11 -5.96622e-10 0)
(-3.16645e-11 -8.11389e-10 0)
(-1.19534e-11 -1.81478e-09 0)
(7.50805e-12 -7.07857e-10 0)
(0 0 0)
(0 0 0)
(0 0 0)
(0 0 0)
(0 0 0)
(0 0 0)
(0 0 0)
(0 0 0)
(0 0 0)
(0 0 0)
(0 0 0)
(0 0 0)
(0 0 0)
(0 0 0)
(0 0 0)
(0 0 0)
(0 0 0)
(0 0 0)
(0 0 0)
(0 0 0)
(0 0 0)
(0 0 0)
(0 0 0)
(0 0 0)
(0 0 0)
(0 0 0)
(0 0 0)
(0 0 0)
(0 0 0)
(0 0 0)
(0 0 0)
(0 0 0)
(0 0 0)
(0 0 0)
(0 0 0)
(0 0 0)
(0 0 0)
(0 0 0)
(0 0 0)
(0 0 0)
(0 0 0)
(0 0 0)
(2.32009e-12 -8.2587e-10 0)
(2.21947e-11 -7.55802e-10 0)
(6.26525e-12 -7.96324e-10 0)
(0 0 0)
(8.56222e-11 -2.20054e-09 0)
(5.64136e-11 -8.738e-10 0)
(0 0 0)
(3.03092e-11 -7.9983e-10 0)
(0 0 0)
(2.98679e-11 -8.44011e-10 0)
(0 0 0)
(1.60044e-11 -8.74531e-10 0)
(0 0 0)
(-1.64918e-11 -1.82136e-09 0)
(8.77937e-11 -1.70981e-09 0)
(1.0234e-10 -1.72797e-09 0)
(1.00809e-10 -1.91596e-09 0)
(0 0 0)
(2.55521e-11 -7.82417e-10 0)
(3.7108e-11 -8.7368e-10 0)
(-2.806e-11 -8.99026e-10 0)
(0 0 0)
(2.24984e-11 -7.60079e-10 0)
(0 0 0)
(-4.27722e-12 -9.1296e-10 0)
(0 0 0)
(-1.29774e-11 -8.28791e-10 0)
(-7.66329e-12 -7.66502e-10 0)
(-2.78188e-11 -7.25826e-10 0)
(-2.77788e-12 -1.01082e-10 0)
(-7.07598e-11 -8.07717e-10 0)
(-5.83405e-11 -7.99064e-10 0)
(-3.8974e-11 -8.23515e-10 0)
(-4.33699e-11 -8.31735e-10 0)
(0 0 0)
(0 0 0)
(0 0 0)
(0 0 0)
(0 0 0)
(0 0 0)
(0 0 0)
(0 0 0)
(0 0 0)
(0 0 0)
(0 0 0)
(0 0 0)
(0 0 0)
(0 0 0)
(0 0 0)
(0 0 0)
(0 0 0)
(0 0 0)
(0 0 0)
(0 0 0)
(0 0 0)
(0 0 0)
(0 0 0)
(0 0 0)
(0 0 0)
(0 0 0)
(0 0 0)
(0 0 0)
(0 0 0)
(0 0 0)
(0 0 0)
(0 0 0)
(0 0 0)
(0 0 0)
(0 0 0)
(0 0 0)
(0 0 0)
(0 0 0)
(0 0 0)
(0 0 0)
(0 0 0)
(5.70881e-11 -1.90969e-09 0)
(5.77629e-11 -7.96923e-10 0)
(3.45929e-11 -8.25517e-10 0)
(2.05235e-11 -8.07714e-10 0)
(0 0 0)
(9.81564e-11 -8.63445e-10 0)
(6.48803e-11 -8.40193e-10 0)
(0 0 0)
(5.32118e-11 -7.13479e-10 0)
(7.56375e-11 -7.84668e-10 0)
(4.74958e-11 -8.64038e-10 0)
(3.54106e-11 -9.32349e-10 0)
(-5.37798e-11 -9.28606e-10 0)
(0 0 0)
(-2.66296e-11 -1.84085e-09 0)
(-4.58282e-12 -7.64911e-10 0)
(1.63856e-11 -7.96328e-10 0)
(1.16747e-10 -1.77702e-09 0)
(6.0679e-11 -8.06614e-10 0)
(5.83321e-11 -8.83477e-10 0)
(-6.55884e-11 -9.22847e-10 0)
(0 0 0)
(0 0 0)
(4.61749e-11 -8.83828e-10 0)
(-3.93315e-11 -9.40033e-10 0)
(-2.1238e-12 -8.29349e-10 0)
(-7.74757e-12 -8.06954e-10 0)
(0 0 0)
(-2.31388e-11 -8.00149e-10 0)
(-5.69585e-11 -8.02344e-10 0)
(-8.73517e-11 -8.16213e-10 0)
(0 0 0)
(-4.94774e-11 -8.61599e-10 0)
(0 0 0)
(0 0 0)
(0 0 0)
(0 0 0)
(0 0 0)
(0 0 0)
(0 0 0)
(0 0 0)
(0 0 0)
(0 0 0)
(0 0 0)
(0 0 0)
(0 0 0)
(0 0 0)
(0 0 0)
(0 0 0)
(0 0 0)
(0 0 0)
(0 0 0)
(0 0 0)
(0 0 0)
(0 0 0)
(0 0 0)
(0 0 0)
(0 0 0)
(0 0 0)
(0 0 0)
(0 0 0)
(0 0 0)
(0 0 0)
(0 0 0)
(0 0 0)
(0 0 0)
(0 0 0)
(0 0 0)
(0 0 0)
(0 0 0)
(0 0 0)
(0 0 0)
(0 0 0)
(0 0 0)
(0 0 0)
(0 0 0)
(1.95704e-11 -1.78859e-09 0)
(2.19173e-11 -7.46344e-10 0)
(4.9512e-11 -1.73577e-09 0)
(5.11796e-11 -1.89451e-09 0)
(1.09879e-10 -8.11017e-10 0)
(9.22399e-11 -8.04417e-10 0)
(1.8647e-10 -2.80555e-09 0)
(2.48499e-11 -6.90726e-10 0)
(1.39259e-11 -7.50294e-10 0)
(2.90079e-11 -8.5887e-10 0)
(3.51544e-11 -9.86221e-10 0)
(0 0 0)
(-5.69011e-11 -7.93307e-10 0)
(-5.33515e-11 -8.4442e-10 0)
(-3.43405e-11 -8.33314e-10 0)
(-9.00193e-12 -8.12713e-10 0)
(2.90536e-11 -7.849e-10 0)
(1.17e-10 -1.46892e-09 0)
(-2.93065e-11 -1.4905e-09 0)
(0 0 0)
(-1.77442e-11 -1.72183e-09 0)
(9.02841e-12 -7.77188e-10 0)
(1.30769e-11 -1.00593e-09 0)
(0 0 0)
(5.30545e-12 -7.85194e-10 0)
(-2.00482e-12 -8.23469e-10 0)
(-5.71296e-12 -7.90176e-10 0)
(0 0 0)
(-3.92806e-11 -8.58569e-10 0)
(-6.27954e-12 -7.04678e-10 0)
(4.55891e-11 -1.73769e-09 0)
(-5.96711e-11 -7.40794e-10 0)
(0 0 0)
(0 0 0)
(0 0 0)
(0 0 0)
(0 0 0)
(0 0 0)
(0 0 0)
(0 0 0)
(0 0 0)
(0 0 0)
(0 0 0)
(0 0 0)
(0 0 0)
(0 0 0)
(0 0 0)
(0 0 0)
(0 0 0)
(0 0 0)
(0 0 0)
(0 0 0)
(0 0 0)
(0 0 0)
(0 0 0)
(0 0 0)
(0 0 0)
(0 0 0)
(0 0 0)
(0 0 0)
(0 0 0)
(0 0 0)
(0 0 0)
(0 0 0)
(0 0 0)
(0 0 0)
(0 0 0)
(0 0 0)
(0 0 0)
(0 0 0)
(0 0 0)
(0 0 0)
(0 0 0)
(0 0 0)
(4.16457e-12 -2.04878e-09 0)
(-4.68517e-13 -7.50014e-10 0)
(0 0 0)
(6.32911e-12 -8.90673e-10 0)
(-1.14888e-11 -8.03407e-10 0)
(5.84957e-11 -1.80031e-09 0)
(1.78488e-11 -7.0321e-10 0)
(5.48196e-12 -1.69101e-09 0)
(-1.73476e-12 -7.59593e-10 0)
(-9.32906e-12 -1.83345e-09 0)
(-9.40312e-12 -3.6533e-10 0)
(1.57609e-11 -1.31744e-09 0)
(-1.02948e-11 -3.76194e-10 0)
(-6.69115e-12 -2.24829e-10 0)
(-1.61056e-11 -8.02581e-10 0)
(-7.17498e-11 -8.52457e-10 0)
(-4.47991e-11 -7.97153e-10 0)
(-3.51715e-11 -7.82241e-10 0)
(-5.48009e-11 -1.03774e-09 0)
(-2.01015e-11 -9.75175e-10 0)
(5.01242e-11 -7.8994e-10 0)
(0 0 0)
(3.93982e-11 -8.06587e-10 0)
(4.3909e-11 -1.8926e-09 0)
(0 0 0)
(7.66115e-11 -8.72191e-10 0)
(2.10232e-11 -8.7809e-10 0)
(-8.28351e-12 -8.44801e-10 0)
(-1.8521e-11 -8.37539e-10 0)
(-4.84503e-11 -1.86438e-09 0)
(-1.1211e-11 -7.41444e-10 0)
(-1.19821e-11 -7.68798e-10 0)
(-1.34935e-11 -8.15808e-10 0)
(0 0 0)
(0 0 0)
(0 0 0)
(0 0 0)
(0 0 0)
(0 0 0)
(0 0 0)
(0 0 0)
(0 0 0)
(0 0 0)
(0 0 0)
(0 0 0)
(0 0 0)
(0 0 0)
(0 0 0)
(0 0 0)
(0 0 0)
(0 0 0)
(0 0 0)
(0 0 0)
(0 0 0)
(0 0 0)
(0 0 0)
(0 0 0)
(0 0 0)
(0 0 0)
(0 0 0)
(0 0 0)
(0 0 0)
(0 0 0)
(0 0 0)
(0 0 0)
(0 0 0)
(0 0 0)
(0 0 0)
(0 0 0)
(0 0 0)
(0 0 0)
(0 0 0)
(0 0 0)
(0 0 0)
(0 0 0)
(-4.65028e-11 -9.44215e-10 0)
(0 0 0)
(2.05108e-11 -1.88838e-09 0)
(7.65924e-13 -7.4924e-10 0)
(2.92978e-11 -7.37757e-10 0)
(-1.49438e-11 -1.8542e-09 0)
(1.08777e-11 -7.181e-10 0)
(-6.98613e-12 -7.67617e-10 0)
(-1.01315e-11 -8.82277e-10 0)
(-2.04938e-12 -8.03809e-10 0)
(3.65325e-11 -1.62912e-09 0)
(-1.50295e-11 -8.26987e-10 0)
(6.64581e-11 -8.78192e-10 0)
(2.45478e-11 -7.82745e-10 0)
(1.84324e-11 -1.00135e-09 0)
(0 0 0)
(-3.54488e-11 -8.48632e-10 0)
(-3.69652e-11 -8.02891e-10 0)
(-5.99673e-11 -9.42147e-10 0)
(2.74203e-11 -9.61327e-10 0)
(9.09529e-11 -8.62315e-10 0)
(7.92158e-11 -7.91631e-10 0)
(3.53806e-11 -8.01835e-10 0)
(0 0 0)
(9.002e-11 -8.2048e-10 0)
(6.34265e-11 -8.87495e-10 0)
(-2.93651e-11 -1.95884e-09 0)
(-7.09562e-11 -7.32007e-10 0)
(-6.34467e-11 -1.7283e-09 0)
(3.32141e-12 -5.861e-10 0)
(0 0 0)
(0 0 0)
(0 0 0)
(0 0 0)
(0 0 0)
(0 0 0)
(0 0 0)
(0 0 0)
(0 0 0)
(0 0 0)
(0 0 0)
(0 0 0)
(0 0 0)
(0 0 0)
(0 0 0)
(0 0 0)
(0 0 0)
(0 0 0)
(0 0 0)
(0 0 0)
(0 0 0)
(0 0 0)
(0 0 0)
(0 0 0)
(0 0 0)
(0 0 0)
(0 0 0)
(0 0 0)
(0 0 0)
(0 0 0)
(0 0 0)
(0 0 0)
(0 0 0)
(0 0 0)
(0 0 0)
(0 0 0)
(0 0 0)
(0 0 0)
(0 0 0)
(0 0 0)
(0 0 0)
(0 0 0)
(0 0 0)
(0 0 0)
(0 0 0)
(0 0 0)
(1.77779e-11 -7.97137e-10 0)
(-2.80615e-12 -8.27454e-10 0)
(0 0 0)
(1.16387e-11 -8.21242e-10 0)
(-2.31295e-11 -8.56878e-10 0)
(0 0 0)
(-1.6355e-11 -8.79845e-10 0)
(-2.03967e-11 -8.60011e-10 0)
(-2.41005e-11 -1.73832e-09 0)
(-9.61725e-11 -1.64564e-09 0)
(-6.57914e-11 -1.51527e-09 0)
(-2.33714e-11 -1.56389e-09 0)
(0 0 0)
(-2.91015e-11 -2.16316e-09 0)
(0 0 0)
(3.09992e-11 -8.21892e-10 0)
(2.38609e-11 -7.66882e-10 0)
(-1.93076e-11 -8.81664e-10 0)
(1.84456e-11 -2.58365e-10 0)
(1.0295e-10 -1.24878e-09 0)
(4.16729e-11 -8.19278e-10 0)
(5.38228e-11 -1.5095e-09 0)
(7.07861e-11 -9.91843e-10 0)
(1.82352e-10 -1.85449e-09 0)
(1.20474e-10 -1.95201e-09 0)
(-6.83497e-11 -8.14897e-10 0)
(-8.93694e-11 -7.41039e-10 0)
(0 0 0)
(0 0 0)
(0 0 0)
(0 0 0)
(0 0 0)
(0 0 0)
(0 0 0)
(0 0 0)
(0 0 0)
(0 0 0)
(0 0 0)
(0 0 0)
(0 0 0)
(0 0 0)
(0 0 0)
(0 0 0)
(0 0 0)
(0 0 0)
(0 0 0)
(0 0 0)
(0 0 0)
(0 0 0)
(0 0 0)
(0 0 0)
(0 0 0)
(0 0 0)
(0 0 0)
(0 0 0)
(0 0 0)
(0 0 0)
(0 0 0)
(0 0 0)
(0 0 0)
(0 0 0)
(0 0 0)
(0 0 0)
(0 0 0)
(0 0 0)
(0 0 0)
(0 0 0)
(0 0 0)
(0 0 0)
(0 0 0)
(0 0 0)
(0 0 0)
(0 0 0)
(0 0 0)
(3.80888e-11 -8.80388e-10 0)
(4.13006e-11 -7.38009e-10 0)
(5.99194e-11 -7.68043e-10 0)
(0 0 0)
(0 0 0)
(-3.10826e-12 -8.48191e-10 0)
(-9.78927e-12 -8.94009e-10 0)
(-2.27158e-11 -8.61493e-10 0)
(-2.19688e-11 -7.84632e-10 0)
(-4.73978e-11 -7.41068e-10 0)
(-9.08286e-11 -1.8296e-09 0)
(-5.37446e-11 -7.11585e-10 0)
(-1.1654e-10 -1.61757e-09 0)
(-7.47671e-11 -1.92237e-09 0)
(-6.68671e-11 -8.59695e-10 0)
(6.76707e-11 -1.42505e-09 0)
(4.83364e-11 -1.16425e-09 0)
(5.07488e-11 -7.91154e-10 0)
(2.89282e-11 -8.04799e-10 0)
(3.27148e-11 -8.07783e-10 0)
(2.79974e-11 -8.43453e-10 0)
(4.38724e-11 -8.94094e-10 0)
(0 0 0)
(1.81343e-11 -9.14762e-10 0)
(-1.9692e-11 -1.65567e-09 0)
(4.39189e-11 -3.4751e-09 0)
(-4.83669e-12 -1.92475e-09 0)
(-5.80954e-12 -6.44332e-10 0)
(0 0 0)
(0 0 0)
(0 0 0)
(0 0 0)
(0 0 0)
(0 0 0)
(0 0 0)
(0 0 0)
(0 0 0)
(0 0 0)
(0 0 0)
(0 0 0)
(0 0 0)
(0 0 0)
(0 0 0)
(0 0 0)
(0 0 0)
(0 0 0)
(0 0 0)
(0 0 0)
(0 0 0)
(0 0 0)
(0 0 0)
(0 0 0)
(0 0 0)
(0 0 0)
(0 0 0)
(0 0 0)
(0 0 0)
(0 0 0)
(0 0 0)
(0 0 0)
(0 0 0)
(0 0 0)
(0 0 0)
(0 0 0)
(0 0 0)
(0 0 0)
(0 0 0)
(0 0 0)
(0 0 0)
(0 0 0)
(0 0 0)
(0 0 0)
(0 0 0)
(0 0 0)
(0 0 0)
(0 0 0)
(3.17375e-11 -8.12536e-10 0)
(6.98789e-11 -1.82766e-09 0)
(4.36719e-11 -7.53195e-10 0)
(-1.21328e-11 -8.44336e-10 0)
(0 0 0)
(0 0 0)
(-3.73562e-11 -1.9873e-09 0)
(0 0 0)
(1.1071e-11 -7.48363e-10 0)
(0 0 0)
(4.00811e-11 -8.60717e-10 0)
(-6.66083e-11 -8.45425e-10 0)
(0 0 0)
(-7.87914e-11 -8.89345e-10 0)
(0 0 0)
(3.62349e-11 -1.85225e-09 0)
(3.29132e-11 -7.46937e-10 0)
(4.58535e-11 -1.72281e-09 0)
(7.56406e-11 -1.65389e-09 0)
(0 0 0)
(1.82089e-11 -7.84309e-10 0)
(4.83062e-11 -8.86183e-10 0)
(-1.92047e-10 -2.11224e-09 0)
(-1.24668e-10 -7.57105e-10 0)
(-1.93953e-10 -1.89534e-09 0)
(1.16615e-11 -8.73153e-10 0)
(2.14912e-11 -1.84274e-09 0)
(-3.354e-12 -6.72081e-10 0)
(0 0 0)
(0 0 0)
(0 0 0)
(0 0 0)
(0 0 0)
(0 0 0)
(0 0 0)
(0 0 0)
(0 0 0)
(0 0 0)
(0 0 0)
(0 0 0)
(0 0 0)
(0 0 0)
(0 0 0)
(0 0 0)
(0 0 0)
(0 0 0)
(0 0 0)
(0 0 0)
(0 0 0)
(0 0 0)
(0 0 0)
(0 0 0)
(0 0 0)
(0 0 0)
(0 0 0)
(0 0 0)
(0 0 0)
(0 0 0)
(0 0 0)
(0 0 0)
(0 0 0)
(0 0 0)
(0 0 0)
(0 0 0)
(0 0 0)
(0 0 0)
(0 0 0)
(0 0 0)
(0 0 0)
(0 0 0)
(0 0 0)
(0 0 0)
(0 0 0)
(0 0 0)
(4.35561e-11 -1.05674e-09 0)
(5.97657e-11 -7.12082e-10 0)
(5.29702e-11 -6.98032e-10 0)
(3.55817e-11 -8.44669e-10 0)
(0 0 0)
(0 0 0)
(-3.88427e-11 -1.97539e-09 0)
(0 0 0)
(-7.36543e-12 -7.46413e-10 0)
(0 0 0)
(-9.72906e-12 -8.26669e-10 0)
(2.74167e-11 -9.28809e-10 0)
(0 0 0)
(0 0 0)
(-3.95066e-11 -8.25563e-10 0)
(7.61645e-11 -1.7556e-09 0)
(-6.98419e-11 -1.57081e-09 0)
(-6.68901e-11 -1.56498e-09 0)
(-9.82094e-11 -2.09194e-09 0)
(2.37531e-11 -1.19523e-09 0)
(2.29022e-11 -7.5644e-10 0)
(-5.30467e-11 -7.63578e-10 0)
(-1.19969e-10 -2.2487e-09 0)
(-2.86585e-11 -9.00167e-10 0)
(-4.26815e-11 -7.7082e-10 0)
(-1.23959e-11 -7.66141e-10 0)
(2.17773e-11 -8.6099e-10 0)
(-3.88824e-12 -8.47764e-10 0)
(0 0 0)
(0 0 0)
(0 0 0)
(0 0 0)
(0 0 0)
(0 0 0)
(0 0 0)
(0 0 0)
(0 0 0)
(0 0 0)
(0 0 0)
(0 0 0)
(0 0 0)
(0 0 0)
(0 0 0)
(0 0 0)
(0 0 0)
(0 0 0)
(0 0 0)
(0 0 0)
(0 0 0)
(0 0 0)
(0 0 0)
(0 0 0)
(0 0 0)
(0 0 0)
(0 0 0)
(0 0 0)
(0 0 0)
(0 0 0)
(0 0 0)
(0 0 0)
(0 0 0)
(0 0 0)
(0 0 0)
(0 0 0)
(0 0 0)
(0 0 0)
(0 0 0)
(0 0 0)
(0 0 0)
(0 0 0)
(0 0 0)
(0 0 0)
(0 0 0)
(0 0 0)
(0 0 0)
(5.52072e-11 -6.13053e-10 0)
(9.58601e-11 -7.70648e-10 0)
(0 0 0)
(6.92322e-11 -8.56525e-10 0)
(-2.90874e-11 -8.08479e-10 0)
(5.11064e-12 -9.06332e-10 0)
(-4.48388e-11 -8.58391e-10 0)
(0 0 0)
(-3.04041e-11 -8.10721e-10 0)
(-8.94108e-12 -7.81278e-10 0)
(3.39805e-12 -8.85228e-10 0)
(-2.22021e-12 -1.14904e-09 0)
(0 0 0)
(0 0 0)
(-9.27275e-11 -1.64568e-09 0)
(-1.42091e-10 -1.63298e-09 0)
(-1.60454e-10 -1.53052e-09 0)
(-1.05893e-10 -1.69946e-09 0)
(0 0 0)
(-3.83704e-12 -6.36934e-10 0)
(-2.88979e-11 -1.83321e-09 0)
(0 0 0)
(-5.60248e-11 -7.76655e-10 0)
(-7.68231e-12 -8.78807e-10 0)
(1.45684e-11 -8.2327e-10 0)
(1.3788e-11 -8.14789e-10 0)
(3.0648e-11 -8.95251e-10 0)
(-4.14155e-11 -9.07319e-10 0)
(0 0 0)
(4.92941e-11 -8.35855e-10 0)
(6.6162e-11 -7.9277e-10 0)
(7.68827e-11 -7.57432e-10 0)
(0 0 0)
(0 0 0)
(0 0 0)
(0 0 0)
(0 0 0)
(0 0 0)
(0 0 0)
(0 0 0)
(0 0 0)
(0 0 0)
(0 0 0)
(0 0 0)
(0 0 0)
(0 0 0)
(0 0 0)
(0 0 0)
(0 0 0)
(0 0 0)
(0 0 0)
(0 0 0)
(0 0 0)
(0 0 0)
(0 0 0)
(0 0 0)
(0 0 0)
(0 0 0)
(0 0 0)
(0 0 0)
(0 0 0)
(0 0 0)
(0 0 0)
(0 0 0)
(0 0 0)
(0 0 0)
(0 0 0)
(0 0 0)
(0 0 0)
(0 0 0)
(0 0 0)
(0 0 0)
(0 0 0)
(0 0 0)
(0 0 0)
(1.10735e-10 -7.19067e-10 0)
(0 0 0)
(5.16014e-11 -6.05831e-10 0)
(3.0274e-11 -8.50944e-10 0)
(3.20322e-12 -7.66049e-10 0)
(6.65056e-14 -2.13993e-09 0)
(2.38634e-11 -7.84879e-10 0)
(-1.57888e-11 -6.63987e-10 0)
(0 0 0)
(-4.2643e-12 -7.60394e-10 0)
(0 0 0)
(-1.07816e-10 -2.3735e-09 0)
(4.00895e-11 -8.75026e-10 0)
(5.96064e-11 -1.7997e-09 0)
(-9.30327e-11 -1.56045e-09 0)
(-5.27682e-11 -7.29284e-10 0)
(-7.72999e-11 -1.81097e-09 0)
(1.22514e-11 -7.307e-10 0)
(-3.50888e-12 -6.75901e-10 0)
(0 0 0)
(-6.89598e-11 -1.82752e-09 0)
(-8.31436e-11 -1.83045e-09 0)
(-5.0519e-11 -7.39407e-10 0)
(0 0 0)
(1.44826e-11 -8.40709e-10 0)
(-2.24526e-11 -8.40422e-10 0)
(1.27725e-11 -1.05194e-09 0)
(0 0 0)
(0 0 0)
(2.55543e-11 -8.10782e-10 0)
(5.22424e-11 -7.66872e-10 0)
(6.69587e-12 -1.85156e-09 0)
(1.26954e-11 -7.11218e-10 0)
(0 0 0)
(0 0 0)
(0 0 0)
(0 0 0)
(0 0 0)
(0 0 0)
(0 0 0)
(0 0 0)
(0 0 0)
(0 0 0)
(0 0 0)
(0 0 0)
(0 0 0)
(0 0 0)
(0 0 0)
(0 0 0)
(0 0 0)
(0 0 0)
(0 0 0)
(0 0 0)
(0 0 0)
(0 0 0)
(0 0 0)
(0 0 0)
(0 0 0)
(0 0 0)
(0 0 0)
(0 0 0)
(0 0 0)
(0 0 0)
(0 0 0)
(0 0 0)
(0 0 0)
(0 0 0)
(0 0 0)
(0 0 0)
(0 0 0)
(0 0 0)
(0 0 0)
(0 0 0)
(0 0 0)
(0 0 0)
(-7.77352e-12 -6.26215e-10 0)
(1.46466e-10 -1.69315e-09 0)
(-4.7441e-11 -8.36611e-10 0)
(-1.09226e-10 -1.72412e-09 0)
(2.31065e-11 -1.91008e-09 0)
(-2.53064e-11 -7.56397e-10 0)
(6.99982e-11 -1.84283e-09 0)
(2.59025e-11 -7.48804e-10 0)
(-3.10556e-11 -7.6838e-10 0)
(0 0 0)
(-8.07788e-11 -8.11657e-10 0)
(-1.5265e-10 -2.01432e-09 0)
(5.74014e-11 -8.91245e-10 0)
(0 0 0)
(1.34668e-12 -8.44629e-10 0)
(-2.9154e-12 -7.75953e-10 0)
(0 0 0)
(-4.13845e-11 -7.47604e-10 0)
(1.43415e-11 -8.30339e-10 0)
(0 0 0)
(-1.10225e-10 -9.24544e-10 0)
(0 0 0)
(-2.99022e-11 -7.70351e-10 0)
(-7.7137e-12 -8.24489e-10 0)
(-1.42781e-11 -8.37732e-10 0)
(0 0 0)
(-1.40741e-11 -8.99601e-10 0)
(0 0 0)
(6.89037e-11 -8.97169e-10 0)
(2.1531e-11 -8.66715e-10 0)
(1.49713e-11 -8.5891e-10 0)
(0 0 0)
(0 0 0)
(0 0 0)
(0 0 0)
(0 0 0)
(0 0 0)
(0 0 0)
(0 0 0)
(0 0 0)
(0 0 0)
(0 0 0)
(0 0 0)
(0 0 0)
(0 0 0)
(0 0 0)
(0 0 0)
(0 0 0)
(0 0 0)
(0 0 0)
(0 0 0)
(0 0 0)
(0 0 0)
(0 0 0)
(0 0 0)
(0 0 0)
(0 0 0)
(0 0 0)
(0 0 0)
(0 0 0)
(0 0 0)
(0 0 0)
(0 0 0)
(0 0 0)
(0 0 0)
(0 0 0)
(0 0 0)
(0 0 0)
(0 0 0)
(0 0 0)
(0 0 0)
(0 0 0)
(0 0 0)
(0 0 0)
(0 0 0)
(-1.0775e-11 -7.52132e-10 0)
(-2.92502e-11 -2.11536e-09 0)
(-3.68767e-11 -1.33856e-09 0)
(-5.90489e-11 -1.09591e-09 0)
(-8.56189e-11 -1.66262e-09 0)
(-2.34293e-11 -7.41016e-10 0)
(0 0 0)
(7.4808e-11 -1.89369e-09 0)
(0 0 0)
(-1.34831e-11 -8.39775e-10 0)
(0 0 0)
(-1.72647e-11 -8.56271e-10 0)
(0 0 0)
(4.32032e-11 -8.88028e-10 0)
(0 0 0)
(1.51699e-11 -8.03587e-10 0)
(-3.74953e-12 -8.07495e-10 0)
(0 0 0)
(0 0 0)
(2.37232e-12 -9.85351e-10 0)
(-5.17877e-11 -9.40579e-10 0)
(-3.37742e-11 -8.11557e-10 0)
(0 0 0)
(-1.95444e-11 -8.43812e-10 0)
(6.84236e-12 -8.50282e-10 0)
(-1.76553e-12 -9.1548e-10 0)
(3.26763e-13 -1.21292e-11 0)
(2.56648e-11 -8.85937e-10 0)
(3.38619e-11 -9.0418e-10 0)
(7.07627e-11 -7.60099e-10 0)
(1.69754e-11 -8.47225e-10 0)
(5.24789e-11 -8.02792e-10 0)
(1.14476e-10 -1.87848e-09 0)
(0 0 0)
(0 0 0)
(0 0 0)
(0 0 0)
(0 0 0)
(0 0 0)
(0 0 0)
(0 0 0)
(0 0 0)
(0 0 0)
(0 0 0)
(0 0 0)
(0 0 0)
(0 0 0)
(0 0 0)
(0 0 0)
(0 0 0)
(0 0 0)
(0 0 0)
(0 0 0)
(0 0 0)
(0 0 0)
(0 0 0)
(0 0 0)
(0 0 0)
(0 0 0)
(0 0 0)
(0 0 0)
(0 0 0)
(0 0 0)
(0 0 0)
(0 0 0)
(0 0 0)
(0 0 0)
(0 0 0)
(0 0 0)
(0 0 0)
(0 0 0)
(0 0 0)
(0 0 0)
(0 0 0)
(0 0 0)
(-6.80872e-11 -1.69154e-09 0)
(-4.26291e-11 -7.23829e-10 0)
(1.18277e-11 -8.77524e-10 0)
(0 0 0)
(-1.26304e-11 -8.58469e-10 0)
(-1.95853e-11 -7.963e-10 0)
(0 0 0)
(-2.15531e-11 -9.08265e-10 0)
(1.248e-11 -8.50065e-10 0)
(0 0 0)
(2.75805e-11 -8.2405e-10 0)
(0 0 0)
(1.45097e-11 -8.03556e-10 0)
(3.28411e-11 -1.00097e-09 0)
(0 0 0)
(0 0 0)
(-1.2355e-11 -1.79521e-09 0)
(0 0 0)
(-2.7754e-11 -8.34007e-10 0)
(-2.41441e-11 -8.98176e-10 0)
(0 0 0)
(-4.38078e-12 -8.96963e-10 0)
(-9.53516e-12 -8.50148e-10 0)
(0 0 0)
(4.63791e-11 -8.3084e-10 0)
(-1.02619e-11 -8.51626e-10 0)
(-4.61296e-12 -8.44064e-10 0)
(2.83956e-11 -8.33148e-10 0)
(1.74704e-11 -8.64239e-10 0)
(6.06867e-11 -1.74142e-09 0)
(1.05193e-11 -1.35027e-09 0)
(-1.38049e-11 -1.16007e-09 0)
(0 0 0)
(0 0 0)
(0 0 0)
(0 0 0)
(0 0 0)
(0 0 0)
(0 0 0)
(0 0 0)
(0 0 0)
(0 0 0)
(0 0 0)
(0 0 0)
(0 0 0)
(0 0 0)
(0 0 0)
(0 0 0)
(0 0 0)
(0 0 0)
(0 0 0)
(0 0 0)
(0 0 0)
(0 0 0)
(0 0 0)
(0 0 0)
(0 0 0)
(0 0 0)
(0 0 0)
(0 0 0)
(0 0 0)
(0 0 0)
(0 0 0)
(0 0 0)
(0 0 0)
(0 0 0)
(0 0 0)
(0 0 0)
(0 0 0)
(0 0 0)
(0 0 0)
(0 0 0)
(0 0 0)
(0 0 0)
(0 0 0)
(-2.75108e-11 -6.73188e-10 0)
(5.53216e-12 -7.69844e-10 0)
(0 0 0)
(0 0 0)
(1.855e-11 -4.16467e-10 0)
(2.77828e-12 -5.97915e-11 0)
(0 0 0)
(-1.14265e-11 -9.61557e-10 0)
(-4.99911e-11 -1.8758e-09 0)
(5.31378e-12 -7.40316e-10 0)
(3.38295e-11 -1.68583e-09 0)
(3.13544e-11 -1.21557e-09 0)
(9.85236e-12 -3.11032e-10 0)
(4.39069e-11 -8.61116e-10 0)
(3.86688e-11 -8.63538e-10 0)
(2.67432e-11 -8.09364e-10 0)
(0 0 0)
(-4.86497e-12 -8.14033e-10 0)
(6.00041e-12 -8.2098e-10 0)
(1.79529e-11 -8.4467e-10 0)
(8.84126e-11 -9.33078e-10 0)
(0 0 0)
(1.80555e-11 -8.63421e-10 0)
(0 0 0)
(4.17768e-12 -1.80772e-09 0)
(-1.42331e-11 -7.15487e-10 0)
(-1.74192e-11 -7.85095e-10 0)
(-9.65681e-12 -1.97612e-09 0)
(1.50418e-11 -7.93839e-10 0)
(2.10797e-11 -7.94861e-10 0)
(1.58245e-11 -8.29704e-10 0)
(0 0 0)
(0 0 0)
(0 0 0)
(0 0 0)
(0 0 0)
(0 0 0)
(0 0 0)
(0 0 0)
(0 0 0)
(0 0 0)
(0 0 0)
(0 0 0)
(0 0 0)
(0 0 0)
(0 0 0)
(0 0 0)
(0 0 0)
(0 0 0)
(0 0 0)
(0 0 0)
(0 0 0)
(0 0 0)
(0 0 0)
(0 0 0)
(0 0 0)
(0 0 0)
(0 0 0)
(0 0 0)
(0 0 0)
(0 0 0)
(0 0 0)
(0 0 0)
(0 0 0)
(0 0 0)
(0 0 0)
(0 0 0)
(0 0 0)
(0 0 0)
(0 0 0)
(0 0 0)
(0 0 0)
(0 0 0)
(0 0 0)
(0 0 0)
(2.09502e-11 -1.45445e-09 0)
(4.09277e-12 -6.8551e-10 0)
(0 0 0)
(0 0 0)
(5.37836e-11 -8.4075e-10 0)
(0 0 0)
(3.34319e-11 -2.09709e-09 0)
(4.77672e-11 -2.08948e-09 0)
(1.38805e-11 -7.14017e-10 0)
(-2.59396e-12 -7.46853e-10 0)
(3.5129e-11 -7.78879e-10 0)
(3.94156e-11 -8.40254e-10 0)
(0 0 0)
(-9.95576e-12 -9.72032e-10 0)
(0 0 0)
(4.33365e-11 -8.21562e-10 0)
(3.15581e-11 -8.46312e-10 0)
(0 0 0)
(1.12546e-11 -7.63041e-10 0)
(7.92295e-11 -7.78265e-10 0)
(7.82784e-11 -2.03236e-09 0)
(8.6399e-12 -7.78585e-10 0)
(-1.28949e-11 -1.86671e-09 0)
(3.23263e-12 -6.79177e-10 0)
(2.91695e-11 -1.58952e-09 0)
(-3.05916e-11 -7.51221e-10 0)
(-1.84396e-11 -7.79464e-10 0)
(6.01054e-12 -8.401e-10 0)
(0 0 0)
(1.28706e-11 -8.67862e-10 0)
(0 0 0)
(0 0 0)
(0 0 0)
(0 0 0)
(0 0 0)
(0 0 0)
(0 0 0)
(0 0 0)
(0 0 0)
(0 0 0)
(0 0 0)
(0 0 0)
(0 0 0)
(0 0 0)
(0 0 0)
(0 0 0)
(0 0 0)
(0 0 0)
(0 0 0)
(0 0 0)
(0 0 0)
(0 0 0)
(0 0 0)
(0 0 0)
(0 0 0)
(0 0 0)
(0 0 0)
(0 0 0)
(0 0 0)
(0 0 0)
(0 0 0)
(0 0 0)
(0 0 0)
(0 0 0)
(0 0 0)
(0 0 0)
(0 0 0)
(0 0 0)
(0 0 0)
(0 0 0)
(0 0 0)
(0 0 0)
(0 0 0)
(0 0 0)
(0 0 0)
(-3.3498e-11 -8.10671e-10 0)
(-6.14329e-11 -7.99827e-10 0)
(2.67175e-11 -8.87105e-10 0)
(5.26648e-12 -1.73582e-09 0)
(4.82308e-11 -1.68639e-09 0)
(1.45464e-11 -1.76904e-09 0)
(0 0 0)
(0 0 0)
(1.78383e-11 -8.11599e-10 0)
(2.25939e-11 -8.37521e-10 0)
(0 0 0)
(5.02584e-11 -9.18693e-10 0)
(0 0 0)
(-2.86411e-11 -7.75856e-10 0)
(4.15692e-11 -8.72869e-10 0)
(5.87351e-11 -8.16905e-10 0)
(3.38216e-11 -7.91108e-10 0)
(8.1622e-11 -1.71706e-09 0)
(1.34247e-11 -1.6269e-09 0)
(3.76596e-11 -1.79247e-09 0)
(-1.16822e-11 -7.74845e-10 0)
(7.40923e-11 -1.847e-09 0)
(-5.45742e-12 -7.75247e-10 0)
(9.52963e-12 -7.62246e-10 0)
(8.70509e-12 -7.87056e-10 0)
(3.06572e-11 -8.70711e-10 0)
(0 0 0)
(3.9433e-11 -8.43019e-10 0)
(2.37859e-11 -8.69791e-10 0)
(0 0 0)
(-6.46809e-12 -8.76467e-10 0)
(0 0 0)
(0 0 0)
(0 0 0)
(0 0 0)
(0 0 0)
(0 0 0)
(0 0 0)
(0 0 0)
(0 0 0)
(0 0 0)
(0 0 0)
(0 0 0)
(0 0 0)
(0 0 0)
(0 0 0)
(0 0 0)
(0 0 0)
(0 0 0)
(0 0 0)
(0 0 0)
(0 0 0)
(0 0 0)
(0 0 0)
(0 0 0)
(0 0 0)
(0 0 0)
(0 0 0)
(0 0 0)
(0 0 0)
(0 0 0)
(0 0 0)
(0 0 0)
(0 0 0)
(0 0 0)
(0 0 0)
(0 0 0)
(0 0 0)
(0 0 0)
(0 0 0)
(0 0 0)
(0 0 0)
(0 0 0)
(0 0 0)
(0 0 0)
(0 0 0)
(-4.71789e-11 -9.06241e-10 0)
(-8.90296e-12 -8.40894e-10 0)
(-2.0002e-11 -8.23749e-10 0)
(-1.91609e-11 -1.75734e-09 0)
(-2.42376e-11 -1.81852e-09 0)
(7.00083e-11 -1.75565e-09 0)
(1.50777e-10 -2.07307e-09 0)
(0 0 0)
(2.35093e-11 -8.59146e-10 0)
(2.06362e-11 -6.13483e-10 0)
(1.00386e-11 -8.45033e-10 0)
(2.50479e-11 -8.43118e-10 0)
(2.52579e-11 -1.72806e-09 0)
(6.83495e-11 -8.19421e-10 0)
(6.96403e-11 -8.82329e-10 0)
(0 0 0)
(-1.24267e-11 -7.63027e-10 0)
(1.62043e-11 -7.26228e-10 0)
(-2.0279e-11 -1.82631e-09 0)
(1.2386e-11 -7.82565e-10 0)
(1.17438e-11 -8.09147e-10 0)
(-3.05024e-12 -8.38577e-10 0)
(0 0 0)
(3.45726e-11 -8.55268e-10 0)
(3.14093e-11 -8.03962e-10 0)
(3.95045e-11 -8.86718e-10 0)
(0 0 0)
(7.10012e-12 -8.98674e-10 0)
(-7.67034e-11 -2.01795e-09 0)
(6.42021e-12 -7.5134e-10 0)
(0 0 0)
(0 0 0)
(0 0 0)
(0 0 0)
(0 0 0)
(0 0 0)
(0 0 0)
(0 0 0)
(0 0 0)
(0 0 0)
(0 0 0)
(0 0 0)
(0 0 0)
(0 0 0)
(0 0 0)
(0 0 0)
(0 0 0)
(0 0 0)
(0 0 0)
(0 0 0)
(0 0 0)
(0 0 0)
(0 0 0)
(0 0 0)
(0 0 0)
(0 0 0)
(0 0 0)
(0 0 0)
(0 0 0)
(0 0 0)
(0 0 0)
(0 0 0)
(0 0 0)
(0 0 0)
(0 0 0)
(0 0 0)
(0 0 0)
(0 0 0)
(0 0 0)
(0 0 0)
(0 0 0)
(0 0 0)
(0 0 0)
(0 0 0)
(0 0 0)
(0 0 0)
(-8.33603e-13 -8.53124e-10 0)
(-1.72836e-11 -8.36376e-10 0)
(0 0 0)
(-2.48377e-11 -8.34944e-10 0)
(-2.91068e-12 -7.88346e-10 0)
(7.60341e-11 -2.40023e-09 0)
(3.98209e-11 -9.29817e-10 0)
(6.31163e-12 -6.95418e-10 0)
(8.61819e-12 -6.17307e-10 0)
(8.72896e-11 -7.91552e-10 0)
(0 0 0)
(3.99496e-11 -8.05916e-10 0)
(1.10692e-10 -8.43016e-10 0)
(9.90537e-11 -8.58897e-10 0)
(1.69289e-10 -1.99278e-09 0)
(1.42597e-11 -7.54946e-10 0)
(-2.13816e-11 -1.73113e-09 0)
(-2.38038e-11 -7.88159e-10 0)
(-4.42007e-11 -1.773e-09 0)
(3.15751e-11 -1.79895e-09 0)
(0 0 0)
(0 0 0)
(1.51859e-11 -2.09668e-10 0)
(1.52348e-10 -2.23557e-09 0)
(0 0 0)
(6.9037e-11 -8.54016e-10 0)
(-6.58648e-11 -9.67029e-10 0)
(0 0 0)
(0 0 0)
(0 0 0)
(3.62091e-12 -1.85778e-09 0)
(2.16781e-11 -6.93203e-10 0)
(0 0 0)
(0 0 0)
(0 0 0)
(0 0 0)
(0 0 0)
(0 0 0)
(0 0 0)
(0 0 0)
(0 0 0)
(0 0 0)
(0 0 0)
(0 0 0)
(0 0 0)
(0 0 0)
(0 0 0)
(0 0 0)
(0 0 0)
(0 0 0)
(0 0 0)
(0 0 0)
(0 0 0)
(0 0 0)
(0 0 0)
(0 0 0)
(0 0 0)
(0 0 0)
(0 0 0)
(0 0 0)
(0 0 0)
(0 0 0)
(0 0 0)
(0 0 0)
(0 0 0)
(0 0 0)
(0 0 0)
(0 0 0)
(0 0 0)
(0 0 0)
(0 0 0)
(0 0 0)
(0 0 0)
(-5.7228e-11 -8.56262e-10 0)
(1.49933e-11 -8.07093e-10 0)
(2.82436e-11 -1.74176e-09 0)
(0 0 0)
(-1.89692e-11 -8.51999e-10 0)
(0 0 0)
(-2.93515e-11 -8.92598e-10 0)
(0 0 0)
(0 0 0)
(9.13801e-11 -8.4619e-10 0)
(5.40674e-11 -7.60829e-10 0)
(5.40597e-11 -1.95618e-09 0)
(4.21742e-12 -6.96109e-10 0)
(5.50917e-11 -1.75497e-09 0)
(7.25158e-11 -8.23622e-10 0)
(7.13801e-11 -8.74162e-10 0)
(2.32546e-11 -8.30316e-10 0)
(-4.93487e-11 -8.275e-10 0)
(-6.71732e-11 -8.05605e-10 0)
(-3.89501e-11 -7.97004e-10 0)
(2.37098e-12 -8.03322e-10 0)
(3.42304e-11 -7.9014e-10 0)
(4.48578e-11 -7.86893e-10 0)
(0 0 0)
(1.32831e-10 -1.71624e-09 0)
(7.15096e-11 -7.2399e-10 0)
(7.37958e-11 -7.55836e-10 0)
(2.35468e-11 -1.05734e-09 0)
(0 0 0)
(0 0 0)
(0 0 0)
(-1.3555e-11 -8.51842e-10 0)
(-4.4807e-11 -8.30588e-10 0)
(-3.47474e-11 -8.01225e-10 0)
(0 0 0)
(0 0 0)
(0 0 0)
(0 0 0)
(0 0 0)
(0 0 0)
(0 0 0)
(0 0 0)
(0 0 0)
(0 0 0)
(0 0 0)
(0 0 0)
(0 0 0)
(0 0 0)
(0 0 0)
(0 0 0)
(0 0 0)
(0 0 0)
(0 0 0)
(0 0 0)
(0 0 0)
(0 0 0)
(0 0 0)
(0 0 0)
(0 0 0)
(0 0 0)
(0 0 0)
(0 0 0)
(0 0 0)
(0 0 0)
(0 0 0)
(0 0 0)
(0 0 0)
(0 0 0)
(0 0 0)
(0 0 0)
(0 0 0)
(0 0 0)
(0 0 0)
(0 0 0)
(0 0 0)
(3.77955e-11 -6.9225e-10 0)
(6.39969e-12 -1.7634e-09 0)
(0 0 0)
(-3.95011e-11 -8.50748e-10 0)
(-3.17637e-12 -8.96301e-10 0)
(-4.22205e-12 -3.76072e-10 0)
(-1.81986e-12 -1.63419e-10 0)
(5.70159e-11 -9.34201e-10 0)
(4.07947e-11 -9.2066e-10 0)
(0 0 0)
(5.2762e-11 -8.50054e-10 0)
(2.45755e-12 -1.78554e-09 0)
(2.13647e-11 -1.71941e-09 0)
(-1.57024e-12 -7.00832e-10 0)
(7.03357e-11 -1.14447e-09 0)
(6.72777e-11 -1.26326e-09 0)
(1.03113e-10 -2.22139e-09 0)
(-3.34594e-11 -8.53147e-10 0)
(-3.3368e-11 -7.52218e-10 0)
(-1.16347e-11 -7.5364e-10 0)
(1.23714e-11 -7.96201e-10 0)
(3.68296e-11 -8.76659e-10 0)
(0 0 0)
(3.85365e-11 -8.35281e-10 0)
(1.47481e-11 -7.71648e-10 0)
(4.25668e-11 -7.35512e-10 0)
(1.41216e-11 -7.72585e-10 0)
(-2.42778e-11 -2.085e-09 0)
(8.97034e-11 -8.64986e-10 0)
(0 0 0)
(5.25102e-12 -8.08684e-10 0)
(1.94045e-12 -8.37226e-10 0)
(0 0 0)
(0 0 0)
(0 0 0)
(0 0 0)
(0 0 0)
(0 0 0)
(0 0 0)
(0 0 0)
(0 0 0)
(0 0 0)
(0 0 0)
(0 0 0)
(0 0 0)
(0 0 0)
(0 0 0)
(0 0 0)
(0 0 0)
(0 0 0)
(0 0 0)
(0 0 0)
(0 0 0)
(0 0 0)
(0 0 0)
(0 0 0)
(0 0 0)
(0 0 0)
(0 0 0)
(0 0 0)
(0 0 0)
(0 0 0)
(0 0 0)
(0 0 0)
(0 0 0)
(0 0 0)
(0 0 0)
(0 0 0)
(0 0 0)
(0 0 0)
(0 0 0)
(0 0 0)
(0 0 0)
(0 0 0)
(0 0 0)
(1.75715e-11 -6.89118e-10 0)
(0 0 0)
(-1.52791e-11 -8.3257e-10 0)
(-3.01451e-11 -8.3208e-10 0)
(-1.93333e-11 -8.74967e-10 0)
(7.89578e-14 -5.57108e-12 0)
(2.53455e-11 -1.98243e-09 0)
(2.69064e-11 -1.02755e-09 0)
(-8.29051e-12 -8.44655e-10 0)
(2.93652e-11 -1.75405e-09 0)
(6.27605e-11 -1.61107e-09 0)
(-1.57076e-11 -7.87356e-10 0)
(4.87411e-11 -1.41286e-09 0)
(-4.63656e-11 -1.59213e-09 0)
(-6.74015e-11 -1.6224e-09 0)
(-7.51626e-12 -7.56457e-10 0)
(-5.86232e-11 -8.47168e-10 0)
(1.30082e-11 -9.50143e-10 0)
(1.67205e-11 -8.67041e-10 0)
(1.97793e-11 -7.70875e-10 0)
(2.19108e-11 -7.93767e-10 0)
(3.23112e-11 -8.29037e-10 0)
(0 0 0)
(6.45063e-11 -8.11662e-10 0)
(0 0 0)
(1.00182e-10 -1.7814e-09 0)
(1.39014e-11 -7.63804e-10 0)
(2.65484e-11 -8.00772e-10 0)
(5.39915e-11 -8.39852e-10 0)
(1.32999e-11 -1.93075e-09 0)
(0 0 0)
(0 0 0)
(0 0 0)
(0 0 0)
(0 0 0)
(0 0 0)
(0 0 0)
(0 0 0)
(0 0 0)
(0 0 0)
(0 0 0)
(0 0 0)
(0 0 0)
(0 0 0)
(0 0 0)
(0 0 0)
(0 0 0)
(0 0 0)
(0 0 0)
(0 0 0)
(0 0 0)
(0 0 0)
(0 0 0)
(0 0 0)
(0 0 0)
(0 0 0)
(0 0 0)
(0 0 0)
(0 0 0)
(0 0 0)
(0 0 0)
(0 0 0)
(0 0 0)
(0 0 0)
(0 0 0)
(0 0 0)
(0 0 0)
(0 0 0)
(0 0 0)
(0 0 0)
(0 0 0)
(0 0 0)
(0 0 0)
(0 0 0)
(0 0 0)
(3.5528e-11 -6.99812e-10 0)
(0 0 0)
(2.28417e-11 -8.32006e-10 0)
(3.69808e-11 -8.44735e-10 0)
(-8.87633e-12 -9.31352e-10 0)
(-2.68133e-11 -8.7941e-10 0)
(-2.92824e-11 -8.24886e-10 0)
(-2.21199e-11 -2.4166e-09 0)
(-3.83877e-12 -8.53437e-10 0)
(-3.42752e-11 -1.71335e-09 0)
(2.92571e-12 -1.59531e-09 0)
(-2.97697e-11 -1.62641e-09 0)
(-1.33048e-11 -6.57469e-10 0)
(-4.54805e-11 -1.71667e-09 0)
(1.49736e-11 -7.53377e-10 0)
(-2.35145e-11 -8.2025e-10 0)
(-8.05524e-12 -8.63393e-10 0)
(5.50231e-11 -9.11878e-10 0)
(0 0 0)
(2.33667e-11 -7.50092e-10 0)
(5.93666e-11 -7.80179e-10 0)
(2.497e-11 -8.15384e-10 0)
(4.86523e-11 -8.28561e-10 0)
(0 0 0)
(3.93961e-11 -8.3172e-10 0)
(4.63095e-11 -1.25799e-09 0)
(9.19388e-11 -1.24862e-09 0)
(9.48764e-11 -2.01513e-09 0)
(1.55518e-11 -9.84708e-10 0)
(0 0 0)
(0 0 0)
(0 0 0)
(0 0 0)
(0 0 0)
(0 0 0)
(0 0 0)
(0 0 0)
(0 0 0)
(0 0 0)
(0 0 0)
(0 0 0)
(0 0 0)
(0 0 0)
(0 0 0)
(0 0 0)
(0 0 0)
(0 0 0)
(0 0 0)
(0 0 0)
(0 0 0)
(0 0 0)
(0 0 0)
(0 0 0)
(0 0 0)
(0 0 0)
(0 0 0)
(0 0 0)
(0 0 0)
(0 0 0)
(0 0 0)
(0 0 0)
(0 0 0)
(0 0 0)
(0 0 0)
(0 0 0)
(0 0 0)
(0 0 0)
(0 0 0)
(0 0 0)
(0 0 0)
(0 0 0)
(0 0 0)
(0 0 0)
(0 0 0)
(0 0 0)
(1.52976e-11 -6.52815e-10 0)
(1.5084e-11 -6.80453e-10 0)
(1.44613e-11 -8.55051e-10 0)
(4.79839e-12 -9.48579e-10 0)
(-5.00164e-11 -9.72523e-10 0)
(-4.95149e-11 -9.29041e-10 0)
(-1.71097e-10 -2.06055e-09 0)
(0 0 0)
(0 0 0)
(0 0 0)
(0 0 0)
(2.91032e-11 -7.86266e-10 0)
(9.52696e-12 -8.12159e-10 0)
(6.46684e-12 -7.98141e-10 0)
(2.95091e-11 -1.35453e-09 0)
(-6.22919e-11 -2.20077e-09 0)
(-8.61304e-11 -1.66327e-09 0)
(3.11942e-11 -7.74876e-10 0)
(8.5891e-11 -8.38784e-10 0)
(6.93444e-11 -8.05485e-10 0)
(8.92739e-11 -1.90352e-09 0)
(3.10778e-11 -7.628e-10 0)
(6.00251e-11 -7.59555e-10 0)
(1.13111e-11 -7.37321e-10 0)
(3.6038e-11 -7.85805e-10 0)
(6.35756e-11 -1.73798e-09 0)
(4.82203e-13 -7.13777e-10 0)
(5.28476e-11 -8.00145e-10 0)
(-6.22919e-11 -2.38708e-09 0)
(0 0 0)
(0 0 0)
(0 0 0)
(0 0 0)
(0 0 0)
(0 0 0)
(0 0 0)
(0 0 0)
(0 0 0)
(0 0 0)
(0 0 0)
(0 0 0)
(0 0 0)
(0 0 0)
(0 0 0)
(0 0 0)
(0 0 0)
(0 0 0)
(0 0 0)
(0 0 0)
(0 0 0)
(0 0 0)
(0 0 0)
(0 0 0)
(0 0 0)
(0 0 0)
(0 0 0)
(0 0 0)
(0 0 0)
(0 0 0)
(0 0 0)
(0 0 0)
(0 0 0)
(0 0 0)
(0 0 0)
(0 0 0)
(0 0 0)
(0 0 0)
(0 0 0)
(0 0 0)
(0 0 0)
(0 0 0)
(0 0 0)
(0 0 0)
(0 0 0)
(0 0 0)
(1.35215e-11 -7.66302e-10 0)
(6.47434e-11 -1.79212e-09 0)
(1.58513e-11 -7.73392e-10 0)
(0 0 0)
(0 0 0)
(0 0 0)
(0 0 0)
(-6.72204e-11 -8.77918e-10 0)
(8.09931e-12 -9.08473e-10 0)
(-1.70854e-11 -8.59797e-10 0)
(6.45005e-12 -8.28252e-10 0)
(-1.62133e-11 -8.21021e-10 0)
(-5.58037e-12 -7.57419e-10 0)
(5.12924e-11 -1.22503e-09 0)
(-1.57668e-11 -1.631e-09 0)
(-3.14073e-11 -8.1889e-10 0)
(-4.09062e-11 -7.23489e-10 0)
(-3.65355e-11 -7.10154e-10 0)
(1.10617e-10 -2.87278e-09 0)
(5.2119e-11 -7.09296e-10 0)
(6.16388e-11 -7.83342e-10 0)
(7.45341e-11 -8.05065e-10 0)
(4.72091e-11 -1.68399e-09 0)
(1.75703e-11 -7.68214e-10 0)
(1.09515e-10 -1.70681e-09 0)
(2.578e-13 -6.90408e-10 0)
(-1.48959e-11 -7.30109e-10 0)
(-5.07168e-11 -1.01107e-09 0)
(-5.23008e-11 -9.48967e-10 0)
(6.37161e-11 -8.16699e-10 0)
(0 0 0)
(0 0 0)
(0 0 0)
(0 0 0)
(0 0 0)
(0 0 0)
(0 0 0)
(0 0 0)
(0 0 0)
(0 0 0)
(0 0 0)
(0 0 0)
(0 0 0)
(0 0 0)
(0 0 0)
(0 0 0)
(0 0 0)
(0 0 0)
(0 0 0)
(0 0 0)
(0 0 0)
(0 0 0)
(0 0 0)
(0 0 0)
(0 0 0)
(0 0 0)
(0 0 0)
(0 0 0)
(0 0 0)
(0 0 0)
(0 0 0)
(0 0 0)
(0 0 0)
(0 0 0)
(0 0 0)
(0 0 0)
(0 0 0)
(0 0 0)
(0 0 0)
(0 0 0)
(0 0 0)
(0 0 0)
(0 0 0)
(0 0 0)
(0 0 0)
(-1.02266e-11 -1.69346e-09 0)
(0 0 0)
(1.56945e-11 -6.60398e-10 0)
(-1.17164e-10 -2.31139e-09 0)
(-3.05375e-11 -9.11858e-10 0)
(-3.23352e-11 -1.03324e-09 0)
(0 0 0)
(-6.05353e-11 -8.52087e-10 0)
(-3.19961e-11 -1.92239e-09 0)
(0 0 0)
(-2.36006e-11 -2.36637e-09 0)
(3.1278e-11 -6.46783e-10 0)
(7.47681e-11 -1.50468e-09 0)
(-1.21253e-10 -7.74894e-10 0)
(-1.34915e-10 -8.85039e-10 0)
(1.933e-11 -8.72954e-10 0)
(0 0 0)
(0 0 0)
(3.6307e-11 -8.49956e-10 0)
(5.34201e-11 -8.5778e-10 0)
(1.06532e-10 -1.82939e-09 0)
(4.72372e-11 -7.30576e-10 0)
(4.27286e-12 -8.30771e-10 0)
(4.51923e-11 -1.76306e-09 0)
(1.03969e-11 -7.5698e-10 0)
(5.93427e-11 -7.91427e-10 0)
(1.24384e-11 -8.47129e-10 0)
(-4.26528e-11 -1.02163e-09 0)
(0 0 0)
(3.52853e-11 -8.92704e-10 0)
(0 0 0)
(0 0 0)
(0 0 0)
(0 0 0)
(0 0 0)
(0 0 0)
(0 0 0)
(0 0 0)
(0 0 0)
(0 0 0)
(0 0 0)
(0 0 0)
(0 0 0)
(0 0 0)
(0 0 0)
(0 0 0)
(0 0 0)
(0 0 0)
(0 0 0)
(0 0 0)
(0 0 0)
(0 0 0)
(0 0 0)
(0 0 0)
(0 0 0)
(0 0 0)
(0 0 0)
(0 0 0)
(0 0 0)
(0 0 0)
(0 0 0)
(0 0 0)
(0 0 0)
(0 0 0)
(0 0 0)
(0 0 0)
(0 0 0)
(0 0 0)
(0 0 0)
(0 0 0)
(0 0 0)
(0 0 0)
(0 0 0)
(0 0 0)
(0 0 0)
(9.12844e-12 -6.96454e-10 0)
(2.49554e-11 -6.73302e-10 0)
(-1.19215e-10 -2.14466e-09 0)
(-5.15655e-11 -8.95106e-10 0)
(-1.23555e-11 -8.65612e-10 0)
(0 0 0)
(9.18515e-11 -1.93331e-09 0)
(5.44869e-11 -1.12303e-09 0)
(1.10189e-11 -4.80604e-10 0)
(-8.33708e-11 -8.00769e-10 0)
(-5.41163e-11 -6.80569e-10 0)
(-4.16112e-11 -7.97014e-10 0)
(-4.6152e-11 -1.04099e-09 0)
(0 0 0)
(-7.27123e-12 -8.406e-10 0)
(1.83278e-11 -7.73724e-10 0)
(4.20086e-11 -7.84581e-10 0)
(5.65374e-11 -7.83881e-10 0)
(2.20533e-11 -8.72341e-10 0)
(9.12225e-11 -1.71757e-09 0)
(3.60902e-11 -7.31435e-10 0)
(9.93472e-11 -1.83578e-09 0)
(1.32605e-11 -7.94662e-10 0)
(-1.52896e-11 -7.53245e-10 0)
(1.32413e-11 -7.85281e-10 0)
(5.61154e-11 -8.80482e-10 0)
(-2.9099e-12 -9.01817e-10 0)
(1.94363e-11 -9.55304e-10 0)
(1.26732e-11 -9.63165e-10 0)
(5.56887e-11 -8.48026e-10 0)
(0 0 0)
(0 0 0)
(0 0 0)
(0 0 0)
(0 0 0)
(0 0 0)
(0 0 0)
(0 0 0)
(0 0 0)
(0 0 0)
(0 0 0)
(0 0 0)
(0 0 0)
(0 0 0)
(0 0 0)
(0 0 0)
(0 0 0)
(0 0 0)
(0 0 0)
(0 0 0)
(0 0 0)
(0 0 0)
(0 0 0)
(0 0 0)
(0 0 0)
(0 0 0)
(0 0 0)
(0 0 0)
(0 0 0)
(0 0 0)
(0 0 0)
(0 0 0)
(0 0 0)
(0 0 0)
(0 0 0)
(0 0 0)
(0 0 0)
(0 0 0)
(0 0 0)
(0 0 0)
(0 0 0)
(0 0 0)
(0 0 0)
(0 0 0)
(0 0 0)
(-9.42172e-12 -7.29419e-10 0)
(-4.47674e-11 -1.92341e-09 0)
(-1.06461e-10 -8.58058e-10 0)
(-1.02756e-10 -2.01939e-09 0)
(-1.00735e-11 -1.24175e-09 0)
(2.00175e-11 -1.19153e-09 0)
(3.34916e-11 -7.15819e-10 0)
(5.39747e-11 -8.15012e-10 0)
(6.89253e-12 -1.0768e-09 0)
(0 0 0)
(0 0 0)
(-4.21386e-11 -7.35577e-10 0)
(0 0 0)
(0 0 0)
(2.884e-11 -8.47876e-10 0)
(5.78187e-11 -1.59589e-09 0)
(3.4261e-11 -6.84061e-10 0)
(4.93182e-11 -1.84524e-09 0)
(2.25432e-11 -7.31193e-10 0)
(3.28283e-11 -7.37406e-10 0)
(4.79878e-11 -7.54498e-10 0)
(3.24327e-11 -8.45029e-10 0)
(0 0 0)
(-4.45615e-11 -8.28336e-10 0)
(-4.6487e-11 -7.59629e-10 0)
(-6.376e-11 -2.00944e-09 0)
(1.5502e-11 -9.06615e-10 0)
(6.20722e-11 -9.94325e-10 0)
(0 0 0)
(8.97645e-11 -8.00383e-10 0)
(0 0 0)
(0 0 0)
(0 0 0)
(0 0 0)
(0 0 0)
(0 0 0)
(0 0 0)
(0 0 0)
(0 0 0)
(0 0 0)
(0 0 0)
(0 0 0)
(0 0 0)
(0 0 0)
(0 0 0)
(0 0 0)
(0 0 0)
(0 0 0)
(0 0 0)
(0 0 0)
(0 0 0)
(0 0 0)
(0 0 0)
(0 0 0)
(0 0 0)
(0 0 0)
(0 0 0)
(0 0 0)
(0 0 0)
(0 0 0)
(0 0 0)
(0 0 0)
(0 0 0)
(0 0 0)
(0 0 0)
(0 0 0)
(0 0 0)
(0 0 0)
(0 0 0)
(0 0 0)
(0 0 0)
(0 0 0)
(0 0 0)
(0 0 0)
(0 0 0)
(-5.79442e-11 -7.84937e-10 0)
(-3.50051e-11 -9.71788e-10 0)
(-5.04782e-11 -9.23219e-10 0)
(-7.40869e-11 -8.62668e-10 0)
(-1.5141e-11 -8.23909e-10 0)
(-4.6769e-11 -7.91683e-10 0)
(-3.45371e-11 -1.71456e-09 0)
(3.12842e-11 -7.60453e-10 0)
(0 0 0)
(0 0 0)
(5.10433e-11 -7.53757e-10 0)
(0 0 0)
(-2.55764e-11 -1.8266e-09 0)
(1.65722e-11 -6.8501e-10 0)
(4.64974e-11 -1.74969e-09 0)
(2.2557e-11 -6.97239e-10 0)
(4.75601e-11 -7.37474e-10 0)
(0 0 0)
(-8.24313e-11 -1.96961e-09 0)
(1.00491e-11 -7.21468e-10 0)
(5.96912e-11 -1.76391e-09 0)
(-3.3229e-11 -7.85068e-10 0)
(-2.3239e-11 -2.12813e-09 0)
(-3.89839e-11 -7.94059e-10 0)
(-1.25195e-10 -1.70759e-09 0)
(-3.71702e-11 -7.1954e-10 0)
(3.48832e-11 -7.49514e-10 0)
(6.28174e-11 -8.17055e-10 0)
(1.22327e-10 -8.89057e-10 0)
(1.05577e-10 -7.97297e-10 0)
(3.12763e-11 -1.03434e-09 0)
(0 0 0)
(0 0 0)
(0 0 0)
(0 0 0)
(0 0 0)
(0 0 0)
(0 0 0)
(0 0 0)
(0 0 0)
(0 0 0)
(0 0 0)
(0 0 0)
(0 0 0)
(0 0 0)
(0 0 0)
(0 0 0)
(0 0 0)
(0 0 0)
(0 0 0)
(0 0 0)
(0 0 0)
(0 0 0)
(0 0 0)
(0 0 0)
(0 0 0)
(0 0 0)
(0 0 0)
(0 0 0)
(0 0 0)
(0 0 0)
(0 0 0)
(0 0 0)
(0 0 0)
(0 0 0)
(0 0 0)
(0 0 0)
(0 0 0)
(0 0 0)
(0 0 0)
(0 0 0)
(0 0 0)
(0 0 0)
(0 0 0)
(0 0 0)
(-8.15953e-11 -7.90004e-10 0)
(0 0 0)
(1.63712e-11 -8.76314e-10 0)
(1.9964e-11 -8.42215e-10 0)
(3.04282e-12 -7.74344e-10 0)
(-3.39297e-11 -7.99616e-10 0)
(-2.67517e-11 -8.24735e-10 0)
(-2.93792e-11 -7.88629e-10 0)
(0 0 0)
(4.77249e-11 -1.01697e-09 0)
(-6.82185e-11 -8.71812e-10 0)
(-2.01245e-11 -8.17589e-10 0)
(1.97424e-11 -7.91873e-10 0)
(-8.47635e-12 -7.44351e-10 0)
(1.36657e-11 -7.87255e-10 0)
(0 0 0)
(6.78502e-12 -6.98227e-10 0)
(-3.42835e-11 -2.26619e-09 0)
(0 0 0)
(3.25016e-12 -7.93542e-10 0)
(2.00716e-11 -8.08879e-10 0)
(-6.14433e-11 -1.87717e-09 0)
(0 0 0)
(0 0 0)
(-2.26583e-11 -8.35997e-10 0)
(-3.8795e-11 -1.82594e-09 0)
(3.51448e-11 -7.30489e-10 0)
(4.16808e-11 -7.69752e-10 0)
(8.78141e-11 -8.32959e-10 0)
(1.50442e-10 -1.88805e-09 0)
(-1.80571e-11 -8.52119e-10 0)
(0 0 0)
(0 0 0)
(0 0 0)
(0 0 0)
(0 0 0)
(0 0 0)
(0 0 0)
(0 0 0)
(0 0 0)
(0 0 0)
(0 0 0)
(0 0 0)
(0 0 0)
(0 0 0)
(0 0 0)
(0 0 0)
(0 0 0)
(0 0 0)
(0 0 0)
(0 0 0)
(0 0 0)
(0 0 0)
(0 0 0)
(0 0 0)
(0 0 0)
(0 0 0)
(0 0 0)
(0 0 0)
(0 0 0)
(0 0 0)
(0 0 0)
(0 0 0)
(0 0 0)
(0 0 0)
(0 0 0)
(0 0 0)
(0 0 0)
(0 0 0)
(0 0 0)
(0 0 0)
(0 0 0)
(0 0 0)
(0 0 0)
(0 0 0)
(-4.9149e-11 -7.68109e-10 0)
(-2.38005e-11 -8.65746e-10 0)
(0 0 0)
(0 0 0)
(-7.03085e-12 -1.76456e-09 0)
(-3.51418e-11 -8.45941e-10 0)
(0 0 0)
(-1.07555e-11 -8.31152e-10 0)
(1.50176e-11 -8.24222e-10 0)
(4.64896e-11 -2.34401e-09 0)
(7.85423e-12 -8.28614e-10 0)
(-4.01875e-12 -6.61903e-10 0)
(4.44925e-12 -7.28389e-10 0)
(8.07659e-11 -1.74408e-09 0)
(2.13229e-11 -7.4408e-10 0)
(0 0 0)
(-1.08029e-11 -7.39834e-10 0)
(0 0 0)
(5.13941e-11 -8.28594e-10 0)
(6.05777e-11 -8.05318e-10 0)
(0 0 0)
(-1.12976e-10 -2.28899e-09 0)
(-5.82497e-11 -8.74911e-10 0)
(4.81357e-12 -9.33773e-10 0)
(-3.95818e-12 -8.46334e-10 0)
(-1.90414e-11 -1.83492e-09 0)
(1.2049e-11 -7.03503e-10 0)
(-4.96597e-11 -1.05994e-09 0)
(8.42445e-12 -1.36819e-09 0)
(7.27694e-11 -8.027e-10 0)
(6.46548e-11 -1.98126e-09 0)
(9.87936e-11 -8.26857e-10 0)
(0 0 0)
(0 0 0)
(0 0 0)
(0 0 0)
(0 0 0)
(0 0 0)
(0 0 0)
(0 0 0)
(0 0 0)
(0 0 0)
(0 0 0)
(0 0 0)
(0 0 0)
(0 0 0)
(0 0 0)
(0 0 0)
(0 0 0)
(0 0 0)
(0 0 0)
(0 0 0)
(0 0 0)
(0 0 0)
(0 0 0)
(0 0 0)
(0 0 0)
(0 0 0)
(0 0 0)
(0 0 0)
(0 0 0)
(0 0 0)
(0 0 0)
(0 0 0)
(0 0 0)
(0 0 0)
(0 0 0)
(0 0 0)
(0 0 0)
(0 0 0)
(0 0 0)
(0 0 0)
(0 0 0)
(0 0 0)
(0 0 0)
(-7.98821e-11 -1.73846e-09 0)
(-4.18305e-11 -1.64317e-09 0)
(-1.92554e-11 -1.77753e-09 0)
(8.86446e-12 -7.98581e-10 0)
(0 0 0)
(-3.83239e-11 -7.62964e-10 0)
(-1.28723e-11 -7.72021e-10 0)
(-8.99115e-11 -1.79721e-09 0)
(-4.89186e-11 -7.54261e-10 0)
(-1.1774e-11 -1.28203e-09 0)
(1.09261e-10 -1.72573e-09 0)
(0 0 0)
(5.68287e-12 -7.81092e-10 0)
(1.12963e-11 -8.0006e-10 0)
(7.15105e-11 -1.7366e-09 0)
(-7.0028e-13 -7.29034e-10 0)
(-5.39869e-11 -1.74957e-09 0)
(0 0 0)
(1.78444e-11 -1.67603e-09 0)
(1.75486e-11 -6.87056e-10 0)
(-3.06097e-11 -1.02543e-09 0)
(-7.38739e-12 -1.00046e-09 0)
(-5.91335e-12 -8.49654e-10 0)
(3.79411e-12 -9.22252e-10 0)
(0 0 0)
(9.02259e-11 -1.30941e-09 0)
(1.00033e-10 -1.3043e-09 0)
(-3.05283e-11 -7.80759e-10 0)
(-5.95361e-12 -7.62551e-10 0)
(5.95368e-11 -8.05921e-10 0)
(7.38138e-11 -8.38061e-10 0)
(1.19287e-10 -8.94502e-10 0)
(1.00314e-10 -8.6801e-10 0)
(0 0 0)
(0 0 0)
(0 0 0)
(0 0 0)
(0 0 0)
(0 0 0)
(0 0 0)
(0 0 0)
(0 0 0)
(0 0 0)
(0 0 0)
(0 0 0)
(0 0 0)
(0 0 0)
(0 0 0)
(0 0 0)
(0 0 0)
(0 0 0)
(0 0 0)
(0 0 0)
(0 0 0)
(0 0 0)
(0 0 0)
(0 0 0)
(0 0 0)
(0 0 0)
(0 0 0)
(0 0 0)
(0 0 0)
(0 0 0)
(0 0 0)
(0 0 0)
(0 0 0)
(0 0 0)
(0 0 0)
(0 0 0)
(0 0 0)
(0 0 0)
(0 0 0)
(0 0 0)
(0 0 0)
(0 0 0)
(0 0 0)
(-1.37701e-11 -8.17e-10 0)
(-4.0471e-12 -8.55389e-10 0)
(1.21906e-11 -8.6942e-10 0)
(2.32826e-11 -8.65653e-10 0)
(1.97036e-11 -8.72121e-10 0)
(3.59485e-12 -8.50401e-10 0)
(-3.55438e-11 -8.17733e-10 0)
(0 0 0)
(0 0 0)
(1.75792e-11 -9.29852e-10 0)
(4.49626e-11 -8.40508e-10 0)
(2.8297e-12 -7.9666e-10 0)
(0 0 0)
(-7.28906e-12 -8.55293e-10 0)
(-3.23122e-12 -9.08953e-10 0)
(-3.68835e-11 -1.86051e-09 0)
(-3.58879e-11 -8.20645e-10 0)
(-5.2123e-11 -8.1008e-10 0)
(-3.98012e-11 -8.13575e-10 0)
(-5.58511e-11 -9.2484e-10 0)
(0 0 0)
(6.16338e-11 -9.96145e-10 0)
(2.17431e-11 -9.31659e-10 0)
(0 0 0)
(5.63397e-11 -7.73397e-10 0)
(7.02457e-11 -2.17657e-09 0)
(4.57568e-11 -8.08766e-10 0)
(3.24153e-11 -6.83707e-10 0)
(4.79883e-11 -7.41762e-10 0)
(8.29351e-11 -8.20329e-10 0)
(1.0018e-10 -8.59668e-10 0)
(1.19767e-10 -8.74869e-10 0)
(0 0 0)
(0 0 0)
(0 0 0)
(0 0 0)
(0 0 0)
(0 0 0)
(0 0 0)
(0 0 0)
(0 0 0)
(0 0 0)
(0 0 0)
(0 0 0)
(0 0 0)
(0 0 0)
(0 0 0)
(0 0 0)
(0 0 0)
(0 0 0)
(0 0 0)
(0 0 0)
(0 0 0)
(0 0 0)
(0 0 0)
(0 0 0)
(0 0 0)
(0 0 0)
(0 0 0)
(0 0 0)
(0 0 0)
(0 0 0)
(0 0 0)
(0 0 0)
(0 0 0)
(0 0 0)
(0 0 0)
(0 0 0)
(0 0 0)
(0 0 0)
(0 0 0)
(0 0 0)
(0 0 0)
(0 0 0)
(-5.48791e-12 -8.49309e-10 0)
(-3.72409e-11 -8.70994e-10 0)
(-4.41315e-11 -8.80274e-10 0)
(-1.66841e-11 -8.76192e-10 0)
(1.35746e-11 -8.31873e-10 0)
(1.02227e-10 -2.05508e-09 0)
(-1.99063e-11 -9.33993e-10 0)
(0 0 0)
(-4.36334e-12 -8.35367e-10 0)
(1.0241e-11 -8.54093e-10 0)
(4.72444e-11 -8.37189e-10 0)
(4.31063e-11 -8.12198e-10 0)
(2.1224e-11 -3.2426e-10 0)
(7.75233e-12 -1.16342e-10 0)
(-5.0799e-12 -7.59902e-10 0)
(-6.36093e-12 -8.64818e-10 0)
(-1.06325e-11 -7.99776e-10 0)
(-5.38309e-11 -8.33746e-10 0)
(-5.95903e-11 -8.25638e-10 0)
(-3.76957e-11 -8.17088e-10 0)
(-3.82059e-11 -8.42091e-10 0)
(-1.51675e-11 -8.85662e-10 0)
(1.71986e-11 -9.24971e-10 0)
(0 0 0)
(6.12333e-11 -1.9428e-09 0)
(-4.58806e-11 -1.35037e-09 0)
(-2.28428e-11 -1.20414e-09 0)
(5.28593e-11 -8.43029e-10 0)
(1.08946e-11 -7.91959e-10 0)
(3.92796e-11 -7.45894e-10 0)
(3.95711e-11 -8.02275e-10 0)
(1.36449e-10 -8.42616e-10 0)
(7.83648e-11 -1.05509e-09 0)
(0 0 0)
(0 0 0)
(0 0 0)
(0 0 0)
(0 0 0)
(0 0 0)
(0 0 0)
(0 0 0)
(0 0 0)
(0 0 0)
(0 0 0)
(0 0 0)
(0 0 0)
(0 0 0)
(0 0 0)
(0 0 0)
(0 0 0)
(0 0 0)
(0 0 0)
(0 0 0)
(0 0 0)
(0 0 0)
(0 0 0)
(0 0 0)
(0 0 0)
(0 0 0)
(0 0 0)
(0 0 0)
(0 0 0)
(0 0 0)
(0 0 0)
(0 0 0)
(0 0 0)
(0 0 0)
(0 0 0)
(0 0 0)
(0 0 0)
(0 0 0)
(0 0 0)
(0 0 0)
(0 0 0)
(0 0 0)
(-5.00589e-11 -7.88644e-10 0)
(-4.08894e-11 -8.18215e-10 0)
(-2.28728e-11 -8.62031e-10 0)
(-2.15388e-11 -7.9525e-10 0)
(-1.2553e-11 -8.92259e-10 0)
(1.61968e-11 -1.06534e-09 0)
(0 0 0)
(2.12826e-11 -7.78326e-10 0)
(1.46983e-11 -7.95905e-10 0)
(1.06709e-11 -7.42607e-10 0)
(4.30719e-11 -7.24332e-10 0)
(5.17168e-11 -7.57533e-10 0)
(2.39275e-12 -1.88671e-09 0)
(0 0 0)
(0 0 0)
(-3.2169e-11 -8.33818e-10 0)
(0 0 0)
(-3.1089e-11 -7.88938e-10 0)
(-7.32215e-11 -7.74375e-10 0)
(5.77203e-12 -1.86469e-09 0)
(-2.19831e-11 -1.0143e-09 0)
(-4.87768e-11 -1.44775e-09 0)
(-4.45935e-11 -1.96581e-09 0)
(0 0 0)
(-7.38567e-12 -8.16503e-10 0)
(-1.50412e-12 -8.04913e-10 0)
(-1.98374e-11 -8.26961e-10 0)
(4.6635e-11 -2.01994e-09 0)
(0 0 0)
(1.53017e-11 -7.87327e-10 0)
(0 0 0)
(6.64144e-11 -8.6438e-10 0)
(2.22589e-10 -2.20819e-09 0)
(7.2137e-11 -9.55444e-10 0)
(0 0 0)
(0 0 0)
(0 0 0)
(0 0 0)
(0 0 0)
(0 0 0)
(0 0 0)
(0 0 0)
(0 0 0)
(0 0 0)
(0 0 0)
(0 0 0)
(0 0 0)
(0 0 0)
(0 0 0)
(0 0 0)
(0 0 0)
(0 0 0)
(0 0 0)
(0 0 0)
(0 0 0)
(0 0 0)
(0 0 0)
(0 0 0)
(0 0 0)
(0 0 0)
(0 0 0)
(0 0 0)
(0 0 0)
(0 0 0)
(0 0 0)
(0 0 0)
(0 0 0)
(0 0 0)
(0 0 0)
(0 0 0)
(0 0 0)
(0 0 0)
(0 0 0)
(0 0 0)
(0 0 0)
(0 0 0)
(0 0 0)
(-6.50977e-12 -8.52691e-10 0)
(-9.42287e-12 -8.53388e-10 0)
(-2.04246e-11 -8.80717e-10 0)
(-3.03079e-11 -9.64098e-10 0)
(4.5529e-11 -9.94038e-10 0)
(8.72193e-11 -1.90276e-09 0)
(2.30982e-11 -7.71292e-10 0)
(2.80095e-11 -6.8841e-10 0)
(7.83067e-12 -1.75598e-09 0)
(9.14952e-12 -7.97613e-10 0)
(0 0 0)
(2.51382e-11 -7.70777e-10 0)
(1.3557e-11 -8.36698e-10 0)
(6.70806e-13 -8.51667e-10 0)
(-1.20174e-11 -7.43061e-10 0)
(-7.3899e-11 -1.89549e-09 0)
(0 0 0)
(-7.13848e-11 -8.08224e-10 0)
(-9.81804e-11 -1.51539e-09 0)
(-2.32224e-11 -1.09523e-09 0)
(1.45133e-12 -8.01706e-10 0)
(3.65169e-12 -8.20435e-10 0)
(3.34364e-11 -7.85661e-10 0)
(1.06526e-11 -8.66761e-10 0)
(-3.12002e-11 -8.18511e-10 0)
(-1.58289e-11 -8.49041e-10 0)
(2.50351e-11 -8.48171e-10 0)
(-1.21236e-12 -8.09167e-10 0)
(3.37395e-11 -1.91446e-09 0)
(-4.9755e-12 -7.81757e-10 0)
(3.74701e-11 -9.30857e-10 0)
(0 0 0)
(1.79247e-10 -6.72797e-10 0)
(1.23187e-10 -7.7889e-10 0)
(0 0 0)
(0 0 0)
(0 0 0)
(0 0 0)
(0 0 0)
(0 0 0)
(0 0 0)
(0 0 0)
(0 0 0)
(0 0 0)
(0 0 0)
(0 0 0)
(0 0 0)
(0 0 0)
(0 0 0)
(0 0 0)
(0 0 0)
(0 0 0)
(0 0 0)
(0 0 0)
(0 0 0)
(0 0 0)
(0 0 0)
(0 0 0)
(0 0 0)
(0 0 0)
(0 0 0)
(0 0 0)
(0 0 0)
(0 0 0)
(0 0 0)
(0 0 0)
(0 0 0)
(0 0 0)
(0 0 0)
(0 0 0)
(0 0 0)
(0 0 0)
(0 0 0)
(-4.56712e-12 -8.2923e-10 0)
(-2.92549e-11 -8.14544e-10 0)
(0 0 0)
(-5.05522e-11 -7.79281e-10 0)
(-1.5324e-11 -8.66986e-10 0)
(1.21689e-12 -9.228e-10 0)
(1.48553e-11 -9.63336e-10 0)
(3.15521e-11 -1.92577e-09 0)
(6.0839e-12 -7.37674e-10 0)
(-1.62826e-11 -7.20898e-10 0)
(-2.35568e-11 -8.02523e-10 0)
(-1.58622e-11 -7.9526e-10 0)
(-2.91949e-11 -1.76394e-09 0)
(-1.05571e-11 -1.73504e-09 0)
(-6.54278e-12 -1.74716e-09 0)
(-7.41258e-12 -1.77425e-09 0)
(0 0 0)
(-1.18511e-11 -8.01294e-10 0)
(0 0 0)
(-6.48452e-11 -8.10691e-10 0)
(0 0 0)
(-3.7451e-11 -8.65488e-10 0)
(0 0 0)
(1.55565e-11 -8.83764e-10 0)
(-2.01776e-11 -9.30474e-10 0)
(-8.23204e-12 -8.93738e-10 0)
(0 0 0)
(0 0 0)
(0 0 0)
(0 0 0)
(0 0 0)
(4.6906e-11 -8.28324e-10 0)
(4.62055e-11 -8.46319e-10 0)
(7.6337e-11 -9.0132e-10 0)
(2.05541e-10 -2.02931e-09 0)
(1.24563e-10 -8.86225e-10 0)
(2.65085e-12 -9.0576e-10 0)
(-2.51636e-11 -8.38464e-10 0)
(0 0 0)
(4.87784e-11 -8.05361e-10 0)
(0 0 0)
(0 0 0)
(0 0 0)
(0 0 0)
(0 0 0)
(0 0 0)
(0 0 0)
(0 0 0)
(0 0 0)
(0 0 0)
(0 0 0)
(0 0 0)
(0 0 0)
(0 0 0)
(0 0 0)
(0 0 0)
(0 0 0)
(0 0 0)
(0 0 0)
(0 0 0)
(0 0 0)
(0 0 0)
(0 0 0)
(0 0 0)
(0 0 0)
(0 0 0)
(0 0 0)
(0 0 0)
(0 0 0)
(0 0 0)
(0 0 0)
(0 0 0)
(0 0 0)
(0 0 0)
(0 0 0)
(-2.52159e-11 -8.7411e-10 0)
(-6.95433e-11 -1.57916e-09 0)
(-5.74588e-12 -2.80144e-09 0)
(0 0 0)
(-2.75743e-12 -9.64782e-10 0)
(0 0 0)
(-3.73139e-11 -9.50952e-10 0)
(-3.79138e-11 -7.76466e-10 0)
(-4.14735e-12 -6.88667e-10 0)
(-1.86293e-11 -7.99213e-10 0)
(-4.30099e-11 -8.4983e-10 0)
(-4.12385e-11 -8.32561e-10 0)
(-1.8903e-11 -8.35164e-10 0)
(0 0 0)
(-1.86635e-11 -8.49399e-10 0)
(0 0 0)
(-1.40762e-11 -8.64598e-10 0)
(-1.80601e-11 -1.7096e-09 0)
(0 0 0)
(-3.38637e-11 -1.76053e-09 0)
(1.60334e-11 -7.75061e-10 0)
(2.39303e-12 -8.08266e-10 0)
(4.91732e-11 -8.93858e-10 0)
(1.76763e-11 -8.26168e-10 0)
(1.20073e-10 -2.90002e-09 0)
(3.0282e-11 -7.9439e-10 0)
(2.24061e-11 -8.55423e-10 0)
(0 0 0)
(0 0 0)
(0 0 0)
(5.92245e-11 -8.80005e-10 0)
(2.96859e-11 -8.63219e-10 0)
(4.45431e-11 -1.81936e-09 0)
(0 0 0)
(4.30368e-11 -8.26181e-10 0)
(1.79074e-11 -1.02094e-09 0)
(3.46346e-11 -9.44584e-10 0)
(3.4737e-11 -8.54055e-10 0)
(1.18057e-10 -1.66542e-09 0)
(7.45507e-11 -7.46934e-10 0)
(0 0 0)
(0 0 0)
(0 0 0)
(0 0 0)
(0 0 0)
(0 0 0)
(0 0 0)
(0 0 0)
(0 0 0)
(0 0 0)
(0 0 0)
(0 0 0)
(0 0 0)
(0 0 0)
(0 0 0)
(0 0 0)
(0 0 0)
(0 0 0)
(0 0 0)
(0 0 0)
(0 0 0)
(0 0 0)
(0 0 0)
(0 0 0)
(0 0 0)
(0 0 0)
(0 0 0)
(0 0 0)
(0 0 0)
(0 0 0)
(0 0 0)
(0 0 0)
(0 0 0)
(0 0 0)
(0 0 0)
(-3.32789e-11 -1.82768e-09 0)
(-2.21822e-11 -1.47534e-09 0)
(-5.79131e-11 -6.52449e-10 0)
(1.28717e-11 -1.66217e-09 0)
(0 0 0)
(2.66746e-12 -8.65061e-10 0)
(6.24136e-11 -3.24751e-09 0)
(6.7583e-12 -6.39781e-10 0)
(0 0 0)
(0 0 0)
(0 0 0)
(5.70108e-12 -8.36828e-10 0)
(3.42392e-13 -6.91562e-11 0)
(3.94069e-12 -7.2853e-10 0)
(-2.84014e-11 -8.58703e-10 0)
(-2.77497e-11 -8.59105e-10 0)
(-1.53788e-11 -8.74419e-10 0)
(-1.81102e-11 -8.36697e-10 0)
(-5.14739e-12 -7.59904e-10 0)
(-3.69997e-11 -8.35327e-10 0)
(1.9838e-11 -7.82245e-10 0)
(0 0 0)
(0 0 0)
(1.4395e-11 -8.71536e-10 0)
(9.39829e-12 -8.2298e-10 0)
(6.13776e-11 -1.85648e-09 0)
(2.52665e-11 -8.61525e-10 0)
(-3.66977e-11 -1.77358e-09 0)
(0 0 0)
(2.41915e-11 -8.45417e-10 0)
(2.60183e-11 -8.55017e-10 0)
(4.52547e-11 -8.40435e-10 0)
(2.88299e-11 -1.89184e-09 0)
(3.93035e-11 -7.85041e-10 0)
(3.44433e-11 -8.64782e-10 0)
(-7.23156e-12 -9.39721e-10 0)
(0 0 0)
(6.21357e-11 -7.97364e-10 0)
(1.40808e-11 -8.31213e-10 0)
(5.62358e-11 -8.26362e-10 0)
(2.24959e-10 -2.84675e-09 0)
(0 0 0)
(0 0 0)
(0 0 0)
(0 0 0)
(0 0 0)
(0 0 0)
(0 0 0)
(0 0 0)
(0 0 0)
(0 0 0)
(0 0 0)
(0 0 0)
(0 0 0)
(0 0 0)
(0 0 0)
(0 0 0)
(0 0 0)
(0 0 0)
(0 0 0)
(0 0 0)
(0 0 0)
(0 0 0)
(0 0 0)
(0 0 0)
(0 0 0)
(0 0 0)
(0 0 0)
(0 0 0)
(0 0 0)
(0 0 0)
(0 0 0)
(0 0 0)
(0 0 0)
(0 0 0)
(-7.5618e-12 -8.38351e-10 0)
(7.33668e-12 -8.2218e-10 0)
(1.51648e-13 -7.98283e-10 0)
(0 0 0)
(-3.47994e-11 -8.067e-10 0)
(5.90116e-12 -9.64388e-10 0)
(4.87813e-11 -8.70899e-10 0)
(3.94273e-11 -7.70094e-10 0)
(2.26318e-11 -7.71379e-10 0)
(4.89677e-12 -8.30607e-10 0)
(8.14248e-12 -8.67546e-10 0)
(0 0 0)
(8.88329e-12 -7.94249e-10 0)
(-1.07386e-11 -8.61845e-10 0)
(-9.96667e-11 -1.88676e-09 0)
(1.21835e-11 -7.83195e-10 0)
(0 0 0)
(-1.63522e-11 -8.00632e-10 0)
(-9.41907e-12 -7.37661e-10 0)
(0 0 0)
(2.54633e-11 -1.85516e-09 0)
(1.84028e-11 -8.33103e-10 0)
(0 0 0)
(-3.48535e-11 -2.82084e-09 0)
(-3.14912e-12 -7.40125e-10 0)
(0 0 0)
(0 0 0)
(-3.00652e-11 -8.24319e-10 0)
(-2.74976e-11 -1.82121e-09 0)
(-1.28843e-11 -7.52327e-10 0)
(3.25403e-12 -8.00362e-10 0)
(1.05342e-11 -8.3781e-10 0)
(-9.66431e-12 -8.51421e-10 0)
(1.15554e-11 -8.15799e-10 0)
(2.64809e-12 -9.06598e-10 0)
(-3.6825e-12 -8.4371e-10 0)
(4.89808e-11 -9.5027e-10 0)
(3.66723e-11 -8.90737e-10 0)
(1.05826e-11 -8.62518e-10 0)
(0 0 0)
(1.38749e-12 -8.61969e-10 0)
(-2.8982e-11 -1.7946e-09 0)
(0 0 0)
(0 0 0)
(0 0 0)
(0 0 0)
(0 0 0)
(0 0 0)
(0 0 0)
(0 0 0)
(0 0 0)
(0 0 0)
(0 0 0)
(0 0 0)
(0 0 0)
(0 0 0)
(0 0 0)
(0 0 0)
(0 0 0)
(0 0 0)
(0 0 0)
(0 0 0)
(0 0 0)
(0 0 0)
(0 0 0)
(0 0 0)
(0 0 0)
(0 0 0)
(0 0 0)
(0 0 0)
(0 0 0)
(0 0 0)
(0 0 0)
(0 0 0)
(0 0 0)
)
;


// ************************************************************************* //
