/*--------------------------------*- C++ -*----------------------------------*\
  =========                 |
  \\      /  F ield         | OpenFOAM: The Open Source CFD Toolbox
   \\    /   O peration     | Website:  https://openfoam.org
    \\  /    A nd           | Version:  12
     \\/     M anipulation  |
\*---------------------------------------------------------------------------*/
FoamFile
{
    format      ascii;
    class       volVectorField::Internal;
    location    "0.9";
    object      cloud:UTrans;
}
// * * * * * * * * * * * * * * * * * * * * * * * * * * * * * * * * * * * * * //

dimensions      [1 1 -1 0 0 0 0];

value           nonuniform List<vector> 
3750
(
(-1.79589e-12 -9.10628e-10 0)
(1.31634e-12 -9.15772e-10 0)
(-4.51221e-12 -8.84227e-10 0)
(-1.226e-11 -8.03291e-10 0)
(6.90042e-11 -1.71864e-09 0)
(8.76318e-12 -1.79499e-09 0)
(1.14049e-11 -7.89702e-10 0)
(5.38718e-11 -7.45857e-10 0)
(-2.44285e-11 -9.94373e-10 0)
(-1.51789e-11 -1.93792e-09 0)
(5.88797e-12 -7.95101e-10 0)
(-2.19645e-11 -7.9773e-10 0)
(-9.57984e-11 -8.47923e-10 0)
(-9.69314e-12 -1.00696e-09 0)
(8.39507e-11 -9.51585e-10 0)
(4.02841e-11 -1.49691e-09 0)
(7.72607e-12 -6.66942e-10 0)
(3.58374e-12 -7.04189e-10 0)
(-1.34368e-11 -8.26963e-10 0)
(7.76912e-12 -7.94165e-10 0)
(0 0 0)
(4.03853e-12 -9.50248e-10 0)
(1.06794e-10 -1.04687e-09 0)
(3.02914e-11 -7.61955e-10 0)
(6.89692e-11 -1.78553e-09 0)
(4.54055e-11 -8.16618e-10 0)
(-4.04922e-12 -1.6474e-09 0)
(0 0 0)
(-3.16242e-11 -8.34532e-10 0)
(-1.80927e-10 -2.59353e-09 0)
(0 0 0)
(1.95454e-11 -7.85875e-10 0)
(-1.72487e-11 -8.39974e-10 0)
(-2.77593e-12 -8.33297e-10 0)
(-2.79055e-11 -7.86257e-10 0)
(-1.5366e-10 -1.79599e-09 0)
(-1.26246e-10 -1.81553e-09 0)
(-5.00895e-11 -7.4687e-10 0)
(-1.73034e-11 -8.32624e-10 0)
(-8.18475e-12 -8.7217e-10 0)
(-3.52883e-12 -8.77189e-10 0)
(-3.48484e-11 -8.65939e-10 0)
(-3.80397e-12 -8.46185e-10 0)
(0 0 0)
(0 0 0)
(0 0 0)
(0 0 0)
(0 0 0)
(0 0 0)
(0 0 0)
(0 0 0)
(0 0 0)
(0 0 0)
(0 0 0)
(0 0 0)
(0 0 0)
(0 0 0)
(0 0 0)
(0 0 0)
(0 0 0)
(0 0 0)
(0 0 0)
(0 0 0)
(0 0 0)
(0 0 0)
(0 0 0)
(0 0 0)
(0 0 0)
(0 0 0)
(0 0 0)
(0 0 0)
(0 0 0)
(0 0 0)
(0 0 0)
(0 0 0)
(0 0 0)
(0 0 0)
(0 0 0)
(4.32261e-11 -1.89484e-09 0)
(0 0 0)
(-5.17395e-11 -8.78011e-10 0)
(-6.14713e-11 -7.90178e-10 0)
(-1.04534e-10 -3.92989e-09 0)
(-1.23757e-11 -1.88319e-09 0)
(7.09717e-11 -1.60943e-09 0)
(0 0 0)
(0 0 0)
(0 0 0)
(-9.13741e-11 -1.00815e-09 0)
(1.2108e-10 -9.68399e-10 0)
(0 0 0)
(3.6821e-11 -1.60129e-09 0)
(-2.24333e-11 -1.61871e-09 0)
(-2.97182e-11 -8.04768e-10 0)
(-3.53897e-11 -1.29667e-09 0)
(-4.66187e-12 -2.92607e-10 0)
(0 0 0)
(0 0 0)
(7.92116e-11 -8.84532e-10 0)
(0 0 0)
(9.69163e-11 -2.87285e-09 0)
(-6.78913e-11 -1.48485e-09 0)
(-4.95482e-11 -5.75924e-10 0)
(0 0 0)
(0 0 0)
(5.64145e-11 -1.03556e-09 0)
(1.75921e-11 -8.99153e-10 0)
(9.76835e-12 -8.28186e-10 0)
(-2.18664e-11 -8.17241e-10 0)
(-4.96845e-11 -1.85787e-09 0)
(-3.61804e-11 -7.66816e-10 0)
(-3.6966e-11 -8.07897e-10 0)
(-8.18222e-11 -7.71989e-10 0)
(-4.31325e-11 -8.42272e-10 0)
(0 0 0)
(0 0 0)
(5.78981e-12 -8.67808e-10 0)
(0 0 0)
(0 0 0)
(0 0 0)
(0 0 0)
(0 0 0)
(0 0 0)
(0 0 0)
(0 0 0)
(0 0 0)
(0 0 0)
(0 0 0)
(0 0 0)
(0 0 0)
(0 0 0)
(0 0 0)
(0 0 0)
(0 0 0)
(0 0 0)
(0 0 0)
(0 0 0)
(0 0 0)
(0 0 0)
(0 0 0)
(0 0 0)
(0 0 0)
(0 0 0)
(0 0 0)
(0 0 0)
(0 0 0)
(0 0 0)
(0 0 0)
(0 0 0)
(0 0 0)
(0 0 0)
(3.82254e-11 -8.7085e-10 0)
(0 0 0)
(0 0 0)
(0 0 0)
(-1.30912e-10 -8.70834e-10 0)
(-2.03164e-10 -1.92496e-09 0)
(0 0 0)
(2.29463e-11 -9.6161e-10 0)
(5.59205e-11 -8.26865e-10 0)
(7.14124e-11 -7.56153e-10 0)
(9.16027e-11 -1.78795e-09 0)
(-2.12837e-11 -7.9595e-10 0)
(-1.34661e-10 -1.8977e-09 0)
(-6.17423e-11 -1.79975e-09 0)
(-2.30208e-11 -1.73767e-09 0)
(-9.08861e-11 -1.65535e-09 0)
(-5.56015e-11 -7.44152e-10 0)
(-6.27359e-11 -1.75328e-09 0)
(0 0 0)
(-8.43829e-12 -9.38942e-10 0)
(0 0 0)
(5.69436e-11 -1.92933e-09 0)
(1.6577e-10 -1.83823e-09 0)
(1.45194e-10 -1.93799e-09 0)
(-2.9643e-11 -9.06288e-10 0)
(0 0 0)
(4.44844e-14 -6.49984e-10 0)
(-3.97664e-11 -8.65367e-10 0)
(-1.68191e-11 -9.21798e-10 0)
(3.52402e-11 -1.9451e-09 0)
(2.83206e-11 -2.04983e-09 0)
(-2.06296e-11 -7.75418e-10 0)
(-8.5274e-11 -1.77846e-09 0)
(4.05807e-12 -6.83324e-10 0)
(0 0 0)
(0 0 0)
(0 0 0)
(0 0 0)
(0 0 0)
(0 0 0)
(0 0 0)
(0 0 0)
(0 0 0)
(0 0 0)
(0 0 0)
(0 0 0)
(0 0 0)
(0 0 0)
(0 0 0)
(0 0 0)
(0 0 0)
(0 0 0)
(0 0 0)
(0 0 0)
(0 0 0)
(0 0 0)
(0 0 0)
(0 0 0)
(0 0 0)
(0 0 0)
(0 0 0)
(0 0 0)
(0 0 0)
(0 0 0)
(0 0 0)
(0 0 0)
(0 0 0)
(0 0 0)
(0 0 0)
(0 0 0)
(0 0 0)
(0 0 0)
(0 0 0)
(0 0 0)
(2.07691e-11 -8.80229e-10 0)
(0 0 0)
(-8.10322e-12 -8.87836e-10 0)
(-3.75192e-13 -8.71916e-10 0)
(6.94664e-11 -9.28324e-10 0)
(-5.32663e-11 -9.46006e-10 0)
(-1.52978e-10 -1.92353e-09 0)
(1.31011e-13 -7.92079e-10 0)
(3.98007e-11 -8.22862e-10 0)
(4.80133e-11 -8.17197e-10 0)
(-4.68564e-12 -8.77946e-10 0)
(-2.32512e-12 -1.9792e-09 0)
(-1.53464e-10 -2.0093e-09 0)
(-1.6348e-10 -1.76593e-09 0)
(-3.89088e-11 -7.75017e-10 0)
(-2.0865e-11 -8.05065e-10 0)
(-3.43491e-11 -8.29956e-10 0)
(-2.04284e-11 -8.23891e-10 0)
(-9.53428e-12 -8.14435e-10 0)
(-3.97657e-11 -7.90293e-10 0)
(-1.95262e-12 -4.10823e-10 0)
(-4.8468e-13 -1.1474e-10 0)
(2.04701e-12 -8.64463e-10 0)
(2.43e-12 -8.34674e-10 0)
(2.57252e-11 -2.27535e-09 0)
(4.49632e-12 -8.89016e-10 0)
(-2.79726e-11 -7.84725e-10 0)
(-4.62518e-11 -8.74595e-10 0)
(0 0 0)
(-2.99486e-11 -8.90818e-10 0)
(3.22521e-11 -9.6255e-10 0)
(-2.55756e-10 -1.9798e-09 0)
(-7.49597e-11 -7.43734e-10 0)
(0 0 0)
(0 0 0)
(0 0 0)
(0 0 0)
(0 0 0)
(0 0 0)
(0 0 0)
(0 0 0)
(0 0 0)
(0 0 0)
(0 0 0)
(0 0 0)
(0 0 0)
(0 0 0)
(0 0 0)
(0 0 0)
(0 0 0)
(0 0 0)
(0 0 0)
(0 0 0)
(0 0 0)
(0 0 0)
(0 0 0)
(0 0 0)
(0 0 0)
(0 0 0)
(0 0 0)
(0 0 0)
(0 0 0)
(0 0 0)
(0 0 0)
(0 0 0)
(0 0 0)
(0 0 0)
(0 0 0)
(0 0 0)
(0 0 0)
(0 0 0)
(0 0 0)
(0 0 0)
(0 0 0)
(0 0 0)
(0 0 0)
(-7.74459e-12 -9.17927e-10 0)
(0 0 0)
(-3.95345e-11 -8.24008e-10 0)
(-2.98217e-11 -8.77183e-10 0)
(-1.48476e-10 -1.93434e-09 0)
(-5.00956e-11 -8.02083e-10 0)
(-8.33937e-11 -1.76613e-09 0)
(-8.30519e-11 -1.8984e-09 0)
(-1.871e-10 -1.93356e-09 0)
(0 0 0)
(-9.55825e-11 -2.35114e-09 0)
(0 0 0)
(-5.04662e-12 -8.79172e-10 0)
(4.69959e-12 -8.30719e-10 0)
(-3.11796e-13 -9.39679e-10 0)
(0 0 0)
(-3.78436e-12 -8.37262e-10 0)
(-2.062e-11 -1.99716e-09 0)
(-5.89729e-12 -7.78441e-10 0)
(6.33221e-12 -7.42037e-10 0)
(1.7468e-11 -7.87854e-10 0)
(7.02679e-14 -2.04938e-09 0)
(8.24985e-12 -8.53593e-10 0)
(-2.15915e-11 -9.02016e-10 0)
(6.99923e-12 -9.39847e-10 0)
(0 0 0)
(0 0 0)
(0 0 0)
(0 0 0)
(-9.8648e-11 -2.44504e-09 0)
(-5.27596e-11 -9.13956e-10 0)
(-4.32205e-11 -7.29881e-10 0)
(-7.07256e-11 -7.44444e-10 0)
(0 0 0)
(0 0 0)
(0 0 0)
(0 0 0)
(0 0 0)
(0 0 0)
(0 0 0)
(0 0 0)
(0 0 0)
(0 0 0)
(0 0 0)
(0 0 0)
(0 0 0)
(0 0 0)
(0 0 0)
(0 0 0)
(0 0 0)
(0 0 0)
(0 0 0)
(0 0 0)
(0 0 0)
(0 0 0)
(0 0 0)
(0 0 0)
(0 0 0)
(0 0 0)
(0 0 0)
(0 0 0)
(0 0 0)
(0 0 0)
(0 0 0)
(0 0 0)
(0 0 0)
(0 0 0)
(0 0 0)
(0 0 0)
(0 0 0)
(0 0 0)
(0 0 0)
(0 0 0)
(0 0 0)
(-1.96298e-12 -1.10525e-09 0)
(0 0 0)
(-4.51605e-11 -8.53359e-10 0)
(-4.62252e-11 -8.59138e-10 0)
(-5.41193e-11 -9.15357e-10 0)
(0 0 0)
(-1.19628e-11 -8.49318e-10 0)
(-3.22302e-11 -8.37545e-10 0)
(-1.29068e-11 -8.83093e-10 0)
(-1.49702e-10 -9.31561e-10 0)
(-1.07623e-10 -8.20051e-10 0)
(-8.45205e-11 -9.03015e-10 0)
(1.0212e-11 -9.43454e-10 0)
(2.51141e-11 -8.75227e-10 0)
(1.60856e-11 -8.91884e-10 0)
(-1.16773e-11 -8.94004e-10 0)
(2.48426e-13 -8.5576e-10 0)
(-2.61445e-12 -8.53961e-10 0)
(1.7078e-12 -8.59246e-10 0)
(-3.94565e-12 -7.92425e-10 0)
(-5.60565e-12 -7.94263e-10 0)
(-8.09831e-12 -8.59089e-10 0)
(-2.59835e-11 -8.72321e-10 0)
(-1.35293e-11 -8.3404e-10 0)
(2.46036e-11 -9.74106e-10 0)
(-2.39739e-11 -1.22023e-09 0)
(-1.50913e-11 -9.4174e-10 0)
(2.37607e-13 -6.95737e-10 0)
(-2.21588e-11 -8.58857e-10 0)
(-1.82285e-11 -8.54204e-10 0)
(-4.57882e-11 -9.67354e-10 0)
(0 0 0)
(-2.45641e-11 -8.2771e-10 0)
(0 0 0)
(0 0 0)
(0 0 0)
(0 0 0)
(0 0 0)
(0 0 0)
(0 0 0)
(0 0 0)
(0 0 0)
(0 0 0)
(0 0 0)
(0 0 0)
(0 0 0)
(0 0 0)
(0 0 0)
(0 0 0)
(0 0 0)
(0 0 0)
(0 0 0)
(0 0 0)
(0 0 0)
(0 0 0)
(0 0 0)
(0 0 0)
(0 0 0)
(0 0 0)
(0 0 0)
(0 0 0)
(0 0 0)
(0 0 0)
(0 0 0)
(0 0 0)
(0 0 0)
(0 0 0)
(0 0 0)
(0 0 0)
(0 0 0)
(0 0 0)
(0 0 0)
(0 0 0)
(0 0 0)
(0 0 0)
(-1.23799e-10 -2.04169e-09 0)
(3.84903e-11 -1.05789e-09 0)
(2.17328e-11 -7.76712e-10 0)
(-1.89286e-11 -8.66258e-10 0)
(-1.32237e-10 -1.79607e-09 0)
(-6.70646e-12 -1.73632e-09 0)
(-6.04156e-11 -8.42124e-10 0)
(-8.9164e-11 -9.57574e-10 0)
(-4.75621e-11 -1.0962e-09 0)
(0 0 0)
(-7.66818e-11 -9.08786e-10 0)
(-6.33445e-11 -8.95474e-10 0)
(4.6643e-11 -9.25272e-10 0)
(0 0 0)
(7.11435e-11 -1.92517e-09 0)
(6.97762e-12 -8.23992e-10 0)
(1.37273e-13 -7.76727e-10 0)
(-3.72575e-11 -7.91133e-10 0)
(-1.42117e-11 -8.69741e-10 0)
(0 0 0)
(-1.42153e-11 -8.49899e-10 0)
(-3.57908e-11 -8.56615e-10 0)
(-4.97187e-11 -8.50572e-10 0)
(-2.70081e-11 -8.63895e-10 0)
(-1.22498e-10 -2.41292e-09 0)
(1.45366e-11 -8.83019e-10 0)
(-2.68941e-12 -7.82688e-10 0)
(2.89025e-11 -1.88969e-09 0)
(-4.07177e-11 -7.98801e-10 0)
(-7.22407e-11 -1.26698e-09 0)
(-1.06582e-11 -4.17726e-10 0)
(-3.26425e-12 -9.4309e-10 0)
(0 0 0)
(0 0 0)
(0 0 0)
(0 0 0)
(0 0 0)
(0 0 0)
(0 0 0)
(0 0 0)
(0 0 0)
(0 0 0)
(0 0 0)
(0 0 0)
(0 0 0)
(0 0 0)
(0 0 0)
(0 0 0)
(0 0 0)
(0 0 0)
(0 0 0)
(0 0 0)
(0 0 0)
(0 0 0)
(0 0 0)
(0 0 0)
(0 0 0)
(0 0 0)
(0 0 0)
(0 0 0)
(0 0 0)
(0 0 0)
(0 0 0)
(0 0 0)
(0 0 0)
(0 0 0)
(0 0 0)
(0 0 0)
(0 0 0)
(0 0 0)
(0 0 0)
(0 0 0)
(0 0 0)
(0 0 0)
(0 0 0)
(-7.58834e-11 -6.70295e-10 0)
(4.20728e-11 -2.89647e-09 0)
(8.49571e-11 -7.14286e-10 0)
(1.63067e-11 -1.88646e-09 0)
(8.34011e-13 -7.20163e-11 0)
(8.26798e-12 -7.01935e-10 0)
(-4.71163e-12 -9.06617e-10 0)
(0 0 0)
(-1.28769e-10 -9.68861e-10 0)
(-5.53054e-12 -9.9553e-10 0)
(-5.60018e-13 -8.93776e-10 0)
(-9.09399e-12 -8.633e-10 0)
(3.74021e-11 -8.82088e-10 0)
(4.48213e-11 -7.92409e-10 0)
(-4.81887e-12 -8.34565e-10 0)
(-1.2727e-11 -8.19973e-10 0)
(1.4459e-11 -8.44449e-10 0)
(0 0 0)
(-3.06949e-11 -8.59952e-10 0)
(-9.39942e-12 -8.31722e-10 0)
(6.0062e-12 -8.86687e-10 0)
(-2.12863e-11 -5.29424e-10 0)
(-3.6453e-12 -8.18616e-11 0)
(-9.3501e-11 -9.0888e-10 0)
(-9.49492e-11 -9.27452e-10 0)
(-1.02715e-11 -9.56321e-10 0)
(1.13206e-11 -9.1975e-10 0)
(2.06386e-11 -8.9645e-10 0)
(-5.02178e-11 -1.91568e-09 0)
(-2.68726e-11 -8.80661e-10 0)
(-3.76509e-11 -8.77015e-10 0)
(3.26845e-14 -8.14944e-10 0)
(0 0 0)
(0 0 0)
(0 0 0)
(0 0 0)
(0 0 0)
(0 0 0)
(0 0 0)
(0 0 0)
(0 0 0)
(0 0 0)
(0 0 0)
(0 0 0)
(0 0 0)
(0 0 0)
(0 0 0)
(0 0 0)
(0 0 0)
(0 0 0)
(0 0 0)
(0 0 0)
(0 0 0)
(0 0 0)
(0 0 0)
(0 0 0)
(0 0 0)
(0 0 0)
(0 0 0)
(0 0 0)
(0 0 0)
(0 0 0)
(0 0 0)
(0 0 0)
(0 0 0)
(0 0 0)
(0 0 0)
(0 0 0)
(0 0 0)
(0 0 0)
(0 0 0)
(0 0 0)
(0 0 0)
(0 0 0)
(0 0 0)
(-1.08826e-12 -1.47361e-10 0)
(-4.1383e-12 -5.0904e-10 0)
(5.97533e-12 -9.27509e-10 0)
(0 0 0)
(2.12074e-11 -9.15402e-10 0)
(0 0 0)
(4.87204e-11 -9.86088e-10 0)
(-1.04086e-10 -9.85739e-10 0)
(-7.14187e-11 -9.40217e-10 0)
(1.60468e-11 -9.52345e-10 0)
(2.73536e-11 -8.79074e-10 0)
(1.08663e-11 -8.27934e-10 0)
(1.37315e-11 -8.10602e-10 0)
(9.0067e-12 -8.577e-10 0)
(-6.19506e-12 -8.34711e-10 0)
(-2.23611e-11 -8.34824e-10 0)
(-5.53129e-12 -8.5967e-10 0)
(-1.31627e-11 -8.05615e-10 0)
(0 0 0)
(-1.1021e-11 -8.31704e-10 0)
(-2.40077e-11 -8.3582e-10 0)
(-1.72828e-11 -1.07028e-09 0)
(0 0 0)
(0 0 0)
(0 0 0)
(3.91887e-12 -8.87305e-10 0)
(-8.33196e-13 -9.4674e-10 0)
(-1.2093e-11 -1.11267e-09 0)
(0 0 0)
(-1.03809e-10 -2.14374e-09 0)
(8.11264e-12 -8.165e-10 0)
(-3.60151e-11 -7.88582e-10 0)
(1.92682e-12 -1.7762e-09 0)
(0 0 0)
(0 0 0)
(0 0 0)
(0 0 0)
(0 0 0)
(0 0 0)
(0 0 0)
(0 0 0)
(0 0 0)
(0 0 0)
(0 0 0)
(0 0 0)
(0 0 0)
(0 0 0)
(0 0 0)
(0 0 0)
(0 0 0)
(0 0 0)
(0 0 0)
(0 0 0)
(0 0 0)
(0 0 0)
(0 0 0)
(0 0 0)
(0 0 0)
(0 0 0)
(0 0 0)
(0 0 0)
(0 0 0)
(0 0 0)
(0 0 0)
(0 0 0)
(0 0 0)
(0 0 0)
(0 0 0)
(0 0 0)
(0 0 0)
(0 0 0)
(0 0 0)
(0 0 0)
(0 0 0)
(0 0 0)
(0 0 0)
(1.36294e-11 -7.91912e-10 0)
(0 0 0)
(5.44408e-12 -8.57618e-10 0)
(0 0 0)
(1.22296e-11 -8.15597e-10 0)
(1.25989e-11 -1.07264e-09 0)
(0 0 0)
(2.90988e-11 -8.82157e-10 0)
(0 0 0)
(4.34339e-11 -1.937e-09 0)
(6.62613e-11 -7.91356e-10 0)
(6.90592e-11 -8.44344e-10 0)
(-4.81196e-11 -8.99334e-10 0)
(-1.08213e-10 -1.98866e-09 0)
(-2.06024e-11 -7.57358e-10 0)
(-2.75551e-12 -7.63774e-10 0)
(0 0 0)
(5.35154e-11 -7.78932e-10 0)
(-5.70049e-11 -7.57938e-10 0)
(-4.26823e-11 -8.48835e-10 0)
(0 0 0)
(4.10684e-11 -9.07141e-10 0)
(0 0 0)
(4.7641e-11 -1.85102e-09 0)
(-1.28063e-11 -9.29693e-10 0)
(0 0 0)
(-2.99065e-11 -1.1316e-09 0)
(0 0 0)
(0 0 0)
(1.65941e-11 -8.37608e-10 0)
(-4.76678e-11 -8.68519e-10 0)
(-8.29093e-11 -1.93035e-09 0)
(2.50537e-12 -7.57912e-10 0)
(2.52791e-11 -7.64084e-10 0)
(0 0 0)
(0 0 0)
(0 0 0)
(0 0 0)
(0 0 0)
(0 0 0)
(0 0 0)
(0 0 0)
(0 0 0)
(0 0 0)
(0 0 0)
(0 0 0)
(0 0 0)
(0 0 0)
(0 0 0)
(0 0 0)
(0 0 0)
(0 0 0)
(0 0 0)
(0 0 0)
(0 0 0)
(0 0 0)
(0 0 0)
(0 0 0)
(0 0 0)
(0 0 0)
(0 0 0)
(0 0 0)
(0 0 0)
(0 0 0)
(0 0 0)
(0 0 0)
(0 0 0)
(0 0 0)
(0 0 0)
(0 0 0)
(0 0 0)
(0 0 0)
(0 0 0)
(0 0 0)
(7.01576e-11 -1.69245e-09 0)
(0 0 0)
(-5.01825e-11 -7.64961e-10 0)
(-1.04595e-11 -8.43518e-10 0)
(7.91804e-13 -2.24086e-10 0)
(9.52181e-13 -4.0756e-10 0)
(-4.77882e-11 -8.15521e-10 0)
(1.31365e-10 -9.27932e-10 0)
(0 0 0)
(6.37315e-11 -8.71494e-10 0)
(0 0 0)
(8.37784e-12 -8.71184e-10 0)
(3.81103e-11 -1.13249e-09 0)
(0 0 0)
(0 0 0)
(-5.96397e-11 -2.84977e-09 0)
(7.23781e-12 -1.74439e-09 0)
(2.74884e-11 -7.43136e-10 0)
(-3.61851e-11 -1.87466e-09 0)
(0 0 0)
(-1.69876e-11 -7.69327e-10 0)
(1.50595e-11 -8.33503e-10 0)
(4.93338e-11 -8.65039e-10 0)
(0 0 0)
(1.19493e-12 -8.05529e-10 0)
(0 0 0)
(-8.02172e-12 -9.38424e-10 0)
(-4.42381e-11 -1.0598e-09 0)
(0 0 0)
(1.00212e-11 -8.83231e-10 0)
(-1.48452e-12 -8.545e-10 0)
(0 0 0)
(-2.60294e-11 -8.54246e-10 0)
(-4.07722e-11 -8.34876e-10 0)
(-1.99587e-11 -8.37585e-10 0)
(-6.8133e-12 -8.41873e-10 0)
(0 0 0)
(0 0 0)
(0 0 0)
(0 0 0)
(0 0 0)
(0 0 0)
(0 0 0)
(0 0 0)
(0 0 0)
(0 0 0)
(0 0 0)
(0 0 0)
(0 0 0)
(0 0 0)
(0 0 0)
(0 0 0)
(0 0 0)
(0 0 0)
(0 0 0)
(0 0 0)
(0 0 0)
(0 0 0)
(0 0 0)
(0 0 0)
(0 0 0)
(0 0 0)
(0 0 0)
(0 0 0)
(0 0 0)
(0 0 0)
(0 0 0)
(0 0 0)
(0 0 0)
(0 0 0)
(0 0 0)
(0 0 0)
(0 0 0)
(0 0 0)
(0 0 0)
(2.78079e-11 -1.71665e-09 0)
(4.15693e-11 -7.62631e-10 0)
(6.34671e-11 -1.93461e-09 0)
(1.97889e-11 -8.50604e-10 0)
(4.84573e-11 -8.97581e-10 0)
(-9.0471e-13 -8.51164e-10 0)
(2.11263e-11 -9.69093e-10 0)
(2.85623e-11 -7.38818e-10 0)
(1.00185e-10 -9.12617e-10 0)
(8.77138e-13 -5.71522e-11 0)
(1.00592e-11 -6.18598e-10 0)
(1.45418e-11 -8.19458e-10 0)
(-1.21061e-11 -9.50786e-10 0)
(6.65415e-11 -1.09717e-09 0)
(-2.79969e-11 -1.00667e-09 0)
(-7.48226e-12 -7.86407e-10 0)
(-3.69121e-11 -7.89453e-10 0)
(-5.49367e-12 -8.31554e-10 0)
(-6.78617e-11 -1.55301e-09 0)
(4.90399e-12 -9.10956e-10 0)
(4.03694e-12 -7.50176e-10 0)
(-2.81269e-12 -7.87246e-10 0)
(3.0425e-11 -8.58736e-10 0)
(0 0 0)
(0 0 0)
(7.60697e-11 -9.65792e-10 0)
(-5.72493e-11 -1.04785e-09 0)
(-6.0785e-11 -9.3356e-10 0)
(-1.42449e-11 -9.34013e-10 0)
(0 0 0)
(-4.58592e-11 -8.87446e-10 0)
(-2.71821e-11 -8.59198e-10 0)
(-1.2449e-11 -8.14264e-10 0)
(-7.19258e-12 -8.39768e-10 0)
(-2.28092e-12 -8.64864e-10 0)
(0 0 0)
(0 0 0)
(0 0 0)
(0 0 0)
(0 0 0)
(0 0 0)
(0 0 0)
(0 0 0)
(0 0 0)
(0 0 0)
(0 0 0)
(0 0 0)
(0 0 0)
(0 0 0)
(0 0 0)
(0 0 0)
(0 0 0)
(0 0 0)
(0 0 0)
(0 0 0)
(0 0 0)
(0 0 0)
(0 0 0)
(0 0 0)
(0 0 0)
(0 0 0)
(0 0 0)
(0 0 0)
(0 0 0)
(0 0 0)
(0 0 0)
(0 0 0)
(0 0 0)
(0 0 0)
(0 0 0)
(0 0 0)
(0 0 0)
(0 0 0)
(0 0 0)
(0 0 0)
(-3.22076e-12 -8.50965e-10 0)
(6.19476e-11 -9.71034e-10 0)
(-1.70584e-11 -9.78076e-10 0)
(3.7571e-11 -8.58364e-10 0)
(1.16983e-10 -1.78153e-09 0)
(3.46899e-11 -8.21685e-10 0)
(8.42172e-11 -1.91469e-09 0)
(6.49088e-11 -8.9963e-10 0)
(1.78276e-10 -1.97269e-09 0)
(4.77978e-11 -1.81764e-09 0)
(-9.25007e-12 -7.59262e-10 0)
(-2.45442e-11 -8.59697e-10 0)
(-3.70445e-11 -9.36656e-10 0)
(-1.04745e-11 -1.07849e-09 0)
(0 0 0)
(-1.01629e-11 -8.09151e-10 0)
(-2.98616e-11 -8.48195e-10 0)
(-5.06996e-11 -8.92254e-10 0)
(-4.66306e-11 -8.85428e-10 0)
(-2.98861e-11 -8.15732e-10 0)
(4.08837e-12 -1.82556e-09 0)
(8.65763e-12 -7.4055e-10 0)
(0 0 0)
(8.01735e-11 -1.81613e-09 0)
(5.07663e-12 -9.16288e-10 0)
(6.95424e-12 -1.14649e-09 0)
(0 0 0)
(-1.7694e-11 -9.01638e-10 0)
(8.35802e-12 -9.08257e-10 0)
(-3.5134e-11 -8.92341e-10 0)
(0 0 0)
(-3.53446e-11 -8.67192e-10 0)
(-7.91582e-11 -2.01884e-09 0)
(0 0 0)
(3.99803e-13 -8.22007e-10 0)
(0 0 0)
(0 0 0)
(0 0 0)
(0 0 0)
(0 0 0)
(0 0 0)
(0 0 0)
(0 0 0)
(0 0 0)
(0 0 0)
(0 0 0)
(0 0 0)
(0 0 0)
(0 0 0)
(0 0 0)
(0 0 0)
(0 0 0)
(0 0 0)
(0 0 0)
(0 0 0)
(0 0 0)
(0 0 0)
(0 0 0)
(0 0 0)
(0 0 0)
(0 0 0)
(0 0 0)
(0 0 0)
(0 0 0)
(0 0 0)
(0 0 0)
(0 0 0)
(0 0 0)
(0 0 0)
(0 0 0)
(0 0 0)
(0 0 0)
(0 0 0)
(0 0 0)
(0 0 0)
(-6.71479e-11 -7.75242e-10 0)
(-7.35537e-11 -2.25792e-09 0)
(3.00885e-11 -8.36266e-10 0)
(-6.78459e-13 -7.3454e-10 0)
(0 0 0)
(-5.29926e-12 -8.91157e-10 0)
(2.37322e-11 -8.61991e-10 0)
(1.44767e-10 -1.90742e-09 0)
(-6.89128e-11 -1.89758e-09 0)
(-4.01457e-13 -7.35686e-10 0)
(2.60451e-11 -8.03288e-10 0)
(-2.36951e-11 -8.94522e-10 0)
(-4.73212e-11 -8.85724e-10 0)
(-7.47956e-11 -8.73256e-10 0)
(-1.16717e-12 -9.64486e-10 0)
(3.41187e-11 -9.11206e-10 0)
(3.85706e-11 -8.87672e-10 0)
(-6.9371e-11 -9.32946e-10 0)
(-1.74055e-11 -8.55737e-10 0)
(9.84303e-12 -7.98176e-10 0)
(-7.85304e-12 -7.54553e-10 0)
(1.75235e-11 -7.1432e-10 0)
(3.53142e-11 -7.44268e-10 0)
(0 0 0)
(3.25931e-11 -8.83077e-10 0)
(-3.97575e-11 -2.16749e-09 0)
(0 0 0)
(6.07116e-11 -9.59482e-10 0)
(1.49261e-11 -9.17291e-10 0)
(-2.10825e-11 -9.21278e-10 0)
(6.11865e-13 -9.2136e-10 0)
(-4.6791e-11 -2.01923e-09 0)
(-5.99053e-11 -7.12061e-10 0)
(3.6469e-11 -1.79182e-09 0)
(0 0 0)
(0 0 0)
(0 0 0)
(0 0 0)
(0 0 0)
(0 0 0)
(0 0 0)
(0 0 0)
(0 0 0)
(0 0 0)
(0 0 0)
(0 0 0)
(0 0 0)
(0 0 0)
(0 0 0)
(0 0 0)
(0 0 0)
(0 0 0)
(0 0 0)
(0 0 0)
(0 0 0)
(0 0 0)
(0 0 0)
(0 0 0)
(0 0 0)
(0 0 0)
(0 0 0)
(0 0 0)
(0 0 0)
(0 0 0)
(0 0 0)
(0 0 0)
(0 0 0)
(0 0 0)
(0 0 0)
(0 0 0)
(0 0 0)
(0 0 0)
(0 0 0)
(0 0 0)
(0 0 0)
(0 0 0)
(-1.00442e-10 -8.54188e-10 0)
(3.54898e-12 -9.18313e-10 0)
(5.1496e-12 -2.64877e-10 0)
(2.7929e-11 -1.3368e-09 0)
(4.46768e-12 -7.35562e-10 0)
(3.0881e-11 -7.40859e-10 0)
(7.87076e-12 -2.24787e-09 0)
(-2.01063e-11 -8.68472e-10 0)
(1.90828e-11 -7.87746e-10 0)
(5.08097e-11 -9.53931e-10 0)
(-1.60317e-11 -9.81414e-10 0)
(-1.22109e-10 -1.95849e-09 0)
(-2.3458e-11 -8.3561e-10 0)
(2.01256e-11 -8.08974e-10 0)
(5.00685e-12 -8.04982e-10 0)
(2.33552e-11 -1.10593e-09 0)
(0 0 0)
(5.31039e-11 -8.5488e-10 0)
(4.69332e-11 -8.01339e-10 0)
(1.36479e-11 -7.68847e-10 0)
(4.51327e-11 -7.26096e-10 0)
(2.15893e-11 -7.56074e-10 0)
(1.5449e-11 -7.88108e-10 0)
(5.1207e-11 -8.97515e-10 0)
(0 0 0)
(3.67179e-11 -8.65911e-10 0)
(8.13949e-11 -1.00722e-09 0)
(-1.90148e-11 -2.04637e-09 0)
(-9.33258e-11 -7.84411e-10 0)
(-8.51712e-11 -1.84829e-09 0)
(5.53057e-12 -6.06587e-10 0)
(0 0 0)
(0 0 0)
(0 0 0)
(0 0 0)
(0 0 0)
(0 0 0)
(0 0 0)
(0 0 0)
(0 0 0)
(0 0 0)
(0 0 0)
(0 0 0)
(0 0 0)
(0 0 0)
(0 0 0)
(0 0 0)
(0 0 0)
(0 0 0)
(0 0 0)
(0 0 0)
(0 0 0)
(0 0 0)
(0 0 0)
(0 0 0)
(0 0 0)
(0 0 0)
(0 0 0)
(0 0 0)
(0 0 0)
(0 0 0)
(0 0 0)
(0 0 0)
(0 0 0)
(0 0 0)
(0 0 0)
(0 0 0)
(0 0 0)
(0 0 0)
(0 0 0)
(0 0 0)
(0 0 0)
(0 0 0)
(0 0 0)
(-2.73898e-11 -7.95373e-10 0)
(0 0 0)
(0 0 0)
(5.04696e-11 -8.34293e-10 0)
(-3.34514e-12 -8.32594e-10 0)
(0 0 0)
(-1.96266e-11 -8.42648e-10 0)
(-4.98594e-11 -9.7476e-10 0)
(0 0 0)
(8.55735e-12 -8.72376e-10 0)
(-3.39848e-11 -2.33358e-09 0)
(-2.02143e-11 -8.74598e-10 0)
(-4.49347e-11 -1.77944e-09 0)
(-4.23937e-11 -1.64077e-09 0)
(-5.01159e-11 -1.6878e-09 0)
(0 0 0)
(-3.43121e-11 -8.28234e-10 0)
(5.78505e-11 -8.85657e-10 0)
(7.33193e-11 -8.59181e-10 0)
(6.72176e-11 -7.84037e-10 0)
(2.79843e-11 -7.78854e-10 0)
(2.83996e-12 -7.16329e-10 0)
(1.89665e-11 -7.22302e-10 0)
(-1.35345e-11 -7.51511e-10 0)
(-3.74978e-11 -2.4268e-09 0)
(2.27606e-11 -9.05729e-10 0)
(1.16688e-10 -1.88417e-09 0)
(1.47868e-10 -2.06412e-09 0)
(-4.2912e-11 -9.2081e-10 0)
(-1.0393e-10 -8.55536e-10 0)
(0 0 0)
(0 0 0)
(0 0 0)
(0 0 0)
(0 0 0)
(0 0 0)
(0 0 0)
(0 0 0)
(0 0 0)
(0 0 0)
(0 0 0)
(0 0 0)
(0 0 0)
(0 0 0)
(0 0 0)
(0 0 0)
(0 0 0)
(0 0 0)
(0 0 0)
(0 0 0)
(0 0 0)
(0 0 0)
(0 0 0)
(0 0 0)
(0 0 0)
(0 0 0)
(0 0 0)
(0 0 0)
(0 0 0)
(0 0 0)
(0 0 0)
(0 0 0)
(0 0 0)
(0 0 0)
(0 0 0)
(0 0 0)
(0 0 0)
(0 0 0)
(0 0 0)
(0 0 0)
(0 0 0)
(0 0 0)
(0 0 0)
(0 0 0)
(0 0 0)
(0 0 0)
(-4.04775e-11 -1.77892e-09 0)
(5.96551e-12 -8.237e-10 0)
(5.94502e-11 -8.02091e-10 0)
(2.57903e-11 -8.38542e-10 0)
(0 0 0)
(-4.02331e-11 -9.00406e-10 0)
(0 0 0)
(4.49902e-12 -9.43085e-10 0)
(-7.66278e-11 -9.39162e-10 0)
(-6.36367e-11 -9.04756e-10 0)
(-1.96631e-11 -9.45559e-10 0)
(-2.44178e-11 -1.9494e-09 0)
(-4.64765e-11 -7.79248e-10 0)
(-8.81941e-11 -1.77629e-09 0)
(1.07712e-11 -1.8907e-09 0)
(-2.19463e-11 -8.43034e-10 0)
(6.59983e-11 -2.04177e-09 0)
(3.14921e-11 -7.59355e-10 0)
(7.09817e-11 -7.3965e-10 0)
(2.84562e-11 -7.74718e-10 0)
(1.92086e-11 -8.10226e-10 0)
(2.00367e-11 -8.41933e-10 0)
(-4.38319e-11 -9.26591e-10 0)
(0 0 0)
(8.16354e-12 -1.03534e-09 0)
(1.33588e-11 -1.8147e-09 0)
(-2.2587e-11 -3.48032e-09 0)
(-1.07598e-11 -2.30908e-09 0)
(-3.31398e-11 -7.58055e-10 0)
(0 0 0)
(0 0 0)
(0 0 0)
(0 0 0)
(0 0 0)
(0 0 0)
(0 0 0)
(0 0 0)
(0 0 0)
(0 0 0)
(0 0 0)
(0 0 0)
(0 0 0)
(0 0 0)
(0 0 0)
(0 0 0)
(0 0 0)
(0 0 0)
(0 0 0)
(0 0 0)
(0 0 0)
(0 0 0)
(0 0 0)
(0 0 0)
(0 0 0)
(0 0 0)
(0 0 0)
(0 0 0)
(0 0 0)
(0 0 0)
(0 0 0)
(0 0 0)
(0 0 0)
(0 0 0)
(0 0 0)
(0 0 0)
(0 0 0)
(0 0 0)
(0 0 0)
(0 0 0)
(0 0 0)
(0 0 0)
(0 0 0)
(0 0 0)
(0 0 0)
(0 0 0)
(-1.13927e-11 -9.14954e-10 0)
(4.9492e-12 -3.00182e-10 0)
(2.04653e-11 -1.26511e-09 0)
(3.40346e-11 -7.68338e-10 0)
(2.38559e-11 -8.3771e-10 0)
(-5.71976e-11 -9.47537e-10 0)
(0 0 0)
(0 0 0)
(-4.83415e-11 -2.00357e-09 0)
(-1.45676e-11 -9.23447e-10 0)
(0 0 0)
(8.398e-12 -3.51863e-10 0)
(-2.24778e-12 -1.2321e-09 0)
(0 0 0)
(1.69234e-11 -9.72024e-10 0)
(0 0 0)
(1.51066e-11 -8.68946e-10 0)
(6.12704e-11 -7.59883e-10 0)
(1.97258e-10 -1.65236e-09 0)
(6.4378e-11 -1.61815e-09 0)
(-6.0155e-12 -7.18182e-10 0)
(0 0 0)
(-2.51234e-11 -9.09644e-10 0)
(-3.07452e-11 -9.36597e-10 0)
(-1.36622e-10 -2.13247e-09 0)
(-7.32306e-11 -8.24071e-10 0)
(-2.13795e-10 -2.17024e-09 0)
(-2.87493e-11 -9.22264e-10 0)
(1.35165e-10 -2.02193e-09 0)
(1.99611e-11 -7.02328e-10 0)
(0 0 0)
(0 0 0)
(0 0 0)
(0 0 0)
(0 0 0)
(0 0 0)
(0 0 0)
(0 0 0)
(0 0 0)
(0 0 0)
(0 0 0)
(0 0 0)
(0 0 0)
(0 0 0)
(0 0 0)
(0 0 0)
(0 0 0)
(0 0 0)
(0 0 0)
(0 0 0)
(0 0 0)
(0 0 0)
(0 0 0)
(0 0 0)
(0 0 0)
(0 0 0)
(0 0 0)
(0 0 0)
(0 0 0)
(0 0 0)
(0 0 0)
(0 0 0)
(0 0 0)
(0 0 0)
(0 0 0)
(0 0 0)
(0 0 0)
(0 0 0)
(0 0 0)
(0 0 0)
(0 0 0)
(0 0 0)
(0 0 0)
(0 0 0)
(3.74696e-11 -8.98459e-10 0)
(0 0 0)
(8.21884e-11 -1.92329e-09 0)
(2.75423e-11 -7.5784e-10 0)
(4.09677e-11 -7.58118e-10 0)
(1.70789e-11 -9.35429e-10 0)
(0 0 0)
(0 0 0)
(-2.89268e-11 -1.85781e-09 0)
(0 0 0)
(-1.18814e-11 -8.90701e-10 0)
(-4.4197e-12 -9.76011e-10 0)
(0 0 0)
(-8.64443e-12 -9.1095e-10 0)
(0 0 0)
(0 0 0)
(-9.84308e-12 -9.08646e-10 0)
(5.56695e-11 -1.9457e-09 0)
(-6.47896e-12 -1.69305e-09 0)
(-1.31752e-11 -2.71416e-09 0)
(-5.82238e-11 -1.63205e-09 0)
(2.54292e-11 -7.44324e-10 0)
(-2.01455e-11 -9.03565e-10 0)
(-5.83146e-11 -9.06791e-10 0)
(-6.63059e-11 -9.6262e-10 0)
(-5.76756e-11 -8.28356e-10 0)
(-8.8092e-11 -1.55949e-09 0)
(-6.07545e-11 -1.44065e-09 0)
(1.62866e-11 -9.07656e-10 0)
(1.82412e-11 -8.56845e-10 0)
(0 0 0)
(0 0 0)
(0 0 0)
(0 0 0)
(0 0 0)
(0 0 0)
(0 0 0)
(0 0 0)
(0 0 0)
(0 0 0)
(0 0 0)
(0 0 0)
(0 0 0)
(0 0 0)
(0 0 0)
(0 0 0)
(0 0 0)
(0 0 0)
(0 0 0)
(0 0 0)
(0 0 0)
(0 0 0)
(0 0 0)
(0 0 0)
(0 0 0)
(0 0 0)
(0 0 0)
(0 0 0)
(0 0 0)
(0 0 0)
(0 0 0)
(0 0 0)
(0 0 0)
(0 0 0)
(0 0 0)
(0 0 0)
(0 0 0)
(0 0 0)
(0 0 0)
(0 0 0)
(0 0 0)
(0 0 0)
(0 0 0)
(0 0 0)
(0 0 0)
(4.38329e-11 -8.80344e-10 0)
(4.01459e-11 -8.76141e-10 0)
(4.07981e-11 -8.1786e-10 0)
(6.51182e-11 -8.24961e-10 0)
(0 0 0)
(3.89846e-11 -8.63864e-10 0)
(-6.23102e-11 -8.99268e-10 0)
(-2.52558e-11 -8.40489e-10 0)
(-2.57855e-12 -8.17351e-10 0)
(0 0 0)
(-3.2654e-11 -9.10648e-10 0)
(-1.1976e-11 -9.4006e-10 0)
(3.5313e-12 -9.37871e-10 0)
(3.18944e-12 -9.85621e-10 0)
(0 0 0)
(0 0 0)
(-9.25581e-11 -1.85383e-09 0)
(-9.40276e-11 -1.75767e-09 0)
(-7.69715e-11 -1.60078e-09 0)
(-1.57227e-11 -1.82138e-09 0)
(0 0 0)
(8.47074e-13 -6.65711e-10 0)
(-2.15738e-11 -1.45391e-09 0)
(-5.68218e-12 -2.44592e-10 0)
(-4.36723e-11 -8.80725e-10 0)
(-7.06434e-11 -9.16223e-10 0)
(-4.78408e-11 -9.22217e-10 0)
(-4.12584e-11 -8.99196e-10 0)
(1.80142e-11 -9.1512e-10 0)
(-6.39725e-11 -8.89465e-10 0)
(0 0 0)
(7.65927e-11 -7.72788e-10 0)
(5.26736e-11 -8.46602e-10 0)
(6.83202e-11 -8.02044e-10 0)
(0 0 0)
(0 0 0)
(0 0 0)
(0 0 0)
(0 0 0)
(0 0 0)
(0 0 0)
(0 0 0)
(0 0 0)
(0 0 0)
(0 0 0)
(0 0 0)
(0 0 0)
(0 0 0)
(0 0 0)
(0 0 0)
(0 0 0)
(0 0 0)
(0 0 0)
(0 0 0)
(0 0 0)
(0 0 0)
(0 0 0)
(0 0 0)
(0 0 0)
(0 0 0)
(0 0 0)
(0 0 0)
(0 0 0)
(0 0 0)
(0 0 0)
(0 0 0)
(0 0 0)
(0 0 0)
(0 0 0)
(0 0 0)
(0 0 0)
(0 0 0)
(0 0 0)
(0 0 0)
(0 0 0)
(4.69996e-11 -8.65317e-10 0)
(7.22271e-11 -8.62389e-10 0)
(6.05499e-11 -8.49655e-10 0)
(0 0 0)
(6.11657e-11 -7.31366e-10 0)
(2.85083e-11 -2.37776e-09 0)
(0 0 0)
(3.24586e-11 -9.18654e-10 0)
(2.25329e-11 -1.83458e-09 0)
(-1.23922e-11 -7.81769e-10 0)
(0 0 0)
(9.3257e-13 -9.01596e-10 0)
(0 0 0)
(3.81801e-11 -9.43362e-10 0)
(-1.36814e-10 -2.17596e-09 0)
(-1.19949e-10 -1.86867e-09 0)
(-1.34048e-10 -1.71373e-09 0)
(-5.43573e-11 -7.74722e-10 0)
(-8.13196e-11 -1.52168e-09 0)
(-1.50661e-11 -9.65524e-10 0)
(1.25417e-11 -7.7062e-10 0)
(0 0 0)
(1.83281e-11 -1.73618e-09 0)
(9.67045e-11 -2.14465e-09 0)
(-6.83786e-11 -9.39647e-10 0)
(0 0 0)
(-4.68002e-11 -8.80574e-10 0)
(-5.11882e-11 -8.34159e-10 0)
(-1.68684e-11 -1.11738e-09 0)
(0 0 0)
(0 0 0)
(3.74439e-11 -8.68863e-10 0)
(4.54097e-11 -9.08959e-10 0)
(7.13515e-11 -1.87803e-09 0)
(2.38445e-11 -7.39406e-10 0)
(0 0 0)
(0 0 0)
(0 0 0)
(0 0 0)
(0 0 0)
(0 0 0)
(0 0 0)
(0 0 0)
(0 0 0)
(0 0 0)
(0 0 0)
(0 0 0)
(0 0 0)
(0 0 0)
(0 0 0)
(0 0 0)
(0 0 0)
(0 0 0)
(0 0 0)
(0 0 0)
(0 0 0)
(0 0 0)
(0 0 0)
(0 0 0)
(0 0 0)
(0 0 0)
(0 0 0)
(0 0 0)
(0 0 0)
(0 0 0)
(0 0 0)
(0 0 0)
(0 0 0)
(0 0 0)
(0 0 0)
(0 0 0)
(0 0 0)
(0 0 0)
(0 0 0)
(0 0 0)
(-1.92546e-11 -7.56994e-10 0)
(3.53293e-11 -8.19482e-10 0)
(0 0 0)
(5.3934e-11 -8.08435e-10 0)
(-5.95981e-11 -1.84205e-09 0)
(-3.86552e-11 -7.99335e-10 0)
(3.1192e-11 -9.22345e-10 0)
(4.13807e-11 -2.02731e-09 0)
(-2.68857e-11 -1.00033e-09 0)
(-7.29572e-12 -1.62719e-09 0)
(-1.51082e-11 -8.49423e-10 0)
(0 0 0)
(-3.05175e-11 -8.62077e-10 0)
(1.69264e-11 -2.41241e-09 0)
(0 0 0)
(2.15693e-11 -8.29105e-10 0)
(-4.15181e-11 -8.34116e-10 0)
(-6.53527e-12 -8.47135e-10 0)
(0 0 0)
(-5.65905e-11 -8.12811e-10 0)
(-1.64802e-11 -8.35215e-10 0)
(0 0 0)
(-2.59023e-11 -7.7972e-10 0)
(3.07775e-11 -1.16288e-09 0)
(1.07553e-11 -5.06327e-10 0)
(4.05321e-12 -2.12574e-10 0)
(-7.39278e-12 -8.59644e-10 0)
(-3.2275e-11 -9.59563e-10 0)
(0 0 0)
(0 0 0)
(3.31234e-11 -9.07365e-10 0)
(2.52049e-11 -8.7549e-10 0)
(3.25896e-11 -8.53205e-10 0)
(0 0 0)
(0 0 0)
(0 0 0)
(0 0 0)
(0 0 0)
(0 0 0)
(0 0 0)
(0 0 0)
(0 0 0)
(0 0 0)
(0 0 0)
(0 0 0)
(0 0 0)
(0 0 0)
(0 0 0)
(0 0 0)
(0 0 0)
(0 0 0)
(0 0 0)
(0 0 0)
(0 0 0)
(0 0 0)
(0 0 0)
(0 0 0)
(0 0 0)
(0 0 0)
(0 0 0)
(0 0 0)
(0 0 0)
(0 0 0)
(0 0 0)
(0 0 0)
(0 0 0)
(0 0 0)
(0 0 0)
(0 0 0)
(0 0 0)
(0 0 0)
(0 0 0)
(0 0 0)
(0 0 0)
(0 0 0)
(1.02959e-11 -7.87196e-10 0)
(7.10479e-12 -7.52104e-10 0)
(-6.74699e-11 -6.83127e-10 0)
(-9.9582e-11 -1.60845e-09 0)
(-1.80847e-10 -1.70743e-09 0)
(-1.59638e-10 -1.91047e-09 0)
(-1.08341e-10 -1.95956e-09 0)
(-1.94664e-11 -8.39737e-10 0)
(0 0 0)
(-2.32732e-11 -8.55233e-10 0)
(-2.44878e-11 -8.75305e-10 0)
(-2.51834e-12 -8.93352e-10 0)
(0 0 0)
(-3.44768e-11 -9.44414e-10 0)
(0 0 0)
(4.14975e-11 -9.01619e-10 0)
(0 0 0)
(1.37048e-11 -8.46613e-10 0)
(-1.39451e-11 -8.88046e-10 0)
(0 0 0)
(0 0 0)
(1.58198e-11 -8.36201e-10 0)
(-3.52827e-11 -8.55192e-10 0)
(-7.15962e-11 -8.8158e-10 0)
(3.51006e-11 -1.15355e-09 0)
(0 0 0)
(4.54948e-11 -8.57866e-10 0)
(5.73566e-11 -9.92365e-10 0)
(1.14617e-11 -1.01456e-09 0)
(-1.97438e-11 -9.14653e-10 0)
(0 0 0)
(-2.00259e-11 -8.31243e-10 0)
(1.49075e-11 -8.44217e-10 0)
(-6.29192e-12 -1.82951e-09 0)
(2.71852e-11 -6.93401e-10 0)
(0 0 0)
(0 0 0)
(0 0 0)
(0 0 0)
(0 0 0)
(0 0 0)
(0 0 0)
(0 0 0)
(0 0 0)
(0 0 0)
(0 0 0)
(0 0 0)
(0 0 0)
(0 0 0)
(0 0 0)
(0 0 0)
(0 0 0)
(0 0 0)
(0 0 0)
(0 0 0)
(0 0 0)
(0 0 0)
(0 0 0)
(0 0 0)
(0 0 0)
(0 0 0)
(0 0 0)
(0 0 0)
(0 0 0)
(0 0 0)
(0 0 0)
(0 0 0)
(0 0 0)
(0 0 0)
(0 0 0)
(0 0 0)
(0 0 0)
(0 0 0)
(0 0 0)
(0 0 0)
(-4.87789e-11 -1.76537e-09 0)
(-5.04191e-11 -1.59755e-09 0)
(-7.75854e-11 -6.72176e-10 0)
(-1.44072e-10 -1.73391e-09 0)
(0 0 0)
(-6.9965e-11 -8.95129e-10 0)
(1.43555e-11 -8.7475e-10 0)
(-1.22326e-11 -8.34883e-10 0)
(0 0 0)
(0 0 0)
(1.13329e-11 -9.60274e-10 0)
(-2.66504e-11 -8.91651e-10 0)
(6.97615e-12 -8.59611e-10 0)
(0 0 0)
(3.11091e-11 -8.41732e-10 0)
(0 0 0)
(1.15862e-11 -9.07227e-10 0)
(0 0 0)
(-1.18308e-11 -8.79865e-10 0)
(0 0 0)
(2.29404e-11 -8.3022e-10 0)
(2.33952e-11 -8.6863e-10 0)
(0 0 0)
(-6.88734e-11 -8.99741e-10 0)
(-9.81312e-11 -1.01383e-09 0)
(0 0 0)
(3.46128e-11 -9.56681e-10 0)
(1.63647e-11 -2.06539e-09 0)
(8.42602e-11 -9.57308e-10 0)
(1.50686e-11 -8.86527e-10 0)
(-2.74537e-11 -8.27775e-10 0)
(-5.97531e-11 -7.73901e-10 0)
(-4.41753e-11 -1.81804e-09 0)
(-1.36759e-11 -7.63051e-10 0)
(0 0 0)
(0 0 0)
(0 0 0)
(0 0 0)
(0 0 0)
(0 0 0)
(0 0 0)
(0 0 0)
(0 0 0)
(0 0 0)
(0 0 0)
(0 0 0)
(0 0 0)
(0 0 0)
(0 0 0)
(0 0 0)
(0 0 0)
(0 0 0)
(0 0 0)
(0 0 0)
(0 0 0)
(0 0 0)
(0 0 0)
(0 0 0)
(0 0 0)
(0 0 0)
(0 0 0)
(0 0 0)
(0 0 0)
(0 0 0)
(0 0 0)
(0 0 0)
(0 0 0)
(0 0 0)
(0 0 0)
(0 0 0)
(0 0 0)
(0 0 0)
(0 0 0)
(0 0 0)
(0 0 0)
(2.58341e-11 -1.87981e-09 0)
(1.59101e-11 -1.8983e-09 0)
(-3.95895e-11 -6.91708e-10 0)
(0 0 0)
(-2.49612e-11 -7.93899e-10 0)
(0 0 0)
(0 0 0)
(2.83026e-11 -8.95145e-10 0)
(0 0 0)
(9.87686e-11 -9.63701e-10 0)
(-7.56416e-11 -1.63422e-09 0)
(-1.41281e-11 -2.70777e-10 0)
(7.54642e-12 -2.4974e-09 0)
(2.45094e-11 -1.13764e-09 0)
(8.92539e-12 -8.0349e-10 0)
(1.93642e-11 -8.46438e-10 0)
(4.50619e-12 -8.02356e-10 0)
(4.88865e-11 -8.35016e-10 0)
(1.38379e-11 -7.68088e-10 0)
(1.10856e-11 -8.45714e-10 0)
(1.83912e-11 -7.78888e-10 0)
(2.94047e-11 -7.75401e-10 0)
(9.65044e-11 -9.31293e-10 0)
(0 0 0)
(-2.24913e-11 -9.40059e-10 0)
(3.10016e-11 -8.20249e-10 0)
(-1.14347e-10 -1.78121e-09 0)
(-4.3821e-11 -7.68992e-10 0)
(1.45182e-11 -8.6598e-10 0)
(7.18734e-11 -2.41328e-09 0)
(2.83313e-11 -8.61864e-10 0)
(1.55483e-11 -7.34959e-10 0)
(-2.13526e-11 -7.56991e-10 0)
(0 0 0)
(0 0 0)
(0 0 0)
(0 0 0)
(0 0 0)
(0 0 0)
(0 0 0)
(0 0 0)
(0 0 0)
(0 0 0)
(0 0 0)
(0 0 0)
(0 0 0)
(0 0 0)
(0 0 0)
(0 0 0)
(0 0 0)
(0 0 0)
(0 0 0)
(0 0 0)
(0 0 0)
(0 0 0)
(0 0 0)
(0 0 0)
(0 0 0)
(0 0 0)
(0 0 0)
(0 0 0)
(0 0 0)
(0 0 0)
(0 0 0)
(0 0 0)
(0 0 0)
(0 0 0)
(0 0 0)
(0 0 0)
(0 0 0)
(0 0 0)
(0 0 0)
(0 0 0)
(0 0 0)
(0 0 0)
(1.70841e-11 -1.68477e-09 0)
(-7.69716e-11 -2.64904e-09 0)
(-6.21697e-11 -1.55371e-09 0)
(-2.52536e-12 -6.69872e-10 0)
(0 0 0)
(0 0 0)
(4.5879e-11 -8.95479e-10 0)
(0 0 0)
(1.07748e-11 -7.44363e-10 0)
(-1.59222e-10 -3.95967e-09 0)
(1.87101e-12 -8.71273e-10 0)
(4.98176e-12 -7.45617e-10 0)
(1.25374e-12 -7.72422e-10 0)
(4.06294e-11 -8.73442e-10 0)
(0 0 0)
(5.23834e-11 -7.64789e-10 0)
(0 0 0)
(3.23775e-11 -8.58917e-10 0)
(6.98608e-11 -8.69224e-10 0)
(0 0 0)
(9.92131e-12 -7.72606e-10 0)
(6.69889e-11 -7.4543e-10 0)
(1.7748e-11 -2.40692e-09 0)
(1.66626e-11 -8.88925e-10 0)
(-1.48034e-11 -8.07125e-10 0)
(-6.15239e-11 -1.82415e-09 0)
(-2.09672e-11 -7.93986e-10 0)
(-1.22574e-11 -8.23728e-10 0)
(-2.51015e-11 -8.88182e-10 0)
(-6.77845e-12 -1.0026e-09 0)
(0 0 0)
(5.46696e-11 -8.59468e-10 0)
(0 0 0)
(0 0 0)
(0 0 0)
(0 0 0)
(0 0 0)
(0 0 0)
(0 0 0)
(0 0 0)
(0 0 0)
(0 0 0)
(0 0 0)
(0 0 0)
(0 0 0)
(0 0 0)
(0 0 0)
(0 0 0)
(0 0 0)
(0 0 0)
(0 0 0)
(0 0 0)
(0 0 0)
(0 0 0)
(0 0 0)
(0 0 0)
(0 0 0)
(0 0 0)
(0 0 0)
(0 0 0)
(0 0 0)
(0 0 0)
(0 0 0)
(0 0 0)
(0 0 0)
(0 0 0)
(0 0 0)
(0 0 0)
(0 0 0)
(0 0 0)
(0 0 0)
(0 0 0)
(0 0 0)
(0 0 0)
(0 0 0)
(-1.5256e-11 -8.2285e-10 0)
(-5.96711e-11 -8.22362e-10 0)
(-7.54287e-11 -8.57521e-10 0)
(-5.22278e-11 -8.00297e-10 0)
(-1.98361e-12 -8.06192e-10 0)
(6.78941e-11 -1.72857e-09 0)
(1.14941e-10 -1.78213e-09 0)
(1.51818e-10 -1.932e-09 0)
(0 0 0)
(0 0 0)
(1.16288e-11 -8.68644e-10 0)
(5.84038e-11 -8.41401e-10 0)
(0 0 0)
(2.80549e-11 -9.38968e-10 0)
(0 0 0)
(1.76038e-11 -7.67725e-10 0)
(9.56906e-11 -8.67937e-10 0)
(4.52424e-11 -8.54983e-10 0)
(2.34554e-11 -8.47514e-10 0)
(5.95007e-11 -1.81969e-09 0)
(-2.43435e-11 -2.14621e-09 0)
(-5.17023e-11 -1.34099e-09 0)
(-5.49175e-11 -8.63841e-10 0)
(6.7231e-11 -2.0969e-09 0)
(2.35491e-12 -8.39034e-10 0)
(-2.14818e-11 -8.20342e-10 0)
(6.16669e-12 -8.55314e-10 0)
(3.62151e-11 -9.63273e-10 0)
(0 0 0)
(1.53126e-11 -9.5427e-10 0)
(2.9595e-11 -9.66319e-10 0)
(0 0 0)
(2.71453e-11 -8.46201e-10 0)
(0 0 0)
(0 0 0)
(0 0 0)
(0 0 0)
(0 0 0)
(0 0 0)
(0 0 0)
(0 0 0)
(0 0 0)
(0 0 0)
(0 0 0)
(0 0 0)
(0 0 0)
(0 0 0)
(0 0 0)
(0 0 0)
(0 0 0)
(0 0 0)
(0 0 0)
(0 0 0)
(0 0 0)
(0 0 0)
(0 0 0)
(0 0 0)
(0 0 0)
(0 0 0)
(0 0 0)
(0 0 0)
(0 0 0)
(0 0 0)
(0 0 0)
(0 0 0)
(0 0 0)
(0 0 0)
(0 0 0)
(0 0 0)
(0 0 0)
(0 0 0)
(0 0 0)
(0 0 0)
(0 0 0)
(0 0 0)
(-7.5151e-11 -7.84405e-10 0)
(-6.65848e-11 -8.07104e-10 0)
(0 0 0)
(5.15825e-12 -8.79442e-10 0)
(-4.13959e-11 -7.93211e-10 0)
(-3.57343e-11 -7.90483e-10 0)
(-8.37152e-12 -1.70395e-09 0)
(8.21332e-11 -3.67389e-09 0)
(3.51733e-11 -8.95453e-10 0)
(-1.95144e-10 -2.11734e-09 0)
(0 0 0)
(5.02018e-11 -7.93923e-10 0)
(6.79082e-11 -7.46659e-10 0)
(6.05525e-11 -9.15825e-10 0)
(2.38206e-11 -8.76418e-10 0)
(8.1933e-11 -1.72731e-09 0)
(9.33213e-11 -8.7616e-10 0)
(6.8017e-11 -9.08918e-10 0)
(0 0 0)
(-1.41748e-11 -8.65975e-10 0)
(-2.65738e-11 -7.99167e-10 0)
(-7.79098e-11 -1.84252e-09 0)
(-1.82756e-11 -8.65818e-10 0)
(-2.86003e-11 -8.78928e-10 0)
(-4.53848e-12 -9.03392e-10 0)
(0 0 0)
(-2.98041e-12 -8.77502e-10 0)
(1.70921e-11 -8.77586e-10 0)
(3.54628e-11 -1.04737e-09 0)
(-8.12289e-12 -3.78092e-10 0)
(-5.27307e-12 -2.62207e-10 0)
(4.81354e-11 -1.82897e-09 0)
(3.52641e-11 -7.50308e-10 0)
(0 0 0)
(0 0 0)
(0 0 0)
(0 0 0)
(0 0 0)
(0 0 0)
(0 0 0)
(0 0 0)
(0 0 0)
(0 0 0)
(0 0 0)
(0 0 0)
(0 0 0)
(0 0 0)
(0 0 0)
(0 0 0)
(0 0 0)
(0 0 0)
(0 0 0)
(0 0 0)
(0 0 0)
(0 0 0)
(0 0 0)
(0 0 0)
(0 0 0)
(0 0 0)
(0 0 0)
(0 0 0)
(0 0 0)
(0 0 0)
(0 0 0)
(0 0 0)
(0 0 0)
(0 0 0)
(0 0 0)
(0 0 0)
(0 0 0)
(0 0 0)
(0 0 0)
(0 0 0)
(0 0 0)
(0 0 0)
(0 0 0)
(-6.5264e-11 -8.5032e-10 0)
(0 0 0)
(-4.41585e-11 -8.57584e-10 0)
(-4.43994e-11 -1.33928e-09 0)
(-2.47586e-12 -1.41095e-10 0)
(0 0 0)
(-1.04031e-10 -8.78055e-10 0)
(8.537e-11 -2.68464e-09 0)
(-2.85508e-11 -8.67678e-10 0)
(-1.34663e-11 -8.03004e-10 0)
(4.65302e-11 -7.25356e-10 0)
(1.20727e-10 -7.85473e-10 0)
(6.65188e-11 -7.99428e-10 0)
(0 0 0)
(9.87793e-11 -8.58203e-10 0)
(8.61492e-11 -8.86265e-10 0)
(1.00426e-10 -1.648e-09 0)
(4.65232e-11 -9.69896e-10 0)
(-2.65415e-11 -1.93226e-09 0)
(-2.37709e-11 -7.44861e-10 0)
(-2.06185e-11 -7.85502e-10 0)
(-1.05444e-10 -3.41613e-09 0)
(6.2743e-12 -8.16852e-10 0)
(0 0 0)
(0 0 0)
(-6.45492e-11 -1.77879e-09 0)
(-1.86895e-11 -7.78385e-10 0)
(1.57276e-11 -1.07902e-09 0)
(0 0 0)
(3.29973e-11 -8.13476e-10 0)
(0 0 0)
(0 0 0)
(0 0 0)
(1.1544e-11 -1.80349e-09 0)
(1.74064e-11 -7.5008e-10 0)
(0 0 0)
(0 0 0)
(0 0 0)
(0 0 0)
(0 0 0)
(0 0 0)
(0 0 0)
(0 0 0)
(0 0 0)
(0 0 0)
(0 0 0)
(0 0 0)
(0 0 0)
(0 0 0)
(0 0 0)
(0 0 0)
(0 0 0)
(0 0 0)
(0 0 0)
(0 0 0)
(0 0 0)
(0 0 0)
(0 0 0)
(0 0 0)
(0 0 0)
(0 0 0)
(0 0 0)
(0 0 0)
(0 0 0)
(0 0 0)
(0 0 0)
(0 0 0)
(0 0 0)
(0 0 0)
(0 0 0)
(0 0 0)
(0 0 0)
(0 0 0)
(0 0 0)
(0 0 0)
(-1.43202e-10 -8.55434e-10 0)
(-5.51474e-11 -8.36668e-10 0)
(-2.31315e-11 -8.25443e-10 0)
(-5.95658e-11 -7.51221e-10 0)
(-2.24788e-11 -8.51423e-10 0)
(0 0 0)
(0 0 0)
(9.22941e-12 -1.06015e-09 0)
(0 0 0)
(0 0 0)
(7.37202e-11 -8.30427e-10 0)
(1.11942e-10 -1.96382e-09 0)
(4.13403e-11 -7.10929e-10 0)
(6.05746e-11 -7.615e-10 0)
(8.25523e-11 -1.83809e-09 0)
(7.97611e-11 -8.5055e-10 0)
(3.56793e-11 -8.87759e-10 0)
(3.27755e-11 -8.69541e-10 0)
(-6.63825e-11 -8.67411e-10 0)
(-3.88251e-11 -8.4157e-10 0)
(1.1483e-11 -8.11736e-10 0)
(2.83271e-11 -8.88718e-10 0)
(4.49294e-11 -8.87764e-10 0)
(-9.69969e-12 -8.56991e-10 0)
(0 0 0)
(-2.90449e-11 -7.59786e-10 0)
(2.52289e-11 -8.10173e-10 0)
(-1.23472e-12 -8.80407e-10 0)
(6.48576e-11 -9.45243e-10 0)
(0 0 0)
(0 0 0)
(0 0 0)
(-1.26475e-13 -8.79168e-10 0)
(-4.97147e-11 -8.42111e-10 0)
(-4.15447e-11 -7.90256e-10 0)
(0 0 0)
(0 0 0)
(0 0 0)
(0 0 0)
(0 0 0)
(0 0 0)
(0 0 0)
(0 0 0)
(0 0 0)
(0 0 0)
(0 0 0)
(0 0 0)
(0 0 0)
(0 0 0)
(0 0 0)
(0 0 0)
(0 0 0)
(0 0 0)
(0 0 0)
(0 0 0)
(0 0 0)
(0 0 0)
(0 0 0)
(0 0 0)
(0 0 0)
(0 0 0)
(0 0 0)
(0 0 0)
(0 0 0)
(0 0 0)
(0 0 0)
(0 0 0)
(0 0 0)
(0 0 0)
(0 0 0)
(0 0 0)
(0 0 0)
(0 0 0)
(0 0 0)
(-2.84264e-11 -7.66043e-10 0)
(-8.81466e-11 -8.29179e-10 0)
(-1.12561e-10 -1.79854e-09 0)
(-2.91912e-11 -6.90045e-10 0)
(0 0 0)
(-5.36861e-11 -8.19876e-10 0)
(-2.94199e-11 -8.80358e-10 0)
(-1.25002e-11 -9.85174e-10 0)
(3.41435e-11 -1.16371e-09 0)
(0 0 0)
(1.03951e-10 -8.86172e-10 0)
(0 0 0)
(6.36758e-11 -8.33742e-10 0)
(1.64283e-10 -1.86296e-09 0)
(1.21834e-10 -1.75345e-09 0)
(7.1964e-12 -7.75003e-10 0)
(1.01157e-10 -1.88434e-09 0)
(4.23167e-11 -7.6464e-10 0)
(6.50227e-11 -2.2856e-09 0)
(-5.02144e-11 -8.87152e-10 0)
(-3.06427e-11 -7.53973e-10 0)
(-2.63681e-12 -7.29378e-10 0)
(2.61904e-11 -8.66805e-10 0)
(-7.67916e-12 -1.15558e-09 0)
(0 0 0)
(1.28955e-11 -8.87609e-10 0)
(-1.21051e-11 -1.78954e-09 0)
(1.63915e-11 -7.93713e-10 0)
(1.7649e-11 -8.12074e-10 0)
(9.93911e-11 -2.00744e-09 0)
(6.87947e-11 -7.85188e-10 0)
(0 0 0)
(3.73572e-12 -8.77857e-10 0)
(-5.22935e-12 -8.74328e-10 0)
(0 0 0)
(0 0 0)
(0 0 0)
(0 0 0)
(0 0 0)
(0 0 0)
(0 0 0)
(0 0 0)
(0 0 0)
(0 0 0)
(0 0 0)
(0 0 0)
(0 0 0)
(0 0 0)
(0 0 0)
(0 0 0)
(0 0 0)
(0 0 0)
(0 0 0)
(0 0 0)
(0 0 0)
(0 0 0)
(0 0 0)
(0 0 0)
(0 0 0)
(0 0 0)
(0 0 0)
(0 0 0)
(0 0 0)
(0 0 0)
(0 0 0)
(0 0 0)
(0 0 0)
(0 0 0)
(0 0 0)
(0 0 0)
(0 0 0)
(0 0 0)
(0 0 0)
(0 0 0)
(0 0 0)
(-6.0752e-11 -1.71169e-09 0)
(-8.18377e-11 -1.71493e-09 0)
(-6.19146e-11 -7.62584e-10 0)
(0 0 0)
(-6.17675e-11 -7.48361e-10 0)
(-5.88897e-11 -7.72775e-10 0)
(-2.66476e-11 -8.19814e-10 0)
(-3.58171e-11 -9.30773e-10 0)
(-3.3799e-11 -8.90548e-10 0)
(1.16019e-10 -9.50857e-10 0)
(8.83049e-11 -8.47407e-10 0)
(1.84096e-10 -1.81834e-09 0)
(3.72649e-11 -1.72348e-09 0)
(-1.91815e-11 -6.57153e-10 0)
(1.92245e-11 -1.65709e-09 0)
(1.23624e-11 -1.69752e-09 0)
(-1.14797e-10 -1.66295e-09 0)
(1.43024e-11 -7.66867e-10 0)
(7.93598e-12 -9.22621e-10 0)
(-2.23036e-12 -1.00325e-09 0)
(-2.50509e-12 -8.44809e-10 0)
(-3.70862e-12 -7.97219e-10 0)
(-2.97936e-11 -9.75893e-10 0)
(-3.38328e-13 -2.43018e-11 0)
(-1.00249e-11 -1.01446e-09 0)
(4.07625e-11 -8.71593e-10 0)
(0 0 0)
(1.15094e-10 -1.80502e-09 0)
(3.96196e-11 -7.63452e-10 0)
(8.12028e-11 -7.793e-10 0)
(9.4572e-11 -7.84505e-10 0)
(1.80929e-11 -2.07753e-09 0)
(0 0 0)
(0 0 0)
(0 0 0)
(0 0 0)
(0 0 0)
(0 0 0)
(0 0 0)
(0 0 0)
(0 0 0)
(0 0 0)
(0 0 0)
(0 0 0)
(0 0 0)
(0 0 0)
(0 0 0)
(0 0 0)
(0 0 0)
(0 0 0)
(0 0 0)
(0 0 0)
(0 0 0)
(0 0 0)
(0 0 0)
(0 0 0)
(0 0 0)
(0 0 0)
(0 0 0)
(0 0 0)
(0 0 0)
(0 0 0)
(0 0 0)
(0 0 0)
(0 0 0)
(0 0 0)
(0 0 0)
(0 0 0)
(0 0 0)
(0 0 0)
(0 0 0)
(0 0 0)
(0 0 0)
(0 0 0)
(0 0 0)
(6.90046e-12 -1.69169e-09 0)
(0 0 0)
(-3.56114e-11 -8.05895e-10 0)
(0 0 0)
(-7.92219e-11 -1.84161e-09 0)
(-3.0749e-11 -8.96543e-10 0)
(-1.64148e-11 -8.34281e-10 0)
(-3.19564e-12 -9.27226e-10 0)
(0 0 0)
(7.60718e-11 -2.06112e-09 0)
(1.75861e-11 -1.93261e-09 0)
(-8.65989e-11 -1.77836e-09 0)
(-3.72859e-11 -1.26486e-09 0)
(-1.4582e-11 -1.9578e-09 0)
(8.88891e-12 -6.26641e-10 0)
(6.02368e-11 -1.85836e-09 0)
(-4.79691e-11 -7.45495e-10 0)
(-1.07457e-11 -8.14505e-10 0)
(-3.98912e-12 -1.07103e-09 0)
(0 0 0)
(2.47202e-11 -8.75429e-10 0)
(4.21377e-11 -8.10484e-10 0)
(4.6735e-11 -9.16223e-10 0)
(-1.62628e-11 -9.88489e-10 0)
(1.24871e-11 -9.18597e-10 0)
(0 0 0)
(3.51233e-11 -8.59887e-10 0)
(2.91216e-11 -1.95082e-09 0)
(4.86376e-11 -7.22128e-10 0)
(1.27033e-10 -1.85798e-09 0)
(4.40875e-11 -8.95533e-10 0)
(0 0 0)
(0 0 0)
(0 0 0)
(0 0 0)
(0 0 0)
(0 0 0)
(0 0 0)
(0 0 0)
(0 0 0)
(0 0 0)
(0 0 0)
(0 0 0)
(0 0 0)
(0 0 0)
(0 0 0)
(0 0 0)
(0 0 0)
(0 0 0)
(0 0 0)
(0 0 0)
(0 0 0)
(0 0 0)
(0 0 0)
(0 0 0)
(0 0 0)
(0 0 0)
(0 0 0)
(0 0 0)
(0 0 0)
(0 0 0)
(0 0 0)
(0 0 0)
(0 0 0)
(0 0 0)
(0 0 0)
(0 0 0)
(0 0 0)
(0 0 0)
(0 0 0)
(0 0 0)
(0 0 0)
(0 0 0)
(0 0 0)
(0 0 0)
(-4.38788e-12 -8.49723e-10 0)
(0 0 0)
(-4.62817e-11 -1.93286e-09 0)
(0 0 0)
(-2.81498e-11 -8.32782e-10 0)
(-3.43995e-11 -8.43619e-10 0)
(1.62033e-11 -1.86573e-09 0)
(-2.37315e-11 -8.49226e-10 0)
(-3.95538e-11 -8.89188e-10 0)
(0 0 0)
(0 0 0)
(0 0 0)
(0 0 0)
(0 0 0)
(-6.39077e-11 -1.80081e-09 0)
(-9.2675e-11 -2.12627e-09 0)
(-8.30935e-11 -1.76129e-09 0)
(-1.99858e-11 -7.47817e-10 0)
(-5.30404e-11 -1.85122e-09 0)
(8.13568e-11 -9.06272e-10 0)
(9.35496e-11 -8.22428e-10 0)
(7.44295e-11 -7.69795e-10 0)
(1.04186e-10 -2.35867e-09 0)
(2.52649e-11 -9.14321e-10 0)
(3.96584e-11 -7.99266e-10 0)
(0 0 0)
(6.48511e-11 -7.93817e-10 0)
(3.05228e-11 -1.83541e-09 0)
(-1.29128e-11 -6.84907e-10 0)
(1.49353e-11 -7.33109e-10 0)
(5.07055e-11 -2.26218e-09 0)
(0 0 0)
(0 0 0)
(0 0 0)
(0 0 0)
(0 0 0)
(0 0 0)
(0 0 0)
(0 0 0)
(0 0 0)
(0 0 0)
(0 0 0)
(0 0 0)
(0 0 0)
(0 0 0)
(0 0 0)
(0 0 0)
(0 0 0)
(0 0 0)
(0 0 0)
(0 0 0)
(0 0 0)
(0 0 0)
(0 0 0)
(0 0 0)
(0 0 0)
(0 0 0)
(0 0 0)
(0 0 0)
(0 0 0)
(0 0 0)
(0 0 0)
(0 0 0)
(0 0 0)
(0 0 0)
(0 0 0)
(0 0 0)
(0 0 0)
(0 0 0)
(0 0 0)
(0 0 0)
(0 0 0)
(0 0 0)
(0 0 0)
(0 0 0)
(-2.06943e-11 -8.69566e-10 0)
(4.11732e-12 -8.3398e-10 0)
(-2.36002e-12 -8.41629e-10 0)
(8.7352e-11 -1.90953e-09 0)
(-2.9979e-11 -7.53993e-10 0)
(0 0 0)
(0 0 0)
(0 0 0)
(0 0 0)
(-3.1949e-11 -8.66114e-10 0)
(3.80754e-11 -9.47572e-10 0)
(-5.42807e-11 -9.34189e-10 0)
(-1.15007e-10 -1.78519e-09 0)
(-4.72743e-11 -7.99646e-10 0)
(-7.32132e-11 -7.5482e-10 0)
(-5.2027e-11 -8.85969e-10 0)
(4.15642e-11 -8.22758e-10 0)
(-1.73955e-12 -7.72535e-10 0)
(-4.25753e-11 -8.47237e-10 0)
(1.25441e-11 -8.8062e-10 0)
(1.36851e-10 -2.79968e-09 0)
(2.29282e-11 -7.80523e-10 0)
(2.36181e-11 -9.34779e-10 0)
(8.05237e-11 -1.04272e-09 0)
(8.14823e-11 -9.0038e-10 0)
(1.1089e-10 -1.80315e-09 0)
(4.79745e-11 -1.80871e-09 0)
(7.26903e-12 -7.47044e-10 0)
(-3.04502e-11 -7.68533e-10 0)
(-1.86092e-11 -3.53204e-10 0)
(-5.58821e-11 -1.18257e-09 0)
(5.85702e-11 -8.66674e-10 0)
(0 0 0)
(0 0 0)
(0 0 0)
(0 0 0)
(0 0 0)
(0 0 0)
(0 0 0)
(0 0 0)
(0 0 0)
(0 0 0)
(0 0 0)
(0 0 0)
(0 0 0)
(0 0 0)
(0 0 0)
(0 0 0)
(0 0 0)
(0 0 0)
(0 0 0)
(0 0 0)
(0 0 0)
(0 0 0)
(0 0 0)
(0 0 0)
(0 0 0)
(0 0 0)
(0 0 0)
(0 0 0)
(0 0 0)
(0 0 0)
(0 0 0)
(0 0 0)
(0 0 0)
(0 0 0)
(0 0 0)
(0 0 0)
(0 0 0)
(0 0 0)
(0 0 0)
(0 0 0)
(0 0 0)
(0 0 0)
(0 0 0)
(-5.7124e-11 -1.78414e-09 0)
(8.69806e-11 -1.703e-09 0)
(2.88497e-11 -7.32155e-10 0)
(2.13133e-11 -7.33793e-10 0)
(-2.605e-11 -7.59174e-10 0)
(-2.81341e-11 -1.81121e-09 0)
(1.38675e-11 -7.96179e-10 0)
(1.8432e-12 -1.07431e-09 0)
(0 0 0)
(-3.84137e-11 -8.22215e-10 0)
(-9.84864e-11 -2.42693e-09 0)
(0 0 0)
(-1.06872e-11 -1.66042e-09 0)
(-2.31807e-11 -6.7982e-10 0)
(-9.41127e-11 -1.55351e-09 0)
(-5.83148e-11 -7.77012e-10 0)
(-3.68073e-11 -8.72528e-10 0)
(-4.58466e-11 -9.14636e-10 0)
(0 0 0)
(0 0 0)
(3.38697e-11 -9.15318e-10 0)
(2.93054e-11 -9.04532e-10 0)
(3.19427e-11 -2.12604e-09 0)
(8.12855e-11 -8.33841e-10 0)
(1.23273e-10 -1.86184e-09 0)
(1.10839e-10 -1.87635e-09 0)
(1.86768e-11 -7.84222e-10 0)
(1.05558e-11 -7.99689e-10 0)
(-1.53781e-11 -8.71107e-10 0)
(0 0 0)
(-1.35594e-11 -8.72064e-10 0)
(3.19832e-11 -9.13015e-10 0)
(0 0 0)
(0 0 0)
(0 0 0)
(0 0 0)
(0 0 0)
(0 0 0)
(0 0 0)
(0 0 0)
(0 0 0)
(0 0 0)
(0 0 0)
(0 0 0)
(0 0 0)
(0 0 0)
(0 0 0)
(0 0 0)
(0 0 0)
(0 0 0)
(0 0 0)
(0 0 0)
(0 0 0)
(0 0 0)
(0 0 0)
(0 0 0)
(0 0 0)
(0 0 0)
(0 0 0)
(0 0 0)
(0 0 0)
(0 0 0)
(0 0 0)
(0 0 0)
(0 0 0)
(0 0 0)
(0 0 0)
(0 0 0)
(0 0 0)
(0 0 0)
(0 0 0)
(0 0 0)
(0 0 0)
(0 0 0)
(0 0 0)
(7.71737e-12 -7.31309e-10 0)
(-4.07003e-12 -7.13531e-10 0)
(8.57856e-11 -1.76423e-09 0)
(3.86769e-11 -7.52521e-10 0)
(-3.22952e-11 -7.7884e-10 0)
(-5.37481e-11 -1.27258e-09 0)
(-3.8055e-12 -2.28171e-10 0)
(-4.30673e-12 -8.56118e-10 0)
(6.6888e-12 -9.29963e-10 0)
(-2.45193e-11 -7.87535e-10 0)
(-1.20387e-10 -1.95244e-09 0)
(1.94185e-11 -8.76245e-10 0)
(4.18279e-12 -6.25945e-10 0)
(-7.80535e-12 -8.68343e-10 0)
(0 0 0)
(-1.86512e-11 -8.66427e-10 0)
(-1.27982e-11 -8.73481e-10 0)
(-1.84609e-11 -8.32543e-10 0)
(4.85213e-12 -8.45815e-10 0)
(1.8129e-11 -8.32703e-10 0)
(2.03748e-11 -8.49453e-10 0)
(2.62611e-11 -2.00648e-09 0)
(1.22037e-11 -8.10799e-10 0)
(2.35841e-11 -1.36536e-09 0)
(2.28993e-11 -1.37292e-09 0)
(6.61158e-11 -8.46862e-10 0)
(4.51962e-11 -8.80403e-10 0)
(-1.20166e-11 -8.9558e-10 0)
(-5.38975e-12 -8.62059e-10 0)
(2.4661e-11 -8.65949e-10 0)
(3.32616e-11 -8.69562e-10 0)
(2.88682e-11 -8.88036e-10 0)
(0 0 0)
(0 0 0)
(0 0 0)
(0 0 0)
(0 0 0)
(0 0 0)
(0 0 0)
(0 0 0)
(0 0 0)
(0 0 0)
(0 0 0)
(0 0 0)
(0 0 0)
(0 0 0)
(0 0 0)
(0 0 0)
(0 0 0)
(0 0 0)
(0 0 0)
(0 0 0)
(0 0 0)
(0 0 0)
(0 0 0)
(0 0 0)
(0 0 0)
(0 0 0)
(0 0 0)
(0 0 0)
(0 0 0)
(0 0 0)
(0 0 0)
(0 0 0)
(0 0 0)
(0 0 0)
(0 0 0)
(0 0 0)
(0 0 0)
(0 0 0)
(0 0 0)
(0 0 0)
(0 0 0)
(0 0 0)
(0 0 0)
(4.34385e-11 -8.05261e-10 0)
(3.95032e-12 -7.52972e-10 0)
(-2.839e-11 -7.18325e-10 0)
(-1.00156e-11 -2.13654e-09 0)
(-8.66708e-12 -8.0846e-10 0)
(1.80365e-11 -7.18048e-10 0)
(-2.84624e-11 -9.04116e-10 0)
(-9.54953e-11 -1.68295e-09 0)
(-7.12991e-11 -2.91879e-09 0)
(-3.94369e-11 -7.9469e-10 0)
(-1.03054e-10 -8.27093e-10 0)
(-3.38767e-11 -9.12656e-10 0)
(0 0 0)
(-3.6202e-11 -8.39286e-10 0)
(0 0 0)
(0 0 0)
(2.38875e-11 -7.94077e-10 0)
(-1.37269e-11 -1.96311e-09 0)
(-6.92329e-12 -7.57979e-10 0)
(-4.64182e-11 -1.49557e-09 0)
(1.09079e-11 -1.00234e-09 0)
(3.50424e-11 -8.16273e-10 0)
(7.32819e-11 -8.81229e-10 0)
(-2.96735e-11 -8.80774e-10 0)
(0 0 0)
(9.13643e-11 -8.02719e-10 0)
(8.987e-11 -9.21559e-10 0)
(-1.03828e-11 -9.90629e-10 0)
(-2.07723e-11 -8.96716e-10 0)
(1.97022e-11 -8.17336e-10 0)
(4.58022e-11 -8.61706e-10 0)
(4.4299e-11 -8.88843e-10 0)
(0 0 0)
(0 0 0)
(0 0 0)
(0 0 0)
(0 0 0)
(0 0 0)
(0 0 0)
(0 0 0)
(0 0 0)
(0 0 0)
(0 0 0)
(0 0 0)
(0 0 0)
(0 0 0)
(0 0 0)
(0 0 0)
(0 0 0)
(0 0 0)
(0 0 0)
(0 0 0)
(0 0 0)
(0 0 0)
(0 0 0)
(0 0 0)
(0 0 0)
(0 0 0)
(0 0 0)
(0 0 0)
(0 0 0)
(0 0 0)
(0 0 0)
(0 0 0)
(0 0 0)
(0 0 0)
(0 0 0)
(0 0 0)
(0 0 0)
(0 0 0)
(0 0 0)
(0 0 0)
(0 0 0)
(0 0 0)
(0 0 0)
(5.33404e-11 -1.1613e-09 0)
(2.51743e-11 -7.81335e-10 0)
(-2.32997e-11 -8.02098e-10 0)
(-3.34595e-13 -3.55293e-11 0)
(3.13808e-12 -1.86405e-09 0)
(4.70349e-12 -8.4021e-10 0)
(-2.22243e-11 -8.30784e-10 0)
(-3.42136e-11 -8.27453e-10 0)
(-6.0711e-11 -8.45888e-10 0)
(0 0 0)
(0 0 0)
(0 0 0)
(9.59422e-12 -7.57392e-10 0)
(0 0 0)
(3.78054e-11 -1.89222e-09 0)
(1.81516e-11 -7.73287e-10 0)
(1.74123e-11 -2.03729e-09 0)
(-3.50084e-13 -8.75017e-10 0)
(-5.00558e-11 -8.27177e-10 0)
(0 0 0)
(-1.31802e-10 -1.832e-09 0)
(2.39588e-11 -7.25437e-10 0)
(8.09434e-11 -2.17489e-09 0)
(6.85893e-12 -8.2755e-10 0)
(9.16758e-12 -6.84222e-10 0)
(5.46952e-11 -1.65579e-09 0)
(2.91288e-11 -2.36353e-09 0)
(3.63751e-11 -8.61448e-10 0)
(3.57884e-11 -6.91081e-10 0)
(7.42978e-11 -7.63406e-10 0)
(9.25644e-11 -8.55957e-10 0)
(8.48851e-11 -9.01576e-10 0)
(0 0 0)
(-2.08118e-11 -8.77529e-10 0)
(0 0 0)
(0 0 0)
(0 0 0)
(0 0 0)
(0 0 0)
(0 0 0)
(0 0 0)
(0 0 0)
(0 0 0)
(0 0 0)
(0 0 0)
(0 0 0)
(0 0 0)
(0 0 0)
(0 0 0)
(0 0 0)
(0 0 0)
(0 0 0)
(0 0 0)
(0 0 0)
(0 0 0)
(0 0 0)
(0 0 0)
(0 0 0)
(0 0 0)
(0 0 0)
(0 0 0)
(0 0 0)
(0 0 0)
(0 0 0)
(0 0 0)
(0 0 0)
(0 0 0)
(0 0 0)
(0 0 0)
(0 0 0)
(0 0 0)
(0 0 0)
(0 0 0)
(0 0 0)
(0 0 0)
(6.30872e-11 -1.91749e-09 0)
(-1.82339e-13 -7.62569e-10 0)
(-5.97186e-12 -8.21236e-10 0)
(0 0 0)
(-9.55228e-12 -8.46125e-10 0)
(3.1406e-11 -8.4674e-10 0)
(3.53492e-12 -8.05785e-10 0)
(-3.27582e-11 -8.02599e-10 0)
(-2.9156e-11 -8.57276e-10 0)
(-1.12625e-11 -8.91574e-10 0)
(0 0 0)
(1.4535e-11 -8.94155e-10 0)
(7.75516e-12 -7.79142e-10 0)
(5.4888e-11 -8.65042e-10 0)
(1.63858e-11 -9.9271e-10 0)
(-7.31171e-11 -8.66985e-10 0)
(-4.33723e-12 -8.75517e-10 0)
(-1.08271e-11 -5.14445e-10 0)
(-2.72864e-12 -1.09442e-10 0)
(-1.49108e-10 -2.02284e-09 0)
(0 0 0)
(-4.58586e-11 -8.3617e-10 0)
(-4.92232e-11 -9.05585e-10 0)
(1.12917e-12 -2.0668e-09 0)
(0 0 0)
(0 0 0)
(-1.05872e-11 -8.95923e-10 0)
(8.55651e-11 -2.29234e-09 0)
(7.03267e-11 -7.16186e-10 0)
(1.02407e-10 -7.52371e-10 0)
(1.05662e-10 -8.47856e-10 0)
(5.69872e-11 -2.06439e-09 0)
(-6.87792e-11 -8.54709e-10 0)
(0 0 0)
(0 0 0)
(0 0 0)
(0 0 0)
(0 0 0)
(0 0 0)
(0 0 0)
(0 0 0)
(0 0 0)
(0 0 0)
(0 0 0)
(0 0 0)
(0 0 0)
(0 0 0)
(0 0 0)
(0 0 0)
(0 0 0)
(0 0 0)
(0 0 0)
(0 0 0)
(0 0 0)
(0 0 0)
(0 0 0)
(0 0 0)
(0 0 0)
(0 0 0)
(0 0 0)
(0 0 0)
(0 0 0)
(0 0 0)
(0 0 0)
(0 0 0)
(0 0 0)
(0 0 0)
(0 0 0)
(0 0 0)
(0 0 0)
(0 0 0)
(0 0 0)
(0 0 0)
(0 0 0)
(0 0 0)
(-2.15841e-11 -8.4651e-10 0)
(-1.72983e-11 -1.81317e-09 0)
(1.27668e-11 -7.93994e-10 0)
(-1.36104e-12 -8.73503e-10 0)
(0 0 0)
(2.35463e-11 -7.98636e-10 0)
(2.33843e-11 -7.54507e-10 0)
(-1.10164e-11 -8.61827e-10 0)
(0 0 0)
(1.03611e-11 -9.01952e-10 0)
(1.47146e-11 -1.31952e-09 0)
(1.70169e-11 -1.44416e-09 0)
(6.62363e-12 -7.32495e-10 0)
(-2.33285e-11 -7.32055e-10 0)
(-2.19151e-11 -2.3241e-09 0)
(2.40547e-11 -7.82146e-10 0)
(-1.40638e-11 -7.47126e-10 0)
(3.62448e-12 -1.04553e-09 0)
(0 0 0)
(0 0 0)
(-3.17915e-11 -8.02066e-10 0)
(-4.12371e-11 -8.83216e-10 0)
(0 0 0)
(-7.4443e-11 -2.02813e-09 0)
(4.34737e-12 -8.22578e-10 0)
(4.4265e-12 -7.99645e-10 0)
(1.26722e-11 -2.35316e-09 0)
(7.60834e-11 -8.36411e-10 0)
(8.38273e-11 -6.77684e-10 0)
(1.49841e-10 -1.71181e-09 0)
(7.03216e-11 -8.64238e-10 0)
(6.3034e-11 -8.5461e-10 0)
(3.06256e-11 -7.40056e-10 0)
(7.07876e-11 -7.9795e-10 0)
(0 0 0)
(0 0 0)
(0 0 0)
(0 0 0)
(0 0 0)
(0 0 0)
(0 0 0)
(0 0 0)
(0 0 0)
(0 0 0)
(0 0 0)
(0 0 0)
(0 0 0)
(0 0 0)
(0 0 0)
(0 0 0)
(0 0 0)
(0 0 0)
(0 0 0)
(0 0 0)
(0 0 0)
(0 0 0)
(0 0 0)
(0 0 0)
(0 0 0)
(0 0 0)
(0 0 0)
(0 0 0)
(0 0 0)
(0 0 0)
(0 0 0)
(0 0 0)
(0 0 0)
(0 0 0)
(0 0 0)
(0 0 0)
(0 0 0)
(0 0 0)
(0 0 0)
(0 0 0)
(0 0 0)
(-6.31134e-11 -8.91135e-10 0)
(0 0 0)
(-3.67089e-11 -3.03364e-09 0)
(4.18367e-11 -1.72915e-09 0)
(1.29733e-11 -6.9535e-10 0)
(8.83804e-12 -8.11204e-10 0)
(0 0 0)
(2.12784e-12 -1.98808e-09 0)
(0 0 0)
(-2.92143e-11 -1.8968e-09 0)
(1.64702e-11 -1.44232e-09 0)
(6.29026e-11 -1.23568e-09 0)
(5.50397e-13 -7.46918e-10 0)
(-3.78064e-11 -5.27811e-10 0)
(-1.77386e-12 -2.38005e-11 0)
(-1.75348e-11 -2.06058e-09 0)
(-6.11944e-11 -1.85589e-09 0)
(-4.15318e-11 -7.80104e-10 0)
(-2.20279e-12 -7.0275e-10 0)
(3.04398e-11 -7.60723e-10 0)
(1.1155e-11 -7.30315e-10 0)
(-1.70079e-11 -7.9073e-10 0)
(2.26951e-11 -9.53102e-10 0)
(-4.96902e-11 -8.83907e-10 0)
(-5.35597e-11 -8.12868e-10 0)
(-4.41197e-11 -9.15359e-10 0)
(-4.58706e-11 -8.81213e-10 0)
(9.013e-11 -8.30668e-10 0)
(7.31177e-11 -7.75202e-10 0)
(2.99517e-11 -7.7726e-10 0)
(1.10801e-10 -2.30019e-09 0)
(1.19148e-10 -9.11859e-10 0)
(5.69185e-11 -8.16779e-10 0)
(7.74353e-11 -8.08039e-10 0)
(6.66683e-11 -8.4674e-10 0)
(0 0 0)
(0 0 0)
(0 0 0)
(0 0 0)
(0 0 0)
(0 0 0)
(0 0 0)
(0 0 0)
(0 0 0)
(0 0 0)
(0 0 0)
(0 0 0)
(0 0 0)
(0 0 0)
(0 0 0)
(0 0 0)
(0 0 0)
(0 0 0)
(0 0 0)
(0 0 0)
(0 0 0)
(0 0 0)
(0 0 0)
(0 0 0)
(0 0 0)
(0 0 0)
(0 0 0)
(0 0 0)
(0 0 0)
(0 0 0)
(0 0 0)
(0 0 0)
(0 0 0)
(0 0 0)
(0 0 0)
(0 0 0)
(0 0 0)
(0 0 0)
(0 0 0)
(0 0 0)
(-6.04904e-11 -8.67697e-10 0)
(-1.37596e-11 -8.63031e-10 0)
(0 0 0)
(-7.49647e-13 -8.06581e-10 0)
(3.67811e-11 -8.33708e-10 0)
(9.04145e-11 -1.93853e-09 0)
(8.72181e-12 -8.14992e-10 0)
(-4.6484e-11 -8.47036e-10 0)
(-1.38812e-11 -8.61991e-10 0)
(0 0 0)
(0 0 0)
(2.00358e-11 -9.47149e-10 0)
(0 0 0)
(-4.06283e-11 -8.57364e-10 0)
(-6.25323e-11 -9.48934e-10 0)
(0 0 0)
(-5.37763e-11 -1.96443e-09 0)
(-1.47913e-12 -8.54109e-10 0)
(-2.34235e-11 -8.8321e-10 0)
(9.84682e-12 -1.88418e-09 0)
(0 0 0)
(2.13436e-11 -8.39555e-10 0)
(7.19773e-11 -1.03631e-09 0)
(-5.03596e-11 -1.03363e-09 0)
(0 0 0)
(-8.40917e-11 -8.63509e-10 0)
(-5.96978e-12 -8.29501e-10 0)
(3.61622e-11 -8.20946e-10 0)
(3.339e-11 -8.22412e-10 0)
(-7.95596e-12 -8.53506e-10 0)
(-3.41344e-11 -8.98332e-10 0)
(6.12158e-11 -9.34283e-10 0)
(8.33022e-11 -9.01773e-10 0)
(2.02109e-10 -2.01459e-09 0)
(0 0 0)
(0 0 0)
(0 0 0)
(0 0 0)
(0 0 0)
(0 0 0)
(0 0 0)
(0 0 0)
(0 0 0)
(0 0 0)
(0 0 0)
(0 0 0)
(0 0 0)
(0 0 0)
(0 0 0)
(0 0 0)
(0 0 0)
(0 0 0)
(0 0 0)
(0 0 0)
(0 0 0)
(0 0 0)
(0 0 0)
(0 0 0)
(0 0 0)
(0 0 0)
(0 0 0)
(0 0 0)
(0 0 0)
(0 0 0)
(0 0 0)
(0 0 0)
(0 0 0)
(0 0 0)
(0 0 0)
(0 0 0)
(0 0 0)
(0 0 0)
(0 0 0)
(0 0 0)
(0 0 0)
(0 0 0)
(7.29827e-12 -8.92879e-10 0)
(1.64183e-12 -8.49718e-10 0)
(3.61347e-11 -8.17994e-10 0)
(1.90566e-11 -8.24344e-10 0)
(1.50887e-11 -8.21722e-10 0)
(-1.86632e-12 -2.1521e-09 0)
(1.19516e-11 -7.93246e-10 0)
(0 0 0)
(0 0 0)
(2.36407e-11 -8.25207e-10 0)
(7.88923e-11 -2.28099e-09 0)
(-2.19927e-12 -8.46644e-10 0)
(0 0 0)
(-1.04245e-10 -8.85523e-10 0)
(-3.26676e-11 -6.94164e-10 0)
(-2.46231e-11 -8.13527e-10 0)
(0 0 0)
(-8.98113e-11 -2.07716e-09 0)
(0 0 0)
(-1.11885e-11 -8.05365e-10 0)
(-5.22679e-13 -7.83721e-10 0)
(5.24971e-11 -2.46164e-09 0)
(-4.72744e-11 -1.12499e-09 0)
(0 0 0)
(-1.58946e-11 -7.51343e-10 0)
(-1.66786e-13 -7.15381e-10 0)
(4.77935e-11 -1.73152e-09 0)
(1.74118e-12 -7.8487e-10 0)
(-2.45955e-11 -8.52777e-10 0)
(-1.46409e-11 -8.46989e-10 0)
(3.33183e-11 -8.70721e-10 0)
(5.05292e-11 -9.01122e-10 0)
(1.03005e-10 -7.94789e-10 0)
(1.01552e-10 -1.10798e-09 0)
(0 0 0)
(0 0 0)
(0 0 0)
(0 0 0)
(0 0 0)
(0 0 0)
(0 0 0)
(0 0 0)
(0 0 0)
(0 0 0)
(0 0 0)
(0 0 0)
(0 0 0)
(0 0 0)
(0 0 0)
(0 0 0)
(0 0 0)
(0 0 0)
(0 0 0)
(0 0 0)
(0 0 0)
(0 0 0)
(0 0 0)
(0 0 0)
(0 0 0)
(0 0 0)
(0 0 0)
(0 0 0)
(0 0 0)
(0 0 0)
(0 0 0)
(0 0 0)
(0 0 0)
(0 0 0)
(0 0 0)
(0 0 0)
(0 0 0)
(0 0 0)
(0 0 0)
(0 0 0)
(5.41387e-11 -1.61534e-09 0)
(2.15238e-11 -6.71617e-10 0)
(-1.00902e-11 -7.12287e-10 0)
(3.54045e-12 -7.76531e-10 0)
(-8.72256e-12 -8.76409e-10 0)
(-4.89773e-11 -9.44618e-10 0)
(-3.53195e-11 -9.17947e-10 0)
(3.28427e-11 -8.79336e-10 0)
(0 0 0)
(1.44479e-11 -8.41798e-10 0)
(-1.61979e-12 -8.49759e-10 0)
(-2.17637e-11 -8.73498e-10 0)
(6.4331e-11 -8.54054e-10 0)
(2.12489e-11 -2.31043e-09 0)
(-2.19918e-11 -8.80157e-10 0)
(0 0 0)
(0 0 0)
(-1.86269e-11 -8.19017e-10 0)
(0 0 0)
(-6.0449e-11 -8.11542e-10 0)
(-1.29893e-10 -1.4157e-09 0)
(-9.32558e-11 -1.07616e-09 0)
(-2.36437e-10 -1.99571e-09 0)
(-9.15173e-11 -2.25456e-09 0)
(6.82044e-11 -7.99119e-10 0)
(0 0 0)
(1.74031e-11 -8.05049e-10 0)
(-2.15549e-11 -8.03189e-10 0)
(-2.50884e-11 -1.98252e-09 0)
(5.98852e-12 -8.18823e-10 0)
(0 0 0)
(1.60124e-11 -8.86664e-10 0)
(0 0 0)
(1.51454e-10 -1.55889e-09 0)
(2.82213e-11 -1.4039e-09 0)
(5.2193e-11 -1.0998e-09 0)
(0 0 0)
(0 0 0)
(0 0 0)
(0 0 0)
(0 0 0)
(0 0 0)
(0 0 0)
(0 0 0)
(0 0 0)
(0 0 0)
(0 0 0)
(0 0 0)
(0 0 0)
(0 0 0)
(0 0 0)
(0 0 0)
(0 0 0)
(0 0 0)
(0 0 0)
(0 0 0)
(0 0 0)
(0 0 0)
(0 0 0)
(0 0 0)
(0 0 0)
(0 0 0)
(0 0 0)
(0 0 0)
(0 0 0)
(0 0 0)
(0 0 0)
(0 0 0)
(0 0 0)
(0 0 0)
(0 0 0)
(0 0 0)
(0 0 0)
(0 0 0)
(0 0 0)
(6.17397e-11 -1.70636e-09 0)
(3.70964e-11 -6.32793e-10 0)
(0 0 0)
(0 0 0)
(4.7403e-11 -9.42063e-10 0)
(-3.07985e-11 -1.0425e-09 0)
(-2.78327e-11 -9.28545e-10 0)
(2.60177e-11 -1.72586e-09 0)
(2.86727e-11 -9.92315e-10 0)
(-8.48733e-12 -7.7551e-10 0)
(-2.78273e-11 -8.58639e-10 0)
(-2.90305e-11 -1.35069e-09 0)
(-1.33429e-11 -1.35473e-09 0)
(-2.0593e-11 -1.02018e-09 0)
(0 0 0)
(5.61407e-11 -8.09677e-10 0)
(2.50877e-11 -8.13895e-10 0)
(1.91812e-11 -8.30011e-10 0)
(1.08844e-11 -7.55913e-10 0)
(-4.59603e-11 -1.86749e-09 0)
(0 0 0)
(-6.39252e-11 -8.37063e-10 0)
(-1.81176e-10 -2.10491e-09 0)
(3.2474e-11 -8.35732e-10 0)
(5.97377e-11 -7.97408e-10 0)
(3.8392e-11 -8.36475e-10 0)
(4.07315e-11 -8.24691e-10 0)
(9.55111e-13 -8.69269e-10 0)
(-3.94343e-11 -8.49658e-10 0)
(-2.99196e-11 -8.85092e-10 0)
(-1.00315e-11 -1.25096e-09 0)
(-7.21768e-12 -1.59543e-09 0)
(3.72213e-11 -7.83513e-10 0)
(-1.55974e-11 -7.69869e-10 0)
(-1.66135e-11 -9.19737e-10 0)
(0 0 0)
(1.84068e-10 -9.97171e-10 0)
(1.72239e-10 -8.67836e-10 0)
(0 0 0)
(0 0 0)
(0 0 0)
(0 0 0)
(0 0 0)
(0 0 0)
(0 0 0)
(0 0 0)
(0 0 0)
(0 0 0)
(0 0 0)
(0 0 0)
(0 0 0)
(0 0 0)
(0 0 0)
(0 0 0)
(0 0 0)
(0 0 0)
(0 0 0)
(0 0 0)
(0 0 0)
(0 0 0)
(0 0 0)
(0 0 0)
(0 0 0)
(0 0 0)
(0 0 0)
(0 0 0)
(0 0 0)
(0 0 0)
(0 0 0)
(0 0 0)
(0 0 0)
(0 0 0)
(0 0 0)
(0 0 0)
(0 0 0)
(0 0 0)
(6.25498e-11 -1.71198e-09 0)
(9.31682e-12 -6.87033e-10 0)
(0 0 0)
(1.6775e-11 -1.11196e-09 0)
(3.10517e-11 -9.29212e-10 0)
(2.30329e-11 -7.93988e-10 0)
(1.0828e-11 -8.73488e-10 0)
(-2.10299e-11 -8.80214e-10 0)
(-3.42888e-11 -8.7728e-10 0)
(-7.00835e-11 -1.36306e-09 0)
(-1.72843e-11 -3.53049e-10 0)
(-2.76723e-11 -9.22372e-10 0)
(-3.79523e-11 -9.11985e-10 0)
(-1.8899e-11 -1.91697e-09 0)
(4.90783e-11 -1.73417e-09 0)
(3.11679e-11 -1.66096e-09 0)
(3.57404e-11 -1.7167e-09 0)
(0 0 0)
(-1.50371e-11 -8.67351e-10 0)
(0 0 0)
(-2.23195e-11 -8.5092e-10 0)
(0 0 0)
(3.10706e-12 -9.30148e-10 0)
(0 0 0)
(2.55909e-11 -8.08702e-10 0)
(1.15526e-11 -9.49593e-10 0)
(-2.11432e-11 -9.00118e-10 0)
(0 0 0)
(0 0 0)
(0 0 0)
(0 0 0)
(-1.1403e-11 -9.71358e-10 0)
(-4.01111e-11 -9.67054e-10 0)
(-1.84771e-11 -8.75104e-10 0)
(9.04546e-11 -8.71298e-10 0)
(9.83414e-11 -8.66369e-10 0)
(7.71863e-11 -8.65537e-10 0)
(4.79153e-11 -8.55491e-10 0)
(0 0 0)
(0 0 0)
(0 0 0)
(0 0 0)
(0 0 0)
(0 0 0)
(0 0 0)
(0 0 0)
(0 0 0)
(0 0 0)
(0 0 0)
(0 0 0)
(0 0 0)
(0 0 0)
(0 0 0)
(0 0 0)
(0 0 0)
(0 0 0)
(0 0 0)
(0 0 0)
(0 0 0)
(0 0 0)
(0 0 0)
(0 0 0)
(0 0 0)
(0 0 0)
(0 0 0)
(0 0 0)
(0 0 0)
(0 0 0)
(0 0 0)
(0 0 0)
(0 0 0)
(0 0 0)
(0 0 0)
(0 0 0)
(3.67333e-12 -1.96842e-09 0)
(5.5867e-11 -7.51112e-10 0)
(2.20936e-11 -1.47359e-09 0)
(-5.83734e-11 -1.59555e-09 0)
(5.83111e-12 -9.71115e-10 0)
(0 0 0)
(7.08713e-11 -9.32273e-10 0)
(-6.51082e-12 -9.26431e-10 0)
(-4.11258e-11 -9.19893e-10 0)
(-9.69754e-11 -8.36404e-10 0)
(-9.95742e-11 -8.62265e-10 0)
(-7.28475e-11 -8.80409e-10 0)
(0 0 0)
(-6.53788e-11 -1.78608e-09 0)
(-3.36524e-11 -8.68699e-10 0)
(-7.93019e-12 -9.08338e-10 0)
(0 0 0)
(1.31548e-12 -8.42961e-10 0)
(-6.51111e-12 -8.78576e-10 0)
(1.77717e-12 -8.27316e-10 0)
(1.11398e-11 -8.67756e-10 0)
(2.03257e-11 -1.15801e-09 0)
(-9.28215e-12 -4.99515e-10 0)
(-1.7173e-12 -8.95471e-10 0)
(3.72045e-11 -1.82574e-09 0)
(4.28049e-11 -1.78225e-09 0)
(4.99946e-11 -8.08663e-10 0)
(1.00072e-11 -8.16521e-10 0)
(-2.53984e-12 -8.68795e-10 0)
(0 0 0)
(0 0 0)
(4.37106e-11 -1.00192e-09 0)
(-7.23756e-11 -9.0738e-10 0)
(-3.71448e-11 -8.61136e-10 0)
(-1.16662e-12 -7.88854e-10 0)
(3.83599e-11 -8.57987e-10 0)
(0 0 0)
(-9.90359e-11 -9.0643e-10 0)
(-1.18001e-10 -8.74464e-10 0)
(2.28054e-12 -9.33103e-10 0)
(-2.6308e-11 -1.85183e-09 0)
(4.11539e-11 -1.69142e-09 0)
(0 0 0)
(0 0 0)
(0 0 0)
(0 0 0)
(0 0 0)
(0 0 0)
(0 0 0)
(0 0 0)
(0 0 0)
(0 0 0)
(0 0 0)
(0 0 0)
(0 0 0)
(0 0 0)
(0 0 0)
(0 0 0)
(0 0 0)
(0 0 0)
(0 0 0)
(0 0 0)
(0 0 0)
(0 0 0)
(0 0 0)
(0 0 0)
(0 0 0)
(0 0 0)
(0 0 0)
(0 0 0)
(0 0 0)
(0 0 0)
(0 0 0)
(0 0 0)
(0 0 0)
(1.8104e-11 -8.36191e-10 0)
(2.8947e-12 -1.76594e-09 0)
(-2.93826e-11 -1.52665e-09 0)
(-3.82232e-11 -7.34971e-10 0)
(-2.97468e-11 -8.17844e-10 0)
(4.39591e-11 -8.97928e-10 0)
(0 0 0)
(2.03279e-10 -3.39219e-09 0)
(-1.46915e-10 -1.66769e-09 0)
(-9.59263e-12 -9.09774e-11 0)
(0 0 0)
(0 0 0)
(0 0 0)
(0 0 0)
(1.76575e-11 -8.87078e-10 0)
(-3.56132e-11 -8.25249e-10 0)
(-6.79791e-12 -8.22143e-10 0)
(-1.89336e-11 -8.71291e-10 0)
(1.31587e-11 -8.82755e-10 0)
(-8.41227e-12 -8.86478e-10 0)
(5.25923e-12 -8.92637e-10 0)
(1.10762e-11 -8.77082e-10 0)
(0 0 0)
(0 0 0)
(4.28403e-13 -8.86661e-10 0)
(-8.36381e-13 -8.22347e-10 0)
(2.33089e-11 -1.84042e-09 0)
(6.09358e-12 -8.29758e-10 0)
(-3.41821e-11 -1.78469e-09 0)
(0 0 0)
(-1.15291e-11 -9.5034e-10 0)
(-1.40979e-11 -1.09265e-09 0)
(-3.4352e-11 -9.15651e-10 0)
(-1.46149e-11 -9.30441e-10 0)
(-5.10156e-12 -8.36959e-10 0)
(-7.14594e-11 -1.86381e-09 0)
(-3.87459e-11 -1.09523e-09 0)
(0 0 0)
(-5.73621e-11 -6.71429e-10 0)
(-7.54707e-11 -1.47048e-09 0)
(0 0 0)
(1.05494e-10 -3.09683e-09 0)
(7.41516e-11 -7.85408e-10 0)
(0 0 0)
(0 0 0)
(0 0 0)
(0 0 0)
(0 0 0)
(0 0 0)
(0 0 0)
(0 0 0)
(0 0 0)
(0 0 0)
(0 0 0)
(0 0 0)
(0 0 0)
(0 0 0)
(0 0 0)
(0 0 0)
(0 0 0)
(0 0 0)
(0 0 0)
(0 0 0)
(0 0 0)
(0 0 0)
(0 0 0)
(0 0 0)
(0 0 0)
(0 0 0)
(0 0 0)
(0 0 0)
(0 0 0)
(0 0 0)
(0 0 0)
(0 0 0)
(8.07333e-12 -6.86686e-10 0)
(-1.16773e-11 -8.39525e-10 0)
(2.98411e-12 -8.38725e-10 0)
(-1.78953e-11 -8.2194e-10 0)
(0 0 0)
(1.74288e-11 -8.67799e-10 0)
(0 0 0)
(1.15578e-10 -2.11551e-09 0)
(-8.28581e-11 -9.39119e-10 0)
(-2.48292e-11 -7.70748e-10 0)
(-9.885e-12 -8.67739e-10 0)
(0 0 0)
(3.36159e-12 -8.64552e-10 0)
(3.49802e-12 -8.8474e-10 0)
(-1.30916e-11 -8.57526e-10 0)
(-7.94568e-11 -1.73796e-09 0)
(-2.44088e-11 -7.01131e-10 0)
(0 0 0)
(-2.99949e-11 -8.67172e-10 0)
(0 0 0)
(-2.97634e-11 -8.67159e-10 0)
(5.3958e-12 -8.85687e-10 0)
(1.30848e-11 -8.41945e-10 0)
(-4.73879e-12 -8.41932e-10 0)
(-2.02178e-11 -1.76503e-09 0)
(6.40387e-12 -7.65006e-10 0)
(-1.09631e-11 -7.52149e-10 0)
(0 0 0)
(-2.22087e-11 -8.41105e-10 0)
(2.28201e-11 -8.36419e-10 0)
(1.14537e-11 -8.74322e-10 0)
(-1.96318e-11 -9.72446e-10 0)
(3.18771e-11 -9.46816e-10 0)
(-1.11036e-11 -1.82619e-09 0)
(-2.2598e-11 -7.74994e-10 0)
(0 0 0)
(-9.39769e-11 -2.09398e-09 0)
(5.04083e-12 -8.77018e-10 0)
(1.55434e-11 -7.4136e-10 0)
(0 0 0)
(-8.70409e-12 -7.71576e-10 0)
(0 0 0)
(6.75105e-11 -2.00351e-09 0)
(-1.44072e-11 -7.72005e-10 0)
(0 0 0)
(0 0 0)
(0 0 0)
(0 0 0)
(0 0 0)
(0 0 0)
(0 0 0)
(0 0 0)
(0 0 0)
(0 0 0)
(0 0 0)
(0 0 0)
(0 0 0)
(0 0 0)
(0 0 0)
(0 0 0)
(0 0 0)
(0 0 0)
(0 0 0)
(0 0 0)
(0 0 0)
(0 0 0)
(0 0 0)
(0 0 0)
(0 0 0)
(0 0 0)
(0 0 0)
(0 0 0)
(0 0 0)
(0 0 0)
(0 0 0)
)
;


// ************************************************************************* //
