/*--------------------------------*- C++ -*----------------------------------*\
  =========                 |
  \\      /  F ield         | OpenFOAM: The Open Source CFD Toolbox
   \\    /   O peration     | Website:  https://openfoam.org
    \\  /    A nd           | Version:  12
     \\/     M anipulation  |
\*---------------------------------------------------------------------------*/
FoamFile
{
    format      ascii;
    class       vectorField;
    location    "0.85/lagrangian/cloud";
    object      U;
}
// * * * * * * * * * * * * * * * * * * * * * * * * * * * * * * * * * * * * * //


1831
(
(0.000933734 -0.0279138 0)
(0.000385249 -0.0262583 0)
(-3.24594e-06 -0.0242059 0)
(-0.00103191 -0.0243013 0)
(-8.61243e-05 -0.0256121 0)
(-9.02061e-05 -0.0253136 0)
(-0.00370913 -0.0233536 0)
(-0.000881431 -0.0312303 0)
(-6.72705e-05 -0.0279783 0)
(0.000208129 -0.0255047 0)
(0.000405005 -0.0284333 0)
(-0.000814518 -0.0276155 0)
(-1.34714e-05 -0.0284463 0)
(0.000599121 -0.0282942 0)
(0.000525384 -0.0281357 0)
(0.000356967 -0.0279063 0)
(0.000256665 -0.0271368 0)
(0.000365971 -0.0266089 0)
(0.000103373 -0.026014 0)
(-0.000576675 -0.0263124 0)
(-0.00139675 -0.0291988 0)
(0.000281825 -0.0304724 0)
(0.000612201 -0.0270973 0)
(0.000878112 -0.0299015 0)
(0.000485985 -0.024092 0)
(-2.01311e-05 -0.0227858 0)
(0.000218219 -0.0225724 0)
(0.000521777 -0.0256097 0)
(-0.000793242 -0.0311243 0)
(-0.000417218 -0.0310008 0)
(-0.000643786 -0.030363 0)
(0.000235811 -0.0283624 0)
(0.000507289 -0.0302441 0)
(0.000685893 -0.0302952 0)
(0.000320634 -0.0313374 0)
(-0.00090065 -0.0273561 0)
(6.90754e-05 -0.0301346 0)
(0.000634697 -0.0293272 0)
(0.00124405 -0.0296086 0)
(0.000675954 -0.0291727 0)
(0.00136293 -0.0301653 0)
(0.000988423 -0.0315908 0)
(0.000508899 -0.0338206 0)
(-0.000642345 -0.0338719 0)
(0.000439472 -0.0358596 0)
(0.000344389 -0.0371766 0)
(-1.89336e-05 -0.0378051 0)
(0.000362653 -0.0375631 0)
(0.00206838 -0.0364039 0)
(-0.00115155 -0.0378784 0)
(-0.00127077 -0.0246887 0)
(0.00167525 -0.0271708 0)
(0.00112051 -0.0230552 0)
(0.000203916 -0.0213987 0)
(-0.00150308 -0.0220398 0)
(-0.00122058 -0.024765 0)
(-0.00054154 -0.0263747 0)
(-0.00015366 -0.0281104 0)
(0.00103792 -0.0224024 0)
(0.000845192 -0.0222365 0)
(-0.000646172 -0.0224374 0)
(0.000332506 -0.0212341 0)
(-1.98712e-05 -0.0216326 0)
(-0.000624162 -0.0262156 0)
(0.00204807 -0.0245681 0)
(-0.000730551 -0.0227122 0)
(-0.000313198 -0.0240301 0)
(-0.000352034 -0.0248587 0)
(0.00113125 -0.0274651 0)
(0.000156628 -0.0268506 0)
(0.00131624 -0.0285445 0)
(-1.56712e-05 -0.0300318 0)
(-0.00171218 -0.0240181 0)
(-1.21154e-05 -0.0236665 0)
(-0.00113994 -0.0188778 0)
(-0.00090288 -0.0321003 0)
(-0.00019977 -0.0291806 0)
(0.00155028 -0.0301407 0)
(0.000773834 -0.0287018 0)
(-9.05645e-05 -0.0267392 0)
(0.000359606 -0.0264335 0)
(0.000383606 -0.0248062 0)
(0.000939713 -0.0262508 0)
(0.000567752 -0.0304961 0)
(-0.000498565 -0.0285033 0)
(0.000882678 -0.0312202 0)
(0.000876803 -0.0306051 0)
(0.00492141 -0.03408 0)
(0.00589161 -0.0366228 0)
(0.00732623 -0.0380997 0)
(0.000477005 -0.035099 0)
(0.00164037 -0.0325651 0)
(0.00275573 -0.0351217 0)
(0.00420946 -0.0382823 0)
(-0.000388855 -0.0280958 0)
(-0.00090717 -0.0298419 0)
(-7.57622e-05 -0.0284219 0)
(-0.000393709 -0.0332786 0)
(-0.000188659 -0.0348339 0)
(-0.000854615 -0.0302486 0)
(0.000952133 -0.0296889 0)
(0.000392502 -0.0282434 0)
(0.00230907 -0.0306929 0)
(0.000235462 -0.0256373 0)
(-0.000286593 -0.0235815 0)
(0.000946737 -0.0271296 0)
(0.000520965 -0.0280496 0)
(-5.092e-05 -0.0284243 0)
(0.000722622 -0.0259153 0)
(0.000111046 -0.0345945 0)
(-0.000189356 -0.0322944 0)
(0.000787296 -0.0342161 0)
(-7.12482e-05 -0.0365072 0)
(0.000258679 -0.0341574 0)
(-0.000541847 -0.0353914 0)
(0.000257339 -0.0344828 0)
(-0.000306022 -0.0351515 0)
(0.000831612 -0.0367072 0)
(0.000978224 -0.035647 0)
(-0.000409641 -0.0386714 0)
(-0.00104994 -0.0417034 0)
(-0.000614609 -0.0354706 0)
(-0.000368708 -0.0371714 0)
(-1.98795e-05 -0.0369267 0)
(-6.50188e-05 -0.0383143 0)
(0.000590773 -0.0338993 0)
(8.58231e-05 -0.0361762 0)
(0.000233511 -0.0310766 0)
(-0.000475651 -0.0336327 0)
(-0.000925835 -0.0382687 0)
(-0.000615859 -0.0385724 0)
(-0.000114285 -0.0343132 0)
(0.000156373 -0.0372121 0)
(0.000959737 -0.0364384 0)
(0.00153783 -0.0312341 0)
(2.59721e-05 -0.0347608 0)
(-0.000716042 -0.0351094 0)
(-0.000481444 -0.0320912 0)
(0.000702279 -0.0305946 0)
(0.00163026 -0.0321264 0)
(-0.000610858 -0.0334922 0)
(0.000356612 -0.0355443 0)
(1.26715e-05 -0.0345826 0)
(-0.00134733 -0.0325968 0)
(-0.00104674 -0.0297136 0)
(-0.000767612 -0.0381575 0)
(-0.000843563 -0.0377738 0)
(-0.00077393 -0.0363562 0)
(0.000154922 -0.0379565 0)
(0.000353543 -0.0386345 0)
(6.02796e-05 -0.0379798 0)
(-0.000473576 -0.0398555 0)
(-0.001354 -0.0422175 0)
(-0.000509847 -0.0428602 0)
(-7.56695e-05 -0.0418921 0)
(9.53382e-05 -0.0418389 0)
(-0.000260438 -0.0407345 0)
(-0.00148997 -0.0412083 0)
(-0.000543322 -0.0408637 0)
(-0.00111067 -0.0402912 0)
(-0.000191126 -0.0415822 0)
(0.00019569 -0.0415938 0)
(0.000523884 -0.0400689 0)
(8.01574e-06 -0.038644 0)
(0.000166461 -0.0391879 0)
(5.67396e-07 -0.0410301 0)
(0.000895822 -0.0411926 0)
(-0.000978916 -0.0392027 0)
(-0.000952685 -0.0380496 0)
(-0.00064843 -0.037567 0)
(-0.00103291 -0.0398996 0)
(0.00032587 -0.0348099 0)
(-0.000234712 -0.035412 0)
(-0.00010564 -0.0336747 0)
(0.00168155 -0.0378475 0)
(0.000842872 -0.0354616 0)
(0.000705173 -0.0348454 0)
(0.000191529 -0.036669 0)
(0.000933072 -0.0377831 0)
(0.000621875 -0.0376943 0)
(-0.000300962 -0.0390955 0)
(0.000393091 -0.040153 0)
(-7.95e-05 -0.0403537 0)
(-9.39487e-05 -0.0393392 0)
(0.000179382 -0.0418584 0)
(-0.000103074 -0.0422688 0)
(-0.000342183 -0.0427656 0)
(-0.000277109 -0.0412649 0)
(0.000114379 -0.0410101 0)
(0.000463442 -0.0407251 0)
(0.000259426 -0.0391876 0)
(0.000340188 -0.0381626 0)
(0.000604877 -0.0391852 0)
(-0.000451657 -0.0398662 0)
(-0.000384515 -0.0413407 0)
(5.2033e-05 -0.0412531 0)
(-0.000156976 -0.0404879 0)
(6.36198e-05 -0.0405294 0)
(-1.34189e-05 -0.0412997 0)
(-0.000130364 -0.0413396 0)
(-0.000545521 -0.0429654 0)
(0.00129602 -0.0413671 0)
(0.00219837 -0.0376475 0)
(0.00151198 -0.0370137 0)
(0.00064629 -0.0370929 0)
(-0.000437222 -0.0392652 0)
(-5.33121e-05 -0.0397002 0)
(-2.35352e-05 -0.0366593 0)
(2.32159e-05 -0.0359252 0)
(5.5631e-05 -0.0360145 0)
(-0.000407307 -0.0366982 0)
(0.000561291 -0.04053 0)
(0.00278874 -0.0388451 0)
(0.00331194 -0.0410534 0)
(0.00313719 -0.0413945 0)
(0.00178265 -0.0429907 0)
(0.00164697 -0.0416806 0)
(0.000589875 -0.0423885 0)
(0.000217833 -0.0428095 0)
(0.000107136 -0.0434092 0)
(-0.00094396 -0.0424688 0)
(-0.000622359 -0.0423014 0)
(-0.000694079 -0.0439682 0)
(-0.000160938 -0.0433847 0)
(-0.000164333 -0.0418941 0)
(5.87566e-05 -0.0413801 0)
(0.000452549 -0.0402613 0)
(0.000820883 -0.0407907 0)
(0.000525016 -0.040487 0)
(0.000645121 -0.0395347 0)
(0.000418782 -0.0391323 0)
(-7.95599e-05 -0.0404926 0)
(-0.00079919 -0.0423702 0)
(0.000325872 -0.0424254 0)
(-0.00127148 -0.0415416 0)
(-0.000563985 -0.0426678 0)
(-0.000845788 -0.0427698 0)
(-0.000439465 -0.0430984 0)
(-0.00106567 -0.0421663 0)
(-0.000244332 -0.044305 0)
(-1.81167e-05 -0.0450004 0)
(0.000273278 -0.0445087 0)
(0.000738423 -0.0433348 0)
(0.00103203 -0.0410334 0)
(-0.000229461 -0.0389233 0)
(0.000417055 -0.039143 0)
(-0.00181702 -0.0351053 0)
(0.0010976 -0.0450002 0)
(0.000975233 -0.0433134 0)
(0.000567647 -0.0439687 0)
(0.000479386 -0.046651 0)
(0.00123171 -0.0448479 0)
(0.00256328 -0.0448964 0)
(0.00135445 -0.0468338 0)
(0.0010057 -0.0473126 0)
(0.000574425 -0.0446694 0)
(0.000743158 -0.0446706 0)
(-0.000261415 -0.0437665 0)
(-0.000579703 -0.0435922 0)
(-0.000365053 -0.0436454 0)
(3.85164e-05 -0.0420696 0)
(0.000138498 -0.0415622 0)
(1.64962e-05 -0.0393199 0)
(0.000525936 -0.0399705 0)
(0.000699453 -0.0403241 0)
(0.000395993 -0.0412067 0)
(0.00048557 -0.040512 0)
(-0.0002889 -0.0409856 0)
(-0.000474376 -0.0408425 0)
(-0.000403614 -0.0411441 0)
(-0.000571377 -0.0421004 0)
(-0.000664028 -0.0421185 0)
(0.000203939 -0.0404479 0)
(0.000156113 -0.0397123 0)
(-0.000790112 -0.0413706 0)
(-0.00010774 -0.0409409 0)
(0.000338604 -0.0408135 0)
(0.000322321 -0.0468626 0)
(0.000621432 -0.0460172 0)
(0.000312387 -0.0419623 0)
(-0.00066213 -0.0430361 0)
(-0.000103658 -0.0441813 0)
(0.00312505 -0.044745 0)
(0.00267004 -0.0488649 0)
(0.000983819 -0.0469936 0)
(-2.67168e-05 -0.0485335 0)
(0.000781405 -0.051669 0)
(0.000296009 -0.0507573 0)
(0.000387274 -0.0479392 0)
(0.000406536 -0.0460324 0)
(0.000326429 -0.0442158 0)
(0.00018953 -0.0445923 0)
(0.00017759 -0.0439607 0)
(0.000136905 -0.04295 0)
(-0.00022297 -0.0411939 0)
(0.00109823 -0.0401622 0)
(9.88453e-05 -0.042372 0)
(-0.000263976 -0.0422524 0)
(0.000940421 -0.0416175 0)
(0.000138363 -0.0419622 0)
(8.38111e-05 -0.0415923 0)
(0.000206337 -0.0415594 0)
(-6.26573e-05 -0.0411669 0)
(-9.12428e-05 -0.041046 0)
(-0.000409618 -0.040483 0)
(-0.00064735 -0.0403388 0)
(-0.000252654 -0.0407247 0)
(-3.08868e-05 -0.0392591 0)
(0.00141381 -0.037794 0)
(0.00224115 -0.0402643 0)
(0.000830335 -0.0417274 0)
(-9.58463e-05 -0.042855 0)
(-2.05147e-05 -0.0424335 0)
(0.00144136 -0.0448977 0)
(-9.64412e-05 -0.0486018 0)
(0.000611448 -0.0493238 0)
(0.000272677 -0.0476772 0)
(0.000116567 -0.0465784 0)
(9.2668e-06 -0.0454517 0)
(-0.00025974 -0.0456592 0)
(0.000810723 -0.0442802 0)
(-1.55822e-06 -0.0449895 0)
(3.09449e-05 -0.0430235 0)
(7.14036e-05 -0.0413768 0)
(-9.93401e-05 -0.0403225 0)
(0.000400628 -0.0424562 0)
(0.00013989 -0.0433132 0)
(0.000118969 -0.0419079 0)
(0.000362231 -0.0413775 0)
(3.50255e-05 -0.0408354 0)
(-0.000181459 -0.0422027 0)
(0.0001705 -0.0422135 0)
(-0.000164643 -0.0414269 0)
(0.000615385 -0.0375723 0)
(0.000593847 -0.0394219 0)
(-6.71667e-05 -0.0388209 0)
(0.000391322 -0.0380695 0)
(0.000660341 -0.0379078 0)
(0.000762151 -0.0356445 0)
(-0.00101602 -0.0387841 0)
(-0.000295166 -0.0403841 0)
(-0.000533567 -0.0396624 0)
(0.00135897 -0.0494588 0)
(0.000644626 -0.0479888 0)
(-0.00096702 -0.0485318 0)
(-0.000110438 -0.0453376 0)
(-8.35696e-05 -0.0452191 0)
(-0.000687476 -0.0451458 0)
(-0.000241889 -0.0428162 0)
(-0.00026348 -0.0405735 0)
(9.76697e-05 -0.0411078 0)
(0.00026572 -0.0406769 0)
(0.000355521 -0.042005 0)
(0.000302241 -0.0430714 0)
(0.000165518 -0.0423143 0)
(-0.000476052 -0.0401984 0)
(-8.92238e-05 -0.0401035 0)
(0.000636578 -0.0412134 0)
(0.00160659 -0.0418828 0)
(-0.000462702 -0.0413198 0)
(-6.29871e-05 -0.041969 0)
(-2.10159e-05 -0.0418199 0)
(2.14593e-06 -0.0378808 0)
(4.08617e-05 -0.0410467 0)
(0.000381983 -0.0382686 0)
(0.0015006 -0.0375628 0)
(0.000539352 -0.037798 0)
(0.00109631 -0.0330543 0)
(-0.00105649 -0.0347457 0)
(8.20514e-06 -0.0373973 0)
(-0.000107981 -0.038316 0)
(-1.53735e-05 -0.0466636 0)
(4.63115e-05 -0.0463319 0)
(-0.000316426 -0.045169 0)
(-0.000603609 -0.0440961 0)
(-0.000115368 -0.0444204 0)
(-0.000111173 -0.0457902 0)
(-0.00143379 -0.0407278 0)
(-0.00153901 -0.0419624 0)
(0.000191049 -0.0410843 0)
(0.000154066 -0.0400372 0)
(0.000254053 -0.0391913 0)
(0.00124155 -0.0368824 0)
(-0.000378121 -0.0358837 0)
(-0.000131756 -0.0358733 0)
(-0.000227304 -0.0385174 0)
(-0.000250826 -0.0391245 0)
(0.000783797 -0.0407346 0)
(0.000581268 -0.0409942 0)
(-0.000855889 -0.0410105 0)
(-0.000412195 -0.0421708 0)
(7.8266e-05 -0.0420373 0)
(-0.000713171 -0.0421106 0)
(0.00034519 -0.038788 0)
(7.30131e-05 -0.0409304 0)
(0.000471344 -0.0379735 0)
(0.000951996 -0.0378834 0)
(-0.000250851 -0.0369916 0)
(0.000637325 -0.0360766 0)
(0.00066535 -0.0358053 0)
(0.00185717 -0.0361348 0)
(0.00108739 -0.0373232 0)
(0.00142779 -0.0356055 0)
(-0.000972813 -0.0350646 0)
(-0.000682334 -0.0346602 0)
(-0.000270492 -0.0423927 0)
(-0.000286412 -0.0432364 0)
(-0.0012496 -0.0423963 0)
(0.000366219 -0.0447708 0)
(0.000145004 -0.0420361 0)
(0.000153164 -0.0440772 0)
(0.000123439 -0.0439603 0)
(-0.000280207 -0.0432972 0)
(-0.000932601 -0.0394661 0)
(-0.000597369 -0.0419414 0)
(-0.00068845 -0.0389274 0)
(-0.000547115 -0.0408433 0)
(0.000449351 -0.0399267 0)
(0.000472527 -0.0408363 0)
(0.000693871 -0.0415372 0)
(0.000410315 -0.039675 0)
(0.000198334 -0.0390479 0)
(0.000337953 -0.0404915 0)
(0.000267122 -0.0417364 0)
(-0.00049446 -0.0403153 0)
(-0.00126768 -0.0392424 0)
(-0.000283717 -0.0411558 0)
(-0.000130094 -0.0419879 0)
(-0.000135016 -0.0426125 0)
(-3.26414e-05 -0.0408353 0)
(0.000328615 -0.038079 0)
(0.000141195 -0.0379872 0)
(0.000910682 -0.0380678 0)
(0.00111904 -0.0360385 0)
(0.000892421 -0.0372416 0)
(6.54358e-05 -0.0365656 0)
(0.000383473 -0.0363414 0)
(0.000953804 -0.0351904 0)
(0.000482137 -0.0292027 0)
(-0.000221998 -0.0282725 0)
(-0.00174185 -0.0329174 0)
(-0.000357577 -0.033176 0)
(-0.00253746 -0.0335227 0)
(-0.00119742 -0.0312847 0)
(-0.000577784 -0.031737 0)
(-0.000508287 -0.0352138 0)
(-0.000526006 -0.0348971 0)
(-0.000457149 -0.0340528 0)
(0.000470787 -0.0364998 0)
(-0.00274442 -0.0376944 0)
(-0.00107123 -0.0389941 0)
(-0.000766709 -0.0355156 0)
(-0.000542985 -0.0357042 0)
(-0.000662473 -0.0361233 0)
(0.000413052 -0.0383727 0)
(-0.00054462 -0.0421928 0)
(-5.2399e-05 -0.0428878 0)
(0.000199362 -0.0421391 0)
(0.000448474 -0.0428292 0)
(0.000311363 -0.0409715 0)
(-6.00552e-05 -0.0409187 0)
(-0.000228713 -0.040989 0)
(-7.78303e-05 -0.0411253 0)
(-0.000167937 -0.0411236 0)
(-0.000247132 -0.0407896 0)
(-0.000248464 -0.0399662 0)
(-0.000656512 -0.0399699 0)
(-0.000549153 -0.0410428 0)
(-0.000134721 -0.0398851 0)
(9.13074e-05 -0.0384108 0)
(-0.000340434 -0.0379256 0)
(-0.000268986 -0.0378839 0)
(0.000262376 -0.0372357 0)
(0.00108003 -0.0371371 0)
(0.00112866 -0.0391868 0)
(0.00237046 -0.0375941 0)
(0.00243074 -0.0354955 0)
(0.000115625 -0.0377962 0)
(0.000138309 -0.0393862 0)
(-0.00123737 -0.0375332 0)
(-0.000209268 -0.0394934 0)
(0.0002776 -0.0378635 0)
(0.000209388 -0.0391184 0)
(-0.000285397 -0.0415854 0)
(-0.000485638 -0.0412233 0)
(-0.000698889 -0.0392318 0)
(-9.50736e-05 -0.0404281 0)
(-0.000696994 -0.0371398 0)
(-0.000732832 -0.0369499 0)
(-0.00106969 -0.037537 0)
(-0.00118454 -0.037674 0)
(-0.000105632 -0.0427783 0)
(-0.000679147 -0.0435861 0)
(-0.000193922 -0.0438452 0)
(0.000346153 -0.0434977 0)
(0.00126304 -0.0431559 0)
(0.000975323 -0.0431476 0)
(4.54935e-05 -0.0436436 0)
(2.09202e-05 -0.0425779 0)
(2.44534e-05 -0.0419589 0)
(-0.000569423 -0.0418833 0)
(-0.000917083 -0.0413762 0)
(-0.00125972 -0.0401083 0)
(-0.000732121 -0.0376134 0)
(-0.000238632 -0.039966 0)
(-0.000332912 -0.040786 0)
(-0.000557341 -0.0409595 0)
(0.000156505 -0.0411748 0)
(0.000195243 -0.0382758 0)
(0.000904844 -0.040301 0)
(0.000515455 -0.041632 0)
(-0.000716661 -0.0426428 0)
(0.000178698 -0.0444921 0)
(0.00172297 -0.0433622 0)
(0.000818842 -0.0425452 0)
(0.000245333 -0.0413816 0)
(0.000785688 -0.0418094 0)
(-0.000194384 -0.0427518 0)
(4.65847e-05 -0.0420835 0)
(-0.00012458 -0.0412287 0)
(-0.00118748 -0.0390135 0)
(-0.000310063 -0.0419469 0)
(-0.000284545 -0.0429191 0)
(0.000117089 -0.0416399 0)
(-0.000799365 -0.0412464 0)
(-0.000791468 -0.043179 0)
(-0.000288482 -0.0430425 0)
(-0.000181083 -0.0430467 0)
(0.000583414 -0.0410814 0)
(0.000735345 -0.0407933 0)
(-0.000539226 -0.0418442 0)
(0.000544922 -0.0430747 0)
(0.000467245 -0.0432721 0)
(1.65697e-05 -0.043333 0)
(-0.000366406 -0.042405 0)
(0.000108182 -0.041338 0)
(-0.00106018 -0.0405399 0)
(-0.00034025 -0.0396514 0)
(-0.000455834 -0.0400377 0)
(-0.000459812 -0.0405263 0)
(-0.000447163 -0.0408251 0)
(-0.000465516 -0.0387846 0)
(-0.000704345 -0.0387385 0)
(0.00135425 -0.039374 0)
(-0.00173717 -0.0390693 0)
(-0.000847098 -0.0403713 0)
(-0.00149981 -0.0405252 0)
(-0.000405031 -0.0406616 0)
(9.75275e-05 -0.0405386 0)
(-0.000671005 -0.0424407 0)
(0.000250543 -0.0432208 0)
(0.000678662 -0.0423417 0)
(-0.000126689 -0.0403302 0)
(0.00184772 -0.0393857 0)
(0.00023506 -0.0405263 0)
(-0.000310808 -0.0405892 0)
(0.00031922 -0.0409812 0)
(0.000312204 -0.0377605 0)
(0.000419897 -0.0361779 0)
(0.000755456 -0.0364927 0)
(0.000254245 -0.0382446 0)
(0.000982478 -0.0373157 0)
(0.000706223 -0.0377666 0)
(-0.000211468 -0.0375635 0)
(0.00067796 -0.0397199 0)
(0.000488592 -0.0398872 0)
(-0.000302672 -0.0396993 0)
(0.000732981 -0.0425325 0)
(0.000802683 -0.0434023 0)
(-0.000537864 -0.0427093 0)
(-0.000802212 -0.0426324 0)
(-0.000440884 -0.0412904 0)
(-0.000790124 -0.0388609 0)
(0.000321646 -0.0391678 0)
(-0.000533872 -0.040906 0)
(-0.000330898 -0.0424072 0)
(1.33516e-05 -0.0422848 0)
(-0.000556423 -0.0407375 0)
(0.000552481 -0.0397338 0)
(0.000257613 -0.0399682 0)
(-0.00067338 -0.0399786 0)
(-0.000794671 -0.0419469 0)
(0.000209486 -0.0412305 0)
(-0.000580518 -0.0418279 0)
(-0.000942965 -0.0442891 0)
(3.5103e-05 -0.0425476 0)
(0.000163483 -0.0417558 0)
(0.000246594 -0.0380627 0)
(0.00111998 -0.0386329 0)
(0.000413002 -0.0391165 0)
(-0.000102027 -0.037422 0)
(-3.85027e-05 -0.0379767 0)
(-0.00013749 -0.0374771 0)
(-0.00119244 -0.0383413 0)
(-0.000406177 -0.0381213 0)
(0.00048161 -0.0366773 0)
(0.00100196 -0.0364801 0)
(0.000404533 -0.0362458 0)
(-0.000967236 -0.0395499 0)
(0.000276333 -0.0389431 0)
(-0.000873122 -0.0391856 0)
(0.00044576 -0.0403825 0)
(-8.60204e-06 -0.0406963 0)
(-0.00110483 -0.0392545 0)
(-0.00217299 -0.0382842 0)
(-0.00103553 -0.0413832 0)
(-0.000724521 -0.0420378 0)
(-0.000576185 -0.0419835 0)
(-0.000164616 -0.0404283 0)
(-0.000163872 -0.0424265 0)
(-0.000191331 -0.0408625 0)
(-8.95127e-05 -0.043378 0)
(-0.00179334 -0.0412352 0)
(-0.00113478 -0.0415227 0)
(-0.000833582 -0.0414841 0)
(-0.0009151 -0.0404644 0)
(0.000413429 -0.0412282 0)
(-0.000299766 -0.0412509 0)
(0.000521191 -0.043968 0)
(-0.000531154 -0.0439333 0)
(0.00033299 -0.0412516 0)
(0.000680906 -0.0407929 0)
(-0.000902713 -0.0357994 0)
(-0.000577124 -0.0389966 0)
(-0.000522662 -0.0390109 0)
(-0.000411397 -0.0377242 0)
(0.000160944 -0.0384684 0)
(-0.000250779 -0.0403271 0)
(-0.000573518 -0.0419518 0)
(-0.000783649 -0.0387274 0)
(0.000592187 -0.0377457 0)
(0.000610287 -0.0396038 0)
(0.00194568 -0.0375519 0)
(0.00150636 -0.0375223 0)
(0.00115173 -0.0383429 0)
(-0.00052858 -0.0406813 0)
(0.000254031 -0.0356182 0)
(-2.68241e-05 -0.0343726 0)
(-0.000692782 -0.0338278 0)
(-0.000569012 -0.0353894 0)
(-0.000575286 -0.0365342 0)
(-0.000387241 -0.0366508 0)
(-0.00115908 -0.0398501 0)
(-0.000482767 -0.0421611 0)
(-0.000588748 -0.043526 0)
(-0.00083176 -0.042452 0)
(-0.000264055 -0.0429075 0)
(-0.00019691 -0.0417137 0)
(0.000482419 -0.041076 0)
(0.00153028 -0.0421344 0)
(0.00117252 -0.0406712 0)
(0.000288494 -0.0422045 0)
(0.000402987 -0.0447862 0)
(0.000506169 -0.0430241 0)
(0.000528362 -0.042681 0)
(0.000279854 -0.0420647 0)
(0.000413712 -0.0421436 0)
(0.000133568 -0.0414228 0)
(-0.00128671 -0.0405383 0)
(-4.99277e-05 -0.0404984 0)
(0.000847843 -0.0392026 0)
(-0.000323941 -0.0402767 0)
(-0.000829259 -0.041395 0)
(-5.20065e-06 -0.0422553 0)
(0.000111616 -0.0407451 0)
(-0.00017677 -0.0394368 0)
(0.00047617 -0.038794 0)
(0.00105928 -0.0371349 0)
(0.00042811 -0.0362748 0)
(-0.00125985 -0.0315746 0)
(0.00108744 -0.0337711 0)
(-0.000372746 -0.0337443 0)
(8.3713e-05 -0.0356569 0)
(3.05165e-05 -0.0363693 0)
(-0.000283806 -0.0374866 0)
(-0.00017593 -0.0383695 0)
(8.01819e-05 -0.0391664 0)
(-0.000194051 -0.0403833 0)
(0.000310132 -0.0431648 0)
(-0.000390036 -0.0442677 0)
(-0.00106158 -0.0445726 0)
(-0.000803231 -0.0428954 0)
(-0.000910417 -0.0432181 0)
(-0.000610206 -0.0433254 0)
(-0.000828407 -0.043258 0)
(0.000803686 -0.0439334 0)
(0.000119389 -0.04428 0)
(0.000198158 -0.0445159 0)
(0.000368529 -0.0437751 0)
(7.42322e-05 -0.0435522 0)
(0.000130637 -0.0430121 0)
(-0.00011854 -0.0429503 0)
(3.51696e-07 -0.0429707 0)
(0.000612569 -0.0418948 0)
(-0.000267759 -0.0418391 0)
(-0.00121773 -0.0412748 0)
(-0.000578579 -0.0418443 0)
(-1.48808e-05 -0.0410652 0)
(-0.000734776 -0.0393932 0)
(-0.000415782 -0.0391542 0)
(-2.6492e-05 -0.0382481 0)
(-0.000114645 -0.0382963 0)
(-4.00242e-05 -0.0375641 0)
(0.000100025 -0.0414268 0)
(0.000281852 -0.0388878 0)
(4.53983e-05 -0.0389373 0)
(3.93729e-05 -0.0379338 0)
(3.49333e-05 -0.0389708 0)
(0.000361974 -0.0392112 0)
(-0.00029056 -0.0407255 0)
(-0.000357383 -0.0450097 0)
(-0.000526563 -0.0455891 0)
(8.53943e-05 -0.0459885 0)
(-0.000532401 -0.0424061 0)
(-0.000336171 -0.0433941 0)
(-0.00111957 -0.0445602 0)
(-0.000120687 -0.0445207 0)
(0.0014587 -0.0447513 0)
(-4.161e-05 -0.0442005 0)
(0.00054843 -0.0444091 0)
(0.00021724 -0.0441472 0)
(-2.32656e-05 -0.0438809 0)
(-0.000488062 -0.0428377 0)
(-0.000302765 -0.0429549 0)
(-0.000350632 -0.0424794 0)
(0.000119407 -0.04235 0)
(0.00014722 -0.0426246 0)
(-0.000253138 -0.0409784 0)
(-0.000215362 -0.0387458 0)
(-0.000806028 -0.0405881 0)
(0.000432848 -0.0429779 0)
(8.18866e-05 -0.0417633 0)
(-0.000183283 -0.0427254 0)
(0.000386322 -0.0419376 0)
(-0.000897327 -0.0415605 0)
(-0.000154335 -0.0423536 0)
(-0.000160561 -0.0415093 0)
(7.49468e-05 -0.0416448 0)
(-0.000151349 -0.0423079 0)
(0.000495617 -0.0413713 0)
(0.000810323 -0.041955 0)
(-4.95427e-05 -0.0428076 0)
(5.80342e-05 -0.043778 0)
(6.60622e-05 -0.0438855 0)
(0.000478907 -0.044396 0)
(0.000404366 -0.0408751 0)
(4.70525e-05 -0.0397459 0)
(-0.000284476 -0.0441153 0)
(-0.000934092 -0.0394726 0)
(-0.000278123 -0.0414841 0)
(0.00032034 -0.0393332 0)
(0.000193272 -0.0375562 0)
(-0.00111853 -0.040296 0)
(0.000287964 -0.0421915 0)
(0.00126429 -0.0414515 0)
(-0.0036782 -0.0395725 0)
(-0.00276785 -0.0397173 0)
(-0.00196197 -0.0403909 0)
(-0.00077616 -0.0413197 0)
(0.000199141 -0.0407881 0)
(-0.000624762 -0.03806 0)
(-8.525e-05 -0.0390823 0)
(-0.000273773 -0.0442736 0)
(-3.73191e-05 -0.0462154 0)
(0.000278439 -0.0453843 0)
(0.000273831 -0.0439015 0)
(0.000805487 -0.044661 0)
(-0.000147324 -0.0479161 0)
(0.000521293 -0.0478692 0)
(0.000524009 -0.0479103 0)
(-0.000152542 -0.0444681 0)
(6.7577e-05 -0.0454148 0)
(-0.000130886 -0.0449274 0)
(-5.24838e-05 -0.0437393 0)
(0.00050005 -0.0426308 0)
(-0.000338757 -0.0405956 0)
(-0.000481357 -0.0402846 0)
(0.000218353 -0.0383256 0)
(0.000557746 -0.0391158 0)
(-0.000141689 -0.039091 0)
(0.00132385 -0.0384647 0)
(-0.000785518 -0.0372896 0)
(0.000307989 -0.0355079 0)
(0.000208953 -0.0366613 0)
(-0.000437616 -0.0375458 0)
(-0.000589807 -0.0347797 0)
(-0.00119481 -0.0349128 0)
(-0.00197822 -0.0361653 0)
(-0.00382815 -0.0402404 0)
(-0.00266076 -0.0404826 0)
(-0.00228006 -0.0402986 0)
(-0.00131076 -0.0406846 0)
(-0.000781354 -0.0417536 0)
(-0.000525898 -0.0392741 0)
(0.000570683 -0.040862 0)
(2.74242e-05 -0.0448076 0)
(-6.35556e-05 -0.0440281 0)
(0.000138974 -0.0456623 0)
(4.82858e-05 -0.0481056 0)
(-9.7617e-05 -0.0462641 0)
(-5.35897e-05 -0.0464633 0)
(0.000446067 -0.0484451 0)
(0.000340013 -0.0475739 0)
(0.000159989 -0.0467933 0)
(-0.000955058 -0.0495915 0)
(-0.000162276 -0.0458216 0)
(-0.000360257 -0.043785 0)
(0.000265579 -0.0412946 0)
(-0.000137314 -0.0405658 0)
(8.43838e-05 -0.0371519 0)
(-0.000317266 -0.0383268 0)
(0.00107644 -0.0376804 0)
(0.000819832 -0.0368356 0)
(0.000181344 -0.0361197 0)
(0.000829378 -0.0359852 0)
(4.52244e-05 -0.0369744 0)
(-0.000272375 -0.0372414 0)
(-9.51053e-05 -0.0371009 0)
(-7.4221e-05 -0.0367981 0)
(-0.000747477 -0.0333777 0)
(-0.00096331 -0.0331906 0)
(1.05434e-06 -0.0356578 0)
(-0.00159308 -0.0364307 0)
(-0.000673136 -0.0392822 0)
(-0.00047196 -0.0396386 0)
(-0.00157255 -0.0415187 0)
(-0.000765936 -0.0437003 0)
(-0.000771084 -0.0412285 0)
(-0.000375775 -0.0410456 0)
(-0.00158888 -0.0428868 0)
(-0.000218718 -0.043487 0)
(-0.000636168 -0.0465613 0)
(0.000484865 -0.0458476 0)
(0.00162368 -0.0463542 0)
(0.000140779 -0.0509717 0)
(0.000618388 -0.051426 0)
(0.00227673 -0.0486151 0)
(0.00123228 -0.0477854 0)
(-0.000449535 -0.0469184 0)
(0.000170691 -0.0457549 0)
(2.45939e-05 -0.0452686 0)
(-0.00124121 -0.0446602 0)
(-0.000141534 -0.0397789 0)
(-0.000431188 -0.0384429 0)
(-0.000777185 -0.0396703 0)
(0.00129844 -0.0370324 0)
(0.00121523 -0.0369252 0)
(0.00022623 -0.0381114 0)
(4.85712e-05 -0.0372657 0)
(-0.000323072 -0.0375328 0)
(1.46566e-05 -0.0379816 0)
(-0.000548254 -0.0369888 0)
(0.000529902 -0.0375537 0)
(-0.00105242 -0.0411328 0)
(-0.000769201 -0.0394813 0)
(0.000531914 -0.0387062 0)
(0.000508841 -0.0413104 0)
(-0.000235539 -0.0404639 0)
(0.000630836 -0.0406257 0)
(0.00177089 -0.041701 0)
(-0.000628983 -0.0424179 0)
(-6.16931e-05 -0.0426621 0)
(-5.44243e-05 -0.0433441 0)
(7.36193e-05 -0.0438255 0)
(-0.000266764 -0.0452115 0)
(-7.91917e-05 -0.0462289 0)
(6.21447e-05 -0.0509523 0)
(-0.00143095 -0.0496563 0)
(-5.20332e-05 -0.0510904 0)
(0.000740203 -0.0466976 0)
(-0.000527948 -0.0442997 0)
(-6.65923e-05 -0.0461956 0)
(0.000314084 -0.0458167 0)
(0.000427203 -0.0450519 0)
(-0.000363726 -0.0448002 0)
(-0.00124033 -0.0453642 0)
(-0.000440215 -0.0403011 0)
(-0.000856051 -0.0425801 0)
(-0.00067682 -0.0420682 0)
(-0.000670709 -0.0418997 0)
(0.00132488 -0.0382932 0)
(0.000446068 -0.0381387 0)
(0.000468882 -0.0395653 0)
(0.000556345 -0.0386535 0)
(-0.000220927 -0.0399477 0)
(-0.000282037 -0.0422996 0)
(7.36258e-06 -0.0427123 0)
(-0.000297311 -0.0428873 0)
(0.000411661 -0.0422781 0)
(0.000518815 -0.0404625 0)
(0.000635898 -0.0400163 0)
(0.000418285 -0.0403937 0)
(0.000531593 -0.0403236 0)
(0.000786581 -0.039924 0)
(0.000964722 -0.0423161 0)
(0.00169487 -0.0438891 0)
(0.0005549 -0.0414254 0)
(-0.00100696 -0.0415633 0)
(-0.000114767 -0.0431245 0)
(-0.000675379 -0.043995 0)
(0.000740544 -0.04458 0)
(-0.000292016 -0.0451876 0)
(0.000656286 -0.0502264 0)
(0.000393893 -0.0505822 0)
(-0.000447449 -0.0468956 0)
(0.00140167 -0.0436986 0)
(-0.000987779 -0.0444928 0)
(0.00039216 -0.0444895 0)
(-0.000219093 -0.0452759 0)
(-0.000378473 -0.0468476 0)
(6.17221e-05 -0.0448324 0)
(-0.00135873 -0.0437231 0)
(-0.0024731 -0.0422152 0)
(-0.000725044 -0.0451324 0)
(-0.00311097 -0.0401895 0)
(-0.000841255 -0.0435921 0)
(-0.000883033 -0.0445161 0)
(-0.000321131 -0.042927 0)
(0.000221046 -0.0415388 0)
(-0.00087618 -0.0424782 0)
(-0.000187622 -0.0445795 0)
(0.000662065 -0.0422232 0)
(0.000840903 -0.0416256 0)
(0.000224195 -0.0425618 0)
(-0.000445248 -0.0429066 0)
(-0.000118583 -0.0428644 0)
(6.99205e-05 -0.0421479 0)
(0.00108313 -0.0359857 0)
(0.00154614 -0.0389848 0)
(0.000290145 -0.0424701 0)
(0.00094683 -0.0397847 0)
(0.00111874 -0.0390804 0)
(0.000100888 -0.0362757 0)
(0.000149935 -0.0448489 0)
(0.000277333 -0.0381802 0)
(-0.00036712 -0.0432877 0)
(-0.000483246 -0.0411012 0)
(-0.000897299 -0.0417243 0)
(-0.00072599 -0.0411992 0)
(2.16485e-05 -0.0406793 0)
(-0.00080466 -0.0410806 0)
(-2.67903e-05 -0.0421784 0)
(-0.00044527 -0.043081 0)
(-0.000193364 -0.0435789 0)
(-0.000503407 -0.0423314 0)
(-0.000477575 -0.0435788 0)
(-0.00029409 -0.0451796 0)
(-0.000506327 -0.0448048 0)
(-0.00229626 -0.0428329 0)
(-0.00118451 -0.0422581 0)
(0.000176707 -0.0390337 0)
(-0.000198931 -0.0402715 0)
(-0.00274766 -0.0400688 0)
(-0.00232581 -0.0401748 0)
(0.000489132 -0.0390336 0)
(-0.000341073 -0.0410805 0)
(0.000195811 -0.0407512 0)
(0.00119355 -0.0404464 0)
(0.000426153 -0.041345 0)
(-0.000238219 -0.0424969 0)
(-4.5496e-05 -0.0434259 0)
(-0.000399261 -0.0433245 0)
(0.000219803 -0.0412697 0)
(-0.000911609 -0.0411926 0)
(-0.000401062 -0.0416996 0)
(0.00237006 -0.0307725 0)
(0.00230488 -0.0308038 0)
(0.000542335 -0.0349699 0)
(0.000960944 -0.0378803 0)
(0.00159291 -0.0349562 0)
(-5.10146e-06 -0.0370617 0)
(-9.67267e-05 -0.0379105 0)
(0.000466895 -0.0361826 0)
(0.000308992 -0.0349284 0)
(2.45536e-05 -0.0372477 0)
(-0.000241412 -0.0371763 0)
(0.000260164 -0.0399524 0)
(0.000686111 -0.0425646 0)
(0.000421704 -0.0423947 0)
(0.000129653 -0.0429498 0)
(-5.1162e-05 -0.0428882 0)
(-0.00185315 -0.0421497 0)
(-0.00369734 -0.0377006 0)
(-0.00226696 -0.0390603 0)
(9.41882e-05 -0.0380341 0)
(-0.000226915 -0.0382517 0)
(-6.75709e-07 -0.0368775 0)
(-0.000941371 -0.0349978 0)
(-0.00124208 -0.0351281 0)
(0.000461232 -0.0390267 0)
(0.000400828 -0.0383079 0)
(-9.19838e-05 -0.0360856 0)
(0.0011503 -0.0369681 0)
(-0.00013552 -0.0394985 0)
(-3.25649e-05 -0.0398517 0)
(0.000667825 -0.0417099 0)
(-0.00018109 -0.0410761 0)
(-0.000605496 -0.0401722 0)
(-0.000500075 -0.0397747 0)
(-5.21706e-05 -0.0397553 0)
(0.000480654 -0.0361213 0)
(-9.88175e-05 -0.0371056 0)
(0.000131195 -0.0385779 0)
(0.00474301 -0.0318489 0)
(0.000784323 -0.0370411 0)
(0.000468106 -0.036253 0)
(-0.000259044 -0.0368301 0)
(0.000475766 -0.0366953 0)
(0.00108159 -0.0368928 0)
(-0.000361207 -0.038447 0)
(-0.000188039 -0.0376129 0)
(-6.03066e-06 -0.0373777 0)
(0.000287935 -0.0389632 0)
(0.000700023 -0.0406741 0)
(-0.000135376 -0.0398566 0)
(-0.00134264 -0.0404377 0)
(-0.00118632 -0.0379165 0)
(-0.00305815 -0.0372816 0)
(-0.000306356 -0.0388801 0)
(-0.000408572 -0.041094 0)
(-4.36847e-05 -0.0392504 0)
(-0.000146269 -0.0398291 0)
(-0.000275082 -0.0378032 0)
(0.000112292 -0.0374456 0)
(0.000197017 -0.0385379 0)
(-0.000251179 -0.03788 0)
(0.0011863 -0.039111 0)
(0.00111697 -0.0407231 0)
(0.000799147 -0.0372271 0)
(-0.00118224 -0.0395994 0)
(0.00093591 -0.0400035 0)
(-0.000777587 -0.0373186 0)
(0.000228398 -0.0387145 0)
(-0.000524805 -0.0400662 0)
(-0.000425986 -0.0379667 0)
(-0.000168812 -0.0353703 0)
(0.000222342 -0.0349579 0)
(-0.00060096 -0.0371442 0)
(-0.00129496 -0.0372267 0)
(0.00390145 -0.0359834 0)
(0.0025348 -0.0396973 0)
(0.00296543 -0.0376077 0)
(0.00129819 -0.037098 0)
(-0.00147763 -0.0401467 0)
(0.000521482 -0.0395699 0)
(0.000116056 -0.0381555 0)
(-0.000325785 -0.0378524 0)
(-0.000165636 -0.0373787 0)
(-0.000269385 -0.0373784 0)
(-0.000215692 -0.0375051 0)
(-0.000420002 -0.0370488 0)
(-0.000436912 -0.0374208 0)
(-0.000868575 -0.0387433 0)
(-0.00120298 -0.0363705 0)
(-0.000881396 -0.0371692 0)
(0.000976895 -0.0386519 0)
(0.00152704 -0.0401341 0)
(-0.000378164 -0.0399876 0)
(-0.000898032 -0.0402938 0)
(-2.75359e-05 -0.0405332 0)
(0.000330998 -0.0411517 0)
(0.00174433 -0.0426693 0)
(-7.31642e-05 -0.0374223 0)
(0.00207188 -0.0400487 0)
(0.000550027 -0.0392445 0)
(0.000854247 -0.0397871 0)
(-0.0013484 -0.037045 0)
(4.22859e-05 -0.0386231 0)
(-0.000242183 -0.0400074 0)
(-0.00198466 -0.0401551 0)
(0.00124783 -0.0405 0)
(0.00141287 -0.0372759 0)
(0.00135224 -0.0368435 0)
(0.00132085 -0.0369096 0)
(0.00149699 -0.0442457 0)
(0.00459511 -0.0388267 0)
(0.00146688 -0.0396559 0)
(0.00184994 -0.0373194 0)
(0.00113472 -0.0390685 0)
(0.00299388 -0.0378785 0)
(0.000292878 -0.0379257 0)
(0.000156389 -0.0380518 0)
(-7.08441e-05 -0.0392037 0)
(0.000527573 -0.0378351 0)
(-0.00129386 -0.0352812 0)
(-0.00145103 -0.0344095 0)
(-0.000662098 -0.0344623 0)
(-7.49094e-05 -0.0370738 0)
(0.000918082 -0.0368993 0)
(0.000787849 -0.0368293 0)
(0.000645709 -0.0386432 0)
(0.000391348 -0.0361805 0)
(0.000747692 -0.0399786 0)
(-0.000431565 -0.0404401 0)
(-0.00113594 -0.039463 0)
(-0.000355548 -0.039147 0)
(0.000449781 -0.0411803 0)
(-0.000351465 -0.041111 0)
(-0.000206486 -0.0396421 0)
(0.00018746 -0.0414938 0)
(0.000872829 -0.0420482 0)
(0.00096269 -0.0416844 0)
(-0.000310948 -0.0411035 0)
(-0.00108201 -0.0400379 0)
(-0.000710081 -0.0374089 0)
(-0.00109148 -0.0388353 0)
(-0.000977702 -0.0402448 0)
(0.000268785 -0.0428828 0)
(-0.00143338 -0.0414189 0)
(-0.00131871 -0.0422506 0)
(-0.0014103 -0.0461568 0)
(0.000405135 -0.0421614 0)
(0.000801899 -0.0354628 0)
(0.00151727 -0.034832 0)
(0.00305613 -0.0366605 0)
(0.000979671 -0.0397419 0)
(0.000790414 -0.0401583 0)
(0.00104273 -0.0358489 0)
(0.000420587 -0.0374136 0)
(0.000321856 -0.0387499 0)
(-0.000268423 -0.0383247 0)
(-0.00152214 -0.0375495 0)
(-0.000613912 -0.0371541 0)
(-0.000129046 -0.0382534 0)
(-0.000246421 -0.039056 0)
(0.000395933 -0.0379317 0)
(0.000637522 -0.038463 0)
(-0.000680126 -0.0391306 0)
(-0.000626832 -0.0394366 0)
(-0.0013017 -0.0394504 0)
(0.000920626 -0.0416997 0)
(-9.35193e-05 -0.0412196 0)
(0.000201346 -0.0408187 0)
(0.000375515 -0.0414635 0)
(0.000734728 -0.041548 0)
(-0.000153138 -0.0436633 0)
(0.00100289 -0.0462874 0)
(-9.97569e-05 -0.04673 0)
(-9.91232e-05 -0.0453126 0)
(0.000317122 -0.0454504 0)
(2.29377e-05 -0.0444051 0)
(-0.000244337 -0.0435254 0)
(-0.00142441 -0.0441084 0)
(-0.000154592 -0.0392241 0)
(-0.00226224 -0.0438542 0)
(6.36075e-05 -0.0433405 0)
(-0.00035077 -0.0427561 0)
(-3.39204e-05 -0.0445109 0)
(-0.00358073 -0.0345189 0)
(0.000836387 -0.0322321 0)
(0.00250481 -0.035656 0)
(0.00112574 -0.0384735 0)
(0.000231623 -0.0331592 0)
(0.000192184 -0.0350323 0)
(0.000441076 -0.0352073 0)
(2.42147e-06 -0.0364286 0)
(-0.000326355 -0.0368603 0)
(5.29129e-05 -0.0350725 0)
(-0.000673213 -0.0356152 0)
(0.000412751 -0.0351731 0)
(0.000409855 -0.0361408 0)
(0.000373573 -0.0360963 0)
(0.000287049 -0.0367056 0)
(-0.000141128 -0.037093 0)
(0.000663479 -0.0366451 0)
(0.000736664 -0.0365052 0)
(-0.000269604 -0.0398554 0)
(0.00025362 -0.0402859 0)
(0.000708065 -0.0425065 0)
(0.000686604 -0.0450806 0)
(0.00100091 -0.0451884 0)
(-0.000673678 -0.0444095 0)
(-0.000466213 -0.0462979 0)
(-0.000128975 -0.0462032 0)
(0.000117572 -0.0447897 0)
(0.000285614 -0.0445477 0)
(-0.000100779 -0.0438481 0)
(-8.60864e-05 -0.0431578 0)
(-0.000243364 -0.0423924 0)
(0.000169916 -0.043627 0)
(0.000583549 -0.0400549 0)
(0.00028216 -0.0422459 0)
(-0.00056569 -0.0408562 0)
(-0.000468628 -0.0421898 0)
(0.000269232 -0.0426782 0)
(-0.000825717 -0.0328263 0)
(0.00126584 -0.0347755 0)
(0.00026633 -0.0309226 0)
(-2.08737e-05 -0.0337331 0)
(0.00024758 -0.0347182 0)
(0.000352361 -0.0343797 0)
(0.000291762 -0.034319 0)
(0.000180807 -0.0349765 0)
(0.000101717 -0.0360377 0)
(-1.86949e-05 -0.0364081 0)
(0.00032057 -0.03724 0)
(0.00034097 -0.0365413 0)
(2.38698e-06 -0.0375597 0)
(0.00128124 -0.0354183 0)
(0.00127473 -0.0341918 0)
(0.00074625 -0.0346582 0)
(0.00105847 -0.0321486 0)
(0.000732221 -0.0339112 0)
(0.000796714 -0.0339817 0)
(0.000373762 -0.0373594 0)
(-0.000565917 -0.0371603 0)
(0.000608044 -0.0410071 0)
(-0.000429179 -0.0404375 0)
(-0.000520041 -0.0393075 0)
(-0.000231679 -0.0407089 0)
(0.000330448 -0.0411601 0)
(0.000138861 -0.0416743 0)
(0.000215287 -0.0418112 0)
(-0.000820516 -0.0404339 0)
(-0.000731856 -0.0391265 0)
(-0.000362073 -0.0405183 0)
(-0.000164986 -0.0424751 0)
(-0.000155885 -0.0398072 0)
(-0.000244578 -0.0387661 0)
(0.000429219 -0.0398731 0)
(0.000253404 -0.0421958 0)
(-0.00034128 -0.0424987 0)
(-0.00018127 -0.0375305 0)
(0.000338393 -0.0374842 0)
(0.00073486 -0.0314079 0)
(0.000249114 -0.0413841 0)
(0.000723933 -0.0412567 0)
(0.00191493 -0.0385205 0)
(0.00196613 -0.0393379 0)
(0.000507482 -0.039293 0)
(-0.000224987 -0.0437754 0)
(-0.000177557 -0.0402736 0)
(0.00021543 -0.0402714 0)
(0.000447626 -0.0413503 0)
(-0.000112306 -0.0420877 0)
(0.000184335 -0.0415396 0)
(-0.00130173 -0.0417688 0)
(0.000754891 -0.039457 0)
(0.0020778 -0.0435867 0)
(0.000579702 -0.0367848 0)
(0.00202117 -0.0360956 0)
(0.000929119 -0.0385028 0)
(0.00090006 -0.0395618 0)
(3.45739e-05 -0.0406453 0)
(0.00031094 -0.037844 0)
(-0.00147094 -0.0356978 0)
(-0.000525235 -0.0373306 0)
(3.74274e-05 -0.0410764 0)
(6.57282e-05 -0.0422617 0)
(-0.000173131 -0.0419384 0)
(-0.00063738 -0.0416282 0)
(-0.000420496 -0.0399403 0)
(-0.000258698 -0.0414036 0)
(-0.000355168 -0.0406734 0)
(0.000620167 -0.0388221 0)
(0.000123484 -0.0396294 0)
(-0.000515135 -0.0411247 0)
(0.000384544 -0.0427302 0)
(0.000321 -0.0432719 0)
(-0.000232124 -0.0402091 0)
(0.000487195 -0.042798 0)
(0.000206563 -0.0448878 0)
(0.000593024 -0.0426455 0)
(-0.000231416 -0.0424314 0)
(-0.000547531 -0.0443223 0)
(-0.00012861 -0.0425823 0)
(0.000349866 -0.0427609 0)
(0.000436682 -0.0445357 0)
(-0.000388162 -0.0436549 0)
(-0.000306316 -0.0458361 0)
(-0.000480678 -0.0460549 0)
(-8.13907e-05 -0.0445833 0)
(-0.000395886 -0.0449844 0)
(0.00336012 -0.0416626 0)
(0.00145006 -0.0388404 0)
(0.000970745 -0.0396343 0)
(0.000524969 -0.0424198 0)
(0.000930999 -0.0426723 0)
(0.000328584 -0.0430172 0)
(0.000191489 -0.0349168 0)
(-0.000503112 -0.042138 0)
(-0.000796052 -0.0427175 0)
(-0.000779954 -0.0419984 0)
(-0.000355445 -0.041201 0)
(-0.00031656 -0.0409146 0)
(-0.000371495 -0.0407835 0)
(-0.00165089 -0.0427025 0)
(-0.00108425 -0.0442548 0)
(-0.000504081 -0.0430474 0)
(0.00017655 -0.0415839 0)
(0.000101711 -0.0443872 0)
(0.00040192 -0.0410327 0)
(0.000233971 -0.0424471 0)
(-0.00047093 -0.0447135 0)
(-0.000382958 -0.0437686 0)
(-0.000314301 -0.042127 0)
(0.000178856 -0.0435925 0)
(-0.000252655 -0.0446734 0)
(-0.000561272 -0.0456534 0)
(0.000641235 -0.0436675 0)
(0.000114893 -0.0429441 0)
(0.000210322 -0.0419852 0)
(0.000937914 -0.0443159 0)
(-0.000114491 -0.0443311 0)
(0.000937524 -0.0451406 0)
(-0.000109066 -0.0462771 0)
(-2.15089e-05 -0.0465515 0)
(-0.000472693 -0.0460654 0)
(0.00287676 -0.0455145 0)
(0.000253391 -0.0463441 0)
(0.000226542 -0.0455814 0)
(0.000730582 -0.0446223 0)
(-0.000349199 -0.0403326 0)
(-0.000776246 -0.0409277 0)
(2.91817e-05 -0.0422696 0)
(-0.00118161 -0.043134 0)
(-0.00036985 -0.0424455 0)
(-0.000792336 -0.0415704 0)
(-0.000941532 -0.0417809 0)
(0.000829055 -0.0438929 0)
(0.000218799 -0.0441049 0)
(-0.000431705 -0.0461509 0)
(4.72973e-05 -0.045242 0)
(-7.49315e-05 -0.0439739 0)
(-0.000471442 -0.0437239 0)
(-0.000143632 -0.0444405 0)
(-0.000253898 -0.0445053 0)
(-0.000410381 -0.0444575 0)
(0.000414879 -0.0449941 0)
(0.000159806 -0.0446237 0)
(0.000724764 -0.043901 0)
(-0.00015934 -0.0442466 0)
(-0.000647943 -0.0442358 0)
(-0.00123389 -0.0437973 0)
(-0.000511269 -0.0411228 0)
(0.000422394 -0.0451227 0)
(6.091e-06 -0.0444464 0)
(0.000379404 -0.0437791 0)
(0.000454143 -0.0446293 0)
(0.000465277 -0.0460683 0)
(0.00225178 -0.0457095 0)
(0.00173801 -0.0484791 0)
(3.47166e-05 -0.0494954 0)
(0.000602862 -0.0467415 0)
(0.000961206 -0.0429918 0)
(-0.000106742 -0.0423159 0)
(0.000471195 -0.04035 0)
(0.00050662 -0.0408103 0)
(-0.00110117 -0.0428614 0)
(-0.000403514 -0.0425818 0)
(-0.000169669 -0.0418727 0)
(0.000738788 -0.0430291 0)
(-0.000350979 -0.0450633 0)
(-0.000768422 -0.0460968 0)
(-0.000211647 -0.0458763 0)
(-0.000332086 -0.0453458 0)
(9.65056e-05 -0.0434252 0)
(0.000306791 -0.0434125 0)
(0.000140895 -0.0433493 0)
(1.64177e-05 -0.043158 0)
(-0.000231195 -0.0437801 0)
(-5.7089e-05 -0.0443729 0)
(0.000377988 -0.0452429 0)
(0.000375268 -0.0456209 0)
(-0.000518222 -0.0454216 0)
(-0.00085956 -0.0451356 0)
(-0.000454138 -0.0436496 0)
(-0.000435347 -0.0434784 0)
(0.0010137 -0.0407355 0)
(0.000864283 -0.0405353 0)
(0.00126655 -0.0414279 0)
(0.000919938 -0.0446259 0)
(0.000446087 -0.0447095 0)
(0.00245003 -0.0465469 0)
(-0.000609649 -0.0401778 0)
(-0.00029683 -0.0382236 0)
(-0.000955607 -0.040417 0)
(0.000524928 -0.0410991 0)
(-0.000152408 -0.0423877 0)
(-0.000219258 -0.0405731 0)
(0.000684588 -0.0405889 0)
(0.000140968 -0.0403186 0)
(0.000486476 -0.0388692 0)
(-0.000383383 -0.0399208 0)
(-0.000418357 -0.0409529 0)
(-0.00045955 -0.0414594 0)
(0.000664841 -0.0441933 0)
(0.000228122 -0.0442497 0)
(0.000115017 -0.0439786 0)
(0.00041782 -0.0435588 0)
(-0.000172513 -0.0455492 0)
(6.75238e-07 -0.0446773 0)
(-0.000211744 -0.0446538 0)
(-8.64944e-05 -0.0441879 0)
(-0.000250642 -0.0445063 0)
(8.93044e-05 -0.0442667 0)
(-0.000308921 -0.0437489 0)
(-0.000178884 -0.0413047 0)
(-0.000187313 -0.0417524 0)
(2.92423e-05 -0.0403357 0)
(-0.000139825 -0.0393452 0)
(-0.00151627 -0.0418001 0)
(-0.000760017 -0.0421767 0)
(-0.000877186 -0.0413191 0)
(0.000630813 -0.0397588 0)
(-6.63166e-05 -0.0358664 0)
(0.000575846 -0.0408118 0)
(-0.000347616 -0.0436613 0)
(0.000525676 -0.0439525 0)
(-0.000795651 -0.0395105 0)
(-0.000465175 -0.0399047 0)
(-6.5315e-05 -0.0413934 0)
(-0.000288726 -0.0394193 0)
(6.68606e-05 -0.0406783 0)
(0.000529923 -0.0410611 0)
(0.000152934 -0.0414419 0)
(0.000284873 -0.0389061 0)
(-0.00100264 -0.037817 0)
(-0.000109305 -0.0389565 0)
(0.000251825 -0.0416666 0)
(0.000876918 -0.0418245 0)
(0.000775703 -0.0402857 0)
(-0.000150636 -0.0391598 0)
(-0.000912007 -0.0415547 0)
(-0.000173249 -0.0423569 0)
(0.000527337 -0.0432258 0)
(-0.000571584 -0.0452016 0)
(-1.25976e-05 -0.0450354 0)
(-8.04423e-05 -0.0420268 0)
(-0.000246587 -0.0420794 0)
(-0.000662604 -0.0440611 0)
(-0.000665639 -0.0445834 0)
(-0.000330054 -0.0438186 0)
(0.000214093 -0.0392168 0)
(-3.79512e-05 -0.0392761 0)
(0.000462664 -0.0394683 0)
(0.000562826 -0.0388736 0)
(-0.00198701 -0.0343781 0)
(-0.00238946 -0.0389622 0)
(-0.000336601 -0.0408023 0)
(-0.000799887 -0.0418023 0)
(0.000735744 -0.0414288 0)
(0.000913594 -0.0353112 0)
(0.000542595 -0.0343516 0)
(0.000303945 -0.0406526 0)
(-0.000585244 -0.0384316 0)
(-0.000523418 -0.0371551 0)
(-0.000196655 -0.0379303 0)
(-0.000629533 -0.0385373 0)
(-0.000265459 -0.0389309 0)
(0.000380159 -0.0380336 0)
(3.17005e-05 -0.0363259 0)
(-7.53634e-05 -0.0377441 0)
(-0.000861293 -0.0388288 0)
(-0.000717553 -0.0416999 0)
(0.000969338 -0.039074 0)
(-3.19811e-05 -0.0401589 0)
(0.00117195 -0.0353561 0)
(-0.000487068 -0.0367618 0)
(0.000314812 -0.0396508 0)
(0.000218924 -0.0409681 0)
(0.000335825 -0.0400293 0)
(-0.000497245 -0.0404482 0)
(-0.000244123 -0.0396065 0)
(9.71399e-05 -0.0386876 0)
(-0.000453053 -0.0392496 0)
(-0.000143509 -0.0403486 0)
(-0.000780013 -0.0413505 0)
(-0.0011867 -0.0423344 0)
(-0.0015519 -0.0431328 0)
(-0.00279325 -0.0435773 0)
(0.000325188 -0.0382092 0)
(0.000198797 -0.0383831 0)
(0.000308048 -0.0382877 0)
(0.00125756 -0.0337086 0)
(-0.00101782 -0.0347595 0)
(-0.00103753 -0.0379121 0)
(-0.000503255 -0.0378576 0)
(0.000824155 -0.0387008 0)
(0.000947353 -0.0409963 0)
(-0.000273753 -0.0361658 0)
(0.000462186 -0.033243 0)
(0.00033047 -0.035268 0)
(0.00071722 -0.0355639 0)
(0.00132019 -0.035878 0)
(0.00101407 -0.0371574 0)
(-0.000407913 -0.0374344 0)
(0.000844907 -0.0365157 0)
(-0.000140172 -0.0343602 0)
(-0.000489965 -0.0327713 0)
(-0.000252933 -0.0342311 0)
(-0.000239235 -0.0339121 0)
(-0.000196156 -0.0364572 0)
(0.000500654 -0.0373925 0)
(0.000594449 -0.0388409 0)
(0.0002078 -0.0377129 0)
(0.000765057 -0.0368766 0)
(0.000322243 -0.038087 0)
(0.000845665 -0.0388083 0)
(7.08261e-05 -0.0379408 0)
(0.000376537 -0.0361181 0)
(-0.000988152 -0.0381519 0)
(-0.00138682 -0.0379029 0)
(-0.000845496 -0.0363606 0)
(-0.00206654 -0.0376465 0)
(-0.000854963 -0.0377649 0)
(-0.00207017 -0.0388472 0)
(-0.00195324 -0.040284 0)
(-0.00146328 -0.0405157 0)
(-0.0001808 -0.0362656 0)
(-3.12193e-05 -0.0355365 0)
(0.000452851 -0.0356417 0)
(0.000145409 -0.0350222 0)
(-3.72809e-05 -0.0359232 0)
(-0.000221663 -0.036031 0)
(-0.000106438 -0.0368391 0)
(-0.000356394 -0.0358079 0)
(-0.000301833 -0.035698 0)
(-0.000312221 -0.0355791 0)
(0.000263387 -0.0331292 0)
(0.000488919 -0.0332503 0)
(0.000834704 -0.0341859 0)
(0.000176387 -0.0340849 0)
(0.000507847 -0.0336756 0)
(-0.000628096 -0.0351059 0)
(0.000294993 -0.0346219 0)
(0.0015583 -0.0343496 0)
(-0.000969571 -0.0328943 0)
(0.000161352 -0.0344951 0)
(0.00263047 -0.0330963 0)
(-6.78176e-05 -0.0332262 0)
(0.000255572 -0.0341021 0)
(-0.00062965 -0.0348701 0)
(-0.000728725 -0.0358477 0)
(0.000148717 -0.0363647 0)
(0.000240022 -0.036496 0)
(0.000907265 -0.0352246 0)
(-2.35998e-05 -0.0355393 0)
(-0.000225368 -0.036667 0)
(-0.000559812 -0.0361329 0)
(-0.000618308 -0.0343599 0)
(-0.00034089 -0.035062 0)
(0.000216546 -0.0373484 0)
(-0.000628106 -0.0403387 0)
(-0.00127529 -0.0389959 0)
(-0.00137814 -0.0402133 0)
(-0.000393459 -0.0351175 0)
(-0.000561003 -0.0354026 0)
(-0.000761902 -0.0375144 0)
(0.000276944 -0.035776 0)
(0.000406469 -0.0359885 0)
(0.000312315 -0.0360518 0)
(-4.99238e-05 -0.0357073 0)
(0.000135122 -0.035851 0)
(-0.00123119 -0.0341503 0)
(-0.000174654 -0.0360891 0)
(-0.000776606 -0.036886 0)
(-0.000388833 -0.0385038 0)
(0.000244842 -0.0395624 0)
(6.44178e-06 -0.038693 0)
(0.000274809 -0.039244 0)
(-7.31493e-05 -0.0380933 0)
(-0.00112277 -0.0389708 0)
(-0.00194403 -0.0397886 0)
(-0.000920553 -0.0345017 0)
(-0.000516988 -0.0392954 0)
(0.00149655 -0.0324375 0)
(0.00124839 -0.0364207 0)
(0.00229086 -0.0346424 0)
(0.000355055 -0.0355061 0)
(7.98295e-05 -0.0342463 0)
(-0.00116216 -0.0341402 0)
(0.000151294 -0.035766 0)
(0.000489074 -0.0366342 0)
(-0.000179323 -0.0368174 0)
(4.12932e-05 -0.0359958 0)
(1.07797e-05 -0.0353561 0)
(-0.000460578 -0.0360829 0)
(-0.000369076 -0.0366645 0)
(-0.000347437 -0.0372901 0)
(-0.000267642 -0.038198 0)
(-0.000462978 -0.0374827 0)
(-0.000707539 -0.0374585 0)
(-0.00137134 -0.0384235 0)
(0.000651484 -0.0365762 0)
(0.000506359 -0.0361926 0)
(0.000294455 -0.0367827 0)
(-0.00110312 -0.0371996 0)
(-0.000666331 -0.0384115 0)
(0.000706327 -0.0410257 0)
(-0.00019216 -0.0418947 0)
(-8.07882e-05 -0.0425452 0)
(0.000694361 -0.0421257 0)
(0.000200686 -0.0421679 0)
(-0.000146683 -0.0400807 0)
(-0.00100772 -0.0390624 0)
(-0.000216303 -0.0414143 0)
(0.000531474 -0.0389647 0)
(0.000350054 -0.0382066 0)
(9.4681e-05 -0.0386557 0)
(-0.000191063 -0.0410232 0)
(-0.00120511 -0.0398081 0)
(-0.000184536 -0.0412386 0)
(-0.000915187 -0.0402411 0)
(0.00124838 -0.0365765 0)
(0.00156549 -0.0361447 0)
(0.00036873 -0.0363764 0)
(0.00136831 -0.0351994 0)
(0.00112917 -0.0343684 0)
(0.00147191 -0.0344389 0)
(0.000769299 -0.0350968 0)
(0.00028607 -0.0358998 0)
(0.0011183 -0.0379853 0)
(-0.000760539 -0.037174 0)
(7.30528e-05 -0.0362387 0)
(-0.000300402 -0.0369157 0)
(-0.00040447 -0.0392933 0)
(-0.000528103 -0.0397695 0)
(-6.88954e-05 -0.0398534 0)
(0.000417857 -0.0404101 0)
(2.56994e-05 -0.0406438 0)
(3.82196e-05 -0.040263 0)
(0.000451745 -0.03778 0)
(0.000597987 -0.037584 0)
(0.000687922 -0.0384889 0)
(0.00102865 -0.0395996 0)
(0.000153189 -0.0376919 0)
(9.31679e-05 -0.0372344 0)
(4.72896e-05 -0.0363895 0)
(9.76427e-05 -0.0350308 0)
(0.000386445 -0.0348225 0)
(-4.29974e-05 -0.0365799 0)
(-0.000620323 -0.0376689 0)
(-0.000827834 -0.0390851 0)
(0.00171912 -0.0376669 0)
(0.000124158 -0.0394078 0)
(-6.69579e-05 -0.0379812 0)
(-0.000546633 -0.0388102 0)
(-0.000172406 -0.0400281 0)
(0.000248758 -0.0406318 0)
(0.000797389 -0.041782 0)
(-0.000308679 -0.0390746 0)
(0.00158519 -0.0389746 0)
(0.000968178 -0.0373689 0)
(0.000547168 -0.0355833 0)
(-3.07775e-05 -0.0371564 0)
(-0.000107494 -0.0379547 0)
(0.000311102 -0.0389033 0)
(0.000397186 -0.0385637 0)
(-0.000317055 -0.0385465 0)
(-0.00044884 -0.039591 0)
(-7.03889e-05 -0.0377535 0)
(0.000685094 -0.0375628 0)
(-0.000639043 -0.0392079 0)
(8.12708e-06 -0.0409806 0)
(-0.000682776 -0.0411141 0)
(-0.000345743 -0.0398663 0)
(-0.00370895 -0.0413075 0)
(0.000263484 -0.0383194 0)
(-0.000530804 -0.0319675 0)
(-7.82446e-05 -0.0322225 0)
(0.000768392 -0.0341964 0)
(0.000362117 -0.0336946 0)
(-2.5962e-05 -0.0325596 0)
(7.0791e-05 -0.0327012 0)
(-0.000236601 -0.0331742 0)
(-0.000254643 -0.0339554 0)
(0.000568454 -0.0322687 0)
(0.000738338 -0.0319819 0)
(-0.000643842 -0.0322031 0)
(0.00110439 -0.0321759 0)
(-0.000318276 -0.0346051 0)
(0.000338602 -0.0347722 0)
(0.000346145 -0.0352116 0)
(0.000420434 -0.0352806 0)
(0.00169422 -0.0377069 0)
(-0.000925129 -0.0302718 0)
(0.000428991 -0.0401494 0)
(0.000421337 -0.0387777 0)
(0.000475914 -0.0369392 0)
(-0.00184043 -0.0353254 0)
(9.22988e-05 -0.0374891 0)
(0.000372069 -0.0361177 0)
(-0.000766751 -0.0365158 0)
(0.000685328 -0.0370324 0)
(0.000517398 -0.03633 0)
(4.43052e-05 -0.0360172 0)
(-0.000810458 -0.0349511 0)
(-0.000674959 -0.036863 0)
(-0.000529878 -0.0380818 0)
(-0.000893382 -0.0375544 0)
(-0.00117472 -0.0394036 0)
(4.75109e-05 -0.0406198 0)
(-0.000829616 -0.0420528 0)
(-0.00188321 -0.0423306 0)
(-0.00611539 -0.0300798 0)
(-0.000330337 -0.0252535 0)
(-0.00105828 -0.0262998 0)
(-0.00066675 -0.0305373 0)
(-0.000342454 -0.0295127 0)
(-0.00069258 -0.0306067 0)
(0.000316017 -0.0337655 0)
(-0.000718672 -0.0289182 0)
(-0.00054237 -0.0306794 0)
(0.000922133 -0.032244 0)
(0.000999556 -0.0316836 0)
(0.000415478 -0.029833 0)
(0.000157563 -0.02944 0)
(0.000347061 -0.0297554 0)
(-0.000196191 -0.0277527 0)
(0.000375029 -0.0289893 0)
(-0.000463104 -0.0300015 0)
(6.7888e-05 -0.0243841 0)
(6.54369e-06 -0.0240974 0)
(-0.000348027 -0.0293483 0)
(-0.000112691 -0.0293507 0)
(-0.000977531 -0.0231427 0)
(-0.00107348 -0.0285068 0)
(-0.000972565 -0.0274557 0)
(-0.00120933 -0.0298728 0)
(-0.00122137 -0.0336394 0)
(-0.00170695 -0.0315237 0)
(-0.0010611 -0.0278578 0)
(-0.00085151 -0.0272386 0)
(-0.000426014 -0.0295768 0)
(-0.00111198 -0.0312404 0)
(-2.52449e-05 -0.031897 0)
(0.000348735 -0.0327673 0)
(-9.08903e-05 -0.0332753 0)
(-0.000623801 -0.0320599 0)
(-0.00207701 -0.0311363 0)
(-0.00192615 -0.029795 0)
(-0.00362078 -0.0305046 0)
(-0.00281675 -0.0268308 0)
(-0.00266282 -0.0389149 0)
(-0.000184202 -0.0239823 0)
(0.000244853 -0.0248907 0)
(0.00131986 -0.0181999 0)
(0.000385694 -0.021794 0)
(-0.00542506 -0.0303103 0)
(-0.000583227 -0.0241903 0)
(-0.000495449 -0.0205021 0)
(-0.000306403 -0.0255034 0)
(-0.000315028 -0.026062 0)
(0.000757605 -0.0232794 0)
(0.00222027 -0.0301188 0)
(0.00020588 -0.0271618 0)
(0.0014127 -0.0257013 0)
(0.000612137 -0.0277618 0)
(-0.00049836 -0.0267978 0)
(-0.000520362 -0.0310601 0)
(0.000635195 -0.0253459 0)
(-0.00156393 -0.0261911 0)
(-0.000785839 -0.0227358 0)
(0.000935547 -0.0229324 0)
(0.000515625 -0.0240854 0)
(5.24864e-05 -0.0219912 0)
(-0.000364664 -0.0268597 0)
(-0.000902528 -0.0231663 0)
(-0.000118142 -0.0243641 0)
(0.000232209 -0.024515 0)
(-0.000137274 -0.0239814 0)
(0.000141058 -0.020578 0)
(8.30525e-05 -0.0265687 0)
(-0.000463681 -0.0228027 0)
(-0.000890822 -0.0230086 0)
(-0.000156883 -0.0270721 0)
(-0.000910429 -0.0299745 0)
(-0.000203412 -0.0258889 0)
(0.000660952 -0.0252327 0)
(0.000225294 -0.0286437 0)
(0.000119919 -0.030281 0)
(7.32935e-05 -0.0316614 0)
(1.8162e-05 -0.0328973 0)
(-0.001472 -0.0327205 0)
(-0.00266665 -0.0312573 0)
(-0.00122354 -0.0328859 0)
(-0.000393529 -0.0309341 0)
(-0.000343404 -0.0305935 0)
(-0.0015074 -0.0293884 0)
(-0.00163982 -0.0331159 0)
(-0.0018444 -0.0336337 0)
(-0.00273443 -0.0345391 0)
(-0.000662799 -0.0294303 0)
(-0.000691938 -0.029173 0)
(-0.000117756 -0.0317191 0)
(0.000447389 -0.0311412 0)
(0.00044104 -0.0305766 0)
(0.000647782 -0.0306867 0)
(-0.000540349 -0.0301591 0)
(-0.00153792 -0.0265367 0)
(-0.00100256 -0.0264163 0)
(-0.000562462 -0.0275706 0)
(-0.000472117 -0.027805 0)
(0.000200046 -0.0271942 0)
(-1.03091e-05 -0.0267308 0)
(-0.000344726 -0.0259308 0)
(0.000398989 -0.0247612 0)
(-0.000601516 -0.0266072 0)
(0.000362762 -0.0265064 0)
(-2.08443e-05 -0.02678 0)
(-9.32392e-05 -0.0246416 0)
(-0.00127587 -0.0243586 0)
(-0.000112777 -0.0239702 0)
(-0.000302818 -0.0244186 0)
(-0.000801664 -0.0246257 0)
(-0.00241795 -0.0222716 0)
(-4.74091e-05 -0.0263563 0)
(-0.00105462 -0.027924 0)
(-3.22238e-05 -0.0280624 0)
(0.00256423 -0.0245575 0)
(0.000345483 -0.0250575 0)
(0.000133129 -0.0269729 0)
(-0.000698223 -0.0301734 0)
(-3.90089e-05 -0.0292863 0)
(-3.05302e-05 -0.0296604 0)
(-4.33609e-06 -0.029711 0)
(-1.17499e-06 -0.0304193 0)
(0.00074496 -0.0311855 0)
(-0.000560313 -0.0310381 0)
(-2.31309e-05 -0.0314555 0)
(0.000277081 -0.0330994 0)
(0.000386406 -0.0335619 0)
(-0.000674372 -0.0352661 0)
(-0.000284435 -0.0352941 0)
(-0.00254061 -0.0321342 0)
(-0.00083818 -0.0321298 0)
(-0.000828461 -0.0342119 0)
(-0.000312063 -0.0345283 0)
(0.00162187 -0.0378296 0)
(0.00112965 -0.0371329 0)
)


// ************************************************************************* //
