/*--------------------------------*- C++ -*----------------------------------*\
  =========                 |
  \\      /  F ield         | OpenFOAM: The Open Source CFD Toolbox
   \\    /   O peration     | Website:  https://openfoam.org
    \\  /    A nd           | Version:  12
     \\/     M anipulation  |
\*---------------------------------------------------------------------------*/
FoamFile
{
    format      ascii;
    class       volScalarField::Internal;
    location    "0.2";
    object      cloud:UCoeff;
}
// * * * * * * * * * * * * * * * * * * * * * * * * * * * * * * * * * * * * * //

dimensions      [1 0 0 0 0 0 0];

value           nonuniform List<scalar> 
3750
(
1.65843e-06
1.36372e-07
1.17025e-07
5.32916e-08
5.23311e-08
5.67731e-08
5.69284e-08
5.60599e-08
0
5.58507e-08
5.60234e-08
5.6084e-08
1.27018e-07
5.73489e-08
0
5.78792e-08
5.78014e-08
5.68082e-08
5.84348e-08
1.35735e-07
5.51314e-08
5.58678e-08
0
5.67458e-08
5.76555e-08
5.69055e-08
0
5.73486e-08
1.33848e-07
5.79833e-08
5.75551e-08
1.38134e-07
0
5.37273e-08
5.57275e-08
5.4048e-08
5.25384e-08
5.52995e-08
5.46628e-08
5.7019e-08
6.07254e-08
0
5.49001e-08
5.59807e-08
1.18293e-07
5.64748e-08
0
5.71807e-08
1.3e-07
1.40472e-07
5.54658e-08
5.45419e-08
5.50529e-08
6.00511e-08
0
6.00557e-08
0
5.34488e-08
1.3667e-07
5.4873e-08
5.49121e-08
1.32691e-07
5.59207e-08
5.36885e-08
5.68731e-08
6.00825e-08
0
5.69033e-08
1.34836e-07
2.36731e-08
5.78849e-08
7.60028e-08
5.5726e-08
5.82824e-08
1.07198e-07
1.12519e-06
1.25838e-07
4.87145e-08
1.28995e-07
5.49895e-08
5.6444e-08
5.68706e-08
5.58267e-08
1.36759e-07
6.2028e-08
0
5.45662e-08
5.29169e-08
5.47704e-08
5.75374e-08
5.44095e-08
1.40551e-07
0
5.71529e-08
0
5.76417e-08
5.67926e-08
5.56524e-08
5.46386e-08
2.18558e-07
5.14369e-08
5.36979e-08
5.50237e-08
6.05548e-08
0
5.41928e-08
5.64359e-08
1.42434e-07
0
7.64235e-08
1.15981e-07
5.28751e-08
0
5.76307e-08
0
6.01358e-08
1.2976e-07
5.55995e-08
0
5.30281e-08
1.36281e-07
5.62421e-08
0
0
0
5.8062e-08
5.74089e-08
5.50589e-08
5.6191e-08
1.35209e-07
5.33866e-08
5.49783e-08
5.38568e-08
5.5169e-08
5.60335e-08
5.51536e-08
0
1.30921e-07
5.48416e-08
5.58678e-08
5.628e-08
5.62965e-08
5.47563e-08
6.13988e-08
1.27325e-07
0
5.53622e-08
5.5578e-08
5.96182e-08
0
1.34798e-06
1.04323e-07
5.47691e-08
5.16952e-08
5.50277e-08
5.39791e-08
1.4004e-07
5.85885e-08
5.77806e-08
0
5.56075e-08
5.56467e-08
5.54502e-08
4.89839e-08
5.35091e-08
5.53196e-08
5.72749e-08
5.48867e-08
5.55036e-08
7.45956e-08
1.01787e-07
1.26559e-07
5.14015e-08
5.58435e-08
5.63901e-08
5.50675e-08
0
1.36967e-07
5.61837e-08
5.36906e-08
5.43085e-08
6.05842e-08
5.9403e-08
0
5.4012e-08
5.57323e-08
0
5.17639e-08
5.43442e-08
1.29297e-07
0
5.59826e-08
5.41041e-08
5.88123e-08
5.66703e-08
0
0
5.6831e-08
1.40296e-07
5.57245e-08
1.40215e-07
5.55412e-08
5.61054e-08
5.37957e-08
5.53371e-08
5.60659e-08
5.57192e-08
5.56231e-08
5.65507e-08
5.63009e-08
5.71512e-08
2.49022e-08
1.69436e-08
1.28357e-07
5.29775e-08
5.47451e-08
5.68046e-08
5.57264e-08
5.59331e-08
5.58553e-08
5.70125e-08
5.59233e-08
5.80397e-08
1.56531e-08
4.76042e-08
1.34574e-06
1.11242e-07
5.56464e-08
5.4818e-08
4.83346e-08
5.52056e-08
5.64921e-08
5.79595e-08
5.96774e-08
5.83968e-08
5.58362e-08
1.26483e-08
3.13375e-08
5.6495e-08
5.66986e-08
1.3799e-07
5.51156e-08
5.74445e-08
5.55489e-08
8.30826e-08
1.03379e-07
5.48315e-08
5.384e-08
5.5618e-08
5.67191e-08
5.66102e-08
4.99394e-08
5.42961e-08
5.54235e-08
9.81849e-08
8.16777e-08
0
1.34309e-07
1.32274e-07
1.29094e-07
5.71454e-08
1.23329e-07
6.88153e-08
1.06083e-07
5.54715e-08
1.33402e-07
5.39923e-08
8.19132e-08
9.91357e-08
5.9103e-09
5.61725e-08
1.4427e-07
6.14142e-08
5.76878e-08
5.21295e-08
5.34901e-08
5.5932e-08
5.58994e-08
5.72244e-08
5.59976e-08
5.63623e-08
5.58904e-08
5.49443e-08
5.68767e-08
5.65989e-08
5.5366e-08
5.63376e-08
5.49418e-08
5.25756e-08
5.42051e-08
5.53523e-08
5.64642e-08
5.65806e-08
5.73509e-08
5.94709e-08
5.85705e-08
5.73482e-08
5.75388e-08
5.7679e-08
5.71395e-08
1.64411e-06
4.56123e-08
5.85572e-08
5.35325e-08
5.58956e-08
5.93447e-08
5.76074e-08
5.84656e-08
1.06374e-07
5.6887e-08
5.54778e-08
5.60927e-08
5.67848e-08
5.88967e-08
0
8.06207e-08
1.03532e-07
0
5.70814e-08
8.18593e-08
1.07522e-07
5.46997e-08
5.21457e-08
5.56863e-08
5.55007e-08
5.72692e-08
0
5.51004e-08
5.5209e-08
8.69193e-08
9.27867e-08
5.53953e-08
0
0
5.59155e-08
5.59801e-08
5.35377e-08
1.41367e-08
4.00737e-08
1.43372e-07
1.01475e-07
1.82628e-08
9.25477e-08
5.29508e-08
1.24789e-07
5.48172e-08
5.91362e-08
0
5.75607e-08
5.31377e-08
5.01206e-08
5.35829e-08
5.43847e-08
5.82356e-08
5.67119e-08
5.5278e-08
8.44194e-08
1.01331e-07
5.50945e-08
5.67283e-08
5.70657e-08
5.79442e-08
0
7.32551e-08
1.11002e-07
5.40823e-08
5.42353e-08
5.64142e-08
5.87036e-08
5.9952e-08
5.86804e-08
5.4825e-08
5.47624e-08
5.4963e-08
5.62871e-08
1.12172e-06
1.33785e-07
4.053e-08
1.39884e-07
5.34175e-08
5.99139e-08
0
5.53004e-08
7.70139e-09
5.57751e-08
5.59639e-08
6.64076e-08
5.6425e-08
5.80424e-08
5.62288e-08
0
0
5.683e-08
0
0
0
0
1.33274e-07
5.77529e-08
5.73946e-08
0
5.48613e-08
5.40277e-08
2.45504e-08
9.75596e-09
8.66232e-08
9.71412e-08
5.32234e-08
1.34223e-07
0
5.65678e-08
5.64098e-08
5.48647e-08
5.78106e-08
0
9.20768e-09
5.59572e-08
5.51152e-08
5.55799e-08
6.12964e-08
5.92106e-08
0
5.44823e-08
1.31715e-07
5.24302e-08
5.25098e-08
5.26479e-08
1.39579e-07
5.40319e-08
5.46883e-08
5.58527e-08
5.89305e-08
5.51707e-08
5.3642e-08
5.64252e-08
5.61717e-08
5.56388e-08
5.60213e-08
5.65663e-08
5.64754e-08
5.50777e-08
5.67963e-08
5.66859e-08
5.76606e-08
6.00206e-08
5.72869e-08
5.44922e-08
5.47206e-08
5.4935e-08
5.60044e-08
1.40001e-06
2.24392e-07
4.14406e-08
6.11237e-08
5.78069e-08
5.78919e-08
5.80232e-08
5.76448e-08
5.3742e-08
5.62164e-08
5.57575e-08
4.43703e-08
1.3867e-07
5.47371e-08
0
5.55286e-08
5.57348e-08
5.63847e-08
5.95021e-08
5.49909e-08
1.36008e-07
1.40015e-07
5.8343e-08
5.7025e-08
5.64761e-08
5.58435e-08
5.55042e-08
5.66164e-08
5.71262e-08
5.47513e-08
5.50607e-08
5.62773e-08
5.57067e-08
5.75032e-08
1.3416e-07
5.63326e-08
5.57004e-08
5.44356e-08
5.58277e-08
7.08762e-08
9.38014e-08
5.49107e-08
5.52839e-08
5.63892e-08
5.89591e-08
0
1.35481e-07
1.33651e-07
5.60223e-08
5.50605e-08
5.43151e-08
8.04533e-08
1.04673e-07
5.60177e-08
5.45809e-08
5.56242e-08
1.04591e-08
3.8782e-08
1.372e-07
5.49637e-08
5.71325e-08
5.54568e-08
5.53615e-08
5.82398e-08
5.3332e-08
5.29902e-08
2.81905e-08
3.7543e-09
5.8055e-08
5.79499e-08
5.58395e-08
1.39617e-07
5.70153e-08
5.75298e-08
5.742e-08
1.66129e-06
9.20845e-08
7.43492e-08
5.59174e-08
5.71411e-08
5.81597e-08
5.58953e-08
6.8346e-08
1.16817e-07
5.74069e-08
5.4534e-08
6.83979e-08
1.1291e-07
5.37919e-08
1.27877e-07
5.07943e-08
1.38322e-07
3.45674e-08
5.46044e-08
1.26907e-07
5.0547e-08
5.49196e-08
1.39246e-07
5.71481e-08
5.84621e-08
5.70126e-08
5.82145e-08
5.86423e-08
5.67916e-08
5.66135e-08
0
5.58707e-08
5.60966e-08
5.51183e-08
5.4243e-08
7.92328e-08
3.16387e-08
0
0
1.32734e-07
5.37032e-08
5.39726e-08
5.58973e-08
8.60517e-08
2.63745e-08
5.74786e-08
5.71312e-08
5.62525e-08
5.60894e-08
5.61505e-08
0
0
5.46303e-08
5.5026e-08
5.56173e-08
5.49517e-08
5.53356e-08
5.90247e-08
0
5.64458e-08
5.54635e-08
8.77832e-08
4.81651e-08
1.13266e-07
5.3711e-08
5.7131e-08
2.32199e-09
5.08908e-08
1.41377e-07
5.70492e-08
5.41318e-08
5.59785e-08
5.63328e-08
5.58631e-08
5.40796e-08
1.65778e-06
2.23514e-09
6.21398e-08
8.56424e-08
6.89051e-08
7.41331e-08
5.54976e-08
1.01665e-07
8.08255e-08
5.64278e-08
5.46677e-08
5.48245e-08
5.23415e-08
5.52463e-08
5.48393e-08
6.17666e-09
4.14571e-08
1.651e-07
5.4346e-08
5.29669e-08
5.25031e-08
5.51071e-08
5.78799e-08
0
5.59274e-08
5.56095e-08
5.20906e-08
5.49191e-08
5.4236e-08
5.38162e-08
0
5.72692e-08
5.6521e-08
0
0
0
5.67387e-08
5.42707e-08
5.73015e-08
1.30498e-07
5.45334e-08
5.68759e-08
5.70744e-08
5.66605e-08
5.66849e-08
5.65057e-08
5.65908e-08
5.60381e-08
5.57835e-08
5.58886e-08
5.59271e-08
5.46458e-08
5.51198e-08
5.43521e-08
5.3351e-08
5.72613e-08
5.42931e-08
2.0894e-08
2.15444e-08
5.63703e-08
5.59916e-08
5.61122e-08
6.04764e-08
5.79018e-08
5.43607e-08
5.49533e-08
5.48146e-08
5.39194e-08
1.43201e-07
5.88257e-08
0
1.39075e-07
5.52279e-08
5.50249e-08
2.40503e-08
1.61253e-06
1.12476e-07
1.60333e-08
2.00774e-08
6.60363e-08
1.22299e-07
5.48786e-08
5.63713e-08
9.22287e-08
4.91391e-08
2.8574e-08
5.56243e-08
1.3395e-07
0
5.58748e-08
5.52257e-08
5.66507e-08
5.6453e-08
5.54025e-08
5.90348e-08
6.30379e-08
4.59375e-08
5.7111e-08
5.71854e-08
5.56221e-08
5.55287e-08
5.53011e-08
5.92172e-08
0
5.43103e-08
5.49601e-08
5.58297e-08
5.65298e-08
5.58776e-08
5.56831e-08
5.59852e-08
1.37546e-07
5.51541e-08
5.6332e-08
5.43126e-08
5.3883e-08
5.77084e-08
5.89005e-08
5.6999e-08
5.5611e-08
5.50928e-08
5.56626e-08
5.61827e-08
0
0
5.55757e-08
1.31679e-07
5.55312e-08
5.42459e-08
5.33313e-08
5.50729e-08
5.69023e-08
6.07843e-08
0
5.28039e-08
5.58387e-08
5.78868e-08
5.92041e-08
5.73543e-08
5.50472e-08
5.47307e-08
5.42926e-08
5.75533e-08
1.35323e-07
6.0877e-08
0
5.67852e-08
5.44177e-08
5.73147e-08
5.7485e-08
1.586e-06
5.1818e-08
5.72247e-08
5.6967e-08
5.72829e-08
7.8312e-08
1.07435e-07
5.5672e-08
5.48395e-08
5.85312e-08
5.57928e-08
0
5.49341e-08
5.97007e-08
5.908e-08
5.80133e-08
5.99414e-08
5.6816e-08
5.60262e-08
5.62474e-08
5.39612e-08
5.44594e-08
1.41609e-07
0
5.63715e-08
5.58226e-08
5.59409e-08
5.70268e-08
5.9129e-08
5.69704e-08
5.58709e-08
5.62626e-08
5.58288e-08
1.34112e-07
5.44009e-08
5.51144e-08
5.83538e-08
5.41742e-08
5.47155e-08
5.2997e-08
5.23408e-08
5.50849e-08
5.78144e-08
5.83842e-08
5.81657e-08
5.97237e-08
8.52611e-08
2.28449e-08
5.73411e-08
1.36939e-07
1.29219e-07
5.6303e-08
5.51374e-08
5.26961e-08
5.3568e-08
2.38354e-08
4.82948e-08
9.28811e-08
5.58903e-08
0
1.39063e-07
5.84841e-08
5.62111e-08
5.46007e-08
5.41585e-08
5.58623e-08
5.70111e-08
5.58884e-08
8.50605e-09
1.23002e-07
0
5.8294e-08
5.81703e-08
5.86875e-08
5.70678e-08
1.3565e-06
1.34452e-07
5.94323e-08
5.96655e-08
5.87919e-08
9.53311e-08
6.44851e-08
7.30179e-09
5.65958e-08
5.65438e-08
5.55371e-08
5.41896e-08
5.81463e-08
5.87337e-08
5.88867e-08
5.99236e-08
5.64498e-08
5.61564e-08
5.51728e-08
5.50256e-08
5.51254e-08
5.56897e-08
5.58787e-08
5.65419e-08
5.64027e-08
5.67263e-08
5.73619e-08
5.63793e-08
5.57215e-08
5.60604e-08
1.09263e-07
7.12537e-08
5.50643e-08
5.58907e-08
5.49333e-08
5.57129e-08
5.55405e-08
5.56729e-08
5.46186e-08
5.35301e-08
5.45474e-08
5.55233e-08
5.58036e-08
1.41441e-07
5.57003e-08
5.43572e-08
5.71714e-08
5.58283e-08
5.48969e-08
5.63272e-08
5.34844e-08
5.39432e-08
2.16006e-08
1.53626e-08
5.4243e-08
5.5161e-08
5.53168e-08
5.75374e-08
5.6603e-08
1.34791e-07
6.01636e-08
5.71404e-08
5.58369e-08
5.56256e-08
5.55163e-08
5.22182e-08
5.77822e-08
2.70933e-08
6.38388e-09
5.48122e-08
5.71168e-08
7.88165e-08
3.22913e-08
5.83988e-08
1.43965e-07
1.34328e-06
6.1079e-08
5.91066e-08
1.47009e-07
5.14662e-08
5.60474e-08
2.16186e-08
1.9237e-08
5.74887e-08
5.81969e-08
5.4578e-08
5.45618e-08
5.52832e-08
5.53927e-08
5.50107e-08
1.41421e-07
0
5.44039e-08
5.41767e-08
5.44633e-08
5.46111e-08
5.61927e-08
5.56113e-08
2.07395e-08
9.4287e-08
5.70061e-08
5.43853e-08
5.57482e-08
5.99676e-08
5.74935e-08
1.05411e-07
7.72885e-08
5.78431e-08
0
5.72151e-08
9.72056e-08
8.30993e-08
5.33086e-08
5.50516e-08
5.503e-08
5.82858e-08
5.70536e-08
5.65463e-08
5.68943e-08
5.80959e-08
8.95018e-08
2.24664e-08
5.61933e-08
5.57014e-08
1.19322e-08
3.33789e-08
5.55682e-08
5.55983e-08
5.44166e-08
5.58134e-08
5.41894e-08
5.54026e-08
5.57346e-08
5.87229e-08
5.70762e-08
5.71335e-08
5.65672e-08
5.60683e-08
5.61844e-08
5.64088e-08
5.54774e-08
5.88148e-08
5.64211e-08
1.05425e-07
7.27229e-08
5.38406e-08
5.4044e-08
5.961e-08
5.92347e-08
5.74579e-08
1.68822e-06
1.25771e-07
5.42657e-08
5.67138e-08
5.51675e-08
5.46842e-08
5.794e-08
5.92133e-08
5.57901e-08
5.41216e-08
5.44541e-08
5.41443e-08
5.52148e-08
1.22962e-08
1.0668e-07
5.57422e-08
5.65091e-08
5.7241e-08
5.4561e-08
2.27235e-10
5.3361e-08
5.55337e-08
5.94161e-08
5.52232e-08
5.74267e-08
5.92811e-08
1.37023e-07
5.73833e-08
5.88021e-08
1.26095e-08
1.0988e-07
5.50274e-08
5.66833e-08
8.63526e-09
4.28947e-08
6.35786e-08
7.43231e-08
1.01331e-07
5.33875e-08
5.57045e-08
5.61429e-08
5.57512e-08
5.68982e-08
5.58997e-08
5.85823e-08
5.81156e-08
1.56185e-08
1.06927e-07
4.34563e-09
4.8822e-08
5.52943e-08
5.51619e-08
5.47873e-08
5.49467e-08
5.51326e-08
5.54992e-08
5.61469e-08
5.59041e-08
6.01334e-08
5.69874e-08
5.68679e-08
5.67041e-08
5.67251e-08
5.6331e-08
5.76978e-08
5.96991e-08
5.85429e-08
5.56169e-08
5.39251e-08
5.41392e-08
6.86112e-08
1.16194e-07
6.11823e-08
5.96532e-08
5.47097e-08
1.3733e-06
8.64245e-08
4.8851e-08
5.92112e-08
5.53175e-08
5.55742e-08
5.64266e-08
5.67594e-08
5.80577e-08
5.64292e-08
5.52251e-08
5.50503e-08
5.60192e-08
5.67899e-08
5.57147e-08
5.50894e-08
5.65307e-08
5.6474e-08
5.50389e-08
5.28723e-08
5.36051e-08
5.4545e-08
5.31108e-08
5.4944e-08
5.6504e-08
5.65357e-08
5.56537e-08
5.44683e-08
5.51898e-08
5.83499e-08
5.32568e-08
5.40511e-08
5.56204e-08
2.95052e-08
3.6333e-09
1.40276e-07
1.88148e-08
7.27221e-08
3.80461e-09
5.48771e-08
1.34346e-07
5.52359e-08
5.80474e-08
5.61886e-08
5.93892e-08
5.90484e-08
0
5.6455e-08
5.55156e-08
5.67945e-08
5.52822e-08
5.44419e-08
5.45681e-08
5.52702e-08
5.5837e-08
5.52744e-08
5.48786e-08
1.43689e-07
3.01503e-08
4.04912e-09
5.72809e-08
5.69018e-08
5.98468e-08
5.64948e-08
5.7248e-08
5.72693e-08
5.62712e-08
5.59561e-08
5.55998e-08
5.62495e-08
5.61074e-08
5.71912e-08
5.79022e-08
5.7345e-08
1.36263e-07
1.32385e-06
1.12822e-07
5.68966e-08
7.51665e-08
7.09326e-08
3.11157e-08
4.74376e-08
5.54274e-08
5.6584e-08
5.43864e-08
5.6454e-08
5.4743e-08
5.52993e-08
5.7186e-08
5.57537e-08
5.5084e-08
5.93327e-08
5.73421e-08
5.3645e-08
5.44251e-08
5.47935e-08
5.48778e-08
5.48012e-08
5.74241e-08
5.67332e-08
5.6275e-08
5.61182e-08
5.62445e-08
5.62059e-08
5.90296e-08
0
5.55101e-08
5.56672e-08
5.77233e-08
9.41442e-08
9.49931e-08
5.86879e-09
6.51017e-08
3.6011e-08
5.33588e-08
5.30034e-08
1.40129e-07
5.79028e-08
5.98789e-08
7.20661e-10
8.37545e-08
3.26092e-08
5.50358e-08
5.56033e-08
5.55827e-08
5.41531e-08
5.41555e-08
5.42353e-08
1.37927e-07
5.54724e-08
5.21662e-08
5.37097e-08
5.67196e-08
2.29675e-08
8.78962e-08
5.37267e-08
4.45475e-09
4.88611e-08
5.53599e-08
1.0409e-07
6.66549e-08
5.45854e-08
1.9913e-08
1.86355e-08
5.65792e-08
5.50801e-08
5.75942e-08
0
0
5.78166e-08
1.13474e-06
2.71782e-07
3.96813e-08
5.5201e-08
5.80486e-08
5.51127e-08
5.80287e-08
5.86656e-08
5.77038e-08
5.6399e-08
5.54111e-08
5.65529e-08
5.55501e-08
5.69189e-08
1.16796e-08
3.35705e-08
1.39919e-07
5.56769e-08
5.41264e-08
5.46299e-08
5.61088e-08
5.5484e-08
5.33019e-08
5.59391e-08
5.69327e-08
5.66924e-08
5.56103e-08
5.61138e-08
5.71235e-08
5.79041e-08
0
5.70096e-08
5.81151e-08
6.30801e-08
1.32347e-07
5.52602e-08
5.33311e-08
5.49997e-08
5.41579e-08
5.46267e-08
5.89744e-08
6.05554e-08
2.52305e-08
1.28544e-08
5.87323e-08
5.98869e-08
5.68307e-08
5.60059e-08
5.51661e-08
5.49561e-08
5.48802e-08
8.33195e-08
4.84595e-08
6.21337e-08
3.90875e-08
1.19603e-07
5.37499e-08
5.49537e-08
0
1.40367e-07
5.29127e-08
5.84595e-08
5.77192e-08
5.35754e-08
5.45566e-08
5.48936e-08
5.59074e-08
5.62624e-08
5.56287e-08
5.33682e-08
1.0455e-07
3.12294e-08
1.0533e-07
6.78561e-08
4.3778e-08
1.30057e-07
1.23348e-07
1.5783e-07
1.0498e-07
5.62307e-08
5.96121e-08
5.5614e-08
5.71477e-08
5.10025e-08
5.38264e-08
5.64044e-08
5.50173e-08
5.58852e-08
5.54705e-08
5.598e-08
5.61505e-08
5.83326e-08
5.66721e-08
5.53493e-08
5.60937e-08
5.5935e-08
5.46065e-08
4.9653e-08
1.57332e-08
1.06294e-07
5.52592e-08
5.38281e-08
5.45183e-08
5.58967e-08
5.58559e-08
2.78148e-08
3.00228e-08
4.06014e-08
1.30162e-07
5.69346e-08
5.36936e-08
5.42018e-08
5.54459e-08
5.46353e-08
5.53256e-08
5.92684e-08
0
5.75497e-08
5.82082e-08
5.71306e-08
5.70617e-08
5.64512e-08
5.35634e-08
5.44697e-08
5.37283e-08
5.42829e-08
5.60617e-08
5.639e-08
5.61846e-08
5.60803e-08
5.51078e-08
5.61424e-08
5.57055e-08
5.54328e-08
1.12853e-07
6.87412e-08
5.65967e-08
5.67555e-08
5.51885e-08
5.51735e-08
5.57295e-08
5.59526e-08
5.52483e-08
5.56853e-08
6.87045e-08
1.2289e-07
5.79728e-08
0
1.33184e-07
1.35982e-07
2.03194e-06
1.34681e-07
5.6212e-08
5.67694e-08
4.99884e-08
2.47128e-08
1.36989e-08
5.67491e-08
1.3798e-07
5.50167e-08
5.45497e-08
5.46526e-08
5.545e-08
5.65415e-08
5.59314e-08
5.59413e-08
5.49885e-08
5.55455e-08
5.65633e-08
5.4645e-08
6.93348e-09
4.26361e-08
5.59185e-08
5.47983e-08
5.71224e-08
5.68743e-08
5.43046e-08
5.40782e-08
5.53239e-08
5.5691e-08
5.57587e-08
6.46944e-08
1.3381e-07
5.71234e-08
5.42183e-08
5.35179e-08
5.49861e-08
5.58498e-08
5.39336e-08
5.38867e-08
5.53943e-08
7.65546e-09
4.37362e-08
5.76194e-08
5.79083e-08
5.72783e-08
5.51181e-08
5.68592e-08
5.57189e-08
5.54892e-08
5.5658e-08
5.55237e-08
6.05238e-08
5.76738e-08
5.62822e-08
5.52175e-08
5.73237e-08
5.72067e-08
6.13832e-08
1.27414e-07
5.3846e-08
5.61437e-08
5.66048e-08
5.61617e-08
5.70119e-08
5.63902e-08
5.32995e-08
5.56043e-08
0
5.48081e-08
5.64516e-08
5.67722e-08
1.42314e-07
6.04525e-08
5.89994e-08
1.29138e-06
1.31838e-07
5.15453e-08
2.16479e-08
2.08474e-08
5.4301e-08
1.39534e-07
5.40678e-08
5.52931e-08
5.69337e-08
5.5845e-08
5.55717e-08
5.4061e-08
5.61449e-08
5.85713e-08
5.64778e-08
5.54576e-08
5.5449e-08
5.53036e-08
0
5.60034e-08
5.74856e-08
5.53643e-08
5.37774e-08
5.49017e-08
5.44197e-08
5.48542e-08
5.48235e-08
5.6035e-08
5.63142e-08
5.59187e-08
1.41426e-07
5.64743e-08
5.59239e-08
5.47634e-08
2.742e-08
7.84054e-08
5.52813e-08
5.35719e-08
5.47289e-08
5.6672e-08
5.76722e-08
5.89998e-08
5.9412e-08
5.9004e-08
5.50368e-08
5.26291e-08
5.27009e-08
5.3427e-08
5.20984e-08
5.34189e-08
0
5.5015e-08
5.65039e-08
5.68837e-08
6.59752e-08
1.28492e-07
0
0
5.49875e-08
5.52359e-08
5.71092e-08
5.65473e-08
5.4856e-08
5.84006e-08
0
5.44126e-08
5.78839e-08
5.80781e-08
1.3646e-08
3.29842e-08
5.79276e-08
2.34187e-08
7.26718e-08
7.2613e-08
6.13425e-07
4.53658e-07
5.44486e-08
5.83324e-08
8.38726e-08
2.73421e-08
0
5.64093e-08
5.57849e-08
5.5771e-08
5.59583e-08
5.49855e-08
6.4217e-08
5.02428e-08
5.71207e-08
5.68438e-08
5.63255e-08
5.49935e-08
5.79084e-08
0
5.4883e-08
5.52852e-08
5.54139e-08
5.56898e-08
5.57198e-08
5.55397e-08
5.58957e-08
5.60262e-08
5.61053e-08
8.9331e-08
9.36607e-08
5.60628e-08
5.53163e-08
5.58545e-08
5.63313e-08
0
5.65371e-08
5.4871e-08
5.48186e-08
1.07584e-07
7.28077e-08
5.82494e-08
5.58938e-08
5.70749e-08
5.82264e-08
5.6235e-08
5.43587e-08
5.34121e-08
5.43426e-08
5.46316e-08
5.49465e-08
3.72553e-09
4.84288e-08
5.62144e-08
8.25594e-08
1.04764e-07
5.60047e-08
5.792e-08
5.60881e-08
0
5.58203e-08
5.62355e-08
0
5.37757e-08
5.70768e-08
5.74543e-08
5.47241e-08
5.57659e-08
6.01149e-08
0
5.8207e-08
5.90304e-08
5.73211e-08
5.87004e-08
5.77063e-08
1.30828e-06
2.18233e-07
4.41875e-08
5.84505e-08
5.45889e-08
1.37059e-07
5.46178e-08
3.95085e-09
9.78612e-08
7.37369e-08
5.29146e-08
7.5323e-08
3.65349e-08
5.60192e-08
5.64284e-08
5.7256e-08
5.53908e-08
1.30297e-07
1.33148e-07
1.28685e-07
5.33293e-08
5.42417e-08
9.82021e-09
3.84242e-08
5.70479e-08
5.77316e-08
5.58401e-08
5.59812e-08
5.59371e-08
5.56279e-08
1.43814e-07
5.43774e-08
5.61966e-08
5.63578e-08
1.56088e-08
2.69753e-08
5.82041e-08
5.77305e-08
5.59505e-08
5.47212e-08
5.73384e-08
5.60637e-08
5.74636e-08
7.81379e-08
1.11255e-07
6.08058e-08
5.56205e-08
5.39179e-08
5.44785e-08
5.5016e-08
5.44835e-08
1.82422e-08
5.60998e-08
9.58615e-08
5.60446e-08
5.60871e-08
5.61454e-08
1.32303e-07
1.30798e-07
5.49467e-08
5.16248e-08
5.71353e-08
5.66488e-08
5.547e-08
5.63292e-08
5.5924e-08
5.62389e-08
5.36546e-08
5.54964e-08
6.05746e-08
5.82621e-08
5.09599e-08
1.36437e-07
5.76205e-08
1.77262e-08
1.33133e-06
1.85249e-07
3.73319e-08
5.61926e-08
5.72932e-08
5.86811e-08
2.79993e-08
6.50482e-08
5.74515e-08
0
5.53756e-08
8.82834e-08
9.15571e-08
1.05631e-07
7.66933e-08
5.39936e-08
5.54901e-08
0
0
0
1.30654e-07
5.54237e-08
5.36131e-08
0
5.3449e-08
5.44351e-08
5.51065e-08
5.33556e-08
5.86494e-08
1.42331e-07
5.66374e-08
5.50987e-08
5.43746e-08
5.93882e-08
1.79987e-08
2.39805e-08
5.55245e-08
5.74007e-08
5.92354e-08
5.97068e-08
5.61981e-08
5.63158e-08
5.56162e-08
5.52764e-08
1.42174e-07
5.9572e-08
5.68234e-08
0
5.56507e-08
5.52962e-08
5.45977e-08
5.68203e-08
5.66075e-08
5.71263e-08
5.61932e-08
5.87278e-08
5.29131e-08
5.16468e-08
0
5.52112e-08
5.40395e-08
5.11557e-08
5.34679e-08
5.40059e-08
5.55534e-08
5.47201e-08
5.44964e-08
5.55339e-08
1.31976e-07
1.40284e-07
5.7548e-08
5.70362e-08
0
5.68654e-08
5.63821e-08
3.6457e-07
7.42699e-07
9.75115e-08
5.75248e-08
5.48688e-08
6.03935e-08
0
5.40905e-08
5.64399e-08
0
5.67102e-08
5.65733e-08
5.66519e-08
5.69242e-08
5.63049e-08
1.35612e-07
5.53374e-08
8.70712e-08
6.86633e-08
7.67001e-08
0
5.4485e-08
5.48232e-08
5.47296e-08
0
1.07305e-07
7.0406e-08
5.37704e-08
5.5626e-08
5.68128e-08
5.77966e-08
5.22313e-08
5.16381e-08
0
5.78656e-08
5.69185e-08
5.4129e-08
5.55639e-08
5.55193e-08
5.72945e-08
5.73744e-08
5.64543e-08
7.66778e-08
1.11959e-07
5.68814e-08
5.60234e-08
5.50729e-08
5.69841e-08
5.85596e-08
0
5.50698e-08
5.48989e-08
5.67885e-08
5.58323e-08
5.57503e-08
1.39304e-07
0
1.37661e-07
5.56644e-08
5.47727e-08
5.74148e-08
5.66276e-08
5.48047e-08
5.1574e-08
5.31557e-08
5.48657e-08
5.51017e-08
1.05746e-07
7.08026e-08
9.71928e-08
4.23766e-08
3.3218e-08
5.7056e-08
5.5454e-08
5.49415e-08
8.94344e-07
2.73223e-07
5.41808e-08
1.87338e-08
5.94759e-08
5.70187e-08
5.57857e-08
5.58646e-08
5.62239e-08
5.63689e-08
5.71728e-08
5.81875e-08
0
5.51853e-08
5.58715e-08
5.66804e-08
5.6699e-08
8.90939e-08
9.42412e-08
5.37349e-08
1.37529e-07
5.3937e-08
5.33215e-08
2.35039e-08
8.37852e-08
1.35704e-08
5.44041e-08
3.01652e-08
5.59169e-08
1.00633e-07
8.79994e-08
5.57939e-08
0
7.68756e-08
1.14304e-07
5.48773e-08
5.35233e-08
5.26695e-08
5.51798e-08
5.60933e-08
5.71304e-08
5.73305e-08
5.64253e-08
5.51879e-08
5.60145e-08
5.31009e-08
5.35923e-08
5.61771e-08
6.03441e-08
0
5.61362e-08
5.4359e-08
5.52027e-08
5.69369e-08
5.72751e-08
5.6587e-08
5.58818e-08
5.69287e-08
6.00669e-08
5.90359e-08
5.81146e-08
5.5262e-08
5.38473e-08
5.33604e-08
5.4993e-08
5.51099e-08
5.64783e-08
5.6076e-08
5.68719e-08
1.43017e-07
5.77174e-08
5.93223e-08
5.74927e-08
5.57183e-08
5.5935e-08
5.96655e-07
3.2278e-07
9.25646e-08
5.41344e-08
5.63075e-08
0
5.62013e-08
5.47208e-08
1.34815e-07
6.0867e-08
5.89667e-08
5.71384e-08
5.80394e-08
4.86809e-08
5.40574e-08
5.78019e-08
2.55703e-09
7.72574e-08
1.00452e-07
5.233e-08
5.5758e-08
5.61636e-08
5.50029e-08
5.38245e-08
5.58288e-08
5.86512e-08
5.6962e-08
5.76305e-08
5.699e-08
5.71497e-08
5.74581e-08
5.69239e-08
5.61544e-08
5.63415e-08
5.7119e-08
1.07227e-07
6.62396e-08
5.53635e-08
5.68166e-08
5.53378e-08
5.46533e-08
2.6001e-08
7.1209e-09
5.57545e-08
5.44335e-08
5.54315e-08
5.65198e-08
5.70414e-08
5.7952e-08
5.69173e-08
5.56197e-08
5.37e-08
5.46423e-08
5.92496e-08
5.79535e-08
5.60879e-08
5.48604e-08
5.28295e-08
5.65875e-08
5.73724e-08
5.66734e-08
5.87071e-08
5.64847e-08
9.47582e-08
4.58946e-08
3.76132e-08
4.18676e-08
0
0
0
6.10841e-08
5.85683e-08
5.36072e-08
5.39708e-08
5.46413e-08
1.3056e-06
1.42816e-07
1.07157e-07
5.57995e-08
5.33717e-08
5.88883e-08
5.62135e-08
5.82433e-08
5.22693e-08
6.04999e-08
6.07842e-08
1.07079e-08
3.69268e-08
5.54567e-08
5.38634e-08
5.57527e-08
5.66256e-08
5.63328e-08
5.55656e-08
5.46665e-08
5.47602e-08
1.32588e-07
5.49086e-08
5.3955e-08
5.38549e-08
5.50248e-08
5.78525e-08
5.81397e-08
5.62873e-08
5.68834e-08
5.65431e-08
5.78176e-08
5.6849e-08
5.5808e-08
5.59755e-08
5.60247e-08
5.61058e-08
8.37848e-08
1.03591e-07
5.46219e-08
5.81399e-08
0
5.47433e-08
5.49912e-08
5.50845e-08
5.78209e-08
0
1.31033e-07
1.29674e-07
5.59784e-08
1.32103e-07
5.4571e-08
5.5555e-08
1.45625e-07
5.61667e-08
5.39232e-08
0
5.44794e-08
5.61398e-08
5.67844e-08
5.67031e-08
9.20675e-08
9.40708e-08
5.45233e-08
5.22334e-08
5.62431e-08
0
1.35068e-07
1.34969e-07
1.35584e-07
5.75402e-08
5.72628e-08
5.72336e-08
5.64323e-08
5.49042e-08
1.30057e-07
2.0864e-07
5.53796e-08
5.42734e-08
5.67942e-08
5.51925e-08
5.34066e-08
5.50748e-08
0
1.31696e-07
5.88502e-08
5.80927e-08
5.69393e-08
5.52319e-08
5.50332e-08
5.97636e-08
5.63255e-08
5.60573e-08
5.53402e-08
4.91902e-08
5.49678e-08
0
5.55891e-08
5.54946e-08
5.41671e-08
5.63724e-08
5.66393e-08
5.39003e-08
5.49634e-08
5.66377e-08
5.79535e-08
5.8768e-08
6.00667e-08
5.76397e-08
9.05529e-08
6.45923e-08
1.1616e-08
5.5484e-08
5.50698e-08
5.6324e-08
5.68926e-08
5.62936e-08
5.57216e-08
5.47286e-08
5.68976e-08
2.0529e-08
2.02938e-08
0
0
1.31818e-07
5.43222e-08
8.80578e-08
9.29472e-08
6.08143e-08
5.81821e-08
0
5.49612e-08
5.61187e-08
5.66716e-08
5.62356e-08
5.87473e-08
7.27815e-08
1.17493e-07
5.4788e-08
5.43863e-08
5.38637e-08
5.88951e-08
6.02812e-08
5.90348e-08
9.46412e-09
3.95293e-08
5.73398e-08
5.38408e-08
5.58365e-08
5.44024e-08
1.30229e-06
8.27893e-07
1.13923e-07
1.3123e-07
5.62186e-08
5.51125e-08
5.57531e-08
1.33822e-07
5.35097e-08
5.86114e-08
7.23591e-08
1.28251e-07
0
5.80282e-08
5.52193e-08
5.65514e-08
5.38977e-08
5.71029e-08
5.98175e-08
5.70921e-08
5.59387e-08
5.54317e-08
5.48377e-08
5.48842e-08
5.45046e-08
5.59489e-08
5.57164e-08
5.546e-08
5.50035e-08
1.38905e-07
5.69473e-08
6.23983e-08
1.58965e-08
2.83875e-08
5.55274e-08
5.55441e-08
5.49022e-08
5.87763e-08
5.53138e-08
5.56981e-08
5.68084e-08
5.5718e-08
5.59268e-08
5.58657e-08
5.62518e-08
5.74423e-08
5.63005e-08
5.56495e-08
1.319e-07
5.30561e-08
5.42267e-08
5.40618e-08
5.73109e-08
5.75432e-08
5.80673e-08
4.10544e-09
4.73667e-08
5.38475e-08
5.79324e-08
9.20949e-08
9.18364e-08
5.45624e-08
5.55956e-08
5.62084e-08
5.43219e-08
5.34411e-08
5.70662e-08
6.08475e-08
5.89838e-08
5.69494e-08
2.31249e-08
8.33309e-08
5.6934e-08
1.36528e-08
3.00734e-08
3.14745e-07
1.48318e-07
4.53728e-08
1.43606e-07
5.28841e-08
5.47037e-08
5.36882e-08
0
0
0
5.73763e-08
5.84041e-08
5.44902e-08
5.27638e-08
5.47996e-08
5.48893e-08
5.25328e-08
5.48331e-08
5.90119e-08
5.6348e-08
5.70192e-08
5.59811e-08
5.43345e-08
5.65019e-08
5.407e-08
5.39242e-08
5.47705e-08
5.47117e-08
5.51398e-08
5.76549e-08
5.5928e-08
6.06555e-08
0
5.52743e-08
5.57601e-08
5.63472e-08
5.69134e-08
5.58431e-08
5.54962e-08
5.49472e-08
5.56215e-08
5.63404e-08
5.54511e-08
5.63095e-08
1.31939e-07
5.41855e-08
5.81805e-08
5.80717e-08
6.31496e-08
8.55773e-08
8.96027e-08
5.50024e-08
5.83841e-08
5.93573e-08
2.48926e-08
1.16709e-08
5.39369e-08
5.4336e-08
1.41032e-07
5.53451e-08
5.40888e-08
5.46344e-08
5.61558e-08
5.53745e-08
5.54705e-08
5.39605e-08
5.70495e-08
3.07731e-08
5.91149e-08
7.66582e-08
5.78315e-08
5.52406e-08
5.56124e-08
5.50432e-08
5.39779e-08
2.31247e-06
3.3592e-07
4.40103e-08
5.99626e-08
5.40025e-08
5.49117e-08
5.40065e-08
5.50977e-08
7.6138e-08
1.15545e-07
5.85677e-08
5.78447e-08
3.44381e-10
5.43792e-08
5.41634e-08
5.58292e-08
5.57992e-08
5.53227e-08
5.52814e-08
5.53403e-08
5.65539e-08
5.55497e-08
5.50949e-08
5.57577e-08
1.5328e-08
2.42184e-08
5.59097e-08
5.48216e-08
5.58873e-08
1.43802e-07
5.83371e-08
1.30688e-08
3.63758e-08
5.70586e-08
5.58537e-08
5.63451e-08
5.52805e-08
5.38039e-08
5.62079e-08
5.47998e-08
5.5375e-08
5.54636e-08
5.51756e-08
5.61113e-08
0
5.60686e-08
5.66076e-08
5.59117e-08
5.50469e-08
8.12425e-08
7.56792e-08
1.08979e-08
5.25978e-08
5.99542e-08
5.788e-08
5.62707e-08
5.3508e-08
5.3677e-08
1.40346e-07
5.41172e-08
5.41145e-08
5.47179e-08
5.27262e-08
5.49891e-08
5.5996e-08
5.43889e-08
5.92659e-08
5.79108e-08
5.85796e-08
6.05742e-08
1.6243e-08
1.01689e-07
5.50587e-08
5.30437e-08
5.18462e-08
1.96448e-06
1.15135e-07
5.03676e-08
6.26957e-08
5.40159e-08
5.47435e-08
5.54213e-08
5.53707e-08
5.57917e-08
9.10594e-08
7.44122e-08
3.05118e-08
1.04668e-07
5.45813e-08
5.48538e-08
5.73916e-08
5.61065e-08
5.49222e-08
5.61368e-08
5.56115e-08
2.99227e-08
1.36601e-09
5.56334e-08
1.30754e-07
1.29754e-07
5.52519e-08
5.61433e-08
5.54042e-08
5.86317e-08
0
5.69192e-08
5.6707e-08
1.38038e-07
5.368e-08
5.52829e-08
5.58181e-08
5.69091e-08
5.79987e-08
5.54908e-08
6.87967e-08
1.23932e-07
5.45996e-08
5.38012e-08
5.46025e-08
5.59472e-08
5.56023e-08
5.35277e-08
5.57145e-08
5.57563e-08
5.30853e-08
5.01815e-08
5.87319e-08
0
5.74748e-08
5.66508e-08
5.51806e-08
5.47393e-08
1.40503e-07
5.49097e-08
5.50148e-08
0
5.70692e-08
5.0521e-08
5.75325e-08
5.80276e-08
1.87609e-08
9.5969e-08
5.63056e-08
5.55496e-08
6.2989e-08
2.08937e-08
1.92285e-08
6.7298e-08
4.13882e-08
1.4167e-07
1.4679e-07
1.09224e-07
5.35197e-08
5.64135e-08
5.88393e-08
5.55657e-08
5.48861e-08
5.55265e-08
5.62078e-08
5.6113e-08
5.72005e-08
5.78379e-08
9.78109e-09
1.10007e-07
2.32203e-08
1.34824e-08
5.87975e-08
5.595e-08
5.51498e-08
6.42042e-08
4.31392e-08
5.61229e-08
5.49708e-08
0
7.57613e-09
4.08863e-08
5.35049e-08
5.42304e-08
5.58258e-08
5.69467e-08
5.7281e-08
5.9437e-08
5.83066e-08
5.48239e-08
5.37886e-08
5.47528e-08
5.68293e-08
5.80275e-08
5.62055e-08
8.45078e-08
9.95966e-08
5.44592e-08
5.44549e-08
5.5024e-08
5.63978e-08
5.54438e-08
5.48002e-08
5.70493e-08
5.5588e-08
5.42005e-08
5.43324e-08
5.79433e-08
0
1.33849e-07
5.56431e-08
5.48712e-08
5.47316e-08
8.87232e-08
9.46153e-08
5.30042e-08
1.36288e-07
5.80003e-08
7.39482e-09
6.14546e-08
6.72206e-08
1.04601e-07
5.38779e-08
5.53625e-08
5.63293e-08
5.95413e-08
2.67051e-08
7.47552e-08
5.3827e-08
5.58319e-08
6.06719e-08
1.81487e-06
5.99708e-07
1.1163e-07
1.45896e-07
5.46176e-08
9.14193e-09
4.05594e-08
5.40181e-08
5.62172e-08
9.70568e-08
8.32235e-08
5.58124e-08
7.05413e-08
1.15007e-07
1.39541e-08
3.05674e-08
5.64364e-08
1.3071e-07
5.1971e-08
5.41801e-08
5.41224e-08
6.84359e-08
1.25386e-07
5.63268e-08
5.50161e-08
5.43094e-08
5.49341e-08
5.39069e-08
5.43983e-08
5.63712e-08
5.90309e-08
5.78767e-08
5.49755e-08
5.33658e-08
5.43874e-08
5.91138e-08
0
5.71308e-08
5.57434e-08
5.63003e-08
5.52955e-08
5.52012e-08
5.81601e-08
7.62353e-08
8.2471e-08
7.67074e-08
5.54792e-08
5.46534e-08
5.66026e-08
5.61911e-08
5.58875e-08
5.92584e-08
0
2.89282e-08
6.82792e-08
5.52034e-08
5.58619e-08
5.68166e-08
5.66986e-08
5.59581e-08
5.36354e-08
5.4882e-08
5.553e-08
5.59787e-08
5.66062e-08
5.55207e-08
5.50086e-08
5.42393e-08
5.6025e-08
6.08229e-08
5.5996e-08
5.28517e-08
5.21878e-08
5.46411e-08
5.97281e-08
5.07771e-07
1.27669e-07
0
6.40863e-08
5.16814e-08
6.03592e-08
5.3198e-08
5.33004e-08
5.51066e-08
5.60516e-08
5.86088e-08
5.82925e-08
5.11721e-08
5.49048e-08
5.4842e-08
5.64209e-08
5.51622e-08
5.54942e-08
5.48923e-08
5.48699e-08
5.43475e-08
5.52514e-08
5.68337e-08
1.43593e-07
5.47403e-08
5.35128e-08
5.40867e-08
5.35236e-08
5.56419e-08
5.59694e-08
5.68898e-08
5.84233e-08
5.63562e-08
5.3095e-08
5.07076e-08
5.4704e-08
5.99756e-08
1.46649e-08
2.95308e-08
5.62605e-08
5.45024e-08
5.40974e-08
5.65095e-08
6.14167e-08
1.32724e-07
5.49682e-08
5.4191e-08
5.44734e-08
5.4315e-08
5.54382e-08
5.40899e-08
5.49882e-08
1.40972e-07
5.47109e-08
5.52304e-08
5.4621e-08
5.8211e-08
5.38557e-09
4.69887e-08
5.4861e-08
5.25433e-08
5.29971e-08
5.53741e-08
0
5.8319e-08
5.37078e-08
5.70247e-08
0
5.5784e-08
5.61683e-08
1.40756e-07
5.44396e-08
1.35039e-07
6.06807e-08
8.78241e-09
2.92296e-06
1.11076e-07
6.60367e-08
1.32262e-07
4.73048e-08
5.66679e-08
5.05753e-08
5.51831e-08
5.28425e-08
5.35532e-08
5.40555e-08
5.79578e-08
0
5.53405e-08
5.64975e-08
5.59114e-08
5.59311e-08
5.55974e-08
5.60591e-08
5.49877e-08
1.33298e-07
5.54513e-08
5.72513e-08
5.94068e-08
1.39153e-07
5.37759e-08
5.3471e-08
5.42634e-08
5.58361e-08
5.61431e-08
5.66659e-08
5.762e-08
5.61767e-08
5.22927e-08
5.406e-08
5.81867e-08
6.02586e-08
0
5.7823e-08
5.54161e-08
5.55192e-08
5.5332e-08
5.71646e-08
5.67709e-08
1.04841e-07
7.7212e-08
5.46067e-08
5.50416e-08
5.5373e-08
5.7597e-08
5.64337e-08
6.97189e-08
1.18379e-07
5.55467e-08
5.67217e-08
5.18208e-08
5.44951e-08
0
5.65014e-08
5.09751e-08
5.09643e-08
5.63363e-08
5.72655e-08
1.7628e-08
2.44907e-08
5.5338e-08
5.38285e-08
5.4646e-08
5.63007e-08
5.62393e-08
5.74529e-08
5.56955e-08
5.46445e-08
5.87277e-08
5.96942e-08
8.60006e-07
9.07353e-08
5.35918e-08
0
5.27433e-08
5.56941e-08
5.18376e-08
5.44638e-08
5.48557e-08
5.45361e-08
5.43608e-08
5.41329e-08
5.62781e-08
5.59948e-08
5.61562e-08
1.36336e-07
5.48536e-08
5.44484e-08
5.51788e-08
5.57607e-08
0
8.19357e-08
1.0854e-07
5.6259e-08
5.38411e-08
5.45498e-08
5.68637e-08
5.89114e-08
5.88406e-08
5.14365e-08
5.76096e-08
5.9207e-08
5.23292e-08
0
5.41991e-08
5.5894e-08
5.89474e-08
5.90518e-08
5.71851e-08
5.51162e-08
5.60613e-08
5.4157e-08
5.33188e-08
5.61223e-08
5.3289e-08
1.35301e-07
5.68788e-08
5.24039e-08
5.6383e-08
5.9977e-08
3.12179e-08
1.36366e-09
5.50803e-08
8.56442e-08
9.94915e-08
1.11682e-07
2.62308e-08
3.30775e-08
5.87296e-08
5.29586e-08
5.82999e-08
9.6634e-09
3.71377e-08
5.64109e-08
5.58893e-08
5.57557e-08
5.69529e-08
5.71175e-08
5.69134e-08
6.32463e-08
8.03338e-08
2.45565e-08
5.80656e-08
5.80245e-08
5.91558e-08
8.73095e-07
6.68666e-08
4.44567e-09
1.81901e-07
6.95709e-08
0
7.37114e-08
1.10526e-07
5.41986e-08
5.47395e-08
0
5.61141e-08
5.5333e-08
5.50498e-08
1.39496e-07
1.08551e-08
3.68691e-08
7.89739e-08
1.00548e-07
5.26841e-08
5.50549e-08
5.88038e-08
1.45452e-07
5.57556e-08
5.40188e-08
5.43793e-08
5.50325e-08
5.48872e-08
7.57466e-08
3.47104e-08
5.59813e-08
5.68306e-08
8.19239e-08
2.3644e-08
5.67265e-08
5.51336e-08
5.84207e-08
5.68437e-08
5.66535e-08
5.91808e-08
5.75333e-08
5.52728e-08
2.59319e-08
7.81949e-08
5.41991e-08
5.33532e-08
5.45661e-08
5.399e-08
1.41183e-07
6.12941e-08
0
5.55335e-08
5.5235e-08
5.68759e-08
5.66402e-08
5.51028e-08
5.56823e-08
1.29152e-07
5.30857e-08
5.51255e-08
5.71466e-08
5.50351e-08
5.75502e-08
1.35794e-08
3.08447e-08
1.34596e-07
5.45428e-08
5.61446e-08
5.63957e-08
5.66251e-08
5.73442e-08
0
5.62445e-08
5.80293e-08
5.78897e-08
1.65168e-06
2.55945e-07
0
5.2068e-08
4.98581e-08
0
5.49813e-08
5.73866e-08
5.13775e-08
5.50113e-08
5.5094e-08
1.35881e-07
5.45514e-08
5.34189e-08
5.64002e-08
5.77049e-08
5.56546e-08
0
0
0
1.41296e-07
5.89973e-08
5.83071e-08
1.148e-08
3.40452e-08
5.56251e-08
1.39469e-07
5.37962e-08
5.32503e-08
5.47076e-08
5.66849e-08
5.64704e-08
5.6163e-08
5.5236e-08
1.31423e-07
5.64571e-08
5.65656e-08
5.73386e-08
5.60563e-08
5.51284e-08
5.7909e-08
5.65464e-08
5.45095e-08
5.47498e-08
5.50483e-08
5.56287e-08
5.50226e-08
5.56638e-08
5.57121e-08
5.91605e-08
5.85616e-08
5.74187e-08
5.51357e-08
5.46799e-08
5.71819e-08
5.60274e-08
5.47293e-08
5.53076e-08
5.64234e-08
5.57274e-08
5.52446e-08
8.40375e-08
1.00371e-07
5.66545e-08
4.75542e-08
5.6394e-08
5.54909e-08
5.70281e-08
5.65966e-08
5.57008e-08
5.07746e-08
5.74055e-08
5.58798e-08
5.85569e-08
5.71694e-08
1.69648e-06
1.22923e-07
4.06551e-08
5.66558e-08
5.59299e-08
1.64825e-08
5.54566e-08
5.82242e-08
1.36391e-07
5.42543e-08
5.60179e-08
5.59903e-08
5.33221e-08
1.31768e-07
5.40817e-08
5.56344e-08
0
5.4812e-08
5.47207e-08
5.52192e-08
5.50699e-08
5.71003e-08
5.83527e-08
5.79789e-08
5.73173e-08
5.86599e-08
5.40271e-08
5.34786e-08
5.42992e-08
5.66163e-08
5.53552e-08
5.40657e-08
5.60749e-08
5.65826e-08
5.61961e-08
5.57086e-08
5.56044e-08
5.97178e-08
5.83356e-08
5.57103e-08
1.4047e-07
5.48648e-08
5.32909e-08
5.43279e-08
1.92526e-08
1.96282e-08
5.55678e-08
5.57401e-08
5.76092e-08
5.73931e-08
5.81029e-08
9.3754e-08
5.18592e-08
1.8038e-08
5.68443e-08
5.74697e-08
5.6273e-08
5.57251e-08
5.46676e-08
5.58454e-08
5.46547e-08
5.08e-08
5.55683e-08
5.51404e-08
5.53381e-08
1.34827e-07
5.53534e-08
5.61864e-08
5.63076e-08
5.8497e-08
5.67535e-08
5.69269e-08
6.40689e-09
4.57053e-08
5.82165e-08
1.37587e-06
2.06467e-07
5.23158e-08
6.2229e-08
0
9.36606e-08
5.25873e-08
1.00449e-07
5.10547e-08
1.43239e-08
5.69448e-08
5.56998e-08
5.54149e-08
0
5.58607e-08
7.79558e-08
2.03502e-07
5.49095e-08
5.5369e-08
5.51589e-08
5.82448e-08
5.78836e-08
5.69166e-08
8.64606e-08
2.35162e-08
5.57308e-08
5.66668e-08
5.54295e-08
5.51248e-08
6.04525e-08
5.08165e-08
1.33517e-07
5.50818e-08
6.40079e-08
5.00263e-08
5.72667e-08
5.61925e-08
1.40259e-07
0
5.58335e-08
1.3268e-07
5.45655e-08
5.42497e-08
5.59828e-08
5.49102e-08
5.39183e-08
5.46565e-08
5.61908e-08
5.80628e-08
5.99023e-08
5.86786e-08
5.46761e-08
5.41099e-08
2.54395e-08
9.80959e-09
5.66194e-08
5.52936e-08
5.4543e-08
5.32309e-08
5.32877e-08
5.50295e-08
5.36981e-08
5.7025e-08
5.5014e-08
5.56223e-08
5.52652e-08
9.0294e-08
6.43304e-08
1.71597e-08
5.66972e-08
5.62507e-08
5.71384e-08
5.80141e-08
6.07137e-08
6.07853e-08
1.37198e-06
7.28459e-08
5.42831e-08
5.8537e-08
4.23415e-08
5.4591e-08
4.73689e-08
5.25294e-08
5.85508e-08
1.41583e-09
5.52997e-08
5.59425e-08
5.53299e-08
5.54479e-08
0
0
0
5.44812e-08
5.36086e-08
5.81301e-08
5.68902e-08
5.48488e-08
5.44701e-08
5.6361e-08
2.14126e-09
5.2057e-08
5.6289e-08
5.58837e-08
5.53471e-08
5.66283e-08
5.66388e-08
0
5.65294e-08
5.62002e-08
1.39347e-07
5.73415e-08
5.55339e-08
5.6475e-08
5.69922e-08
5.68842e-08
5.43181e-08
5.38515e-08
5.4841e-08
5.60197e-08
5.59124e-08
5.41347e-08
5.38574e-08
5.40669e-08
5.56679e-08
5.57374e-08
5.53104e-08
5.35682e-08
5.46146e-08
0
5.71606e-08
5.83426e-08
5.56133e-08
5.55905e-08
5.7269e-08
5.69651e-08
9.37419e-08
5.27182e-08
1.90731e-08
5.47659e-08
5.98132e-08
9.87797e-08
7.71344e-08
5.95157e-08
0
5.73185e-08
5.5609e-08
7.44098e-08
1.23841e-07
1.02247e-08
4.19281e-08
1.68619e-06
9.48781e-08
9.48463e-08
5.76753e-08
4.71295e-08
5.41032e-08
5.51684e-08
5.3773e-08
5.65504e-08
2.22832e-08
4.42219e-08
2.79585e-08
5.54016e-08
5.62722e-08
7.27511e-08
1.13296e-07
5.51017e-08
5.49472e-08
5.56842e-08
5.57131e-08
5.80222e-08
5.66323e-08
5.56776e-08
5.57355e-08
5.53325e-08
5.54672e-08
5.50017e-08
1.79002e-08
2.10421e-08
5.67509e-08
1.356e-07
5.55768e-08
0
0
5.80921e-08
5.6637e-08
5.60623e-08
5.65915e-08
5.71594e-08
5.61588e-08
5.4279e-08
5.4322e-08
5.49937e-08
5.66527e-08
5.80508e-08
1.0184e-08
7.3764e-08
2.3696e-08
5.18561e-08
5.58554e-08
5.53737e-08
7.12426e-08
4.44879e-08
7.76969e-08
1.06562e-07
5.60775e-08
5.45935e-08
5.50903e-08
5.5009e-08
5.56751e-08
5.49909e-08
5.54087e-08
5.59119e-08
5.55034e-08
5.52307e-08
5.56042e-08
5.6448e-08
5.37117e-08
5.71112e-08
5.59289e-08
5.61353e-08
5.88374e-08
2.27559e-08
3.83369e-08
5.62677e-08
1.35637e-06
9.67546e-08
5.40609e-08
1.36469e-07
5.28732e-08
5.47262e-08
9.85174e-08
9.61159e-09
5.64771e-08
5.68577e-08
5.69088e-08
5.6335e-08
3.08273e-08
6.98683e-08
5.4459e-08
5.45337e-08
5.4742e-08
5.44805e-08
5.60264e-08
5.763e-08
5.70259e-08
5.72673e-08
5.58278e-08
5.44273e-08
5.46103e-08
5.57678e-08
5.40167e-08
5.50691e-08
0
5.66843e-08
0
5.50937e-08
1.4236e-07
5.38609e-08
5.50747e-08
5.69726e-08
5.71342e-08
5.77507e-08
5.9288e-08
5.53626e-08
5.52776e-08
5.38735e-08
5.41281e-08
5.51469e-08
5.79157e-08
0
5.63921e-08
5.76554e-08
5.54309e-08
5.55548e-08
5.55569e-08
5.76975e-08
5.64276e-08
5.68164e-08
1.38255e-07
5.26172e-08
5.47407e-08
5.40913e-08
5.60172e-08
5.70476e-08
5.63171e-08
5.90351e-08
5.68055e-08
5.58988e-08
5.55226e-08
5.60228e-08
5.75242e-08
5.58163e-08
5.64133e-08
5.64626e-08
5.684e-08
5.76777e-08
8.79829e-09
6.88656e-08
4.22254e-08
1.63985e-06
4.60627e-08
0
5.64422e-08
5.19882e-08
9.40905e-08
8.1179e-08
5.47771e-08
5.87436e-08
0
5.69418e-08
5.55833e-08
5.41413e-08
5.68751e-08
5.63852e-08
5.50377e-08
5.14668e-08
5.35375e-08
5.81186e-08
5.80195e-08
5.55383e-08
5.03213e-08
0
5.59158e-08
5.82665e-08
5.60787e-08
5.56197e-08
1.30599e-07
5.54643e-08
5.9796e-08
5.92297e-08
5.77199e-08
1.37331e-07
5.36631e-08
5.5178e-08
5.59348e-08
5.9318e-08
5.80293e-08
5.88486e-08
5.55265e-08
5.41942e-08
5.41232e-08
5.57872e-08
5.64029e-08
5.8298e-08
0
5.76239e-08
5.52895e-08
5.59927e-08
1.36087e-07
5.32717e-08
5.384e-08
5.66495e-08
5.66779e-08
5.74289e-08
5.49666e-08
5.33075e-08
5.53082e-08
5.67876e-08
5.6372e-08
5.64209e-08
5.67581e-08
5.7283e-08
5.65583e-08
5.5602e-08
5.59583e-08
5.23085e-08
5.54063e-08
8.11581e-09
4.10595e-08
5.49292e-08
5.79118e-08
5.77005e-08
5.35246e-08
1.06207e-07
1.46557e-06
9.16787e-08
6.17794e-08
1.08223e-07
5.45097e-08
6.08357e-08
4.81527e-08
5.19359e-08
5.40573e-08
1.42596e-07
5.53331e-08
5.47588e-08
5.53863e-08
5.59106e-08
5.5734e-08
5.52557e-08
5.54704e-08
5.49497e-08
5.8187e-08
5.89236e-08
7.72466e-09
4.37529e-08
5.56858e-08
5.77529e-08
5.6134e-08
5.57573e-08
5.55764e-08
0
5.31629e-08
1.42756e-07
6.13449e-08
5.82586e-08
5.45385e-08
5.28517e-08
5.37033e-08
5.60574e-08
5.38788e-08
5.26077e-08
5.41064e-08
5.55996e-08
5.59121e-08
5.47796e-08
5.51421e-08
5.37777e-08
5.64245e-08
5.46394e-08
5.4302e-08
5.47519e-08
5.60498e-08
5.59382e-08
5.47079e-08
5.50514e-08
5.68015e-08
5.93297e-08
1.80633e-08
2.38064e-08
5.545e-08
5.59999e-08
1.44336e-07
5.54875e-08
5.93805e-08
5.68609e-08
5.97154e-08
5.56054e-08
5.0127e-08
5.64111e-08
5.55146e-08
2.40838e-08
1.01552e-08
1.32051e-07
5.51276e-08
5.5318e-08
5.79622e-08
5.80968e-08
1.40925e-07
1.63801e-06
5.48761e-08
1.32398e-07
5.47982e-08
0
1.31804e-07
5.3223e-08
2.80254e-08
4.43435e-08
8.92448e-08
5.63247e-08
5.48819e-08
5.47071e-08
5.53955e-08
8.77119e-08
9.39454e-08
5.4711e-08
5.51465e-08
0
5.67175e-08
5.83112e-08
5.36158e-08
5.56386e-08
1.33177e-07
5.42575e-08
5.61939e-08
5.52742e-08
5.37675e-08
5.42373e-08
5.77236e-08
5.8513e-08
5.89601e-08
5.63674e-08
5.21281e-08
5.81459e-08
0
9.73667e-08
8.06056e-08
5.55221e-08
5.47789e-08
5.86012e-08
7.89637e-10
5.38047e-08
1.12602e-07
4.17531e-08
8.22315e-08
5.41993e-08
5.46017e-08
5.50165e-08
5.44433e-08
5.49163e-08
5.07671e-08
5.44887e-08
5.96437e-08
1.98408e-08
4.91053e-08
6.93041e-08
3.32925e-08
3.19127e-08
5.88147e-08
5.9873e-08
5.64359e-08
5.62378e-08
5.56377e-08
5.66965e-08
6.04188e-08
5.5833e-08
5.59033e-08
5.52655e-08
5.63576e-08
5.59368e-08
5.6777e-08
5.46102e-08
5.60558e-08
5.68125e-08
1.36023e-06
1.42283e-07
5.54837e-08
5.06324e-08
5.08113e-08
5.5253e-08
5.32632e-08
5.41966e-08
5.3968e-08
5.63021e-08
7.52362e-08
3.94422e-08
5.80686e-08
8.71714e-08
2.92581e-08
1.27163e-07
5.4854e-08
5.56047e-08
5.73141e-08
5.209e-08
5.43718e-08
5.51097e-08
5.8887e-08
5.56832e-08
5.32829e-08
7.8102e-08
1.04579e-07
5.3813e-08
5.50979e-08
5.53324e-08
5.64919e-08
5.6433e-08
0
7.54398e-08
3.58172e-08
5.72936e-08
5.34579e-08
5.26203e-08
5.41115e-08
1.39808e-07
5.75194e-08
2.72528e-10
5.441e-08
5.56807e-08
5.70191e-08
5.69776e-08
5.58907e-08
8.79997e-08
8.81981e-08
5.35446e-08
5.37528e-08
5.52703e-08
5.79509e-08
6.0804e-08
5.80203e-08
5.38121e-08
1.57719e-08
2.53008e-08
5.47088e-08
5.57371e-08
5.27319e-08
5.64284e-08
5.66887e-08
5.59568e-08
5.10307e-08
5.16571e-08
5.28326e-08
5.47547e-08
5.52767e-08
0
5.62793e-08
1.33278e-07
5.59819e-08
5.68085e-08
5.68493e-08
1.35337e-06
1.17004e-07
5.20273e-08
1.39498e-07
4.26104e-08
0
5.79571e-08
5.74134e-08
1.32755e-07
5.54719e-08
0
5.60303e-08
1.46811e-07
5.3285e-08
4.72599e-08
0
1.37998e-07
5.49033e-08
5.30381e-08
5.39801e-08
5.47447e-08
5.43491e-08
5.34449e-08
2.74284e-08
2.46502e-08
1.17794e-07
5.26492e-08
5.59431e-08
5.41607e-08
1.35202e-07
5.78198e-08
5.82081e-08
5.58609e-08
5.55887e-08
0
5.39261e-08
5.4336e-08
5.67347e-08
5.84903e-08
5.62534e-08
5.54093e-08
7.49302e-08
1.09989e-07
5.56651e-08
6.18574e-08
0
5.88721e-08
5.15123e-08
5.03052e-08
5.236e-08
1.09113e-07
3.13521e-11
5.37927e-08
1.474e-07
6.41274e-08
0
5.30643e-08
0
1.26651e-07
5.32396e-08
5.54165e-08
5.49585e-08
2.58298e-08
5.47152e-08
8.95676e-08
5.36578e-08
5.45209e-08
5.51905e-08
5.62182e-08
5.634e-08
5.57606e-08
5.5443e-08
5.60035e-08
5.24442e-08
5.62521e-08
1.14964e-06
3.28189e-07
1.07487e-07
5.55258e-08
5.58042e-08
5.95795e-08
5.55873e-08
5.59649e-08
5.80355e-08
0
5.58801e-08
1.41401e-07
5.8662e-08
5.46154e-08
5.86252e-08
0
5.68495e-08
5.68372e-08
7.6507e-08
1.06882e-07
5.58481e-08
5.44115e-08
5.42838e-08
5.54611e-08
1.37601e-07
5.71459e-08
0
5.59765e-08
6.38117e-08
5.83815e-08
5.77206e-08
6.33353e-08
5.9822e-08
5.73592e-08
5.68538e-08
5.65896e-08
7.31631e-08
1.18543e-07
5.61402e-08
5.96726e-08
5.95963e-08
0
5.50206e-08
5.49509e-08
5.65244e-08
5.76726e-08
6.07829e-08
5.76759e-08
5.82451e-08
5.75847e-08
5.56352e-08
5.48026e-08
0
1.41771e-07
5.89732e-08
5.86277e-08
5.66256e-08
5.62624e-08
5.46774e-08
5.53967e-08
5.63405e-08
5.57897e-08
1.40013e-07
0
5.55457e-08
5.62976e-08
5.75861e-08
0
5.46362e-08
1.28039e-07
5.35399e-08
5.67262e-08
5.46791e-08
1.03963e-07
1.29112e-08
)
;


// ************************************************************************* //
