/*--------------------------------*- C++ -*----------------------------------*\
  =========                 |
  \\      /  F ield         | OpenFOAM: The Open Source CFD Toolbox
   \\    /   O peration     | Website:  https://openfoam.org
    \\  /    A nd           | Version:  12
     \\/     M anipulation  |
\*---------------------------------------------------------------------------*/
FoamFile
{
    format      ascii;
    class       vectorField;
    location    "0.1/lagrangian/cloud";
    object      U;
}
// * * * * * * * * * * * * * * * * * * * * * * * * * * * * * * * * * * * * * //


3522
(
(0.00421153 -0.025442 0)
(0.00440937 -0.0279094 0)
(1.62009e-06 -0.0315476 0)
(-0.00195591 -0.0355638 0)
(-0.00339497 -0.0286313 0)
(-0.000513191 -0.0111105 0)
(0.00138565 -0.0144316 0)
(0.000428642 -0.023145 0)
(0.000396075 -0.0217869 0)
(-0.00181711 -0.0256292 0)
(-0.00315036 -0.0275295 0)
(-0.00205252 -0.0251333 0)
(-0.00133161 -0.0175548 0)
(0.00613976 -0.0107201 0)
(0.00432892 -0.00931002 0)
(0.0033409 -0.0135179 0)
(0.00191743 -0.0235681 0)
(0.00315679 -0.0256634 0)
(0.000833327 -0.0235012 0)
(0.00153011 -0.0266754 0)
(-0.000265404 -0.0303682 0)
(-0.00215129 -0.0298186 0)
(-0.0034127 -0.0294479 0)
(-0.000794587 -0.0236492 0)
(0.00121667 -0.0217944 0)
(0.00416993 -0.0274572 0)
(0.00350158 -0.0282329 0)
(0.00271588 -0.0294288 0)
(0.000684041 -0.03245 0)
(-0.00186188 -0.0361522 0)
(-0.00303049 -0.0358954 0)
(-0.00225299 -0.033329 0)
(-0.00127136 -0.0307436 0)
(0.000319712 -0.0273547 0)
(0.000717284 -0.02952 0)
(0.00208235 -0.0284114 0)
(0.00257528 -0.0294778 0)
(0.00178304 -0.0290562 0)
(0.00293157 -0.0324544 0)
(0.00322738 -0.032187 0)
(0.00200478 -0.0350354 0)
(-0.000334125 -0.0341964 0)
(-0.000869837 -0.0360347 0)
(-0.00268243 -0.0365523 0)
(-0.00222777 -0.0355856 0)
(-0.00197516 -0.0303405 0)
(-0.00172285 -0.0258261 0)
(-2.37475e-06 -0.0254304 0)
(0.00137964 -0.0270422 0)
(0.000838169 -0.0285029 0)
(-0.000886386 -0.0333434 0)
(-0.00349248 -0.0291391 0)
(-0.00448539 -0.0251228 0)
(-0.00386259 -0.0142182 0)
(0.000565612 -0.00974061 0)
(-0.000592195 -0.0223599 0)
(0.000424866 -0.0142327 0)
(0.000937523 -0.0263638 0)
(0.00268318 -0.0271141 0)
(0.00280087 -0.0300165 0)
(-0.000712646 -0.0335235 0)
(-0.00172972 -0.0357636 0)
(0.000912668 -0.0346282 0)
(0.00205673 -0.0298549 0)
(0.00369682 -0.0283321 0)
(0.00327501 -0.0269984 0)
(0.00123556 -0.0267668 0)
(-0.00456089 -0.0252243 0)
(-0.00491467 -0.0223753 0)
(-0.00562136 -0.0143358 0)
(0.000650309 -0.00797188 0)
(0.00140712 -0.0111482 0)
(0.00415881 -0.0384176 0)
(0.000507983 -0.0349297 0)
(-0.00231198 -0.0348422 0)
(-0.00490717 -0.0363636 0)
(-0.00689711 -0.0388144 0)
(2.46934e-05 -0.0476877 0)
(0.00337491 -0.0379469 0)
(0.00658172 -0.0415414 0)
(0.00483244 -0.0453057 0)
(0.000488888 -0.0420618 0)
(-0.00426159 -0.0434991 0)
(-0.00344667 -0.0395078 0)
(-0.00531647 -0.0364552 0)
(0.00229952 -0.0366127 0)
(0.00378064 -0.0362032 0)
(0.000541353 -0.0341219 0)
(0.00373469 -0.0374812 0)
(0.00270841 -0.0354563 0)
(0.004276 -0.0370186 0)
(0.00188959 -0.0305995 0)
(-0.000610818 -0.0296064 0)
(-0.00503708 -0.0356225 0)
(0.00233207 -0.0455814 0)
(0.00390536 -0.0459182 0)
(0.00311973 -0.0469156 0)
(0.00446306 -0.0476128 0)
(0.00327054 -0.0440481 0)
(-0.00144421 -0.038598 0)
(-0.000609235 -0.0379285 0)
(-0.00535987 -0.0370273 0)
(-0.00450949 -0.0365377 0)
(-0.00285133 -0.038059 0)
(-0.00268101 -0.0463244 0)
(0.00245737 -0.0476829 0)
(0.000550854 -0.0495162 0)
(0.00182691 -0.0484445 0)
(0.0042049 -0.0470953 0)
(0.00555789 -0.0470664 0)
(0.00393566 -0.0455203 0)
(0.00258544 -0.0465484 0)
(-0.00212033 -0.0436766 0)
(-0.00458086 -0.0396568 0)
(-0.00410197 -0.0414103 0)
(-0.00400277 -0.038955 0)
(-0.0050681 -0.0356717 0)
(-0.00464571 -0.0352489 0)
(0.0023558 -0.0447029 0)
(0.00328438 -0.0418704 0)
(0.00275844 -0.0356716 0)
(-0.00265496 -0.0333701 0)
(-0.00417137 -0.0392644 0)
(-0.00907396 -0.0408674 0)
(-0.00122047 -0.0453771 0)
(-0.000482474 -0.0485905 0)
(0.0015213 -0.0529466 0)
(0.00261623 -0.0499733 0)
(0.00124723 -0.0492639 0)
(0.00342241 -0.0488971 0)
(0.00551562 -0.0477107 0)
(0.00266267 -0.0449663 0)
(-0.000290515 -0.0501529 0)
(-0.00211352 -0.0478835 0)
(-0.00412807 -0.0525544 0)
(-0.00477217 -0.0471278 0)
(-0.00463787 -0.0401195 0)
(-0.00138531 -0.0333748 0)
(-0.00416153 -0.0382651 0)
(-0.000978745 -0.0425953 0)
(-0.00150241 -0.0386556 0)
(-0.00140474 -0.0534779 0)
(0.000656189 -0.052766 0)
(2.32123e-05 -0.0481531 0)
(-0.00530922 -0.0420192 0)
(-0.00378558 -0.03921 0)
(-0.00289755 -0.0416448 0)
(-0.00505387 -0.045128 0)
(0.00118265 -0.0474886 0)
(0.000697758 -0.0478567 0)
(0.00438393 -0.0473248 0)
(0.00286411 -0.047086 0)
(0.00186552 -0.0458574 0)
(-0.00205648 -0.0475584 0)
(-0.00388991 -0.046682 0)
(-0.00582332 -0.0480595 0)
(-0.00405923 -0.052261 0)
(0.00192918 -0.0497051 0)
(0.00256966 -0.0467102 0)
(4.63502e-05 -0.0498837 0)
(0.000561419 -0.0520252 0)
(0.00442857 -0.0500001 0)
(0.00163765 -0.0424345 0)
(-0.000569544 -0.0480475 0)
(0.00314413 -0.048165 0)
(0.00453704 -0.0447866 0)
(0.0039004 -0.0506563 0)
(0.0023021 -0.0498159 0)
(0.00291085 -0.049543 0)
(0.0018799 -0.0457957 0)
(-0.0010742 -0.0455682 0)
(-0.00260233 -0.0468548 0)
(-0.00325296 -0.0474625 0)
(-0.0019714 -0.0488311 0)
(-0.000610834 -0.0478477 0)
(0.00316493 -0.0495893 0)
(0.00211409 -0.0495525 0)
(-0.000136146 -0.0496343 0)
(0.000206478 -0.048679 0)
(0.00183388 -0.0488575 0)
(0.00320635 -0.0466169 0)
(0.00544307 -0.0474758 0)
(-7.93389e-05 -0.048028 0)
(-0.00645675 -0.042028 0)
(-0.00469097 -0.0445035 0)
(-0.0081788 -0.0428346 0)
(-0.00737453 -0.0423076 0)
(-0.00827282 -0.0429881 0)
(-0.00145467 -0.0493021 0)
(0.00171257 -0.0491314 0)
(0.00291795 -0.0478346 0)
(0.00251518 -0.0482992 0)
(0.0019355 -0.0510777 0)
(0.0019301 -0.0547054 0)
(0.000943689 -0.0496654 0)
(0.000410133 -0.0495919 0)
(0.000823689 -0.0505533 0)
(0.000689613 -0.0558133 0)
(0.000222363 -0.0517553 0)
(0.000539342 -0.0495953 0)
(0.00154784 -0.053956 0)
(0.00479186 -0.0476637 0)
(0.00333692 -0.0441231 0)
(0.0018611 -0.0435622 0)
(-0.00131621 -0.0456082 0)
(-0.00456254 -0.0537137 0)
(-0.00489784 -0.0529572 0)
(-0.00590019 -0.0492365 0)
(-0.00296946 -0.0555729 0)
(0.0034219 -0.0601419 0)
(0.00102422 -0.0627187 0)
(0.000909034 -0.0587028 0)
(-0.00258922 -0.0584088 0)
(-0.0035168 -0.056093 0)
(-0.00286983 -0.0488473 0)
(-0.00587395 -0.0477934 0)
(-0.00609109 -0.0466903 0)
(-0.00274231 -0.0419977 0)
(-0.00231804 -0.0465959 0)
(-0.00303716 -0.0467208 0)
(-0.000131288 -0.0505476 0)
(0.0030571 -0.0510804 0)
(0.00449391 -0.0502864 0)
(0.00184415 -0.0462483 0)
(-0.000869005 -0.0470669 0)
(-0.00181532 -0.0474663 0)
(-0.00247277 -0.0474496 0)
(-0.00186559 -0.0530971 0)
(0.000453885 -0.0543002 0)
(0.00218233 -0.0552 0)
(0.00202533 -0.0528463 0)
(7.64316e-05 -0.0552088 0)
(-0.00210095 -0.0526359 0)
(1.12375e-05 -0.048373 0)
(0.00019237 -0.0498962 0)
(0.00147159 -0.0488424 0)
(0.00255303 -0.0543959 0)
(0.00477783 -0.0542769 0)
(0.00294281 -0.0540672 0)
(0.0012287 -0.0510466 0)
(0.00146603 -0.0546503 0)
(0.00164492 -0.05018 0)
(-0.00123083 -0.0484363 0)
(-0.0020577 -0.0510523 0)
(-0.00261907 -0.0521933 0)
(-0.00142231 -0.0502717 0)
(0.00352239 -0.0506785 0)
(4.53627e-05 -0.0495185 0)
(-0.00223924 -0.0485571 0)
(0.000203196 -0.0488763 0)
(-0.000103255 -0.0483374 0)
(0.000150585 -0.0468224 0)
(0.00535109 -0.0475585 0)
(-0.00465726 -0.0430511 0)
(-0.00449209 -0.0429854 0)
(-0.00419339 -0.0472791 0)
(-0.00293596 -0.0456151 0)
(-0.00384767 -0.0453722 0)
(-0.00183059 -0.0459052 0)
(0.000338145 -0.0538702 0)
(0.00312214 -0.0529329 0)
(0.0030858 -0.0515754 0)
(0.00411709 -0.0501909 0)
(0.00353758 -0.0531039 0)
(0.00248646 -0.0499242 0)
(-0.000502953 -0.0505549 0)
(0.0011148 -0.0500718 0)
(0.000648183 -0.050331 0)
(-0.00098263 -0.0534194 0)
(-0.00119147 -0.0491884 0)
(0.00114035 -0.0490093 0)
(-5.92144e-05 -0.0541563 0)
(-0.00440515 -0.0482878 0)
(-0.00337533 -0.0506954 0)
(0.00288624 -0.0463031 0)
(0.00413298 -0.0486828 0)
(0.00120519 -0.0464041 0)
(0.00254061 -0.048523 0)
(0.00466971 -0.0506445 0)
(0.003753 -0.0525459 0)
(0.00237511 -0.0555973 0)
(-0.00174269 -0.0561591 0)
(-0.00341998 -0.0531214 0)
(-0.00321379 -0.0511476 0)
(-0.00243659 -0.0585523 0)
(-0.00506156 -0.0500262 0)
(-0.0034049 -0.0490509 0)
(0.000916419 -0.0522725 0)
(-0.000191458 -0.0470043 0)
(-8.54322e-05 -0.0524687 0)
(0.000824121 -0.0554435 0)
(0.00184122 -0.0555893 0)
(0.00219986 -0.0547881 0)
(0.00153577 -0.0496881 0)
(0.00192405 -0.0535598 0)
(0.000866461 -0.0498542 0)
(-0.00028352 -0.0483705 0)
(-0.000329277 -0.0534208 0)
(0.00397036 -0.0552486 0)
(0.00597179 -0.0622823 0)
(0.00203993 -0.0563533 0)
(-0.00371897 -0.0558351 0)
(-0.0029667 -0.0569647 0)
(-0.00284278 -0.0536239 0)
(7.13623e-05 -0.0579 0)
(0.002266 -0.0594174 0)
(0.00292219 -0.059761 0)
(0.00176948 -0.0541187 0)
(0.00170941 -0.051435 0)
(0.00205731 -0.0508234 0)
(0.000297621 -0.0548029 0)
(-0.0011954 -0.0485707 0)
(7.05255e-05 -0.0476866 0)
(0.000461179 -0.0488052 0)
(-0.000470774 -0.047362 0)
(-0.000821655 -0.0480583 0)
(-0.000894062 -0.0509386 0)
(-0.00345388 -0.0492794 0)
(-0.00204144 -0.0484355 0)
(0.00030597 -0.0488956 0)
(-0.00105116 -0.0483626 0)
(-0.00139679 -0.047933 0)
(0.00260515 -0.0450174 0)
(0.00116945 -0.043704 0)
(0.00179019 -0.048052 0)
(-0.000533554 -0.0475414 0)
(4.98366e-06 -0.0500221 0)
(0.000327461 -0.0485286 0)
(0.0003299 -0.0495042 0)
(0.00036606 -0.0523359 0)
(0.000638441 -0.0537822 0)
(0.00240537 -0.0495066 0)
(0.000740838 -0.0480812 0)
(0.00243868 -0.0405665 0)
(0.00231401 -0.0399459 0)
(0.00349718 -0.044407 0)
(0.00331914 -0.0501212 0)
(-0.000776259 -0.0480867 0)
(-0.00142934 -0.0451885 0)
(0.00252624 -0.0484905 0)
(0.00267389 -0.0493146 0)
(0.000512465 -0.0486868 0)
(-0.00210002 -0.048565 0)
(-0.00265371 -0.0538639 0)
(0.000425669 -0.0521712 0)
(0.00210405 -0.0503003 0)
(0.00468583 -0.0481016 0)
(0.00578616 -0.0491587 0)
(0.0057265 -0.0515609 0)
(0.00435354 -0.0504855 0)
(0.00192073 -0.0522386 0)
(-0.00225397 -0.055156 0)
(-0.00390903 -0.050895 0)
(-0.00220526 -0.0550312 0)
(-0.00212107 -0.0592751 0)
(-0.00706133 -0.0507706 0)
(-0.00228976 -0.0525149 0)
(0.000595337 -0.0548914 0)
(0.00371858 -0.0481513 0)
(0.00257103 -0.0560413 0)
(-0.00165921 -0.0541051 0)
(-0.000784214 -0.0549936 0)
(-0.000610264 -0.0552714 0)
(0.000341713 -0.0499715 0)
(0.00153427 -0.0527975 0)
(0.00212166 -0.0494125 0)
(0.00266503 -0.047692 0)
(0.00380032 -0.0517786 0)
(0.0043203 -0.0527383 0)
(0.00361458 -0.0520546 0)
(0.00132983 -0.0532286 0)
(-0.00117395 -0.049562 0)
(-0.00146631 -0.0552566 0)
(-0.00153462 -0.0542989 0)
(0.000905811 -0.0531241 0)
(0.000616562 -0.0548767 0)
(-0.00105808 -0.0552947 0)
(-0.00259317 -0.0531179 0)
(-6.80747e-05 -0.0515563 0)
(-0.000393002 -0.0505196 0)
(-0.00116184 -0.0475875 0)
(-0.00142938 -0.0469928 0)
(3.47684e-05 -0.0460618 0)
(-0.0036929 -0.0473724 0)
(-0.00290131 -0.0474398 0)
(-0.00102688 -0.0467023 0)
(-0.000257942 -0.0463983 0)
(-0.00193959 -0.046354 0)
(1.4247e-05 -0.0508672 0)
(-0.00089354 -0.0482038 0)
(-0.00407516 -0.0498352 0)
(-0.00317565 -0.0490774 0)
(0.00275683 -0.047754 0)
(0.00270937 -0.0479589 0)
(0.00324764 -0.0511576 0)
(0.00273303 -0.05079 0)
(0.0020919 -0.0497219 0)
(0.000244127 -0.0483268 0)
(-0.000641066 -0.0490215 0)
(-3.71029e-05 -0.0514215 0)
(-0.00100881 -0.0534129 0)
(-0.00149981 -0.0496846 0)
(-0.00334412 -0.0473608 0)
(-0.00138294 -0.0474151 0)
(0.00185226 -0.0508418 0)
(0.00401646 -0.0493805 0)
(0.00152557 -0.0477595 0)
(0.000420174 -0.0471713 0)
(0.00103153 -0.0492289 0)
(0.0040861 -0.0501658 0)
(0.00446929 -0.0496293 0)
(0.00340226 -0.0485876 0)
(0.000975034 -0.0490758 0)
(-0.00234297 -0.0504673 0)
(-0.00436576 -0.0536375 0)
(-0.00164219 -0.0498649 0)
(0.0086064 -0.0484474 0)
(0.00767324 -0.0472141 0)
(0.00731986 -0.0481116 0)
(0.00357569 -0.0512455 0)
(0.000775299 -0.0497849 0)
(0.00204583 -0.0470748 0)
(0.00575534 -0.0480784 0)
(0.000986532 -0.0520655 0)
(-0.0018192 -0.057206 0)
(0.000295005 -0.0447765 0)
(-0.00119762 -0.0544761 0)
(-0.00182577 -0.0556043 0)
(0.00193114 -0.0516694 0)
(0.00141452 -0.0481071 0)
(-0.00125363 -0.0487192 0)
(-0.00222883 -0.0549078 0)
(-0.000109127 -0.0496815 0)
(0.00105609 -0.0507024 0)
(2.29345e-05 -0.052344 0)
(0.00210638 -0.048172 0)
(0.00308221 -0.0504397 0)
(0.00428883 -0.0536707 0)
(0.00208692 -0.0501397 0)
(0.00361736 -0.0482622 0)
(0.000175114 -0.0524584 0)
(-0.0011265 -0.0493492 0)
(-0.00126688 -0.0473175 0)
(0.00086098 -0.0503858 0)
(0.000654397 -0.0493745 0)
(-0.000830011 -0.0482958 0)
(-0.00215893 -0.0469836 0)
(-0.00233784 -0.0493229 0)
(-0.00198887 -0.0485314 0)
(-0.00310293 -0.0469784 0)
(-0.00235521 -0.0481215 0)
(0.00109015 -0.0439308 0)
(-1.98493e-07 -0.0431296 0)
(-0.00119546 -0.0451726 0)
(-0.00323172 -0.0481086 0)
(-0.00291658 -0.05069 0)
(-0.00180737 -0.0498686 0)
(-0.00153319 -0.05009 0)
(-0.000907856 -0.0523381 0)
(-0.00211158 -0.0515466 0)
(-0.00191498 -0.0482946 0)
(0.000243532 -0.0515666 0)
(0.00320894 -0.0512102 0)
(0.00339718 -0.0513092 0)
(0.00335366 -0.052595 0)
(0.00304851 -0.0501157 0)
(0.00040807 -0.0485726 0)
(0.000909253 -0.0461519 0)
(0.000476998 -0.0480846 0)
(-6.17041e-05 -0.0505627 0)
(-0.000934912 -0.0526548 0)
(0.000418369 -0.0503421 0)
(0.000337804 -0.0487726 0)
(-0.000615697 -0.0515205 0)
(-0.00143971 -0.0556362 0)
(-0.000659884 -0.0501817 0)
(-0.00128545 -0.0491249 0)
(0.00110429 -0.0502028 0)
(0.000906048 -0.0492072 0)
(0.00232933 -0.0521027 0)
(0.00289767 -0.0486464 0)
(0.00537816 -0.0482425 0)
(0.00400744 -0.0469653 0)
(-0.00180154 -0.0487592 0)
(-0.00417822 -0.0500227 0)
(-0.00267722 -0.0506242 0)
(0.00508639 -0.0575362 0)
(0.00316519 -0.058578 0)
(0.00435106 -0.0537973 0)
(0.00494291 -0.0538853 0)
(0.0032932 -0.0512629 0)
(0.00358748 -0.0491011 0)
(0.00572652 -0.0536323 0)
(0.00133288 -0.0539889 0)
(-0.00435272 -0.0538314 0)
(0.00636851 -0.0515723 0)
(-0.00181548 -0.0553185 0)
(-0.00397543 -0.0560244 0)
(-0.00288043 -0.0549871 0)
(0.00195362 -0.0567842 0)
(0.00125146 -0.0505401 0)
(-0.00156651 -0.0547988 0)
(-0.00166805 -0.0518233 0)
(-0.000910705 -0.0510979 0)
(-0.000922267 -0.0495559 0)
(0.000727503 -0.0516134 0)
(0.00370216 -0.0533272 0)
(0.00343227 -0.0513779 0)
(0.000229202 -0.0488474 0)
(0.0027026 -0.049434 0)
(-0.00187056 -0.0492754 0)
(-0.00283637 -0.0460473 0)
(-0.00164575 -0.0476377 0)
(0.000203759 -0.0519227 0)
(-0.000734135 -0.0499676 0)
(-0.000970709 -0.0501235 0)
(-0.00195846 -0.0486734 0)
(-0.00386304 -0.0503945 0)
(-0.00438985 -0.04907 0)
(-0.00329343 -0.0474238 0)
(-0.0048522 -0.048115 0)
(-0.00271567 -0.0484624 0)
(0.000564914 -0.0524755 0)
(0.00419435 -0.050174 0)
(0.00562788 -0.0482287 0)
(9.38241e-06 -0.0534712 0)
(-0.00140598 -0.0510004 0)
(-0.00103869 -0.050317 0)
(-0.00235185 -0.05453 0)
(-0.00333316 -0.05278 0)
(-0.00217032 -0.0526436 0)
(0.000997952 -0.0568089 0)
(0.00137897 -0.0586869 0)
(0.00288075 -0.0538017 0)
(0.00188628 -0.0566685 0)
(0.00153378 -0.0568406 0)
(0.00342091 -0.0513305 0)
(0.00361999 -0.0494472 0)
(0.00216598 -0.0506675 0)
(0.000878383 -0.0509903 0)
(0.00156472 -0.0534552 0)
(0.00202373 -0.0490333 0)
(0.000546744 -0.0512346 0)
(-0.00152455 -0.0557094 0)
(-0.00308062 -0.0536056 0)
(-0.00254293 -0.0558604 0)
(0.00111815 -0.0569302 0)
(0.000712566 -0.05452 0)
(-3.09857e-05 -0.0518732 0)
(0.00137515 -0.054835 0)
(0.001649 -0.0488 0)
(0.00397575 -0.0460951 0)
(0.00463007 -0.0457682 0)
(0.0051995 -0.0456019 0)
(0.00466465 -0.0455207 0)
(0.00311871 -0.0506502 0)
(0.00200429 -0.0531451 0)
(0.00294619 -0.0566513 0)
(0.0019391 -0.0543923 0)
(0.00269281 -0.0539559 0)
(0.00252652 -0.0514126 0)
(0.000814848 -0.0505297 0)
(0.00238414 -0.0494649 0)
(-0.00516206 -0.0399614 0)
(-0.00596479 -0.0459806 0)
(0.00455181 -0.0505824 0)
(0.00126471 -0.0474433 0)
(-0.000957113 -0.0499289 0)
(-0.00312009 -0.0545822 0)
(-0.00176286 -0.0529896 0)
(0.000680873 -0.0501839 0)
(0.00154371 -0.0477771 0)
(0.000838121 -0.0477987 0)
(-0.000775121 -0.0521179 0)
(-0.00224957 -0.0506846 0)
(-0.000409907 -0.0517552 0)
(0.000824316 -0.0532188 0)
(0.00223885 -0.0507613 0)
(0.000847856 -0.0504724 0)
(-0.00263585 -0.0491624 0)
(-0.00223704 -0.0477995 0)
(0.000831781 -0.0454829 0)
(0.00323759 -0.0492916 0)
(6.01135e-05 -0.0527549 0)
(-0.000342963 -0.0509863 0)
(-0.00141977 -0.0510735 0)
(-0.00136635 -0.0506264 0)
(-0.0033349 -0.0529782 0)
(-0.00678923 -0.0494906 0)
(-0.00431401 -0.0490135 0)
(-0.00144218 -0.0471812 0)
(0.000550878 -0.0501124 0)
(0.00167985 -0.0519398 0)
(0.002588 -0.055408 0)
(0.00374264 -0.0528681 0)
(0.00335145 -0.0508397 0)
(0.00340578 -0.053473 0)
(0.0015246 -0.0548983 0)
(0.000551583 -0.0533772 0)
(-0.00552456 -0.0568879 0)
(-0.00476931 -0.0603243 0)
(-0.000334265 -0.0648338 0)
(-0.000565788 -0.0651469 0)
(-0.000319584 -0.0642236 0)
(-0.000277509 -0.0600412 0)
(-0.00148026 -0.0563129 0)
(0.00199492 -0.0556427 0)
(0.00415565 -0.0520188 0)
(0.00104342 -0.0504326 0)
(-9.91441e-05 -0.0500858 0)
(0.00305152 -0.0543275 0)
(0.00378345 -0.0502719 0)
(0.000440255 -0.0518089 0)
(-0.00533031 -0.0549188 0)
(-0.0062903 -0.0563167 0)
(-0.00318497 -0.053994 0)
(-0.000690262 -0.0562909 0)
(-0.00048824 -0.0547006 0)
(-0.000548472 -0.0537637 0)
(-0.00210653 -0.0548292 0)
(-0.00306184 -0.0538013 0)
(0.00101612 -0.0502296 0)
(0.0035961 -0.0543 0)
(0.0061718 -0.0509144 0)
(0.00629457 -0.0495983 0)
(0.00439911 -0.050526 0)
(0.00128118 -0.0524674 0)
(0.0013572 -0.050609 0)
(0.00194181 -0.050829 0)
(0.00344539 -0.0512298 0)
(0.00131822 -0.0509649 0)
(0.000195936 -0.0496194 0)
(-0.00322986 -0.0490754 0)
(-0.00463993 -0.0476104 0)
(-0.00322087 -0.0480008 0)
(0.00182095 -0.0493249 0)
(0.000630686 -0.0489861 0)
(0.000970303 -0.0451556 0)
(-0.00208594 -0.0481095 0)
(-0.00134123 -0.0482026 0)
(-0.00280083 -0.0472416 0)
(0.00245734 -0.0477368 0)
(0.00459501 -0.0471119 0)
(-0.00034397 -0.0451069 0)
(-0.00187445 -0.0449514 0)
(-0.00163963 -0.050433 0)
(-0.00257398 -0.0522495 0)
(-0.00198259 -0.0503244 0)
(0.00195217 -0.0438369 0)
(-0.0013188 -0.0457401 0)
(-0.00082072 -0.0499548 0)
(0.00108087 -0.0514453 0)
(0.00514184 -0.0534881 0)
(0.00147367 -0.0527875 0)
(-0.000874234 -0.0516795 0)
(-0.000132425 -0.0509499 0)
(-0.000357589 -0.0514822 0)
(-0.00328324 -0.0536428 0)
(-0.00524536 -0.0503946 0)
(-0.00167114 -0.0506403 0)
(0.00333648 -0.0560691 0)
(0.00727877 -0.0551314 0)
(-0.00146019 -0.0562121 0)
(-0.000123026 -0.0600428 0)
(0.00380033 -0.0613891 0)
(0.00229884 -0.0595108 0)
(0.00233093 -0.0583959 0)
(0.00226344 -0.0568511 0)
(0.00218207 -0.0548094 0)
(0.00626804 -0.056418 0)
(0.00266939 -0.058059 0)
(0.00227681 -0.0552478 0)
(-0.0031402 -0.0600953 0)
(-0.00355093 -0.0538142 0)
(-0.00585716 -0.0553177 0)
(-0.00261968 -0.0559004 0)
(-0.00132505 -0.0554438 0)
(0.000553688 -0.0509179 0)
(-0.000579956 -0.0496886 0)
(0.00113583 -0.0495824 0)
(0.00278619 -0.0523858 0)
(0.00405318 -0.0505408 0)
(0.00238378 -0.0484956 0)
(0.00193653 -0.0456657 0)
(-0.000467832 -0.0546688 0)
(-0.00564723 -0.0567022 0)
(-0.0013422 -0.0543005 0)
(-0.00193535 -0.0549591 0)
(-0.00242662 -0.0569436 0)
(-0.00336761 -0.0552446 0)
(-0.0030209 -0.0496659 0)
(-0.000934851 -0.0558431 0)
(0.00200075 -0.0543561 0)
(0.00435452 -0.0518552 0)
(0.00568956 -0.0491202 0)
(0.00470037 -0.0500067 0)
(-0.00161702 -0.0506033 0)
(-0.00214016 -0.0487646 0)
(0.00218093 -0.043597 0)
(0.00577096 -0.0430319 0)
(0.00275854 -0.04222 0)
(-0.000609233 -0.0457592 0)
(-0.00521795 -0.0490082 0)
(-0.00634236 -0.0444338 0)
(-0.00299232 -0.0462472 0)
(0.000990991 -0.0512825 0)
(-0.00112425 -0.0481816 0)
(-0.00103852 -0.0474803 0)
(-0.000586327 -0.0504864 0)
(-0.00249997 -0.047301 0)
(-0.00458275 -0.0480325 0)
(-0.00068039 -0.0492518 0)
(0.00239101 -0.0517739 0)
(0.00200928 -0.0508676 0)
(0.00224352 -0.0476784 0)
(0.0042266 -0.0497549 0)
(-0.000359077 -0.0500781 0)
(-0.00455795 -0.053211 0)
(-0.00552577 -0.0504555 0)
(0.00529669 -0.0448757 0)
(0.00681348 -0.0465815 0)
(0.00135522 -0.0476928 0)
(-0.00053631 -0.049752 0)
(0.00287782 -0.0415641 0)
(0.00268278 -0.0426282 0)
(0.00114926 -0.0443977 0)
(0.0051314 -0.0452381 0)
(0.000726986 -0.0483056 0)
(-0.00221004 -0.0457078 0)
(-0.00176956 -0.0465816 0)
(0.00109921 -0.0494616 0)
(0.00468624 -0.0547801 0)
(0.00383817 -0.0538456 0)
(0.00337111 -0.052122 0)
(0.00270092 -0.0553403 0)
(0.00208448 -0.0566353 0)
(0.000969127 -0.0551171 0)
(0.000440501 -0.0542405 0)
(0.00242813 -0.0537524 0)
(0.00321022 -0.0504932 0)
(0.00280744 -0.0503557 0)
(0.00116722 -0.0563548 0)
(-0.000734209 -0.0548966 0)
(-0.00597772 -0.0568497 0)
(-0.00748872 -0.053607 0)
(-0.00285135 -0.0511331 0)
(-0.00110776 -0.0506091 0)
(0.000265474 -0.0498383 0)
(0.000852054 -0.0521725 0)
(-6.52041e-05 -0.0541737 0)
(0.00233562 -0.0519579 0)
(0.00124896 -0.0527871 0)
(0.00226921 -0.0504453 0)
(0.00465806 -0.046445 0)
(0.00499119 -0.0481093 0)
(0.00368611 -0.0461168 0)
(-0.000614555 -0.0503838 0)
(-0.00242358 -0.0502502 0)
(-0.00197277 -0.0483604 0)
(-0.00531658 -0.0533741 0)
(-0.0054228 -0.0502199 0)
(-0.00183293 -0.048345 0)
(0.000285867 -0.0528574 0)
(-0.00182925 -0.0561471 0)
(0.000310759 -0.0506448 0)
(0.000786604 -0.0486871 0)
(0.00313551 -0.0471094 0)
(-0.000539361 -0.0473308 0)
(-0.00389375 -0.0469999 0)
(-0.00126814 -0.0475155 0)
(0.000982121 -0.044479 0)
(0.00220346 -0.0367509 0)
(0.000239009 -0.0378406 0)
(-0.000763354 -0.0404016 0)
(0.00269601 -0.0464837 0)
(0.000498205 -0.0479164 0)
(0.000101742 -0.0503269 0)
(0.000979755 -0.0488719 0)
(0.0018284 -0.0520681 0)
(0.000978096 -0.0518787 0)
(-0.000186783 -0.048744 0)
(0.000678805 -0.0472765 0)
(0.00162819 -0.0497667 0)
(0.00230346 -0.0502606 0)
(0.00195026 -0.0523395 0)
(0.000929831 -0.0543311 0)
(0.00409307 -0.0529508 0)
(-0.000160305 -0.0512159 0)
(-0.00552055 -0.0517015 0)
(-0.00635366 -0.0514183 0)
(-0.0031333 -0.05351 0)
(0.0029585 -0.0504761 0)
(0.00427313 -0.0479314 0)
(-0.0028617 -0.0505163 0)
(-0.00428686 -0.0513891 0)
(-0.00137619 -0.0484733 0)
(0.0024011 -0.0468958 0)
(0.00600472 -0.0465866 0)
(0.00414593 -0.0489297 0)
(0.00252389 -0.0440201 0)
(0.0032631 -0.0453478 0)
(0.00396028 -0.0480117 0)
(0.00592352 -0.0517667 0)
(0.00494874 -0.0539613 0)
(0.00274852 -0.0533441 0)
(0.00146513 -0.0541933 0)
(0.0019581 -0.0541268 0)
(-0.00115976 -0.0530435 0)
(0.000258987 -0.0517163 0)
(0.00412422 -0.0507375 0)
(0.00416952 -0.0487295 0)
(0.00611995 -0.0506231 0)
(0.000529988 -0.0570301 0)
(-0.00418118 -0.0494192 0)
(-0.00600365 -0.0504442 0)
(-0.00816002 -0.0538622 0)
(-0.00407399 -0.0515581 0)
(-6.85761e-05 -0.0565821 0)
(0.00207541 -0.050166 0)
(0.00206252 -0.0544379 0)
(-0.000196878 -0.0555272 0)
(-0.000729693 -0.052606 0)
(-0.00264625 -0.0536583 0)
(-0.00111491 -0.0508801 0)
(0.00224797 -0.048706 0)
(0.00379527 -0.0487414 0)
(0.00327099 -0.0473073 0)
(0.00297954 -0.0505357 0)
(-0.000620839 -0.0503223 0)
(-0.0028714 -0.0513026 0)
(-0.00451282 -0.0508081 0)
(-0.00451611 -0.0505093 0)
(-0.00120341 -0.0550829 0)
(-0.000671161 -0.0512005 0)
(-0.000682848 -0.0504332 0)
(-0.000397629 -0.0482702 0)
(0.000993733 -0.0535867 0)
(0.00222463 -0.0499427 0)
(-0.00223923 -0.0473415 0)
(-0.0055158 -0.0464536 0)
(-0.00532612 -0.0473004 0)
(-0.00451497 -0.0432792 0)
(0.000591351 -0.0404626 0)
(0.00623377 -0.0400863 0)
(0.0063278 -0.0419462 0)
(0.00610958 -0.0474907 0)
(0.00258267 -0.0492021 0)
(0.000263276 -0.0543882 0)
(0.00202785 -0.0539449 0)
(-0.00150726 -0.0519233 0)
(-0.00185636 -0.0508493 0)
(0.00132008 -0.0504889 0)
(0.00231213 -0.0510167 0)
(0.00381422 -0.0473178 0)
(0.00313919 -0.0462641 0)
(0.00136117 -0.0554503 0)
(0.0011022 -0.0503589 0)
(-0.00366047 -0.0502279 0)
(-0.00485156 -0.0529447 0)
(-0.00795645 -0.0493451 0)
(-0.00507981 -0.0546366 0)
(-0.000844819 -0.0556419 0)
(0.00172334 -0.052672 0)
(-0.000220478 -0.0487268 0)
(-0.00235192 -0.0512544 0)
(-0.00176186 -0.0522297 0)
(0.000626879 -0.0546638 0)
(0.00101068 -0.0500964 0)
(0.00338783 -0.0493483 0)
(0.00332913 -0.0462868 0)
(0.00640537 -0.0483791 0)
(0.00769089 -0.0502173 0)
(0.00835358 -0.0550921 0)
(0.00599313 -0.0528743 0)
(0.00338542 -0.0511009 0)
(0.000168484 -0.0539662 0)
(-0.000126163 -0.0504802 0)
(-0.00229475 -0.0500206 0)
(-0.000139207 -0.0471902 0)
(0.00247691 -0.0469691 0)
(0.00286487 -0.0461678 0)
(4.23895e-05 -0.0432373 0)
(-0.00344064 -0.0391586 0)
(-0.00709837 -0.0431803 0)
(-0.00451169 -0.0432212 0)
(-0.00374428 -0.0430292 0)
(-0.00198676 -0.0518508 0)
(6.47291e-05 -0.0578491 0)
(0.0027159 -0.0528376 0)
(0.00124916 -0.0512613 0)
(-0.00202996 -0.0513209 0)
(-0.00359485 -0.0536491 0)
(-0.00414867 -0.0504724 0)
(-0.00285443 -0.0496532 0)
(0.00064759 -0.0502401 0)
(0.00292231 -0.0500073 0)
(0.00528845 -0.0537788 0)
(0.00606715 -0.0511668 0)
(0.000685615 -0.050513 0)
(-0.00339182 -0.0534052 0)
(-0.00617965 -0.0501368 0)
(-0.00373651 -0.0478847 0)
(-0.000960906 -0.0547657 0)
(-0.00228448 -0.0514101 0)
(-0.000990481 -0.0488247 0)
(0.000181156 -0.0505279 0)
(-0.000450466 -0.0557126 0)
(-0.000413374 -0.0489848 0)
(-0.00576118 -0.044265 0)
(-0.00750831 -0.042749 0)
(-0.00790173 -0.0466392 0)
(-0.00592778 -0.0459994 0)
(-0.00298733 -0.0468005 0)
(0.00257857 -0.0488718 0)
(0.00845801 -0.0474525 0)
(0.00899978 -0.0469669 0)
(0.00506747 -0.0505351 0)
(0.000736272 -0.050492 0)
(0.000576044 -0.0538214 0)
(-0.0031796 -0.0515867 0)
(-0.00140169 -0.0511417 0)
(0.00145091 -0.0524044 0)
(0.00142854 -0.0551239 0)
(0.000422574 -0.0491277 0)
(0.00346028 -0.0500358 0)
(0.00522102 -0.0513188 0)
(0.00366533 -0.0508075 0)
(0.000982934 -0.0507265 0)
(-0.000213735 -0.0486096 0)
(-0.00527113 -0.0517427 0)
(-0.00536522 -0.0581946 0)
(-0.00338998 -0.05664 0)
(-0.00144952 -0.0514906 0)
(0.000376994 -0.049748 0)
(-0.00384878 -0.0552218 0)
(-0.00513316 -0.0581375 0)
(-0.00255782 -0.0560042 0)
(-0.00218874 -0.0531062 0)
(0.00152871 -0.0522063 0)
(0.00561662 -0.0540119 0)
(0.00828608 -0.0556091 0)
(0.00904912 -0.053018 0)
(0.00849365 -0.0539956 0)
(0.00473582 -0.0495512 0)
(0.000709331 -0.0470987 0)
(-0.000414945 -0.0492806 0)
(-0.00250902 -0.0489606 0)
(-0.00697962 -0.0433229 0)
(0.000977487 -0.038658 0)
(0.00393086 -0.035714 0)
(0.00221072 -0.043607 0)
(-0.00128019 -0.036836 0)
(-6.57349e-05 -0.0426123 0)
(0.00381279 -0.0480158 0)
(0.00459916 -0.0482281 0)
(0.0056194 -0.0431948 0)
(0.00443535 -0.0492948 0)
(-8.18574e-05 -0.0565762 0)
(-0.00282467 -0.0520854 0)
(-0.00276358 -0.0473701 0)
(-0.00285453 -0.0497034 0)
(-0.00415168 -0.0494869 0)
(-0.00298154 -0.0495274 0)
(-0.000436278 -0.0492219 0)
(0.00134052 -0.0536042 0)
(0.00240317 -0.0523923 0)
(0.00403337 -0.0550235 0)
(0.00401572 -0.0493209 0)
(-0.000948559 -0.0476944 0)
(-0.0041428 -0.0489723 0)
(-0.005017 -0.0482667 0)
(-0.00375076 -0.0463409 0)
(0.000178636 -0.0504837 0)
(0.000585657 -0.0550453 0)
(0.000728362 -0.0515894 0)
(0.0011212 -0.0502707 0)
(-0.00247883 -0.0550031 0)
(-0.00591116 -0.0498821 0)
(-0.00631942 -0.0480888 0)
(-0.0037151 -0.0535209 0)
(-0.00467976 -0.0502753 0)
(-0.00501644 -0.0507689 0)
(-0.00259962 -0.0472809 0)
(0.00255236 -0.0511334 0)
(0.00531049 -0.055169 0)
(0.00752495 -0.0507074 0)
(0.00610113 -0.0499564 0)
(0.0015504 -0.0486182 0)
(0.00469873 -0.0457113 0)
(0.00372493 -0.0471369 0)
(0.00373292 -0.0455902 0)
(0.00222612 -0.0494701 0)
(0.000889114 -0.0525924 0)
(-0.0008394 -0.0555692 0)
(-0.00119793 -0.0525384 0)
(0.000843617 -0.0528969 0)
(0.00447493 -0.0552975 0)
(0.00398156 -0.0514556 0)
(0.00156866 -0.051217 0)
(0.000764302 -0.0486733 0)
(-0.00230753 -0.0493556 0)
(-0.00567432 -0.0545823 0)
(-0.00648804 -0.0520592 0)
(0.000867224 -0.050552 0)
(0.00501619 -0.0517165 0)
(0.00202693 -0.050635 0)
(-0.00214505 -0.0516132 0)
(-0.00426575 -0.05537 0)
(-0.00257206 -0.0532428 0)
(0.00134498 -0.0519591 0)
(0.00317321 -0.0529736 0)
(0.00453401 -0.0519279 0)
(0.00391057 -0.0469404 0)
(0.00332844 -0.0427587 0)
(0.00204033 -0.0454757 0)
(-0.00435775 -0.0431626 0)
(-0.00743823 -0.0424904 0)
(-0.00622595 -0.0396219 0)
(-0.0090267 -0.0444292 0)
(-0.00588365 -0.0477926 0)
(-0.00090717 -0.0474628 0)
(0.00537855 -0.0468766 0)
(0.00522646 -0.0481458 0)
(0.00503941 -0.0468972 0)
(0.00323098 -0.051964 0)
(0.00581857 -0.0479233 0)
(0.00795949 -0.0457766 0)
(0.00343495 -0.0484388 0)
(-0.00512274 -0.0479077 0)
(-0.00765854 -0.0446635 0)
(-0.00606857 -0.0462203 0)
(-0.00286609 -0.0464167 0)
(-0.00333216 -0.0477169 0)
(-0.000965682 -0.048027 0)
(0.000771183 -0.0484304 0)
(0.00307057 -0.0533716 0)
(0.00195383 -0.0531002 0)
(-0.00177129 -0.0539153 0)
(-0.00383959 -0.050844 0)
(0.000107443 -0.04421 0)
(-0.00133359 -0.0443208 0)
(0.00501749 -0.0448265 0)
(0.00467997 -0.04892 0)
(0.0026855 -0.0495062 0)
(-0.000864041 -0.0557471 0)
(-0.00356201 -0.0498335 0)
(-0.00247631 -0.0477843 0)
(-0.00414091 -0.0488308 0)
(-0.00293677 -0.0461832 0)
(-0.00174511 -0.0527716 0)
(-0.0018505 -0.0561937 0)
(-0.00563302 -0.0526255 0)
(-0.00503501 -0.0522341 0)
(0.000484166 -0.0614452 0)
(0.00156029 -0.0636852 0)
(0.00333734 -0.0644828 0)
(0.0039802 -0.0575136 0)
(0.00306158 -0.0546907 0)
(0.00705405 -0.0489644 0)
(0.00729547 -0.0486434 0)
(0.00731898 -0.046043 0)
(0.00576365 -0.0487072 0)
(0.000937242 -0.0532365 0)
(-0.00134247 -0.0522127 0)
(-0.00149855 -0.0498277 0)
(0.00094727 -0.0558013 0)
(0.00237269 -0.0544371 0)
(0.00120471 -0.0524327 0)
(0.000630424 -0.0514589 0)
(0.00214898 -0.0488505 0)
(-0.00190183 -0.0477467 0)
(-0.00363515 -0.0502354 0)
(-0.00570221 -0.0511885 0)
(-0.00241934 -0.0550892 0)
(0.0014993 -0.0511016 0)
(0.00129863 -0.0477384 0)
(-0.00119706 -0.0495946 0)
(-0.00253849 -0.0500614 0)
(-0.00161219 -0.0484327 0)
(0.00113315 -0.0509828 0)
(0.00173546 -0.0538897 0)
(0.0015535 -0.0496429 0)
(0.000430663 -0.0477042 0)
(0.000641791 -0.0469901 0)
(0.00497807 -0.0455281 0)
(-0.00274886 -0.040175 0)
(-0.00327275 -0.0424669 0)
(-0.0041677 -0.0481804 0)
(-0.00260418 -0.0485446 0)
(-0.00203481 -0.049512 0)
(-0.000593528 -0.0538601 0)
(0.00231566 -0.0536758 0)
(0.00511205 -0.0486216 0)
(0.00513115 -0.0490137 0)
(0.00211224 -0.0525293 0)
(-0.00204889 -0.0482994 0)
(0.0016564 -0.0398596 0)
(-0.0033971 -0.0365505 0)
(-0.00555667 -0.0395016 0)
(-0.00666289 -0.0435594 0)
(0.000834896 -0.0490613 0)
(0.00263838 -0.0487284 0)
(0.00534894 -0.0501187 0)
(0.00445733 -0.0482304 0)
(0.00159225 -0.0495669 0)
(0.00287337 -0.0532616 0)
(0.0014559 -0.0501437 0)
(-0.00377347 -0.0500533 0)
(-0.00636025 -0.0498011 0)
(-0.00586836 -0.0481691 0)
(0.00167596 -0.049322 0)
(0.00456968 -0.0465729 0)
(0.00540714 -0.0494915 0)
(0.00159394 -0.0493169 0)
(-0.00118711 -0.0486731 0)
(-0.00400738 -0.0477054 0)
(0.000332133 -0.0506332 0)
(0.000624675 -0.048111 0)
(0.00139984 -0.0485816 0)
(0.000485298 -0.0544268 0)
(-0.00383625 -0.0559031 0)
(-0.00201064 -0.0544187 0)
(0.000518551 -0.0567336 0)
(0.000781073 -0.0610069 0)
(0.000747165 -0.0604995 0)
(-0.000207572 -0.0588797 0)
(4.8034e-05 -0.0558025 0)
(-0.000244457 -0.0536659 0)
(0.00575388 -0.0585368 0)
(0.00577598 -0.0602094 0)
(0.00636358 -0.0588501 0)
(0.00653178 -0.0559422 0)
(0.00278992 -0.0520553 0)
(0.000531663 -0.0498983 0)
(0.000523227 -0.0503254 0)
(0.000993659 -0.0545876 0)
(-0.000267652 -0.0540873 0)
(-0.00259225 -0.0521335 0)
(-0.00172814 -0.052229 0)
(0.000798538 -0.0505674 0)
(0.00193098 -0.0495439 0)
(0.00188641 -0.0448818 0)
(-0.00285962 -0.0485439 0)
(-0.0025222 -0.0548721 0)
(-0.00440743 -0.0515078 0)
(-0.000200474 -0.0546346 0)
(0.00010947 -0.050897 0)
(-0.0016417 -0.0499663 0)
(-0.00212666 -0.0489331 0)
(0.000215298 -0.0527944 0)
(0.000669969 -0.053344 0)
(0.00173614 -0.0519706 0)
(0.000330952 -0.0526613 0)
(-0.00137087 -0.0506982 0)
(-0.000488637 -0.0472531 0)
(0.000978426 -0.0476773 0)
(0.00312538 -0.0502183 0)
(-0.000510869 -0.0493002 0)
(-0.000469576 -0.0478242 0)
(-0.0017304 -0.0480305 0)
(-0.00175111 -0.0558238 0)
(-0.000856989 -0.0512724 0)
(0.0025627 -0.0515368 0)
(0.00213801 -0.0506556 0)
(-0.000415791 -0.045304 0)
(-0.00498713 -0.0472318 0)
(0.000994899 -0.0383128 0)
(0.00254517 -0.0384659 0)
(6.18959e-05 -0.0368836 0)
(-0.00329514 -0.0452866 0)
(0.00211296 -0.0477053 0)
(0.00367396 -0.0515151 0)
(0.00516169 -0.0505615 0)
(0.00400951 -0.0498251 0)
(0.00398633 -0.049663 0)
(0.000776069 -0.0503184 0)
(-0.00622445 -0.0404144 0)
(-0.0078836 -0.0397901 0)
(-0.00517601 -0.044502 0)
(-0.00471312 -0.0468507 0)
(0.0011876 -0.0485867 0)
(0.00515402 -0.0480304 0)
(0.00174958 -0.0479943 0)
(-1.03865e-05 -0.046123 0)
(0.00212682 -0.0462044 0)
(0.00161297 -0.0484227 0)
(0.00272173 -0.049711 0)
(0.00264986 -0.0481979 0)
(0.0018417 -0.0493005 0)
(-0.000584636 -0.0533159 0)
(-0.00326883 -0.0543395 0)
(-0.00214115 -0.0517271 0)
(-0.000702216 -0.0546018 0)
(-0.00166556 -0.0571884 0)
(-0.000894439 -0.0557618 0)
(-0.000521448 -0.0541535 0)
(-0.000745285 -0.054625 0)
(0.000576036 -0.0522869 0)
(0.00202373 -0.0565454 0)
(0.00521932 -0.0591789 0)
(0.00593378 -0.0598848 0)
(0.00529414 -0.0544585 0)
(0.00133264 -0.0504107 0)
(-0.000128171 -0.0487675 0)
(0.000673796 -0.0510204 0)
(-0.00199155 -0.051602 0)
(-0.0036184 -0.0520531 0)
(-0.00188925 -0.0490339 0)
(-0.00119215 -0.0531916 0)
(-0.00472454 -0.0500153 0)
(-0.00209187 -0.0501145 0)
(0.000994315 -0.0492889 0)
(0.000375999 -0.0486314 0)
(0.00124055 -0.0455026 0)
(-0.00125681 -0.0459558 0)
(-0.000480329 -0.053436 0)
(-0.00165064 -0.0487938 0)
(0.00379725 -0.0535655 0)
(0.00206648 -0.0563997 0)
(0.0016999 -0.0522344 0)
(-0.000388654 -0.0525654 0)
(-0.00126681 -0.0557586 0)
(-0.000839132 -0.0534427 0)
(-0.00336582 -0.0527119 0)
(-0.00116107 -0.0537484 0)
(0.0010773 -0.0520129 0)
(0.00368133 -0.0512731 0)
(0.00350818 -0.0515734 0)
(0.00144076 -0.0490114 0)
(0.000210265 -0.0489813 0)
(-0.00225488 -0.0536784 0)
(-0.00207634 -0.0528184 0)
(-0.00242778 -0.0515744 0)
(-0.00194211 -0.0496361 0)
(-0.00632412 -0.0457928 0)
(-0.00649192 -0.0466429 0)
(-0.000682789 -0.04867 0)
(0.00171852 -0.0419684 0)
(0.00603411 -0.0398211 0)
(0.00567491 -0.0426542 0)
(0.00584811 -0.0475165 0)
(0.00527427 -0.0528215 0)
(0.00386035 -0.0503742 0)
(0.00253694 -0.0503973 0)
(0.00329068 -0.0473172 0)
(-0.00639168 -0.0423552 0)
(-0.00842314 -0.0398643 0)
(-0.00759855 -0.0471954 0)
(-0.00483855 -0.0449716 0)
(0.00117106 -0.0455268 0)
(0.0024677 -0.0478119 0)
(0.00340211 -0.0503125 0)
(0.00139889 -0.0500886 0)
(0.00231386 -0.0488638 0)
(0.00248386 -0.0468401 0)
(0.000404131 -0.048446 0)
(0.00312009 -0.048936 0)
(0.00390413 -0.0546668 0)
(0.00493802 -0.0510215 0)
(0.00372404 -0.050463 0)
(0.00132802 -0.0502555 0)
(6.08501e-05 -0.0528406 0)
(-0.00181372 -0.0542029 0)
(-0.00315483 -0.0568536 0)
(-0.00316485 -0.058271 0)
(-0.00334027 -0.0563486 0)
(-0.00204622 -0.0535815 0)
(0.00174536 -0.0519786 0)
(0.00194671 -0.0474776 0)
(0.0034535 -0.048471 0)
(0.00376708 -0.0489415 0)
(0.000824144 -0.0531476 0)
(-0.001989 -0.0501371 0)
(-0.00151192 -0.0472333 0)
(-0.000703141 -0.0483075 0)
(-0.00178001 -0.048751 0)
(-0.00174545 -0.0484032 0)
(-0.00211917 -0.043507 0)
(-0.000302374 -0.0453388 0)
(-0.000511087 -0.0466755 0)
(-0.00307344 -0.0504886 0)
(-0.00322933 -0.0496609 0)
(-0.00235126 -0.0488772 0)
(0.000173212 -0.0490155 0)
(0.00306201 -0.0500465 0)
(0.00320732 -0.0486785 0)
(0.00294787 -0.0485374 0)
(0.00147599 -0.0503818 0)
(0.00190646 -0.0511624 0)
(0.0011027 -0.0552927 0)
(0.00044813 -0.053085 0)
(-0.00128607 -0.0549457 0)
(-0.00181324 -0.0555141 0)
(-0.00340913 -0.0545464 0)
(-0.00438428 -0.0543021 0)
(-0.00187209 -0.0534091 0)
(-4.76128e-05 -0.0553419 0)
(0.00120554 -0.0533837 0)
(0.00318072 -0.0542694 0)
(0.00305181 -0.0501629 0)
(0.00337048 -0.0493794 0)
(-0.00118945 -0.0538926 0)
(-0.00344207 -0.0490106 0)
(-0.0067854 -0.0537366 0)
(-0.00624621 -0.0492519 0)
(-0.00369493 -0.0461546 0)
(-0.00617143 -0.0504275 0)
(-0.00460677 -0.0522744 0)
(-0.0016219 -0.0533431 0)
(0.00165799 -0.054519 0)
(0.00379274 -0.0511675 0)
(0.00623386 -0.0538179 0)
(0.00592864 -0.0505078 0)
(0.00386673 -0.0506834 0)
(0.00397078 -0.0492993 0)
(-0.00285656 -0.0472093 0)
(-0.00599035 -0.0464306 0)
(-0.0081449 -0.0481224 0)
(-0.00648687 -0.0482462 0)
(-0.00368354 -0.0463071 0)
(0.00267298 -0.0490817 0)
(0.00258772 -0.0483486 0)
(0.00350003 -0.0526062 0)
(0.00045805 -0.0497467 0)
(0.0038416 -0.0509124 0)
(0.00272458 -0.049948 0)
(0.00523859 -0.050671 0)
(0.00448356 -0.050428 0)
(0.0040451 -0.054913 0)
(0.00433279 -0.0535357 0)
(0.00395252 -0.0503111 0)
(0.00343817 -0.0517347 0)
(0.00244978 -0.0538791 0)
(0.00103477 -0.0548612 0)
(-0.00344266 -0.0585807 0)
(-0.00463457 -0.0602572 0)
(-0.00638333 -0.0602576 0)
(-0.00511673 -0.0621161 0)
(3.17974e-05 -0.0609585 0)
(0.00349286 -0.0363262 0)
(0.00136604 -0.0315659 0)
(0.0041854 -0.031676 0)
(0.000902847 -0.0363208 0)
(0.00469377 -0.0385831 0)
(0.00703962 -0.0393792 0)
(0.00422935 -0.0426611 0)
(-0.00342939 -0.0410412 0)
(-0.00320086 -0.0400852 0)
(-0.0036105 -0.0403676 0)
(0.00334444 -0.042739 0)
(0.00114792 -0.0444946 0)
(0.000358112 -0.0470063 0)
(-0.00307852 -0.0508553 0)
(0.000741123 -0.0503248 0)
(0.00158438 -0.0520128 0)
(0.00220465 -0.0500821 0)
(0.00316969 -0.0490244 0)
(0.00311448 -0.0495 0)
(0.00329726 -0.0495712 0)
(0.00110707 -0.0539585 0)
(-0.000330035 -0.0511259 0)
(0.000183212 -0.0533922 0)
(0.00069044 -0.0523934 0)
(-0.00431343 -0.0556276 0)
(-0.0064949 -0.057174 0)
(-0.00398036 -0.0578538 0)
(-0.00203138 -0.0534049 0)
(-0.00239405 -0.0539398 0)
(-0.000235487 -0.054362 0)
(0.000819451 -0.054326 0)
(0.00265818 -0.0508161 0)
(0.00177652 -0.0504717 0)
(-0.000704047 -0.0502169 0)
(-0.00358978 -0.0467046 0)
(-0.00400879 -0.0472586 0)
(-0.00136421 -0.0517644 0)
(0.00129873 -0.0535675 0)
(-0.000638401 -0.0514287 0)
(-0.00217626 -0.0522918 0)
(-0.00215279 -0.0515146 0)
(0.000449037 -0.0562323 0)
(0.00147251 -0.0525825 0)
(0.00298701 -0.0543156 0)
(0.00358667 -0.0494031 0)
(0.000339981 -0.0490124 0)
(-0.00190698 -0.046663 0)
(-0.00312542 -0.0457092 0)
(-0.00379455 -0.0467866 0)
(-0.00704383 -0.048048 0)
(-0.00607899 -0.0480904 0)
(-0.00144328 -0.051323 0)
(0.00296299 -0.0518705 0)
(0.00226913 -0.0514329 0)
(0.00266034 -0.0513712 0)
(0.00320115 -0.0527586 0)
(0.00508131 -0.053806 0)
(0.00643523 -0.0569978 0)
(0.00460231 -0.0553996 0)
(0.00409486 -0.0515746 0)
(0.00324307 -0.0549991 0)
(0.00361767 -0.0501927 0)
(0.00462198 -0.0490156 0)
(0.00496193 -0.0523997 0)
(0.00463096 -0.050952 0)
(0.00362821 -0.0504399 0)
(-2.422e-05 -0.0591312 0)
(-0.0047992 -0.0612157 0)
(-0.00666858 -0.061423 0)
(-0.00804266 -0.066032 0)
(-0.00371244 -0.0631471 0)
(0.00162649 -0.0402124 0)
(0.00387078 -0.0383682 0)
(0.00552864 -0.0385301 0)
(0.00710053 -0.0349289 0)
(0.00262616 -0.0397073 0)
(0.00336619 -0.0451949 0)
(-0.000139327 -0.0458649 0)
(-0.00602153 -0.0401095 0)
(-0.00396398 -0.0427963 0)
(-0.00126315 -0.0436886 0)
(0.00200426 -0.0490913 0)
(0.00401408 -0.0490745 0)
(0.00430358 -0.0505396 0)
(0.00148023 -0.0482803 0)
(0.00160548 -0.0471817 0)
(0.00149647 -0.052515 0)
(0.00202978 -0.0492093 0)
(0.00266319 -0.0529093 0)
(0.00444472 -0.0490265 0)
(0.00480535 -0.0489222 0)
(0.00548552 -0.0502637 0)
(0.0053405 -0.0533409 0)
(0.00474888 -0.0536058 0)
(0.00204177 -0.0551553 0)
(0.000596549 -0.0499623 0)
(-0.00516083 -0.0547523 0)
(-0.00459206 -0.0569966 0)
(-0.00513441 -0.055944 0)
(-0.00393413 -0.0569223 0)
(-0.00143263 -0.0552913 0)
(-0.00162938 -0.0534352 0)
(-0.00106584 -0.0536592 0)
(2.76051e-05 -0.0543218 0)
(-0.000379379 -0.0531092 0)
(-0.000459471 -0.0548077 0)
(-0.000269888 -0.0507706 0)
(-0.000365537 -0.0521266 0)
(0.000649508 -0.0530538 0)
(-0.00203799 -0.0522147 0)
(-0.00334126 -0.0481234 0)
(-0.00283822 -0.051273 0)
(-0.000451616 -0.0547541 0)
(0.000370409 -0.0550882 0)
(0.000731882 -0.0512192 0)
(-0.00021166 -0.04889 0)
(-0.000976635 -0.0467261 0)
(0.00090836 -0.0463154 0)
(0.00170586 -0.048221 0)
(0.0014717 -0.0453524 0)
(-0.00175937 -0.0482112 0)
(-0.00164088 -0.0484269 0)
(0.00173748 -0.0529909 0)
(0.00268948 -0.0525067 0)
(0.00179044 -0.0499241 0)
(0.00507893 -0.0553509 0)
(0.00329629 -0.0562285 0)
(0.00574856 -0.0550519 0)
(0.00408753 -0.0530725 0)
(0.000545227 -0.0556794 0)
(-0.00230571 -0.0514039 0)
(0.000282059 -0.0514671 0)
(0.00371139 -0.0496941 0)
(0.00651124 -0.0481265 0)
(0.00797069 -0.0501821 0)
(0.00366623 -0.0494359 0)
(0.00394329 -0.0479322 0)
(0.00327343 -0.0473618 0)
(-0.000416701 -0.0460256 0)
(-0.00252488 -0.0495584 0)
(-0.00268768 -0.0560034 0)
(-0.00523285 -0.0584862 0)
(-0.00147078 -0.0413096 0)
(-0.0012448 -0.0458138 0)
(0.00233518 -0.0500864 0)
(0.00313877 -0.0502443 0)
(0.0055304 -0.051786 0)
(0.00367066 -0.0509987 0)
(0.0026618 -0.0499665 0)
(0.00283189 -0.0512998 0)
(0.00174053 -0.0485057 0)
(0.00104235 -0.0506603 0)
(0.00114478 -0.0561586 0)
(0.00129162 -0.0501113 0)
(0.00215287 -0.0502717 0)
(0.000954349 -0.0480637 0)
(0.0023073 -0.0490813 0)
(0.0039488 -0.0507476 0)
(0.00387541 -0.0486969 0)
(0.00555973 -0.051021 0)
(0.00629354 -0.0548542 0)
(0.00517553 -0.0497095 0)
(0.00510113 -0.0492636 0)
(0.00469999 -0.0531149 0)
(0.00449173 -0.0536718 0)
(0.00136386 -0.0533065 0)
(-0.00219075 -0.050804 0)
(-0.00256453 -0.0501211 0)
(-0.00361919 -0.0506213 0)
(-0.00121461 -0.0529298 0)
(-0.000102722 -0.0548265 0)
(-0.00147221 -0.0543369 0)
(-0.0027555 -0.0557232 0)
(-0.00190592 -0.0519206 0)
(-0.00201988 -0.0537282 0)
(-0.00233423 -0.0526329 0)
(-0.000954276 -0.0549512 0)
(-0.000803027 -0.0509187 0)
(-0.00166805 -0.0529484 0)
(-0.00163356 -0.0495421 0)
(4.89571e-05 -0.046319 0)
(0.000989192 -0.0499804 0)
(0.00234839 -0.0533298 0)
(0.00109455 -0.0516479 0)
(-0.0010559 -0.054328 0)
(-0.00435541 -0.051065 0)
(-0.00741877 -0.0489243 0)
(-0.00436981 -0.0453334 0)
(0.00128816 -0.0508342 0)
(0.00222519 -0.0517453 0)
(0.00291447 -0.048593 0)
(0.00228974 -0.0509635 0)
(0.00215242 -0.051965 0)
(0.00311731 -0.052958 0)
(0.00337049 -0.0533633 0)
(0.00286635 -0.0515043 0)
(0.00217126 -0.0517986 0)
(0.00170614 -0.0557813 0)
(0.00361793 -0.0548954 0)
(0.00320358 -0.0520691 0)
(-0.000244627 -0.0517415 0)
(-0.00251146 -0.0503919 0)
(0.000671876 -0.0535712 0)
(0.00326894 -0.0494412 0)
(0.0034892 -0.0478563 0)
(0.00311064 -0.0473376 0)
(0.000117043 -0.0468884 0)
(0.00103644 -0.0457535 0)
(0.00201239 -0.0439235 0)
(0.00268788 -0.0423575 0)
(-0.00784468 -0.0392471 0)
(-0.00656209 -0.0377763 0)
(-0.00338768 -0.0413835 0)
(0.00239649 -0.0617603 0)
(0.00335848 -0.0613255 0)
(0.00354515 -0.0568424 0)
(0.00326393 -0.0540922 0)
(0.00164506 -0.0533121 0)
(0.00310088 -0.0509198 0)
(0.00324799 -0.0499737 0)
(0.002346 -0.0485475 0)
(0.00118173 -0.0507543 0)
(-0.000362004 -0.0568765 0)
(-0.00139592 -0.0520148 0)
(0.000203122 -0.0510183 0)
(-0.00030446 -0.0518626 0)
(0.00318062 -0.0524357 0)
(0.00521088 -0.052143 0)
(0.00344269 -0.0496986 0)
(0.00527652 -0.0524714 0)
(0.00562443 -0.0546098 0)
(0.00460161 -0.0504592 0)
(0.00586244 -0.048053 0)
(0.00441856 -0.0532331 0)
(0.000897773 -0.0524651 0)
(-0.000436696 -0.0516792 0)
(-0.00250072 -0.0503389 0)
(-0.00141923 -0.0518332 0)
(-0.00110786 -0.0506317 0)
(-0.0011945 -0.053156 0)
(-0.00189054 -0.0562984 0)
(-0.00337798 -0.0531587 0)
(-0.00244056 -0.0495988 0)
(-0.0012835 -0.0498123 0)
(0.00150345 -0.052974 0)
(-0.00102561 -0.0549757 0)
(-0.00181488 -0.053382 0)
(-0.0039245 -0.0508046 0)
(-0.00327591 -0.0512414 0)
(-0.000816891 -0.0533135 0)
(0.00069206 -0.0505786 0)
(0.00127415 -0.0506274 0)
(-0.00071992 -0.0544282 0)
(-0.00174918 -0.0492632 0)
(-0.00351646 -0.0470297 0)
(-0.00454452 -0.0505669 0)
(-0.00164037 -0.0491734 0)
(0.000375822 -0.0549717 0)
(0.000761056 -0.0537061 0)
(0.00097785 -0.0556612 0)
(0.00394398 -0.0532534 0)
(0.00206922 -0.0503044 0)
(-0.000212081 -0.051851 0)
(0.000617252 -0.0543457 0)
(0.000890649 -0.0536222 0)
(0.00549526 -0.0513972 0)
(0.00435902 -0.0490824 0)
(0.000911515 -0.0528822 0)
(-0.0016494 -0.0509107 0)
(-0.0016168 -0.0497322 0)
(-0.000369777 -0.0433143 0)
(9.78309e-05 -0.0483023 0)
(-0.000643963 -0.049987 0)
(0.000162609 -0.0483012 0)
(0.00194911 -0.0482432 0)
(0.00265816 -0.0466243 0)
(0.00105715 -0.0487712 0)
(0.000448601 -0.0479874 0)
(-0.000468042 -0.041091 0)
(-0.00252518 -0.0416157 0)
(-0.00283302 -0.0443037 0)
(-0.00278018 -0.0459363 0)
(0.000571759 -0.0513087 0)
(0.000448892 -0.0581446 0)
(-0.000892135 -0.0599026 0)
(-0.000390196 -0.0565475 0)
(-4.38652e-05 -0.0530544 0)
(0.000295273 -0.0526876 0)
(0.00189437 -0.049854 0)
(0.00341209 -0.0484329 0)
(0.00401815 -0.0499609 0)
(0.00376528 -0.0508278 0)
(0.00137392 -0.0501179 0)
(0.000303102 -0.0518181 0)
(0.000370445 -0.0514651 0)
(0.00130677 -0.0535396 0)
(0.00227288 -0.0544159 0)
(0.00331938 -0.0506805 0)
(0.0031509 -0.0502641 0)
(0.0040805 -0.0543994 0)
(0.00441318 -0.0562011 0)
(0.00151232 -0.0526608 0)
(0.0038796 -0.0475095 0)
(0.00463471 -0.0450167 0)
(0.00218323 -0.0460706 0)
(0.00174413 -0.0491848 0)
(0.00141457 -0.0483351 0)
(0.000560187 -0.0481342 0)
(-0.00095612 -0.0493429 0)
(-0.00197329 -0.050985 0)
(-0.00492064 -0.0503361 0)
(-0.00436067 -0.0501271 0)
(-0.00306122 -0.0459275 0)
(0.000235029 -0.0497913 0)
(0.00237526 -0.0554589 0)
(-0.00138733 -0.0498737 0)
(-0.00485922 -0.0480072 0)
(-0.00371217 -0.0489034 0)
(-0.00179878 -0.0500857 0)
(0.00030445 -0.0531738 0)
(0.00122291 -0.0518128 0)
(0.000544463 -0.0545577 0)
(-0.00303412 -0.0577067 0)
(-0.00434489 -0.0532752 0)
(-0.00470012 -0.0515265 0)
(-0.00243759 -0.0598399 0)
(-0.000250319 -0.0593244 0)
(0.00134013 -0.0566715 0)
(0.00157881 -0.0540077 0)
(-0.000794181 -0.0570463 0)
(0.0029762 -0.0562896 0)
(0.004123 -0.0491748 0)
(0.00107724 -0.0534544 0)
(-0.0016375 -0.0575075 0)
(-0.00384782 -0.055542 0)
(0.000447092 -0.0507415 0)
(0.00360017 -0.0432798 0)
(0.00384488 -0.0452137 0)
(-0.00115609 -0.0473025 0)
(-0.00343974 -0.047404 0)
(0.00106497 -0.0443808 0)
(0.000703682 -0.0475924 0)
(-0.00101765 -0.0477317 0)
(-0.00145155 -0.0450786 0)
(0.00455279 -0.0468112 0)
(0.00514008 -0.0461121 0)
(0.00152434 -0.0474946 0)
(-0.00315463 -0.0478968 0)
(-0.00410077 -0.0441691 0)
(0.00105353 -0.0460677 0)
(0.00225808 -0.046915 0)
(0.00394399 -0.0512892 0)
(0.00302203 -0.0532245 0)
(0.0013202 -0.0523516 0)
(-0.00124485 -0.0567328 0)
(-0.00420898 -0.0552159 0)
(-0.0020282 -0.0510863 0)
(-9.74233e-05 -0.0507091 0)
(0.000679852 -0.0504204 0)
(0.00348753 -0.051906 0)
(0.00547257 -0.0502632 0)
(0.00547342 -0.0494113 0)
(0.00382716 -0.0478582 0)
(0.000636614 -0.0511478 0)
(-0.000895326 -0.0535357 0)
(0.000123393 -0.0551432 0)
(0.00194156 -0.0501318 0)
(0.00360835 -0.0515156 0)
(0.00472469 -0.0536072 0)
(0.00347018 -0.0532745 0)
(0.00107378 -0.0529412 0)
(0.000284795 -0.0550988 0)
(0.00095099 -0.0521795 0)
(0.00144295 -0.0514779 0)
(0.00270851 -0.0541376 0)
(0.000783144 -0.051166 0)
(-0.000332122 -0.0500948 0)
(0.00108978 -0.0495735 0)
(0.00215654 -0.0491503 0)
(-0.00256393 -0.0489207 0)
(-0.00164985 -0.046245 0)
(0.00101984 -0.0451699 0)
(0.00201268 -0.0479574 0)
(0.00213909 -0.0538456 0)
(-0.00183385 -0.0549301 0)
(-0.00459773 -0.0502133 0)
(-0.000945173 -0.0475477 0)
(0.00118928 -0.0484844 0)
(0.00258926 -0.0527573 0)
(0.00617223 -0.0584092 0)
(0.00611151 -0.0636013 0)
(-0.00222976 -0.0607384 0)
(-0.00384743 -0.061452 0)
(-0.00632024 -0.0597498 0)
(-0.00577874 -0.0607162 0)
(-0.00474434 -0.0629741 0)
(-0.00280095 -0.0591706 0)
(-0.00153188 -0.0560336 0)
(-0.000422715 -0.0514238 0)
(-0.00170141 -0.0548074 0)
(0.000251524 -0.0535738 0)
(0.00301705 -0.0544625 0)
(0.00449353 -0.0492713 0)
(0.000104518 -0.0498049 0)
(-0.00401867 -0.0546828 0)
(-0.00510779 -0.0501576 0)
(-0.000954927 -0.0525527 0)
(0.00288991 -0.0502325 0)
(-0.00286696 -0.0451386 0)
(-0.00263497 -0.0442911 0)
(0.000996942 -0.0476913 0)
(0.00404794 -0.046039 0)
(-0.00107119 -0.0423507 0)
(-0.00373615 -0.0461681 0)
(0.00257714 -0.0466594 0)
(0.00398444 -0.0464872 0)
(0.00429139 -0.0483745 0)
(-0.000195936 -0.0484131 0)
(0.000357498 -0.0472664 0)
(0.000490844 -0.0527736 0)
(0.0012542 -0.0514092 0)
(0.00278419 -0.050961 0)
(0.00119804 -0.0575904 0)
(0.00490595 -0.0400121 0)
(0.00532775 -0.0411441 0)
(-0.0018536 -0.0446249 0)
(-0.00521549 -0.0510926 0)
(-0.00346033 -0.050107 0)
(-0.00269363 -0.0484324 0)
(0.00198975 -0.0510456 0)
(0.00315721 -0.0517293 0)
(0.00397661 -0.0497777 0)
(0.00638267 -0.0468557 0)
(0.0064052 -0.0485316 0)
(0.00588557 -0.0468525 0)
(0.00154927 -0.0500908 0)
(0.00031907 -0.0536199 0)
(0.00209564 -0.0500516 0)
(0.00535395 -0.0508991 0)
(0.00567407 -0.0535062 0)
(0.00479783 -0.0522192 0)
(0.00154589 -0.0510627 0)
(-0.00104154 -0.0543136 0)
(-0.0013389 -0.0504326 0)
(0.00205826 -0.0546417 0)
(0.00199207 -0.0538924 0)
(-0.00210866 -0.050281 0)
(-0.00201501 -0.0466683 0)
(0.00209344 -0.0478468 0)
(0.0018175 -0.0480767 0)
(-0.00299831 -0.047009 0)
(-0.00279175 -0.0452171 0)
(0.0027424 -0.046447 0)
(0.00391326 -0.0488311 0)
(0.00119387 -0.051889 0)
(-0.00289971 -0.0534411 0)
(-0.00339532 -0.0500561 0)
(0.00154932 -0.0494132 0)
(0.00410461 -0.0522242 0)
(0.00780062 -0.0532069 0)
(0.0104617 -0.0583874 0)
(0.00292889 -0.060958 0)
(-0.000452569 -0.0613737 0)
(-0.00251369 -0.0553619 0)
(-0.00231062 -0.0571417 0)
(-0.00655934 -0.0585802 0)
(-0.00645606 -0.0616041 0)
(-0.00508198 -0.0606098 0)
(-0.0044633 -0.0561133 0)
(-0.00342248 -0.0534012 0)
(-0.00161979 -0.052059 0)
(0.000210757 -0.0535554 0)
(0.00133856 -0.0555515 0)
(0.00280833 -0.0496073 0)
(-0.0044342 -0.0467476 0)
(-0.00488587 -0.0462214 0)
(-3.07405e-05 -0.0446709 0)
(-0.000823478 -0.0483292 0)
(-0.00318281 -0.0512527 0)
(-0.00663716 -0.0488962 0)
(-0.00395897 -0.0454731 0)
(-0.00103391 -0.0485086 0)
(0.000487285 -0.0500961 0)
(0.000568194 -0.0478809 0)
(0.00172562 -0.0504052 0)
(0.00437998 -0.0532154 0)
(0.00468867 -0.0553196 0)
(0.00457935 -0.0502876 0)
(0.00443431 -0.0533521 0)
(0.00363129 -0.0517979 0)
(0.00235473 -0.0539311 0)
(0.0011137 -0.0548634 0)
(0.00145087 -0.0538443 0)
(2.7548e-05 -0.0558684 0)
(0.00148625 -0.0464661 0)
(0.00167181 -0.0439263 0)
(0.00226855 -0.0420928 0)
(-0.00121995 -0.0463821 0)
(-0.00115405 -0.0485733 0)
(0.00363253 -0.0478302 0)
(0.00287521 -0.0493049 0)
(0.00378348 -0.0486088 0)
(0.00381346 -0.0483091 0)
(0.00681421 -0.0488831 0)
(0.00777352 -0.0490164 0)
(0.00693171 -0.0471631 0)
(0.00513236 -0.0475019 0)
(0.000410529 -0.0511119 0)
(0.0017489 -0.0504627 0)
(0.00361622 -0.0535465 0)
(0.00499586 -0.0535908 0)
(0.00446152 -0.0501908 0)
(0.00129951 -0.0482293 0)
(-0.00136403 -0.0509298 0)
(0.000551283 -0.0491503 0)
(0.00147131 -0.0499265 0)
(-0.00332978 -0.0438214 0)
(-0.00473988 -0.0442631 0)
(-0.00423973 -0.0472371 0)
(-0.00130318 -0.0383648 0)
(-0.00467984 -0.0355832 0)
(-0.00292639 -0.040203 0)
(0.000508819 -0.0450789 0)
(0.00255013 -0.0469442 0)
(0.00175306 -0.0459324 0)
(-0.000908482 -0.0442563 0)
(0.00209413 -0.0470001 0)
(0.00235961 -0.0475518 0)
(0.00179381 -0.0507623 0)
(0.00492293 -0.0485477 0)
(0.00813396 -0.0453596 0)
(0.0101555 -0.0468296 0)
(0.000753583 -0.0505761 0)
(-0.00566295 -0.0471895 0)
(-0.0032763 -0.0497965 0)
(-0.00126782 -0.0493342 0)
(-0.00133025 -0.0526619 0)
(-0.00357137 -0.0505312 0)
(-0.00690457 -0.0499266 0)
(-0.00673425 -0.0508643 0)
(-0.00376394 -0.0529469 0)
(-0.00259791 -0.0532581 0)
(-0.00276287 -0.0518475 0)
(-0.000153068 -0.0543597 0)
(-0.00387118 -0.0496073 0)
(-0.00539623 -0.046644 0)
(-0.00549549 -0.0471391 0)
(0.000319789 -0.0527359 0)
(0.00168157 -0.0494549 0)
(-0.00104233 -0.0483456 0)
(-0.00155948 -0.0462444 0)
(0.000704401 -0.0543283 0)
(0.00210841 -0.0509904 0)
(8.33399e-05 -0.0517724 0)
(0.00247288 -0.053073 0)
(0.00281157 -0.0497779 0)
(0.00324897 -0.0528084 0)
(0.00387362 -0.0525889 0)
(0.00463142 -0.0503553 0)
(0.00369055 -0.0535554 0)
(0.00309205 -0.0529487 0)
(0.000776031 -0.0535136 0)
(-0.00137051 -0.0528869 0)
(-0.00225462 -0.0496276 0)
(-0.00115546 -0.0471752 0)
(-0.0011808 -0.0503054 0)
(0.00133907 -0.0465176 0)
(0.000417764 -0.048319 0)
(-0.00154435 -0.0496733 0)
(0.000783847 -0.0496741 0)
(0.0026285 -0.0446511 0)
(0.00518621 -0.0466204 0)
(0.00640379 -0.0488258 0)
(0.00866757 -0.0492384 0)
(0.00824242 -0.0497179 0)
(0.0079334 -0.0492689 0)
(0.00740419 -0.0497096 0)
(0.00474449 -0.048848 0)
(0.00148319 -0.0491449 0)
(0.00423819 -0.054336 0)
(0.0022819 -0.0508931 0)
(-0.000317954 -0.0481284 0)
(0.00122149 -0.0450042 0)
(0.00381303 -0.0448824 0)
(0.000489539 -0.0470368 0)
(-0.00489267 -0.0474528 0)
(-0.00946464 -0.0426943 0)
(-0.0111954 -0.0404748 0)
(-0.0100416 -0.0471016 0)
(-0.0033712 -0.0468019 0)
(-0.000409396 -0.0475109 0)
(0.0010086 -0.0493002 0)
(0.00515416 -0.0460818 0)
(0.00213462 -0.0481611 0)
(-0.00138425 -0.0462903 0)
(0.000539256 -0.0484532 0)
(0.00106306 -0.0489453 0)
(0.00171033 -0.0496553 0)
(0.00312123 -0.0504725 0)
(0.00401362 -0.0481257 0)
(0.00578599 -0.0413382 0)
(0.00366246 -0.0397877 0)
(0.000151622 -0.0423051 0)
(0.00193199 -0.0443018 0)
(0.00177847 -0.043748 0)
(0.00211365 -0.0470303 0)
(-0.00265629 -0.0502774 0)
(-0.00690572 -0.0452025 0)
(-0.00519321 -0.0457046 0)
(-0.000870071 -0.0491157 0)
(-0.00232546 -0.0490138 0)
(-0.0027692 -0.0496322 0)
(-0.00360196 -0.0489453 0)
(-0.00463203 -0.0534724 0)
(-0.00143461 -0.0515449 0)
(-0.00154901 -0.0483472 0)
(-0.0043416 -0.0502666 0)
(-0.00314529 -0.0546956 0)
(-0.0029385 -0.0559591 0)
(-0.000917884 -0.0536801 0)
(0.000809733 -0.0538926 0)
(0.00081983 -0.0541352 0)
(0.000354936 -0.0523222 0)
(-0.0018159 -0.053694 0)
(0.00039891 -0.0497205 0)
(0.00157365 -0.0451791 0)
(0.00382433 -0.0484419 0)
(0.00559338 -0.0488532 0)
(0.00509672 -0.0479643 0)
(0.00333137 -0.0520034 0)
(-0.000455157 -0.051301 0)
(0.000118618 -0.048117 0)
(-0.000990399 -0.0509353 0)
(-0.00476297 -0.0500292 0)
(-0.00512082 -0.0504665 0)
(-0.00347581 -0.0514887 0)
(-0.00127143 -0.0507791 0)
(7.67004e-05 -0.0529766 0)
(-0.00157913 -0.0508031 0)
(-0.00321998 -0.0491418 0)
(0.000454966 -0.0494281 0)
(0.00476201 -0.0506392 0)
(0.00723447 -0.0503324 0)
(0.00805689 -0.0487461 0)
(0.0080074 -0.0479405 0)
(0.0110122 -0.0518873 0)
(0.010511 -0.0509056 0)
(0.00668199 -0.0483693 0)
(0.002664 -0.049544 0)
(0.000588061 -0.0531695 0)
(-0.00363157 -0.0501782 0)
(-0.00138977 -0.0483364 0)
(0.00155656 -0.0489991 0)
(0.00114666 -0.0483928 0)
(-0.00139666 -0.0444978 0)
(-0.00201744 -0.0452324 0)
(-0.00737122 -0.0406423 0)
(-0.00627068 -0.0417704 0)
(0.0023126 -0.0489097 0)
(-0.00215789 -0.0472752 0)
(-0.00156579 -0.0471622 0)
(0.000683015 -0.0502679 0)
(0.00431698 -0.048907 0)
(0.00379758 -0.0478199 0)
(0.00198815 -0.0482381 0)
(0.000341894 -0.0487526 0)
(0.00034298 -0.0499238 0)
(0.00157368 -0.0490393 0)
(0.00106009 -0.0517726 0)
(-4.81723e-05 -0.0474363 0)
(0.00502324 -0.039461 0)
(0.00723412 -0.0379436 0)
(0.00602291 -0.0419625 0)
(0.00479748 -0.0472066 0)
(0.00361947 -0.0456622 0)
(-0.00362099 -0.0402119 0)
(-0.00640057 -0.0373327 0)
(-0.00608055 -0.0380629 0)
(-0.00200151 -0.0466594 0)
(-0.000722194 -0.0443725 0)
(-0.00413004 -0.0424584 0)
(-0.00276508 -0.0464257 0)
(-0.00167639 -0.0431366 0)
(-0.00314299 -0.0485098 0)
(-0.00141067 -0.0525241 0)
(0.000491434 -0.0494991 0)
(0.00142598 -0.0473139 0)
(-0.0010805 -0.051804 0)
(-0.00128558 -0.0542216 0)
(-0.00153025 -0.0555023 0)
(-0.000823738 -0.0536393 0)
(-0.00151501 -0.0536223 0)
(-0.00267623 -0.0497503 0)
(-0.00284605 -0.0501939 0)
(-0.000844965 -0.0480577 0)
(0.00152426 -0.0471151 0)
(0.00276417 -0.0486445 0)
(0.00345308 -0.0457199 0)
(0.00520474 -0.0437781 0)
(0.00437939 -0.0460779 0)
(0.00109674 -0.0475729 0)
(0.00158345 -0.0482847 0)
(0.00188093 -0.0472025 0)
(-0.00119142 -0.0489404 0)
(-0.00348325 -0.04975 0)
(0.00108051 -0.0507684 0)
(-9.37917e-05 -0.053598 0)
(-0.00207947 -0.0526812 0)
(-0.00309688 -0.0528831 0)
(-0.00128872 -0.0520236 0)
(0.000344372 -0.0529158 0)
(0.00211622 -0.0548834 0)
(0.00425755 -0.0507344 0)
(0.00850371 -0.0464783 0)
(0.0102548 -0.0457282 0)
(0.00991046 -0.0453257 0)
(0.00871572 -0.0427767 0)
(0.00647127 -0.0436452 0)
(0.00239245 -0.046997 0)
(-0.00088755 -0.0499738 0)
(-0.00128269 -0.0503962 0)
(0.000166583 -0.051716 0)
(0.000194766 -0.0510214 0)
(-0.00172449 -0.0495662 0)
(-0.00640168 -0.0496011 0)
(-0.00751882 -0.047178 0)
(-0.00575232 -0.0471201 0)
(-0.00287951 -0.0491907 0)
(0.000819229 -0.0494309 0)
(0.00181812 -0.0504947 0)
(0.00237776 -0.04801 0)
(0.00239069 -0.0507444 0)
(0.00251588 -0.0513319 0)
(0.00275456 -0.0512136 0)
(0.00182066 -0.0496503 0)
(0.00350904 -0.050089 0)
(0.00168752 -0.0507025 0)
(0.000674842 -0.0494075 0)
(0.000426608 -0.0501335 0)
(-0.00340703 -0.0522239 0)
(-0.00282875 -0.0544712 0)
(0.00145803 -0.0523948 0)
(0.00625197 -0.0493187 0)
(0.00253751 -0.0492607 0)
(-0.00405622 -0.0445471 0)
(-0.00595595 -0.0389651 0)
(-0.00351669 -0.034636 0)
(-0.000200104 -0.0372778 0)
(0.00044385 -0.0466884 0)
(-0.00164343 -0.0464172 0)
(-0.00651647 -0.0378679 0)
(-0.000833411 -0.0429325 0)
(0.00208147 -0.0493115 0)
(-0.000466823 -0.0472944 0)
(0.00141123 -0.0448546 0)
(0.00224171 -0.0506459 0)
(0.00303611 -0.0564874 0)
(0.00209966 -0.0488522 0)
(0.000323916 -0.050463 0)
(-0.00203349 -0.0535852 0)
(-0.0024499 -0.0516054 0)
(-0.00498244 -0.0505389 0)
(-0.00531189 -0.047446 0)
(-0.00528783 -0.0475835 0)
(-0.00217153 -0.0506856 0)
(0.00122521 -0.0527399 0)
(0.00133973 -0.0483536 0)
(0.000612646 -0.0478511 0)
(0.00348895 -0.0396132 0)
(0.00486991 -0.0375959 0)
(0.00465642 -0.0433011 0)
(0.00300268 -0.0481744 0)
(0.000469258 -0.0482406 0)
(-0.000673805 -0.0474327 0)
(0.000523959 -0.0490971 0)
(0.00226096 -0.0506024 0)
(0.00176553 -0.049644 0)
(-0.000679274 -0.0515726 0)
(-0.00262094 -0.0531235 0)
(-0.00173318 -0.050148 0)
(-0.000464402 -0.0534752 0)
(-0.00169099 -0.0541404 0)
(-0.000561197 -0.0518336 0)
(0.00334845 -0.0485707 0)
(0.0052273 -0.0456466 0)
(0.00518376 -0.0407121 0)
(0.00689408 -0.0399888 0)
(0.00822918 -0.041434 0)
(0.00777207 -0.0444336 0)
(0.0052285 -0.0460417 0)
(0.00211833 -0.0487094 0)
(-0.000774246 -0.0515531 0)
(-0.00162987 -0.0483304 0)
(-0.00178582 -0.048504 0)
(-0.00619382 -0.0496237 0)
(-0.00613367 -0.0479621 0)
(-0.00521375 -0.0482946 0)
(-0.00326207 -0.0491978 0)
(-0.00104967 -0.049477 0)
(-0.000931051 -0.0525445 0)
(0.00185267 -0.0487235 0)
(0.00346167 -0.0461448 0)
(0.00374351 -0.0464628 0)
(0.00190188 -0.04707 0)
(0.00316863 -0.0502229 0)
(0.00325312 -0.0479693 0)
(0.00282407 -0.0475628 0)
(0.0043569 -0.0479087 0)
(0.00142352 -0.0482313 0)
(-0.00290027 -0.0503685 0)
(-0.00461381 -0.0536871 0)
(-0.00105896 -0.0541236 0)
(0.00283904 -0.053468 0)
(0.00106569 -0.0475655 0)
(-0.00779101 -0.0453349 0)
(-0.00911166 -0.0483657 0)
(-0.00311859 -0.0462016 0)
(0.000247807 -0.0505445 0)
(0.000485207 -0.0486971 0)
(-0.00370086 -0.047568 0)
(-0.00191644 -0.0477422 0)
(0.00153142 -0.0464813 0)
(0.00432606 -0.0493671 0)
(0.00348501 -0.0482283 0)
(0.00656599 -0.0503017 0)
(0.00379815 -0.0562546 0)
(0.00143872 -0.0568918 0)
(-0.000778305 -0.0499907 0)
(-0.00208224 -0.0533082 0)
(-0.00213381 -0.0520716 0)
(-0.0058719 -0.0514329 0)
(-0.00610206 -0.0498888 0)
(-0.00441869 -0.0475514 0)
(-0.00310099 -0.0467752 0)
(-0.00234226 -0.0533067 0)
(-0.00131278 -0.0553279 0)
(-0.00200086 -0.0484756 0)
(-0.0034989 -0.049099 0)
(-7.24869e-05 -0.0519893 0)
(0.0013484 -0.0516731 0)
(0.00398529 -0.0511277 0)
(0.00520422 -0.0496711 0)
(0.00230106 -0.0469964 0)
(0.00023344 -0.0487658 0)
(0.000140322 -0.0496675 0)
(0.00196521 -0.0509063 0)
(0.00158637 -0.0497346 0)
(0.00208451 -0.0500403 0)
(0.00194107 -0.0475893 0)
(-0.000115664 -0.047561 0)
(-0.000950006 -0.0517283 0)
(-0.00305962 -0.0519542 0)
(-0.00270601 -0.0517591 0)
(0.00142852 -0.0513372 0)
(0.0022431 -0.0470428 0)
(0.00526209 -0.0442555 0)
(0.006803 -0.042445 0)
(0.00834636 -0.0416439 0)
(0.00879437 -0.0453548 0)
(0.00613412 -0.0467121 0)
(0.00173251 -0.0486078 0)
(-0.00208334 -0.0490578 0)
(-0.00452176 -0.0482641 0)
(-0.00555241 -0.0418262 0)
(-0.00575404 -0.0429731 0)
(-0.00532923 -0.0463118 0)
(-0.00415072 -0.0475988 0)
(-0.00282866 -0.0489914 0)
(-0.00129263 -0.0499431 0)
(-0.000929921 -0.0523662 0)
(-0.00169462 -0.0532975 0)
(0.000196386 -0.0492351 0)
(0.000645535 -0.0514251 0)
(0.00396497 -0.0523214 0)
(0.00474417 -0.0497073 0)
(0.00283969 -0.0497088 0)
(0.00293323 -0.0502852 0)
(0.00571893 -0.0486792 0)
(0.00405991 -0.0465377 0)
(0.00253141 -0.0466135 0)
(0.00136781 -0.0478298 0)
(-8.55853e-05 -0.0518594 0)
(-0.00132175 -0.0507209 0)
(-0.00758472 -0.042968 0)
(-0.00805304 -0.0407213 0)
(-0.00569545 -0.0415914 0)
(-0.00133446 -0.0495665 0)
(7.99456e-05 -0.0515565 0)
(-0.000845283 -0.0510957 0)
(-0.00232714 -0.0506902 0)
(0.00108857 -0.0505431 0)
(0.00625968 -0.0528439 0)
(0.00476999 -0.0589632 0)
(0.00495654 -0.0552192 0)
(0.00512452 -0.0534935 0)
(0.00415326 -0.0564366 0)
(0.000470001 -0.0527051 0)
(-0.0022666 -0.0506974 0)
(-0.0034461 -0.0539708 0)
(-0.00254722 -0.051452 0)
(-0.00486541 -0.0501555 0)
(-0.00572048 -0.0493024 0)
(-0.00166053 -0.0510656 0)
(-0.000843543 -0.0469367 0)
(-0.00177141 -0.0516185 0)
(-0.00346075 -0.0543579 0)
(-0.00280877 -0.0510367 0)
(-8.52839e-05 -0.0516945 0)
(0.000103673 -0.0517919 0)
(0.000283928 -0.0560301 0)
(-0.00129872 -0.050986 0)
(-0.00323804 -0.0502633 0)
(0.00257344 -0.0445334 0)
(0.00292254 -0.0451761 0)
(-0.000471428 -0.046432 0)
(1.03257e-05 -0.0487932 0)
(0.000606675 -0.0530442 0)
(0.000711141 -0.052573 0)
(0.00195062 -0.0500224 0)
(0.00369073 -0.0499879 0)
(-0.00100542 -0.0507898 0)
(-0.00185498 -0.0491567 0)
(-0.00286046 -0.0516332 0)
(-0.00361194 -0.0533829 0)
(-0.00288327 -0.04938 0)
(0.00142098 -0.0470542 0)
(0.00396869 -0.04704 0)
(0.00828038 -0.0470634 0)
(0.0107157 -0.0445835 0)
(0.00423154 -0.0480342 0)
(-0.00133056 -0.0490101 0)
(-0.00448038 -0.0469401 0)
(-0.00513507 -0.0488776 0)
(-0.00303703 -0.0494562 0)
(0.000613196 -0.0463956 0)
(0.00120346 -0.0474684 0)
(0.00423458 -0.0479999 0)
(0.0047369 -0.0494623 0)
(0.0038293 -0.0482153 0)
(0.00198472 -0.0511112 0)
(-5.34753e-05 -0.0536071 0)
(-0.000263039 -0.0528028 0)
(0.000215883 -0.0554916 0)
(0.00101671 -0.0547953 0)
(0.00220307 -0.0506709 0)
(0.00175201 -0.0515456 0)
(-0.000996382 -0.0519251 0)
(-0.000296125 -0.0476645 0)
(0.00210873 -0.0473175 0)
(0.00122283 -0.0454194 0)
(-0.00320088 -0.0435666 0)
(-0.00513838 -0.0392205 0)
(-0.00635394 -0.0375181 0)
(0.000331245 -0.0446777 0)
(0.00266129 -0.0470189 0)
(0.00402209 -0.0471009 0)
(0.0011322 -0.0498035 0)
(-0.00177319 -0.0520247 0)
(-0.000234537 -0.0527412 0)
(0.00593083 -0.0554453 0)
(0.00665669 -0.0602343 0)
(0.00376701 -0.0614785 0)
(0.00364097 -0.0599518 0)
(0.00262562 -0.0550801 0)
(0.00359885 -0.0551559 0)
(0.00133886 -0.0512886 0)
(-0.00154636 -0.0474512 0)
(-0.0032978 -0.0461114 0)
(-0.00405595 -0.0548156 0)
(-0.00454702 -0.050077 0)
(-0.00184415 -0.047695 0)
(-0.00353924 -0.0508789 0)
(-0.00117829 -0.0510089 0)
(0.00016553 -0.0493193 0)
(2.69482e-05 -0.0502962 0)
(-0.00155532 -0.0527154 0)
(-0.00207304 -0.0506128 0)
(-0.000941714 -0.0549189 0)
(-0.00131732 -0.055701 0)
(-0.000617386 -0.0556628 0)
(-0.00405395 -0.0488321 0)
(-0.00668491 -0.0490022 0)
(-0.00122646 -0.050383 0)
(0.0014773 -0.0474134 0)
(0.0051855 -0.0512859 0)
(-0.000195498 -0.0509078 0)
(0.000720651 -0.0519088 0)
(0.000818007 -0.0554982 0)
(0.00107051 -0.0511911 0)
(0.00413595 -0.0502741 0)
(0.00356726 -0.0487153 0)
(-0.000804718 -0.0478877 0)
(-0.00292941 -0.049613 0)
(-0.00605443 -0.0554329 0)
(-0.00570053 -0.050168 0)
(-0.00190991 -0.0486217 0)
(0.00243345 -0.0545723 0)
(0.00554846 -0.0511743 0)
(0.00793293 -0.0458593 0)
(0.00631871 -0.0448466 0)
(0.00165036 -0.0479206 0)
(-0.00284665 -0.0468294 0)
(-0.00425399 -0.0477031 0)
(-0.00480605 -0.0507815 0)
(0.00129732 -0.0494972 0)
(0.00257994 -0.0491735 0)
(0.00315952 -0.0521992 0)
(0.00429324 -0.0532125 0)
(0.005182 -0.0495009 0)
(-0.000705688 -0.0492589 0)
(-0.0019611 -0.0492699 0)
(-0.00207909 -0.0467242 0)
(-0.000329867 -0.0481489 0)
(7.29476e-05 -0.0508415 0)
(0.00255733 -0.0494815 0)
(-0.000513724 -0.0493667 0)
(-0.00264437 -0.0482114 0)
(-0.0026023 -0.04855 0)
(-0.00282571 -0.0464399 0)
(-0.0031088 -0.0372223 0)
(-0.00383669 -0.0348094 0)
(-0.00181757 -0.0369108 0)
(0.00090237 -0.0449547 0)
(0.00462192 -0.0468828 0)
(0.00735894 -0.0450579 0)
(0.00715587 -0.0478408 0)
(0.0055841 -0.0489247 0)
(0.00473849 -0.0490122 0)
(0.00398016 -0.0510046 0)
(0.00492986 -0.0519317 0)
(0.00876871 -0.0574786 0)
(0.00287008 -0.0585662 0)
(0.00116836 -0.058902 0)
(-2.67721e-05 -0.0555879 0)
(-0.000341901 -0.0542584 0)
(-6.32368e-05 -0.0562947 0)
(-0.000994427 -0.0517349 0)
(-0.00154995 -0.0492315 0)
(-0.00369442 -0.0524653 0)
(-0.00508603 -0.0522434 0)
(-0.00213413 -0.0517386 0)
(0.00032009 -0.0493953 0)
(-0.00109262 -0.0547248 0)
(-0.00161179 -0.0508773 0)
(-0.000563975 -0.0517408 0)
(-0.000153645 -0.0517859 0)
(-0.00111931 -0.0518416 0)
(-0.00257397 -0.0542547 0)
(-0.00294841 -0.0555622 0)
(-0.00663793 -0.051149 0)
(-0.00435247 -0.0482648 0)
(-0.00353863 -0.0474814 0)
(-0.00151593 -0.0534004 0)
(0.000567151 -0.0560778 0)
(0.00435757 -0.0511114 0)
(0.00144081 -0.0526242 0)
(-0.000759468 -0.051925 0)
(-0.00212763 -0.0504074 0)
(0.00177117 -0.0517121 0)
(0.00306084 -0.0489086 0)
(0.00281381 -0.0480877 0)
(-0.00164134 -0.0477369 0)
(-0.00321946 -0.0466308 0)
(-0.00584111 -0.0479558 0)
(-0.00366338 -0.0498533 0)
(-0.000689891 -0.0511661 0)
(0.0017831 -0.0527727 0)
(0.00197478 -0.0499388 0)
(0.00334783 -0.0487983 0)
(0.00469528 -0.0403523 0)
(0.00709534 -0.0379108 0)
(-4.87335e-05 -0.0396793 0)
(-0.00080846 -0.0478009 0)
(-0.000930416 -0.0515303 0)
(0.0014774 -0.0490734 0)
(0.00361111 -0.0508551 0)
(0.00257005 -0.0554303 0)
(0.00212488 -0.0524992 0)
(0.00231835 -0.0484427 0)
(-0.00199019 -0.0472632 0)
(-0.00265561 -0.0491056 0)
(0.00261825 -0.0460947 0)
(0.00218372 -0.0479277 0)
(0.00158082 -0.0494681 0)
(0.0025134 -0.0490448 0)
(-0.00194501 -0.0501989 0)
(-0.00459155 -0.0466015 0)
(-0.00415464 -0.0491165 0)
(-0.00379003 -0.0492142 0)
(-0.00523028 -0.0486892 0)
(-0.00421329 -0.0480416 0)
(-0.00220608 -0.0535249 0)
(0.00418086 -0.0510617 0)
(0.00520529 -0.0509242 0)
(0.00575619 -0.0529049 0)
(0.00725709 -0.0544872 0)
(0.00653722 -0.0542095 0)
(0.0067408 -0.051711 0)
(0.00609243 -0.0510423 0)
(0.00473522 -0.0497796 0)
(0.00573082 -0.0560033 0)
(0.0031863 -0.050862 0)
(0.00625796 -0.0509944 0)
(0.00273241 -0.0521485 0)
(-0.00281701 -0.0580963 0)
(-0.00396806 -0.0558031 0)
(-0.00274719 -0.0515424 0)
(-0.00118284 -0.0507369 0)
(-0.00282699 -0.0494815 0)
(-0.00352892 -0.053554 0)
(-0.0019273 -0.0507923 0)
(-0.000372304 -0.0503628 0)
(-0.000206219 -0.0528798 0)
(-0.000340431 -0.049854 0)
(-0.0011255 -0.0516841 0)
(-0.000177674 -0.0541818 0)
(-0.00159226 -0.0510986 0)
(-0.00246831 -0.0550064 0)
(-0.00537772 -0.053319 0)
(-0.00731123 -0.0503098 0)
(0.000265785 -0.0492357 0)
(0.000307 -0.0473739 0)
(-0.000839461 -0.0498216 0)
(-0.00225875 -0.0564013 0)
(0.00170925 -0.0525184 0)
(0.00500654 -0.0467565 0)
(0.00393704 -0.0478087 0)
(0.000342852 -0.0490926 0)
(-0.00137467 -0.0493876 0)
(-0.000283109 -0.0504514 0)
(0.00148001 -0.0486535 0)
(0.00146278 -0.0477385 0)
(-0.00276994 -0.0483879 0)
(-0.00305996 -0.0445147 0)
(-0.00248901 -0.0452046 0)
(-0.00253623 -0.0474091 0)
(-0.00169512 -0.0539829 0)
(-0.000600861 -0.0511178 0)
(0.00153812 -0.0504361 0)
(0.00161787 -0.0496165 0)
(0.000297891 -0.038554 0)
(0.00575573 -0.0400062 0)
(0.00797009 -0.0395952 0)
(0.00940513 -0.0455113 0)
(0.00622362 -0.047808 0)
(0.00479337 -0.0491157 0)
(0.00397782 -0.0495972 0)
(0.000212352 -0.0515925 0)
(-0.00366089 -0.0490776 0)
(-0.00284843 -0.0458362 0)
(-0.00269697 -0.044257 0)
(-6.98047e-05 -0.0486698 0)
(0.00229185 -0.0516112 0)
(0.00179289 -0.0508454 0)
(0.000714341 -0.0508076 0)
(0.000871226 -0.0486297 0)
(0.00101247 -0.0458626 0)
(0.000963233 -0.0466236 0)
(-0.000587095 -0.0489145 0)
(-0.00137019 -0.0483701 0)
(-0.0022296 -0.0478212 0)
(-0.00327101 -0.0500782 0)
(-0.00186693 -0.0522542 0)
(0.000602028 -0.0533852 0)
(0.0059257 -0.0562997 0)
(0.00563517 -0.0601774 0)
(0.00618852 -0.0566635 0)
(0.00542729 -0.0520466 0)
(0.00549999 -0.0535062 0)
(0.00543656 -0.0497018 0)
(0.00509795 -0.0514296 0)
(0.00366758 -0.054066 0)
(0.00244041 -0.0522427 0)
(0.00433656 -0.0496464 0)
(-0.00129423 -0.0498428 0)
(-0.00713982 -0.0456982 0)
(-0.00517878 -0.0463615 0)
(-0.00449069 -0.050383 0)
(-0.00370209 -0.0502022 0)
(-0.000356858 -0.0497937 0)
(-0.000176792 -0.0507989 0)
(-0.000112462 -0.0502257 0)
(0.000673137 -0.051755 0)
(-1.0659e-05 -0.0531906 0)
(0.000542739 -0.0490662 0)
(-0.000456744 -0.0522942 0)
(-0.00145393 -0.0536821 0)
(-0.00391147 -0.0530621 0)
(-0.00518087 -0.0551473 0)
(-0.00663506 -0.0515838 0)
(-0.00761639 -0.0514678 0)
(-0.00281041 -0.0493037 0)
(-0.000672993 -0.0458683 0)
(0.000839545 -0.0456701 0)
(0.00124584 -0.0506238 0)
(0.000385568 -0.0524464 0)
(0.00278638 -0.0493858 0)
(0.0036934 -0.0467177 0)
(0.000572314 -0.0489969 0)
(-0.00317626 -0.0491507 0)
(-0.00226988 -0.0474388 0)
(-0.00281667 -0.0473362 0)
(8.70302e-05 -0.0457952 0)
(0.00250706 -0.047683 0)
(0.00445993 -0.0463056 0)
(0.000728456 -0.0489154 0)
(-0.00165114 -0.0521412 0)
(-0.00197983 -0.0500949 0)
(-0.00270151 -0.0543681 0)
(-0.00294821 -0.049937 0)
(-0.00412779 -0.048817 0)
(0.00290452 -0.0511712 0)
(0.00702295 -0.0486717 0)
(0.00901309 -0.0461742 0)
(0.00817008 -0.0440146 0)
(0.00793605 -0.0475255 0)
(0.00127047 -0.0477474 0)
(-0.00367225 -0.0464543 0)
(-0.00537955 -0.0474823 0)
(-0.00468019 -0.0480483 0)
(0.00102695 -0.0498805 0)
(0.00431516 -0.0504516 0)
(0.00375131 -0.0529912 0)
(0.00150462 -0.0529879 0)
(-0.000504699 -0.0546778 0)
(-0.00359958 -0.05549 0)
(-0.00223371 -0.0530096 0)
(-0.000254194 -0.0497513 0)
(-0.000652 -0.0493147 0)
(0.000361081 -0.0497438 0)
(0.00189851 -0.0483427 0)
(0.00358578 -0.0462331 0)
(0.00635926 -0.0526888 0)
(0.00444157 -0.0561848 0)
(0.00451953 -0.0539891 0)
(0.00476571 -0.0549679 0)
(0.000953966 -0.0542465 0)
(0.00140583 -0.0508236 0)
(0.00526613 -0.051515 0)
(0.00545653 -0.0499737 0)
(0.00529902 -0.0501377 0)
(0.00334421 -0.0513724 0)
(-0.000569355 -0.0501562 0)
(-0.00321013 -0.0412763 0)
(-0.00494244 -0.036586 0)
(-0.00270579 -0.0444998 0)
(0.000951096 -0.0450213 0)
(0.00323971 -0.0464655 0)
(0.00496985 -0.0494373 0)
(0.00227816 -0.0483702 0)
(-0.000686779 -0.0483903 0)
(-0.000972516 -0.0541621 0)
(-1.68767e-05 -0.0511751 0)
(-0.000904225 -0.048994 0)
(-0.000978711 -0.0502299 0)
(-0.000409534 -0.0489042 0)
(-0.00317766 -0.0492813 0)
(-0.00552061 -0.048839 0)
(-0.00609453 -0.0498386 0)
(-0.00756835 -0.0496775 0)
(-0.00854009 -0.0507915 0)
(-0.00755165 -0.048218 0)
(-0.0034009 -0.0492247 0)
(0.00160062 -0.0559418 0)
(0.00317984 -0.0515975 0)
(0.000280147 -0.0513451 0)
(0.000289207 -0.0506404 0)
(-0.000448714 -0.0489199 0)
(-0.000433419 -0.0480051 0)
(-0.0043612 -0.0468305 0)
(-0.00331683 -0.0468184 0)
(-0.000205051 -0.0456042 0)
(0.00222593 -0.0517931 0)
(0.00262858 -0.0553033 0)
(0.0029832 -0.0489667 0)
(0.000946215 -0.0548156 0)
(0.000537656 -0.0517806 0)
(-0.00193598 -0.0514506 0)
(-0.00315626 -0.0529675 0)
(-0.00334816 -0.0501617 0)
(-0.00358591 -0.0489025 0)
(0.000703186 -0.0520358 0)
(0.00286276 -0.0564853 0)
(0.0052101 -0.0501724 0)
(0.00376125 -0.0458984 0)
(0.00481213 -0.0417789 0)
(0.00374795 -0.0418936 0)
(0.00062026 -0.0468473 0)
(-0.000488014 -0.0469772 0)
(0.000678306 -0.0458453 0)
(0.00326377 -0.0531264 0)
(0.00458032 -0.0531495 0)
(0.00358112 -0.0556011 0)
(0.000129522 -0.0518587 0)
(-0.00175424 -0.0520845 0)
(-0.00294203 -0.0501111 0)
(-0.0043471 -0.0540823 0)
(-0.0035847 -0.0503697 0)
(-0.00246607 -0.0487274 0)
(0.00223125 -0.0494722 0)
(0.00479236 -0.0494224 0)
(0.00614243 -0.0478219 0)
(0.00516771 -0.0506341 0)
(0.00464028 -0.0557474 0)
(0.00366127 -0.0527787 0)
(0.00190068 -0.0537529 0)
(-0.000516658 -0.0504122 0)
(0.000587658 -0.0513752 0)
(0.00305646 -0.0532874 0)
(0.00322627 -0.0485168 0)
(0.00339225 -0.0492371 0)
(0.00324848 -0.0495795 0)
(-0.00229395 -0.049569 0)
(-0.00451025 -0.0459639 0)
(-0.00359486 -0.0437958 0)
(-0.00258802 -0.0463084 0)
(-0.00249307 -0.0529109 0)
(-0.0011385 -0.049128 0)
(0.00336008 -0.0481976 0)
(0.00320601 -0.049262 0)
(0.00114344 -0.0491128 0)
(0.000171124 -0.050003 0)
(-0.00095616 -0.0501435 0)
(-0.00102764 -0.0538708 0)
(-0.00197367 -0.0538738 0)
(-0.00371165 -0.0512512 0)
(-0.00392909 -0.0477729 0)
(-0.00606852 -0.0463293 0)
(-0.00704731 -0.0467674 0)
(-0.00800577 -0.0460951 0)
(-0.00594327 -0.0497658 0)
(-0.00338207 -0.0502904 0)
(-0.00266235 -0.0513992 0)
(-0.000908168 -0.0560922 0)
(-0.000513729 -0.0522338 0)
(-0.000670402 -0.0496781 0)
(-0.00158041 -0.052255 0)
(-0.00240933 -0.049599 0)
(-0.00160455 -0.0482118 0)
(0.00249685 -0.0533618 0)
(0.00269642 -0.0502404 0)
(0.00234043 -0.0486142 0)
(0.00262775 -0.0537409 0)
(0.00168559 -0.0546394 0)
(0.000274474 -0.0512723 0)
(-0.00113255 -0.0546726 0)
(-0.00200878 -0.0522531 0)
(-0.00202429 -0.0492979 0)
(-0.00100642 -0.0520393 0)
(-0.0012468 -0.0529741 0)
(0.00083463 -0.0517801 0)
(0.00128887 -0.0515804 0)
(-0.00120899 -0.0530696 0)
(-0.00052629 -0.0497325 0)
(-0.000428068 -0.0458683 0)
(0.0050243 -0.0466635 0)
(0.00974541 -0.0411143 0)
(0.00992549 -0.0430639 0)
(0.0057531 -0.0438526 0)
(0.00444141 -0.043928 0)
(0.00521529 -0.0506161 0)
(0.00545359 -0.0520612 0)
(0.000965105 -0.0504866 0)
(-0.00346442 -0.0496828 0)
(-0.00494171 -0.0493552 0)
(-0.0029434 -0.0471389 0)
(-0.00240464 -0.0512414 0)
(-0.00408858 -0.0495157 0)
(-0.000821249 -0.0477018 0)
(0.00247651 -0.0513061 0)
(0.00723458 -0.0524591 0)
(0.0089442 -0.049292 0)
(0.00571903 -0.0514766 0)
(0.00282202 -0.0559102 0)
(0.00284178 -0.0521209 0)
(0.000853269 -0.048448 0)
(0.000815163 -0.046061 0)
(0.00016139 -0.0505785 0)
(0.00187855 -0.0491698 0)
(0.00120515 -0.047843 0)
(0.00181551 -0.0479205 0)
(-0.00520314 -0.0384547 0)
(-0.0021 -0.0421582 0)
(0.00221508 -0.0446382 0)
(0.00407046 -0.047449 0)
(0.000423528 -0.0482496 0)
(-0.00177702 -0.0500723 0)
(-0.0016119 -0.0510024 0)
(0.00215931 -0.0495395 0)
(0.00670406 -0.0526761 0)
(0.00696129 -0.0500349 0)
(0.00258722 -0.0495499 0)
(-0.00129364 -0.0511876 0)
(-0.00264873 -0.053659 0)
(-0.00515318 -0.0538288 0)
(-0.00534009 -0.0513818 0)
(-0.00630899 -0.0505206 0)
(-0.00566003 -0.0496486 0)
(-0.00160613 -0.0491039 0)
(-0.000817781 -0.0500624 0)
(-0.00185174 -0.0502146 0)
(-0.00207138 -0.0502741 0)
(-0.00271071 -0.052722 0)
(-0.00217107 -0.0526449 0)
(-0.00342125 -0.0515943 0)
(-0.00025587 -0.0545869 0)
(-0.0042653 -0.0514308 0)
(-0.0032918 -0.0502346 0)
(-0.000298468 -0.0497146 0)
(0.00145775 -0.0517003 0)
(0.00349621 -0.050351 0)
(0.00386713 -0.0484162 0)
(0.00223186 -0.0517845 0)
(0.000662881 -0.0509515 0)
(0.00229115 -0.0517747 0)
(0.000187539 -0.0512377 0)
(-0.000615101 -0.0524392 0)
(-0.000337903 -0.0499812 0)
(-0.000944653 -0.0560584 0)
(-0.0029887 -0.055498 0)
(-0.00179329 -0.0511447 0)
(-0.000817838 -0.0483018 0)
(-0.00257303 -0.0489016 0)
(-0.00180019 -0.0480482 0)
(0.000557984 -0.0461086 0)
(0.00169646 -0.0458123 0)
(0.0040703 -0.0464925 0)
(0.00844765 -0.0441557 0)
(0.00868569 -0.0442934 0)
(0.00779562 -0.0447542 0)
(0.00242747 -0.0472841 0)
(0.00237002 -0.0436951 0)
(0.00162157 -0.0443462 0)
(-0.00310068 -0.0463815 0)
(-0.00371011 -0.0486966 0)
(-0.00099414 -0.0497303 0)
(-0.00164133 -0.0514619 0)
(-0.00275298 -0.0506052 0)
(-0.000742144 -0.0466282 0)
(0.00237069 -0.0550463 0)
(0.00458303 -0.0552362 0)
(0.0073199 -0.0486447 0)
(0.00641841 -0.0489352 0)
(0.000302425 -0.0510313 0)
(-0.000333554 -0.0480353 0)
(-0.000440067 -0.044981 0)
(0.00182223 -0.0448534 0)
(-5.65954e-05 -0.0465485 0)
(-0.000961788 -0.0460043 0)
(-0.00436575 -0.0465637 0)
(-0.00384734 -0.0473968 0)
(-0.00233948 -0.0443034 0)
(0.00090766 -0.0451281 0)
(0.0043593 -0.0464026 0)
(0.00308244 -0.0461487 0)
(0.000641112 -0.0447588 0)
(0.00468856 -0.0493562 0)
(0.00472878 -0.0485525 0)
(0.00355352 -0.0485369 0)
(0.00533113 -0.0491146 0)
(0.0025403 -0.0490862 0)
(0.00338069 -0.0451249 0)
(0.000874498 -0.0450196 0)
(-0.00401876 -0.0495578 0)
(-0.00635919 -0.0491439 0)
(-0.00630841 -0.0504694 0)
(-0.00543082 -0.0537291 0)
(-0.0053949 -0.0513183 0)
(-0.00154691 -0.0522503 0)
(0.0023272 -0.0496965 0)
(-0.000980634 -0.0491226 0)
(-0.00358243 -0.0507796 0)
(-0.00213685 -0.0487802 0)
(-0.00229803 -0.0473117 0)
(-0.00105358 -0.0515765 0)
(-0.00183393 -0.0575336 0)
(-0.00445457 -0.0441666 0)
(-0.00589226 -0.0450012 0)
(-0.00371152 -0.0475613 0)
(0.00134424 -0.0476698 0)
(0.000698792 -0.0508501 0)
(0.0014882 -0.0486235 0)
(0.0039882 -0.0440976 0)
(0.00546702 -0.0438684 0)
(0.00626151 -0.0497274 0)
(0.00379924 -0.0500406 0)
(0.00201229 -0.0474708 0)
(0.00160765 -0.0484921 0)
(-0.00101373 -0.0519468 0)
(-0.00183726 -0.0513667 0)
(-0.0053433 -0.0521508 0)
(-0.00438348 -0.0499832 0)
(-0.00431541 -0.047092 0)
(-0.00357778 -0.044697 0)
(-0.000749918 -0.0496758 0)
(6.53969e-05 -0.0478696 0)
(0.00113889 -0.0479348 0)
(0.000729526 -0.0500653 0)
(0.00570991 -0.0457205 0)
(0.00758683 -0.0397213 0)
(0.00426808 -0.0431886 0)
(-0.00204586 -0.0374994 0)
(-3.91921e-05 -0.040745 0)
(0.00587533 -0.0398197 0)
(0.00576271 -0.0426673 0)
(0.00404818 -0.0434629 0)
(0.000426321 -0.0495135 0)
(0.0033705 -0.0487521 0)
(0.00258836 -0.046985 0)
(0.00256691 -0.0490988 0)
(0.00172532 -0.0545572 0)
(-0.000883623 -0.053837 0)
(0.00126317 -0.0499172 0)
(0.0040434 -0.0460876 0)
(-0.00256979 -0.0485043 0)
(-0.00556606 -0.0463783 0)
(-0.00313132 -0.0465254 0)
(0.00555677 -0.0409588 0)
(0.00533557 -0.041295 0)
(0.00506828 -0.0436813 0)
(-0.0040008 -0.0468546 0)
(-0.00506546 -0.0473282 0)
(-0.00444878 -0.0463822 0)
(0.00114962 -0.0520695 0)
(0.00178754 -0.0511242 0)
(0.00107061 -0.0462865 0)
(0.00244114 -0.0475374 0)
(0.0039465 -0.0496444 0)
(0.00167374 -0.045752 0)
(0.00139959 -0.0478806 0)
(0.00356049 -0.0466222 0)
(0.00402549 -0.046105 0)
(0.00527597 -0.0491617 0)
(0.00465449 -0.0470821 0)
(-0.00357716 -0.0478121 0)
(-0.00569781 -0.0483951 0)
(-0.0070355 -0.049874 0)
(-0.00577019 -0.0494573 0)
(-0.00592016 -0.0490737 0)
(-0.00554894 -0.0486553 0)
(-0.00376979 -0.0495024 0)
(-0.00133214 -0.0449807 0)
(-0.000642102 -0.048175 0)
(-0.00267627 -0.0485362 0)
(0.0012756 -0.0471909 0)
(-0.000112212 -0.0461811 0)
(-0.00150659 -0.0455332 0)
(-0.00273081 -0.0435386 0)
(-0.00525598 -0.0493091 0)
(-0.000690046 -0.0533107 0)
(0.000522957 -0.0512506 0)
(0.00337677 -0.0516322 0)
(-0.000436574 -0.0482445 0)
(0.00184895 -0.0487046 0)
(0.00395927 -0.048589 0)
(0.00680799 -0.0478088 0)
(0.00366013 -0.0473267 0)
(0.00516699 -0.0452781 0)
(0.000769017 -0.04848 0)
(-0.00326973 -0.0472097 0)
(-0.00611158 -0.0437046 0)
(-0.00630323 -0.0454551 0)
(-0.00711301 -0.0483703 0)
(-0.0044498 -0.0446793 0)
(-0.000328661 -0.0549306 0)
(0.000847395 -0.0509526 0)
(0.00056321 -0.0505077 0)
(0.000243237 -0.0528441 0)
(-0.000370155 -0.0548706 0)
(0.000390592 -0.0513324 0)
(0.00153061 -0.0486777 0)
(0.0026009 -0.04718 0)
(0.00183951 -0.0479943 0)
(0.00176567 -0.0475173 0)
(0.00483882 -0.0479708 0)
(0.00584233 -0.0484342 0)
(0.00517158 -0.0464576 0)
(0.00389057 -0.0488326 0)
(0.00574617 -0.0475634 0)
(0.00523537 -0.0475953 0)
(0.00632505 -0.047064 0)
(0.00318736 -0.0515805 0)
(-0.00266789 -0.0539551 0)
(-0.00121164 -0.0510327 0)
(-0.000754667 -0.0465525 0)
(-0.00403976 -0.0439891 0)
(-0.00491765 -0.0453793 0)
(-0.00210108 -0.0492505 0)
(-0.000266494 -0.0436454 0)
(0.00419622 -0.0448538 0)
(0.00504077 -0.0466932 0)
(0.00461266 -0.0441451 0)
(0.00250226 -0.0423319 0)
(-0.00102101 -0.0480832 0)
(-0.00163595 -0.0564045 0)
(-0.0016743 -0.0580982 0)
(0.000459294 -0.0559283 0)
(0.00239039 -0.0524461 0)
(0.0016542 -0.0514029 0)
(0.00107304 -0.0549249 0)
(0.00130035 -0.0517053 0)
(0.00381928 -0.0492868 0)
(0.00619712 -0.0461585 0)
(0.00537836 -0.0487702 0)
(0.000361625 -0.0491024 0)
(-0.000914803 -0.0451474 0)
(-0.00390526 -0.0461805 0)
(-0.00782366 -0.0480612 0)
(-0.00826526 -0.0444746 0)
(-0.00755693 -0.0417031 0)
(-0.00679339 -0.0463097 0)
(-0.000806765 -0.0487702 0)
(-0.000189363 -0.0486531 0)
(0.00262579 -0.0463629 0)
(-0.00227037 -0.0486727 0)
(-0.00628267 -0.0422216 0)
(-0.00146358 -0.045323 0)
(0.000754651 -0.0449723 0)
(-0.00202355 -0.0519108 0)
(-0.0011261 -0.0536365 0)
(-0.000370739 -0.0514661 0)
(0.00158337 -0.0509954 0)
(0.000266635 -0.0496294 0)
(0.00234572 -0.0503102 0)
(0.00188665 -0.0488264 0)
(0.00219483 -0.0492084 0)
(0.000394906 -0.0473599 0)
(0.000145592 -0.0468578 0)
(-0.00520883 -0.0365498 0)
(-0.00433886 -0.0412298 0)
(-0.0061031 -0.0445043 0)
(-0.00296381 -0.0405842 0)
(0.00508278 -0.048056 0)
(0.00223158 -0.0581484 0)
(0.00162244 -0.0570041 0)
(0.000150647 -0.0536294 0)
(0.00106349 -0.0514833 0)
(-0.000692602 -0.0523678 0)
(-0.00167945 -0.0549231 0)
(-0.00203118 -0.0555815 0)
(-0.00251146 -0.0513906 0)
(-0.000754201 -0.0499599 0)
(8.36553e-05 -0.0535035 0)
(0.000102793 -0.0488753 0)
(0.000904037 -0.0480837 0)
(0.00332969 -0.0481499 0)
(0.00451456 -0.0492233 0)
(0.00562009 -0.0481799 0)
(0.00711209 -0.0471169 0)
(0.00549724 -0.0480593 0)
(0.00551866 -0.0478199 0)
(0.00439073 -0.0452913 0)
(-0.000891858 -0.0495151 0)
(-0.00325739 -0.0509048 0)
(-0.00544151 -0.048034 0)
(-0.00486666 -0.0466255 0)
(-0.00458319 -0.0461084 0)
(-0.00362483 -0.0475953 0)
(0.00214734 -0.0453685 0)
(0.00507819 -0.0454384 0)
(0.00679952 -0.0474269 0)
(0.00683793 -0.045753 0)
(0.00863434 -0.0448712 0)
(0.00986915 -0.048521 0)
(-0.00108661 -0.0578683 0)
(-0.00444321 -0.0610495 0)
(-0.00206287 -0.0594803 0)
(-0.000582889 -0.057507 0)
(0.000525581 -0.0623181 0)
(-0.000738802 -0.0599655 0)
(-0.00195609 -0.0544659 0)
(4.6955e-05 -0.0558758 0)
(0.00351773 -0.0534752 0)
(0.00378292 -0.0500324 0)
(-0.000996513 -0.0479407 0)
(-0.00204023 -0.0491291 0)
(-0.0008257 -0.0453003 0)
(-0.00667495 -0.0479841 0)
(-0.0102915 -0.0495063 0)
(-0.0101203 -0.0494413 0)
(-0.00697821 -0.0479759 0)
(-0.00168788 -0.0475476 0)
(-0.0026393 -0.048222 0)
(0.000251616 -0.0476517 0)
(-0.00561724 -0.0414768 0)
(-0.00749426 -0.0436714 0)
(-0.00113042 -0.0474459 0)
(0.00104884 -0.0488536 0)
(-0.00394695 -0.051022 0)
(-0.00318125 -0.0521649 0)
(-0.000946142 -0.0512009 0)
(0.000881127 -0.0518037 0)
(0.00167262 -0.0506833 0)
(0.00277086 -0.0495771 0)
(0.000532654 -0.0500934 0)
(0.000786995 -0.0513628 0)
(-0.00262883 -0.0484199 0)
(-0.000687356 -0.0465153 0)
(0.00131492 -0.0485156 0)
(0.00266925 -0.0496297 0)
(0.00373809 -0.049484 0)
(0.00404871 -0.0518451 0)
(0.00449212 -0.055739 0)
(0.00222139 -0.0541457 0)
(-0.00078117 -0.0550391 0)
(-0.000346278 -0.0530661 0)
(-8.03115e-05 -0.052408 0)
(-0.00177977 -0.0509863 0)
(-0.00365908 -0.0529262 0)
(0.00112642 -0.0521871 0)
(0.00111033 -0.0507329 0)
(0.000539039 -0.0527351 0)
(-0.000265863 -0.0544795 0)
(-0.00123663 -0.0506655 0)
(-0.0017423 -0.0498179 0)
(0.00342018 -0.053428 0)
(0.00502455 -0.0499348 0)
(0.00384634 -0.0487784 0)
(0.0042225 -0.0479953 0)
(0.00620204 -0.0480586 0)
(0.00339604 -0.0429781 0)
(0.00456224 -0.0441509 0)
(0.00310118 -0.042589 0)
(-0.00105218 -0.0478531 0)
(-0.00541731 -0.0464603 0)
(-0.00298102 -0.0466149 0)
(-0.00332123 -0.0486185 0)
(-0.00370728 -0.0483644 0)
(-0.00256091 -0.049589 0)
(0.00251382 -0.0489469 0)
(0.00730029 -0.0472059 0)
(0.00896146 -0.0462529 0)
(0.00912081 -0.0429617 0)
(0.00928066 -0.0383008 0)
(0.00946152 -0.0373933 0)
(0.00514247 -0.0395715 0)
(0.0051997 -0.0461159 0)
(0.00494506 -0.0448342 0)
(0.000226488 -0.0537027 0)
(-0.00281687 -0.0562156 0)
(-0.00450379 -0.0562866 0)
(-0.0026576 -0.054494 0)
(-3.1928e-06 -0.0580091 0)
(0.00014985 -0.0514955 0)
(-0.00187859 -0.0481451 0)
(-0.00355687 -0.0502697 0)
(0.00137487 -0.0508662 0)
(-0.00376701 -0.0453224 0)
(-0.00706413 -0.0486106 0)
(-0.00914977 -0.0503178 0)
(-0.00769217 -0.0502034 0)
(-0.00530982 -0.0490815 0)
(-0.00282994 -0.0501088 0)
(-0.00321359 -0.0491706 0)
(-0.00391811 -0.0485005 0)
(-0.00409602 -0.0466985 0)
(-0.00132786 -0.0468098 0)
(0.00151735 -0.0542146 0)
(-0.00473359 -0.0498933 0)
(-0.00389931 -0.0505498 0)
(-0.00128946 -0.051651 0)
(-0.00167916 -0.0510686 0)
(-0.000158618 -0.0525487 0)
(0.00149269 -0.0507536 0)
(0.0041017 -0.0532055 0)
(0.00166153 -0.0504303 0)
(0.00204086 -0.0504938 0)
(0.000187442 -0.0509705 0)
(0.00228266 -0.055678 0)
(0.00114295 -0.0519069 0)
(0.00261254 -0.0537099 0)
(0.00359718 -0.0513799 0)
(0.00357535 -0.0529391 0)
(0.000313677 -0.0527518 0)
(-0.00154597 -0.0495785 0)
(-0.00190252 -0.0507107 0)
(-0.00252783 -0.0500984 0)
(-7.29506e-05 -0.0484829 0)
(0.0020039 -0.0483935 0)
(0.00166372 -0.0510763 0)
(-0.000262881 -0.0507251 0)
(-0.00135611 -0.049965 0)
(-0.00237785 -0.0483545 0)
(-0.00121033 -0.0491979 0)
(-0.000395741 -0.0514774 0)
(-0.000507095 -0.0500972 0)
(0.00142061 -0.0471366 0)
(0.0031475 -0.0478921 0)
(0.000945476 -0.0499788 0)
(0.00053189 -0.0459836 0)
(0.00275115 -0.0421685 0)
(0.00336343 -0.0461573 0)
(0.00250079 -0.0478271 0)
(0.000282245 -0.0471478 0)
(-0.00213189 -0.0482951 0)
(0.000503304 -0.0470804 0)
(-0.000524339 -0.0457045 0)
(-0.0024057 -0.0466757 0)
(-0.00208512 -0.0493494 0)
(0.000933067 -0.0520638 0)
(0.00502062 -0.0514191 0)
(0.00385073 -0.0491994 0)
(0.00364929 -0.0465258 0)
(0.00741233 -0.0416114 0)
(0.00776439 -0.0396854 0)
(0.00870507 -0.0402411 0)
(0.00863305 -0.042149 0)
(0.00837371 -0.0422043 0)
(0.00586608 -0.0465248 0)
(0.00113044 -0.0450838 0)
(-0.00163163 -0.0479872 0)
(-0.00431004 -0.056942 0)
(-0.00482144 -0.0569822 0)
(-0.00436517 -0.0493696 0)
(-0.00287553 -0.0458947 0)
(-0.00141379 -0.0484221 0)
(-0.00255602 -0.0518818 0)
(-0.00472879 -0.0484368 0)
(-0.00658839 -0.0478598 0)
(-0.00774679 -0.0498126 0)
(-0.00674607 -0.0496984 0)
(-0.00502474 -0.0507567 0)
(-0.00384544 -0.0502034 0)
(-0.00379374 -0.051574 0)
(-0.00322507 -0.0491114 0)
(-0.00216309 -0.045142 0)
(-0.000728474 -0.0532432 0)
(0.00100092 -0.0571179 0)
(-0.00517851 -0.0476957 0)
(0.00222693 -0.0477892 0)
(0.00267654 -0.0484036 0)
(0.00162007 -0.0484146 0)
(-2.12689e-05 -0.049106 0)
(-0.000588976 -0.0526139 0)
(0.00132666 -0.0521495 0)
(0.0050575 -0.0549578 0)
(0.00572897 -0.051391 0)
(0.00393003 -0.0503585 0)
(0.00257252 -0.0503512 0)
(0.000751418 -0.05304 0)
(-0.000814724 -0.0523933 0)
(0.00131985 -0.0527414 0)
(0.00137846 -0.0533502 0)
(-0.000473931 -0.0493439 0)
(-0.000862223 -0.0495108 0)
(-0.00128527 -0.0467892 0)
(-0.00127134 -0.0457759 0)
(-0.000329609 -0.0487359 0)
(0.00161974 -0.0508058 0)
(0.00123136 -0.0491883 0)
(-0.00257433 -0.0483712 0)
(-0.00380959 -0.0447202 0)
(-0.00340419 -0.045833 0)
(0.000887425 -0.0504345 0)
(0.000108474 -0.0489634 0)
(8.66464e-05 -0.0489809 0)
(0.000121248 -0.0520105 0)
(0.000890852 -0.055038 0)
(0.00297066 -0.0495454 0)
(-0.000858142 -0.0492963 0)
(-0.00231368 -0.0490902 0)
(0.00226017 -0.0493183 0)
(0.00538627 -0.0471159 0)
(0.00283111 -0.0482352 0)
(0.000162625 -0.0464468 0)
(-0.00411275 -0.0468034 0)
(-0.00496757 -0.0464235 0)
(0.00100558 -0.0470281 0)
(0.0023348 -0.0478986 0)
(0.00266962 -0.0473106 0)
(0.00196478 -0.0492778 0)
(0.00410813 -0.0537603 0)
(0.00303045 -0.0507508 0)
(0.00287401 -0.049137 0)
(0.00260193 -0.0487969 0)
(0.00295463 -0.0493313 0)
(0.00803046 -0.0468552 0)
(0.00766528 -0.0448246 0)
(0.00778621 -0.0419312 0)
(0.00817798 -0.0389264 0)
(0.00593605 -0.0393714 0)
(3.00409e-05 -0.0479502 0)
(-0.00320507 -0.0486434 0)
(-0.00939619 -0.0457427 0)
(-0.00296312 -0.040237 0)
(0.00286909 -0.0402689 0)
(0.00203931 -0.0429075 0)
(-0.00287077 -0.050293 0)
(-0.00600549 -0.0493191 0)
(-0.00723591 -0.0486082 0)
(-0.00660864 -0.0502279 0)
(-0.00655802 -0.0494444 0)
(-0.00543565 -0.0498349 0)
(-0.00362268 -0.0511202 0)
(0.000283385 -0.0487404 0)
(0.00202777 -0.0490703 0)
(0.00171222 -0.0494937 0)
(-3.38914e-06 -0.0505227 0)
(-0.000599671 -0.0529881 0)
(-0.00400056 -0.0479411 0)
(0.00124216 -0.0462676 0)
(0.00219395 -0.0471865 0)
(0.00169441 -0.0483271 0)
(0.000947541 -0.0471104 0)
(0.00145957 -0.0432598 0)
(0.00255076 -0.0481028 0)
(0.00167083 -0.0520452 0)
(0.00463295 -0.048732 0)
(0.00464326 -0.0487356 0)
(0.00185138 -0.0487862 0)
(0.000176431 -0.0465924 0)
(0.00174684 -0.0455414 0)
(0.00242853 -0.0487536 0)
(-0.00034125 -0.0507902 0)
(-0.000421711 -0.0477007 0)
(-0.00354288 -0.0490588 0)
(-0.00321007 -0.0457701 0)
(0.000686184 -0.0454456 0)
(0.00182475 -0.0491136 0)
(0.00173166 -0.049956 0)
(-0.00444258 -0.0478563 0)
(-0.00565624 -0.0473435 0)
(-0.000570858 -0.0471234 0)
(0.00293572 -0.048743 0)
(0.00453954 -0.0524343 0)
(0.00261594 -0.0496175 0)
(0.00345776 -0.0488692 0)
(0.0029801 -0.0527112 0)
(-0.00288437 -0.0515173 0)
(-0.00189297 -0.0489026 0)
(-0.00288041 -0.0481803 0)
(0.000458791 -0.0480206 0)
(0.000453472 -0.0497087 0)
(0.00321294 -0.0489123 0)
(0.00119792 -0.0472094 0)
(-0.00266686 -0.0448522 0)
(-0.00464049 -0.0451702 0)
(0.0022861 -0.0449605 0)
(0.000773505 -0.0470022 0)
(0.00244829 -0.0462795 0)
(0.00444529 -0.0474462 0)
(0.00617348 -0.0494678 0)
(0.00447348 -0.0491016 0)
(0.00323085 -0.0496827 0)
(0.00222074 -0.0481016 0)
(0.00296792 -0.048852 0)
(0.00166157 -0.0475002 0)
(0.00313481 -0.045746 0)
(0.00488121 -0.0467284 0)
(0.00348049 -0.0393728 0)
(0.00155901 -0.0374148 0)
(0.00271102 -0.0338839 0)
(-0.0012403 -0.0345194 0)
(-0.00599576 -0.0337884 0)
(-0.00702325 -0.0321672 0)
(0.00116585 -0.0384431 0)
(1.92531e-05 -0.035594 0)
(0.00424885 -0.0329818 0)
(-0.00275862 -0.0367123 0)
(-0.00215089 -0.04251 0)
(-0.00514679 -0.0453728 0)
(-0.00653282 -0.0488058 0)
(-0.00688644 -0.0484861 0)
(-0.00556956 -0.0479544 0)
(-0.00367955 -0.0491972 0)
(-0.000407751 -0.0489562 0)
(0.000807607 -0.0490413 0)
(0.00219171 -0.0475344 0)
(0.000759509 -0.0478196 0)
(-0.0027353 -0.0519048 0)
(-0.00607631 -0.0485009 0)
(-0.00198366 -0.0467825 0)
(0.00155736 -0.0491143 0)
(0.00117319 -0.0460331 0)
(0.00730675 -0.045036 0)
(0.00602186 -0.0471139 0)
(0.00710779 -0.0487907 0)
(0.00204516 -0.0480569 0)
(0.000218177 -0.045624 0)
(0.00163421 -0.0459733 0)
(0.00207705 -0.0450667 0)
(0.00274354 -0.0452746 0)
(0.00135959 -0.0471997 0)
(0.00312817 -0.0450942 0)
(0.000525014 -0.0434282 0)
(-4.12614e-05 -0.0455467 0)
(-0.00361558 -0.0456344 0)
(-0.000508431 -0.0440811 0)
(0.00183819 -0.0452934 0)
(0.00135473 -0.0448626 0)
(0.000160503 -0.0411351 0)
(-0.00262368 -0.0440932 0)
(0.00104234 -0.043833 0)
(0.0018468 -0.0478613 0)
(0.00310376 -0.0476434 0)
(0.00366949 -0.0484362 0)
(0.00353746 -0.04642 0)
(0.00350931 -0.0488104 0)
(-0.00459215 -0.0478655 0)
(-0.00812117 -0.0423481 0)
(-7.01117e-05 -0.0472541 0)
(0.00450347 -0.044508 0)
(0.0039805 -0.048294 0)
(0.000666601 -0.0507643 0)
(-0.000788161 -0.049406 0)
(-0.00280145 -0.0455721 0)
(-0.00566349 -0.0435757 0)
(-0.00410079 -0.0417772 0)
(-0.000455104 -0.0443976 0)
(0.0074392 -0.0413081 0)
(0.00681127 -0.04207 0)
(0.00546392 -0.0470727 0)
(0.0037902 -0.0473935 0)
(0.00241891 -0.0467282 0)
(0.00210196 -0.0409584 0)
(0.00233709 -0.0401372 0)
(-0.000836268 -0.0344916 0)
(-4.37427e-06 -0.034574 0)
(0.00616611 -0.032504 0)
(0.00141023 -0.0368199 0)
(0.000211046 -0.0324397 0)
(0.000378846 -0.0314678 0)
(-0.000210876 -0.0336069 0)
(-0.00373674 -0.0309271 0)
(-0.00565968 -0.028813 0)
(-0.00613515 -0.031684 0)
(-0.0051269 -0.0394311 0)
(-0.00294168 -0.0370402 0)
(0.00239234 -0.0365561 0)
(0.00614961 -0.0366995 0)
(0.00563079 -0.0345914 0)
(-0.00369337 -0.0430729 0)
(-0.00765934 -0.0463858 0)
(-0.00619786 -0.0485531 0)
(-0.00591254 -0.0468184 0)
(-0.0042639 -0.0483863 0)
(0.0027271 -0.0447047 0)
(0.00204429 -0.0485024 0)
(0.00275346 -0.0464082 0)
(0.00225939 -0.0472725 0)
(-0.00271261 -0.0500315 0)
(-0.00850017 -0.0432368 0)
(-0.00230176 -0.0414262 0)
(0.0032786 -0.0400375 0)
(0.00604685 -0.0395312 0)
(0.00542637 -0.0410665 0)
(0.00387656 -0.0450331 0)
(-0.000324098 -0.0396416 0)
(-0.000902553 -0.0424047 0)
(-0.00157322 -0.0432309 0)
(0.00230968 -0.0338994 0)
(0.00333964 -0.0336771 0)
(0.00502629 -0.0370078 0)
(0.00127406 -0.0367576 0)
(-0.000726482 -0.039114 0)
(-0.00370272 -0.0403852 0)
(-0.00233631 -0.0323459 0)
(-0.00462427 -0.0331667 0)
(0.000249248 -0.04074 0)
(-0.000791249 -0.041397 0)
(-0.00288473 -0.0397455 0)
(-0.00359783 -0.0344696 0)
(-3.65322e-05 -0.0344807 0)
(0.00362408 -0.0325706 0)
(0.00401375 -0.0323008 0)
(0.00427336 -0.0330799 0)
(0.00229994 -0.0322539 0)
(0.000827956 -0.036156 0)
(-0.0037892 -0.0379474 0)
(-0.00511893 -0.0370715 0)
(-0.00134573 -0.0401147 0)
(0.000496163 -0.0465298 0)
(0.00254447 -0.0435449 0)
(0.00065963 -0.0361274 0)
(-0.00274338 -0.0430951 0)
(-0.00562975 -0.0399996 0)
(-0.00595913 -0.0425595 0)
(-0.00472448 -0.0436406 0)
(-0.00370504 -0.04223 0)
(0.00137138 -0.0412325 0)
(0.0023919 -0.0387365 0)
(0.00662289 -0.0356873 0)
(0.00543276 -0.0322732 0)
(-0.000438134 -0.0358042 0)
(-0.0011275 -0.0324439 0)
(-0.000310759 -0.0314105 0)
(-0.00247253 -0.0330699 0)
(-0.00439125 -0.0301841 0)
(9.4573e-05 -0.0300085 0)
(0.00592985 -0.0284866 0)
(0.00442072 -0.0280091 0)
(-0.000619527 -0.0310448 0)
(-0.00141358 -0.0308762 0)
(-0.00311639 -0.0315675 0)
(-0.00528302 -0.0262359 0)
(-0.000222883 -0.0284447 0)
(0.00235753 -0.0302505 0)
(0.00122211 -0.0314859 0)
(0.00177734 -0.034815 0)
(0.00107909 -0.0407294 0)
(0.00404399 -0.0328653 0)
(0.00359785 -0.0300819 0)
(0.00224426 -0.0342985 0)
(-0.00486059 -0.0364071 0)
(-0.00620924 -0.0371381 0)
(-0.00459862 -0.0413562 0)
(-0.00216694 -0.0480095 0)
(-0.00105655 -0.0417242 0)
(-0.000233567 -0.0351809 0)
(0.00253574 -0.0308622 0)
(0.00377595 -0.0261808 0)
(0.00147005 -0.0404012 0)
(-0.00342388 -0.0309877 0)
(-0.000641598 -0.0347054 0)
(0.00376413 -0.0346049 0)
(0.00100403 -0.0360911 0)
(0.00356173 -0.0354948 0)
(0.000905261 -0.0294574 0)
(-0.00143192 -0.0298533 0)
(0.000288573 -0.0289205 0)
(0.000794785 -0.0288243 0)
(0.00177622 -0.0328063 0)
(0.00242662 -0.036206 0)
(0.00336274 -0.0296385 0)
(0.000452802 -0.0189315 0)
(-0.00152632 -0.0241009 0)
(-0.00317702 -0.0275804 0)
(-0.000197214 -0.0311959 0)
(-0.00181083 -0.0314662 0)
(-0.000850032 -0.0289871 0)
(-0.00230398 -0.0279292 0)
(-0.0029315 -0.0244829 0)
(-0.00351655 -0.0325645 0)
(-0.000441241 -0.0312751 0)
(0.00428425 -0.0321255 0)
(0.00362992 -0.0337354 0)
(0.00227419 -0.0298423 0)
(0.00209484 -0.0282287 0)
(0.000880867 -0.0262883 0)
(0.00161372 -0.022408 0)
(0.00227679 -0.0270056 0)
(-0.000487806 -0.0297312 0)
(-0.00183658 -0.0272032 0)
(-0.00183152 -0.0296033 0)
(-0.00306094 -0.0321027 0)
(-0.00185033 -0.0211522 0)
(-0.00153473 -0.0259759 0)
(-0.00410324 -0.0250997 0)
(-0.000910843 -0.0317943 0)
(0.000409382 -0.0319264 0)
(-0.000179313 -0.0319632 0)
(0.00184293 -0.0334858 0)
(0.00193167 -0.022991 0)
(0.00121552 -0.0171339 0)
(-0.00121117 -0.0242991 0)
(-0.00146591 -0.0269311 0)
(-0.00276335 -0.0254628 0)
(-0.00353476 -0.0251471 0)
(-0.0014907 -0.0245828 0)
(0.00214217 -0.0302857 0)
(0.00535756 -0.0291699 0)
(0.00177336 -0.0206393 0)
(-0.000232524 -0.0239295 0)
(-0.00191973 -0.0244685 0)
(-0.00331001 -0.0243833 0)
(-0.00154112 -0.0278253 0)
(0.00347976 -0.0290308 0)
(0.00333202 -0.0231019 0)
(0.00129893 -0.0241146 0)
(0.00298428 -0.0218095 0)
(0.00262539 -0.022946 0)
(4.79774e-05 -0.0124361 0)
(-0.00151867 -0.019956 0)
(-0.00173424 -0.00934711 0)
(-0.0028194 -0.0113345 0)
(-0.000416341 -0.0154505 0)
(0.000741533 -0.0152035 0)
(0.000548496 -0.0163087 0)
(-0.00171841 -0.0257237 0)
(-0.00103739 -0.0280064 0)
(4.7924e-05 -0.0257351 0)
(5.98357e-05 -0.0207088 0)
(-0.000343157 -0.0142656 0)
)


// ************************************************************************* //
