/*--------------------------------*- C++ -*----------------------------------*\
  =========                 |
  \\      /  F ield         | OpenFOAM: The Open Source CFD Toolbox
   \\    /   O peration     | Website:  https://openfoam.org
    \\  /    A nd           | Version:  12
     \\/     M anipulation  |
\*---------------------------------------------------------------------------*/
FoamFile
{
    format      ascii;
    class       volVectorField::Internal;
    location    "0.6";
    object      cloud:UTrans;
}
// * * * * * * * * * * * * * * * * * * * * * * * * * * * * * * * * * * * * * //

dimensions      [1 1 -1 0 0 0 0];

value           nonuniform List<vector> 
3750
(
(-4.51133e-14 -1.82802e-11 0)
(-2.55721e-12 -8.75987e-10 0)
(-8.35776e-12 -9.56612e-10 0)
(-7.48591e-12 -9.6963e-10 0)
(-8.12881e-12 -9.3325e-10 0)
(3.0335e-12 -8.07872e-10 0)
(-8.82738e-12 -8.87659e-10 0)
(-1.42742e-11 -8.33499e-10 0)
(1.54529e-12 -1.03725e-09 0)
(-4.24055e-12 -1.03962e-09 0)
(-8.63825e-13 -1.06386e-09 0)
(-4.01984e-12 -9.94185e-10 0)
(-2.91012e-11 -2.04917e-09 0)
(3.47896e-11 -1.80666e-09 0)
(3.83796e-12 -7.63654e-10 0)
(2.22283e-11 -8.21041e-10 0)
(-8.0722e-12 -9.24046e-10 0)
(-8.59624e-12 -9.33521e-10 0)
(-3.99062e-12 -9.5282e-10 0)
(-1.90544e-12 -9.66811e-10 0)
(-5.55967e-12 -9.90506e-10 0)
(7.52831e-12 -1.01744e-09 0)
(-2.71675e-12 -9.68695e-10 0)
(-4.1679e-11 -1.98123e-09 0)
(-1.84867e-11 -8.38705e-10 0)
(-2.2792e-11 -8.6685e-10 0)
(8.38795e-12 -8.79583e-10 0)
(-2.39186e-11 -1.11955e-09 0)
(-2.53107e-11 -8.79416e-10 0)
(1.58383e-11 -8.38475e-10 0)
(-1.45133e-11 -9.08057e-10 0)
(4.28794e-12 -9.01015e-10 0)
(-2.79602e-12 -9.42886e-10 0)
(1.38105e-11 -8.98942e-10 0)
(2.72596e-11 -2.03989e-09 0)
(1.34221e-11 -9.16079e-10 0)
(0 0 0)
(-4.67728e-11 -1.82234e-09 0)
(-4.45094e-11 -1.20568e-09 0)
(0 0 0)
(4.57886e-12 -8.88894e-10 0)
(-1.45212e-12 -9.27181e-10 0)
(2.24704e-11 -9.22753e-10 0)
(1.36082e-11 -9.31157e-10 0)
(-1.13549e-10 -1.25188e-09 0)
(-8.16852e-11 -1.71667e-09 0)
(-1.55567e-11 -9.1349e-10 0)
(-1.54705e-11 -9.23427e-10 0)
(2.38924e-11 -9.04621e-10 0)
(5.70316e-14 -1.4323e-10 0)
(2.11668e-13 -6.56828e-10 0)
(-2.63938e-12 -8.89547e-10 0)
(-8.19434e-11 -1.98722e-09 0)
(-2.38649e-13 -8.05817e-10 0)
(0 0 0)
(0 0 0)
(0 0 0)
(0 0 0)
(0 0 0)
(0 0 0)
(0 0 0)
(0 0 0)
(0 0 0)
(0 0 0)
(0 0 0)
(0 0 0)
(0 0 0)
(0 0 0)
(0 0 0)
(0 0 0)
(0 0 0)
(0 0 0)
(0 0 0)
(0 0 0)
(0 0 0)
(0 0 0)
(4.78756e-12 -9.81952e-10 0)
(-2.51932e-12 -9.88057e-10 0)
(-1.67809e-11 -8.68351e-10 0)
(-1.75297e-11 -9.07177e-10 0)
(-5.1199e-11 -2.20993e-09 0)
(5.01139e-11 -9.82365e-10 0)
(0 0 0)
(3.28254e-11 -1.05018e-09 0)
(0 0 0)
(2.00132e-11 -1.00662e-09 0)
(1.14875e-11 -9.38911e-10 0)
(2.2038e-11 -8.72449e-10 0)
(-7.54323e-13 -8.29598e-10 0)
(-1.98644e-10 -3.17044e-09 0)
(-1.00593e-10 -1.74312e-09 0)
(-9.88013e-11 -2.04208e-09 0)
(-1.37767e-12 -8.49718e-10 0)
(0 0 0)
(0 0 0)
(0 0 0)
(5.37966e-12 -9.60477e-10 0)
(2.91035e-11 -9.56699e-10 0)
(3.02384e-11 -9.29885e-10 0)
(-1.02314e-11 -9.37489e-10 0)
(0 0 0)
(5.08425e-12 -2.00015e-09 0)
(3.41452e-12 -2.47868e-09 0)
(0 0 0)
(0 0 0)
(0 0 0)
(-1.35259e-11 -9.27924e-10 0)
(-7.96613e-11 -1.95306e-09 0)
(-5.84234e-11 -1.76768e-09 0)
(-2.76468e-11 -1.71664e-09 0)
(-2.00352e-11 -7.77361e-10 0)
(6.08902e-11 -1.07073e-09 0)
(0 0 0)
(0 0 0)
(-6.24196e-11 -9.17694e-10 0)
(1.4488e-11 -9.29914e-10 0)
(5.79435e-11 -1.71618e-09 0)
(3.79439e-11 -1.09194e-09 0)
(-4.09374e-11 -9.67867e-10 0)
(-1.7537e-12 -9.32698e-10 0)
(-7.06741e-12 -9.38578e-10 0)
(1.24709e-11 -9.38655e-10 0)
(0 0 0)
(-3.66465e-11 -2.07549e-09 0)
(0 0 0)
(0 0 0)
(0 0 0)
(0 0 0)
(0 0 0)
(0 0 0)
(0 0 0)
(0 0 0)
(0 0 0)
(0 0 0)
(0 0 0)
(0 0 0)
(0 0 0)
(0 0 0)
(0 0 0)
(0 0 0)
(0 0 0)
(0 0 0)
(0 0 0)
(0 0 0)
(0 0 0)
(0 0 0)
(0 0 0)
(0 0 0)
(0 0 0)
(0 0 0)
(0 0 0)
(1.85743e-11 -9.9069e-10 0)
(3.24787e-11 -2.1272e-09 0)
(0 0 0)
(0 0 0)
(-3.39658e-12 -8.57461e-10 0)
(2.73933e-11 -9.72024e-10 0)
(1.48505e-11 -1.05527e-09 0)
(1.50222e-10 -2.00736e-09 0)
(-1.36117e-11 -1.04177e-09 0)
(-1.83266e-11 -1.00393e-09 0)
(0 0 0)
(-4.552e-12 -9.51699e-10 0)
(0 0 0)
(-3.09115e-11 -1.79151e-09 0)
(-4.02155e-11 -8.44643e-10 0)
(0 0 0)
(-6.19682e-11 -8.44871e-10 0)
(2.09357e-11 -9.1192e-10 0)
(2.01791e-11 -9.60755e-10 0)
(4.04187e-11 -9.9306e-10 0)
(3.66467e-11 -9.48888e-10 0)
(3.56951e-11 -9.52909e-10 0)
(0 0 0)
(-2.39894e-11 -1.96205e-09 0)
(-1.5523e-10 -1.91942e-09 0)
(-2.19789e-10 -2.10954e-09 0)
(-7.80044e-11 -9.51419e-10 0)
(2.64116e-11 -1.37976e-09 0)
(1.84888e-11 -6.0376e-10 0)
(4.12033e-12 -9.79579e-10 0)
(-3.10036e-12 -9.19606e-10 0)
(-2.70671e-11 -1.93381e-09 0)
(-2.97025e-11 -9.51347e-10 0)
(0 0 0)
(-3.14968e-12 -7.98279e-10 0)
(-3.4653e-11 -2.50839e-09 0)
(0 0 0)
(-8.92148e-13 -9.67817e-10 0)
(9.28154e-12 -9.17806e-10 0)
(9.7773e-12 -8.88848e-10 0)
(-2.08712e-11 -9.26554e-10 0)
(3.36639e-11 -2.29465e-09 0)
(-4.1808e-11 -9.07272e-10 0)
(-1.41478e-11 -8.63886e-10 0)
(-2.12117e-11 -9.63308e-10 0)
(-1.84012e-11 -7.86124e-10 0)
(0 0 0)
(0 0 0)
(0 0 0)
(0 0 0)
(0 0 0)
(0 0 0)
(0 0 0)
(0 0 0)
(0 0 0)
(0 0 0)
(0 0 0)
(0 0 0)
(0 0 0)
(0 0 0)
(0 0 0)
(0 0 0)
(0 0 0)
(0 0 0)
(0 0 0)
(0 0 0)
(0 0 0)
(0 0 0)
(0 0 0)
(0 0 0)
(0 0 0)
(0 0 0)
(0 0 0)
(0 0 0)
(1.35964e-12 -9.42003e-10 0)
(0 0 0)
(4.57195e-11 -1.01892e-09 0)
(-4.65551e-11 -9.84717e-10 0)
(0 0 0)
(-6.85712e-11 -2.12509e-09 0)
(-8.09118e-12 -8.96232e-10 0)
(0 0 0)
(4.78867e-11 -1.07778e-09 0)
(0 0 0)
(-1.75659e-11 -9.70448e-10 0)
(-9.43277e-12 -9.43841e-10 0)
(0 0 0)
(-2.93122e-11 -2.14786e-09 0)
(-1.41525e-11 -7.70171e-10 0)
(-1.48698e-11 -8.48031e-10 0)
(-4.35099e-11 -8.67913e-10 0)
(-3.15349e-11 -9.47117e-10 0)
(-1.77544e-11 -9.57777e-10 0)
(7.10263e-12 -9.55184e-10 0)
(3.43404e-12 -9.01956e-10 0)
(1.63377e-11 -1.97703e-09 0)
(7.6494e-11 -2.00111e-09 0)
(2.06963e-11 -1.87913e-09 0)
(-5.06743e-12 -9.1026e-10 0)
(-7.29642e-11 -9.66391e-10 0)
(-1.0288e-10 -9.9208e-10 0)
(-6.9256e-11 -9.91188e-10 0)
(-1.71905e-11 -1.48409e-09 0)
(4.37708e-12 -5.12685e-10 0)
(4.78955e-13 -9.76623e-10 0)
(7.31951e-13 -9.43821e-10 0)
(5.11145e-12 -9.14498e-10 0)
(-1.54227e-11 -9.22883e-10 0)
(-1.45867e-11 -8.85338e-10 0)
(-4.24877e-11 -9.07392e-10 0)
(-4.65933e-11 -9.8672e-10 0)
(2.76544e-11 -9.901e-10 0)
(1.45196e-11 -9.51368e-10 0)
(-1.28448e-11 -9.21606e-10 0)
(-3.1563e-11 -9.03608e-10 0)
(-5.3897e-11 -9.07863e-10 0)
(5.86063e-11 -2.38701e-09 0)
(1.60356e-12 -9.35901e-10 0)
(-2.67043e-11 -8.53908e-10 0)
(0 0 0)
(0 0 0)
(0 0 0)
(0 0 0)
(0 0 0)
(0 0 0)
(0 0 0)
(0 0 0)
(0 0 0)
(0 0 0)
(0 0 0)
(0 0 0)
(0 0 0)
(0 0 0)
(0 0 0)
(0 0 0)
(0 0 0)
(0 0 0)
(0 0 0)
(0 0 0)
(0 0 0)
(0 0 0)
(0 0 0)
(0 0 0)
(0 0 0)
(0 0 0)
(0 0 0)
(0 0 0)
(0 0 0)
(0 0 0)
(0 0 0)
(2.69985e-11 -8.97132e-10 0)
(1.44793e-11 -1.15757e-09 0)
(0 0 0)
(5.63512e-11 -9.13491e-10 0)
(-9.85713e-13 -8.66599e-10 0)
(1.64977e-11 -8.11954e-10 0)
(2.31646e-11 -8.68698e-10 0)
(1.90861e-11 -1.01239e-09 0)
(6.53685e-11 -1.1296e-09 0)
(3.19942e-12 -1.79096e-10 0)
(1.11447e-11 -6.6833e-10 0)
(-2.43776e-11 -9.81513e-10 0)
(0 0 0)
(-2.15658e-11 -1.99564e-09 0)
(-2.26212e-11 -8.5459e-10 0)
(-3.48804e-11 -8.39639e-10 0)
(-3.64782e-11 -8.78484e-10 0)
(-3.51089e-11 -8.92536e-10 0)
(-1.58637e-11 -2.10795e-09 0)
(-1.43992e-11 -8.45011e-10 0)
(-2.80357e-11 -8.84221e-10 0)
(-1.31001e-11 -8.6327e-10 0)
(4.61114e-11 -9.07949e-10 0)
(2.38466e-11 -1.15067e-09 0)
(0 0 0)
(-3.54958e-11 -1.03005e-09 0)
(-3.81341e-11 -9.88439e-10 0)
(-2.08129e-11 -9.97614e-10 0)
(1.16549e-11 -9.68955e-10 0)
(-3.13928e-11 -9.61305e-10 0)
(-2.15297e-11 -9.35914e-10 0)
(-4.12144e-11 -9.57137e-10 0)
(-2.5692e-11 -2.20653e-09 0)
(-2.73564e-11 -8.61254e-10 0)
(-2.56923e-12 -8.89597e-10 0)
(1.24938e-12 -9.22693e-10 0)
(1.6718e-11 -9.5272e-10 0)
(7.17075e-12 -9.44222e-10 0)
(0 0 0)
(0 0 0)
(0 0 0)
(-9.38881e-11 -2.2513e-09 0)
(5.78318e-11 -1.0226e-09 0)
(-3.92779e-11 -9.47473e-10 0)
(-4.9433e-11 -8.37466e-10 0)
(0 0 0)
(0 0 0)
(0 0 0)
(0 0 0)
(0 0 0)
(0 0 0)
(0 0 0)
(0 0 0)
(0 0 0)
(0 0 0)
(0 0 0)
(0 0 0)
(0 0 0)
(0 0 0)
(0 0 0)
(0 0 0)
(0 0 0)
(0 0 0)
(0 0 0)
(0 0 0)
(0 0 0)
(0 0 0)
(0 0 0)
(0 0 0)
(0 0 0)
(0 0 0)
(0 0 0)
(0 0 0)
(0 0 0)
(-3.28983e-12 -8.99751e-10 0)
(1.65389e-11 -1.03786e-09 0)
(0 0 0)
(3.39864e-11 -1.13767e-09 0)
(1.99071e-11 -9.12064e-10 0)
(3.24839e-11 -9.10482e-10 0)
(3.01288e-11 -9.57071e-10 0)
(0 0 0)
(1.09082e-11 -9.69095e-10 0)
(6.50717e-11 -1.05097e-09 0)
(1.2885e-10 -1.07948e-09 0)
(2.64763e-11 -1.03929e-09 0)
(-1.21846e-11 -9.76579e-10 0)
(3.76726e-12 -8.7134e-10 0)
(-6.0267e-11 -8.44782e-10 0)
(-6.46527e-11 -1.99135e-09 0)
(-3.1007e-11 -7.95355e-10 0)
(-3.82346e-11 -8.57708e-10 0)
(-4.77894e-11 -8.92035e-10 0)
(-4.93516e-11 -9.08544e-10 0)
(-4.62568e-11 -9.16005e-10 0)
(-2.78664e-12 -8.80064e-10 0)
(7.87511e-12 -9.1232e-10 0)
(-2.70683e-12 -8.87391e-10 0)
(1.69267e-11 -2.74762e-09 0)
(0 0 0)
(3.49088e-11 -1.0472e-09 0)
(-1.86536e-11 -9.69555e-10 0)
(-3.81108e-11 -9.97347e-10 0)
(-3.69346e-11 -9.7339e-10 0)
(-3.64772e-11 -9.5058e-10 0)
(-4.59105e-11 -9.48952e-10 0)
(-4.49384e-11 -9.51518e-10 0)
(-2.53796e-11 -9.52311e-10 0)
(-2.91088e-11 -9.53758e-10 0)
(-2.92474e-11 -9.47943e-10 0)
(-1.30558e-11 -9.58252e-10 0)
(-9.69532e-12 -9.51565e-10 0)
(-3.82844e-12 -8.94526e-10 0)
(-5.0813e-12 -9.37336e-10 0)
(5.13115e-12 -9.17981e-10 0)
(-7.86461e-11 -1.95263e-09 0)
(0 0 0)
(1.37275e-11 -1.16223e-09 0)
(0 0 0)
(-9.53509e-12 -9.21885e-10 0)
(0 0 0)
(0 0 0)
(0 0 0)
(0 0 0)
(0 0 0)
(0 0 0)
(0 0 0)
(0 0 0)
(0 0 0)
(0 0 0)
(0 0 0)
(0 0 0)
(0 0 0)
(0 0 0)
(0 0 0)
(0 0 0)
(0 0 0)
(0 0 0)
(0 0 0)
(0 0 0)
(0 0 0)
(0 0 0)
(0 0 0)
(0 0 0)
(0 0 0)
(0 0 0)
(0 0 0)
(0 0 0)
(0 0 0)
(1.55031e-11 -8.91679e-10 0)
(5.24717e-11 -9.06934e-10 0)
(4.15994e-11 -1.03023e-09 0)
(7.00799e-11 -9.5312e-10 0)
(6.00108e-11 -8.917e-10 0)
(3.86993e-11 -9.07535e-10 0)
(3.72079e-11 -9.39205e-10 0)
(6.20302e-11 -9.70985e-10 0)
(7.70694e-11 -1.00854e-09 0)
(3.78196e-11 -9.93526e-10 0)
(7.63872e-11 -2.61156e-09 0)
(-7.10597e-12 -9.73713e-10 0)
(-7.48575e-11 -7.91087e-10 0)
(-5.7775e-11 -8.25049e-10 0)
(-6.59501e-11 -1.94104e-09 0)
(-3.25689e-11 -8.5737e-10 0)
(-5.52682e-13 -1.94779e-10 0)
(-1.54503e-12 -4.82805e-10 0)
(-2.87717e-11 -9.31206e-10 0)
(-3.80798e-11 -9.41103e-10 0)
(-3.08693e-11 -9.42315e-10 0)
(1.9665e-12 -9.5362e-10 0)
(-1.83467e-11 -9.29848e-10 0)
(-5.25368e-12 -9.35063e-10 0)
(-6.06516e-12 -1.04848e-09 0)
(8.54622e-11 -1.10467e-09 0)
(-3.17675e-12 -1.03418e-09 0)
(-2.95223e-11 -9.58817e-10 0)
(-4.29907e-11 -9.54572e-10 0)
(-4.45924e-11 -9.3573e-10 0)
(-6.24554e-11 -9.34331e-10 0)
(-4.60601e-11 -9.5864e-10 0)
(-2.99273e-11 -9.91014e-10 0)
(0 0 0)
(-1.25003e-11 -9.80031e-10 0)
(-4.20832e-11 -9.60225e-10 0)
(-1.44408e-14 -2.05882e-09 0)
(-1.8969e-11 -9.00718e-10 0)
(-2.83923e-11 -8.88505e-10 0)
(-6.13746e-12 -8.50192e-10 0)
(-1.34735e-11 -2.01534e-09 0)
(-9.79597e-12 -8.85638e-10 0)
(-1.7389e-11 -9.38111e-10 0)
(-3.65323e-11 -9.59726e-10 0)
(0 0 0)
(3.56366e-11 -9.91125e-10 0)
(0 0 0)
(0 0 0)
(0 0 0)
(0 0 0)
(0 0 0)
(0 0 0)
(0 0 0)
(0 0 0)
(0 0 0)
(0 0 0)
(0 0 0)
(0 0 0)
(0 0 0)
(0 0 0)
(0 0 0)
(0 0 0)
(0 0 0)
(0 0 0)
(0 0 0)
(0 0 0)
(0 0 0)
(0 0 0)
(0 0 0)
(0 0 0)
(0 0 0)
(0 0 0)
(0 0 0)
(0 0 0)
(0 0 0)
(5.77067e-11 -9.09399e-10 0)
(3.17024e-11 -9.05232e-10 0)
(2.4798e-11 -9.771e-10 0)
(1.45932e-10 -9.57578e-10 0)
(1.17053e-10 -8.76601e-10 0)
(0 0 0)
(3.45323e-11 -9.47392e-10 0)
(3.16078e-11 -9.24326e-10 0)
(-1.27938e-11 -2.45848e-09 0)
(-2.59989e-11 -9.50025e-10 0)
(-3.28134e-11 -2.18654e-09 0)
(1.09596e-10 -1.98592e-09 0)
(-6.16946e-11 -2.09273e-09 0)
(9.68641e-13 -1.92365e-09 0)
(0 0 0)
(-7.85338e-12 -8.79329e-10 0)
(-3.15247e-11 -8.93436e-10 0)
(-1.35812e-11 -9.66956e-10 0)
(0 0 0)
(-2.40314e-11 -9.45873e-10 0)
(-1.57094e-11 -9.58924e-10 0)
(8.99746e-13 -9.77147e-10 0)
(2.38459e-13 -9.50255e-10 0)
(-1.89373e-12 -9.73899e-10 0)
(4.42204e-11 -1.01903e-09 0)
(9.83356e-11 -1.14137e-09 0)
(6.09839e-11 -1.16291e-09 0)
(-6.16894e-11 -1.06405e-09 0)
(-3.76042e-11 -9.39201e-10 0)
(-2.56177e-11 -9.60161e-10 0)
(0 0 0)
(-5.21406e-11 -9.70416e-10 0)
(-5.36962e-11 -9.35385e-10 0)
(-4.63829e-11 -9.40993e-10 0)
(-4.69839e-11 -9.78719e-10 0)
(-3.5055e-11 -9.85852e-10 0)
(-3.19601e-11 -9.5614e-10 0)
(-3.03767e-11 -9.15063e-10 0)
(-2.16078e-11 -8.87347e-10 0)
(-3.11851e-11 -8.91559e-10 0)
(-4.75388e-11 -8.99461e-10 0)
(6.50205e-12 -8.7122e-10 0)
(-7.55135e-11 -2.15276e-09 0)
(-1.1795e-11 -8.6572e-10 0)
(4.18731e-11 -9.31913e-10 0)
(3.34815e-11 -8.86653e-10 0)
(0 0 0)
(0 0 0)
(0 0 0)
(0 0 0)
(0 0 0)
(0 0 0)
(0 0 0)
(0 0 0)
(0 0 0)
(0 0 0)
(0 0 0)
(0 0 0)
(0 0 0)
(0 0 0)
(0 0 0)
(0 0 0)
(0 0 0)
(0 0 0)
(0 0 0)
(0 0 0)
(0 0 0)
(0 0 0)
(0 0 0)
(0 0 0)
(0 0 0)
(0 0 0)
(0 0 0)
(0 0 0)
(0 0 0)
(1.40767e-11 -3.4145e-10 0)
(3.85234e-11 -1.95517e-09 0)
(5.34554e-11 -1.97782e-09 0)
(1.91125e-10 -1.93203e-09 0)
(7.55401e-11 -8.04209e-10 0)
(1.28189e-10 -9.04465e-10 0)
(-4.36833e-11 -9.78103e-10 0)
(-5.79674e-11 -1.0368e-09 0)
(-8.75457e-11 -1.04888e-09 0)
(-1.61666e-11 -9.80384e-10 0)
(-5.84781e-11 -1.96002e-09 0)
(-3.56145e-11 -2.46436e-09 0)
(4.00496e-11 -9.52171e-10 0)
(0 0 0)
(5.72669e-11 -8.32743e-10 0)
(-6.8801e-13 -9.98314e-10 0)
(0 0 0)
(-1.48894e-11 -9.13819e-10 0)
(-7.76664e-12 -9.90902e-10 0)
(0 0 0)
(-9.37573e-12 -9.29121e-10 0)
(-1.44548e-11 -9.42239e-10 0)
(1.93935e-12 -9.29202e-10 0)
(1.63763e-11 -9.22396e-10 0)
(2.12055e-11 -8.88659e-10 0)
(1.08793e-10 -2.65283e-09 0)
(5.76056e-12 -1.18469e-09 0)
(0 0 0)
(-2.22556e-11 -9.30662e-10 0)
(-2.22841e-11 -9.23038e-10 0)
(-3.1697e-11 -9.57903e-10 0)
(-2.26462e-11 -9.14044e-10 0)
(-3.75471e-11 -9.40024e-10 0)
(-6.35175e-11 -9.46273e-10 0)
(-4.1803e-11 -9.92576e-10 0)
(0 0 0)
(-1.58979e-11 -9.59023e-10 0)
(-3.24846e-11 -9.65921e-10 0)
(-1.57987e-11 -9.8769e-10 0)
(-2.81859e-11 -1.00082e-09 0)
(0 0 0)
(-3.14054e-11 -9.40828e-10 0)
(-2.19499e-11 -9.63095e-10 0)
(-1.92596e-11 -9.27329e-10 0)
(3.19421e-11 -8.9092e-10 0)
(3.57607e-11 -8.58676e-10 0)
(0 0 0)
(0 0 0)
(0 0 0)
(0 0 0)
(0 0 0)
(0 0 0)
(0 0 0)
(0 0 0)
(0 0 0)
(0 0 0)
(0 0 0)
(0 0 0)
(0 0 0)
(0 0 0)
(0 0 0)
(0 0 0)
(0 0 0)
(0 0 0)
(0 0 0)
(0 0 0)
(0 0 0)
(0 0 0)
(0 0 0)
(0 0 0)
(0 0 0)
(0 0 0)
(0 0 0)
(0 0 0)
(0 0 0)
(6.11907e-13 -8.47369e-10 0)
(2.17576e-11 -2.00124e-09 0)
(3.28088e-12 -2.01089e-09 0)
(4.50491e-11 -1.47783e-09 0)
(1.61244e-11 -1.02173e-09 0)
(1.06788e-10 -2.39425e-09 0)
(4.71885e-11 -9.75179e-10 0)
(2.79327e-12 -9.16571e-10 0)
(-6.06668e-12 -1.19511e-10 0)
(-4.00612e-11 -7.67957e-10 0)
(-7.32966e-11 -1.6721e-09 0)
(-1.30609e-11 -2.38655e-10 0)
(2.77364e-11 -1.01752e-09 0)
(5.2816e-11 -9.15773e-10 0)
(1.65398e-11 -8.77999e-10 0)
(-4.3036e-12 -9.6066e-10 0)
(0 0 0)
(-2.89075e-12 -9.36619e-10 0)
(0 0 0)
(5.09544e-12 -9.1651e-10 0)
(-1.51362e-11 -9.29606e-10 0)
(-1.16181e-11 -1.00323e-09 0)
(0 0 0)
(2.16502e-12 -2.07849e-09 0)
(-2.29224e-11 -9.19089e-10 0)
(-3.1787e-11 -1.00568e-09 0)
(5.08635e-11 -1.14994e-09 0)
(2.38362e-10 -2.5804e-09 0)
(-2.92964e-11 -8.85152e-10 0)
(-2.68747e-11 -9.60522e-10 0)
(0 0 0)
(-1.31564e-11 -8.83439e-10 0)
(-3.56132e-11 -9.37332e-10 0)
(0 0 0)
(-2.46328e-11 -8.93384e-10 0)
(-2.13357e-11 -9.19288e-10 0)
(-8.85763e-12 -1.03743e-09 0)
(0 0 0)
(-8.26819e-12 -9.30084e-10 0)
(-1.44025e-11 -1.03255e-09 0)
(0 0 0)
(-2.73456e-11 -9.67324e-10 0)
(-1.53147e-11 -9.94589e-10 0)
(-5.21175e-13 -9.40546e-10 0)
(-8.26128e-13 -8.89164e-10 0)
(2.90287e-11 -9.17332e-10 0)
(3.21268e-11 -8.90411e-10 0)
(0 0 0)
(0 0 0)
(0 0 0)
(0 0 0)
(0 0 0)
(0 0 0)
(0 0 0)
(0 0 0)
(0 0 0)
(0 0 0)
(0 0 0)
(0 0 0)
(0 0 0)
(0 0 0)
(0 0 0)
(0 0 0)
(0 0 0)
(0 0 0)
(0 0 0)
(0 0 0)
(0 0 0)
(0 0 0)
(0 0 0)
(0 0 0)
(0 0 0)
(0 0 0)
(0 0 0)
(0 0 0)
(5.12769e-12 -2.10486e-09 0)
(-3.40279e-11 -8.96884e-10 0)
(-4.18761e-11 -9.06287e-10 0)
(-4.82924e-11 -2.01661e-09 0)
(-4.85462e-11 -2.02317e-09 0)
(-3.84067e-11 -1.9459e-09 0)
(4.81355e-11 -8.78335e-10 0)
(1.58492e-10 -2.45246e-09 0)
(-4.30546e-11 -8.70161e-10 0)
(-2.10745e-11 -9.30189e-10 0)
(0 0 0)
(-5.70646e-11 -9.69239e-10 0)
(2.00668e-11 -2.09069e-09 0)
(1.69072e-11 -8.0793e-10 0)
(1.63628e-11 -7.9544e-10 0)
(0 0 0)
(6.13002e-11 -8.56313e-10 0)
(3.79715e-11 -8.87536e-10 0)
(5.11125e-11 -9.19977e-10 0)
(-9.40114e-12 -9.66126e-10 0)
(-5.71978e-11 -9.2724e-10 0)
(0 0 0)
(9.52049e-12 -9.3612e-10 0)
(0 0 0)
(3.04376e-11 -9.80442e-10 0)
(-1.3219e-11 -1.06173e-09 0)
(-3.24067e-11 -1.09099e-09 0)
(1.94776e-10 -2.73413e-09 0)
(1.37063e-11 -9.62758e-10 0)
(-1.59774e-11 -9.07019e-10 0)
(-1.94218e-11 -2.06854e-09 0)
(-8.17679e-12 -8.9549e-10 0)
(0 0 0)
(-2.45891e-12 -9.06116e-10 0)
(-8.12795e-12 -9.18304e-10 0)
(-1.40185e-11 -9.57078e-10 0)
(2.06126e-11 -1.01063e-09 0)
(0 0 0)
(3.94226e-12 -8.82243e-10 0)
(6.35642e-12 -1.02212e-09 0)
(0 0 0)
(-2.07945e-11 -9.04124e-10 0)
(0 0 0)
(-1.1862e-11 -9.38983e-10 0)
(-1.02217e-11 -8.7161e-10 0)
(-1.65251e-11 -9.38041e-10 0)
(-1.83008e-11 -9.62872e-10 0)
(-2.87033e-12 -9.01559e-10 0)
(0 0 0)
(0 0 0)
(0 0 0)
(0 0 0)
(0 0 0)
(0 0 0)
(0 0 0)
(0 0 0)
(0 0 0)
(0 0 0)
(0 0 0)
(0 0 0)
(0 0 0)
(0 0 0)
(0 0 0)
(0 0 0)
(0 0 0)
(0 0 0)
(0 0 0)
(0 0 0)
(0 0 0)
(0 0 0)
(0 0 0)
(0 0 0)
(0 0 0)
(0 0 0)
(0 0 0)
(-4.59581e-11 -9.57407e-10 0)
(-3.2756e-11 -9.60683e-10 0)
(-4.10286e-11 -9.94421e-10 0)
(-5.82723e-11 -9.80167e-10 0)
(-3.93457e-11 -9.76685e-10 0)
(-3.0055e-11 -9.36576e-10 0)
(-2.99478e-11 -1.00441e-09 0)
(-1.28333e-11 -2.50702e-09 0)
(2.95868e-11 -9.70982e-10 0)
(5.7618e-11 -9.29594e-10 0)
(-5.5019e-11 -2.065e-09 0)
(-7.4025e-11 -1.77486e-09 0)
(0 0 0)
(3.66282e-11 -9.2403e-10 0)
(2.79181e-11 -9.04884e-10 0)
(2.48656e-11 -9.64371e-10 0)
(1.28619e-11 -9.03996e-10 0)
(3.299e-11 -9.01201e-10 0)
(4.96696e-11 -9.35189e-10 0)
(1.82866e-11 -9.61868e-10 0)
(0 0 0)
(-2.48824e-11 -8.92601e-10 0)
(1.46347e-11 -8.80027e-10 0)
(3.84926e-11 -9.9615e-10 0)
(0 0 0)
(-3.62452e-12 -1.16448e-09 0)
(-6.69508e-11 -1.13687e-09 0)
(-2.4053e-11 -1.06103e-09 0)
(8.30479e-11 -1.30153e-09 0)
(-7.67405e-14 -2.2153e-09 0)
(-1.4725e-11 -8.49248e-10 0)
(-1.62347e-11 -8.39422e-10 0)
(-1.58442e-11 -8.90213e-10 0)
(-2.0842e-11 -9.05814e-10 0)
(-3.35964e-12 -9.148e-10 0)
(-1.44555e-11 -9.79186e-10 0)
(0 0 0)
(1.55352e-11 -9.13722e-10 0)
(-6.42124e-11 -2.0313e-09 0)
(5.62999e-12 -9.80414e-10 0)
(0 0 0)
(0 0 0)
(-6.60601e-11 -2.06531e-09 0)
(-7.47731e-12 -8.9555e-10 0)
(-4.07795e-13 -1.88326e-09 0)
(-3.95996e-11 -8.63479e-10 0)
(-5.21701e-11 -8.84138e-10 0)
(0 0 0)
(0 0 0)
(0 0 0)
(0 0 0)
(0 0 0)
(0 0 0)
(0 0 0)
(0 0 0)
(0 0 0)
(0 0 0)
(0 0 0)
(0 0 0)
(0 0 0)
(0 0 0)
(0 0 0)
(0 0 0)
(0 0 0)
(0 0 0)
(0 0 0)
(0 0 0)
(0 0 0)
(0 0 0)
(0 0 0)
(0 0 0)
(0 0 0)
(0 0 0)
(0 0 0)
(0 0 0)
(0 0 0)
(0 0 0)
(0 0 0)
(0 0 0)
(0 0 0)
(0 0 0)
(0 0 0)
(1.20486e-12 -1.12015e-09 0)
(1.21711e-10 -1.21412e-09 0)
(0 0 0)
(0 0 0)
(0 0 0)
(-3.98444e-11 -1.94734e-09 0)
(1.30304e-11 -8.79688e-10 0)
(1.86055e-11 -9.11621e-10 0)
(3.0928e-11 -9.36956e-10 0)
(3.10185e-11 -9.36756e-10 0)
(2.20162e-11 -9.0776e-10 0)
(1.1208e-10 -1.99918e-09 0)
(-1.14828e-10 -2.04676e-09 0)
(-3.02438e-12 -8.28617e-10 0)
(6.15459e-12 -8.31414e-10 0)
(2.49292e-11 -8.60811e-10 0)
(-2.19874e-12 -9.69876e-10 0)
(-4.29239e-11 -1.13606e-09 0)
(9.08633e-12 -1.08502e-09 0)
(2.4865e-11 -9.87721e-10 0)
(1.13641e-11 -2.96474e-10 0)
(5.06178e-11 -2.14866e-09 0)
(-7.94088e-12 -1.04564e-09 0)
(-1.57709e-11 -8.17009e-10 0)
(-1.67449e-11 -8.49341e-10 0)
(-1.4191e-11 -8.77315e-10 0)
(-1.1407e-12 -8.90084e-10 0)
(1.2373e-11 -9.05493e-10 0)
(6.84941e-12 -1.00502e-09 0)
(0 0 0)
(0 0 0)
(0 0 0)
(-3.74242e-11 -9.00332e-10 0)
(-2.03883e-11 -9.59652e-10 0)
(-1.2838e-12 -2.15027e-09 0)
(-3.85658e-11 -8.4598e-10 0)
(-6.26846e-11 -1.94021e-09 0)
(-7.61129e-11 -2.06945e-09 0)
(-2.40276e-11 -8.48754e-10 0)
(0 0 0)
(0 0 0)
(0 0 0)
(0 0 0)
(0 0 0)
(0 0 0)
(0 0 0)
(0 0 0)
(0 0 0)
(0 0 0)
(0 0 0)
(0 0 0)
(0 0 0)
(0 0 0)
(0 0 0)
(0 0 0)
(0 0 0)
(0 0 0)
(0 0 0)
(0 0 0)
(0 0 0)
(0 0 0)
(0 0 0)
(0 0 0)
(0 0 0)
(0 0 0)
(0 0 0)
(0 0 0)
(0 0 0)
(3.25426e-11 -9.27921e-10 0)
(1.82622e-11 -1.02564e-09 0)
(-1.81796e-11 -5.11404e-10 0)
(-4.54783e-12 -1.27811e-10 0)
(-5.96266e-11 -2.06948e-09 0)
(-1.29546e-12 -8.97629e-10 0)
(-1.36606e-11 -9.94201e-10 0)
(2.51463e-11 -9.14964e-10 0)
(-4.30487e-11 -9.53229e-10 0)
(3.56552e-13 -1.02346e-09 0)
(1.06366e-12 -9.06329e-10 0)
(-1.69644e-11 -1.9945e-09 0)
(-2.13124e-11 -8.68075e-10 0)
(-2.57089e-11 -9.2717e-10 0)
(-5.26599e-11 -9.34001e-10 0)
(-4.35506e-11 -9.08394e-10 0)
(-4.68795e-11 -8.71566e-10 0)
(-1.62108e-11 -8.4657e-10 0)
(-1.04935e-10 -2.22563e-09 0)
(-5.18509e-11 -8.61041e-10 0)
(1.6939e-12 -8.35146e-10 0)
(1.38842e-11 -7.71799e-10 0)
(5.00675e-11 -8.71874e-10 0)
(4.23242e-11 -9.78979e-10 0)
(-8.90475e-11 -1.07193e-09 0)
(-6.39494e-11 -1.0282e-09 0)
(9.7719e-11 -2.23519e-09 0)
(2.18736e-11 -1.1588e-09 0)
(0 0 0)
(4.97572e-11 -1.16712e-09 0)
(2.2878e-11 -9.94891e-10 0)
(1.67354e-12 -9.59885e-10 0)
(5.74689e-11 -9.19377e-10 0)
(3.08867e-11 -8.95294e-10 0)
(9.04463e-12 -9.00411e-10 0)
(1.82598e-11 -9.03031e-10 0)
(3.48496e-11 -9.30096e-10 0)
(5.33223e-11 -9.06747e-10 0)
(2.14983e-11 -9.68877e-10 0)
(0 0 0)
(0 0 0)
(-4.77341e-11 -8.9684e-10 0)
(-5.06162e-11 -1.00564e-09 0)
(-8.16828e-11 -9.45574e-10 0)
(-6.90602e-11 -9.35692e-10 0)
(0 0 0)
(0 0 0)
(0 0 0)
(0 0 0)
(0 0 0)
(0 0 0)
(0 0 0)
(0 0 0)
(0 0 0)
(0 0 0)
(0 0 0)
(0 0 0)
(0 0 0)
(0 0 0)
(0 0 0)
(0 0 0)
(0 0 0)
(0 0 0)
(0 0 0)
(0 0 0)
(0 0 0)
(0 0 0)
(0 0 0)
(0 0 0)
(0 0 0)
(0 0 0)
(0 0 0)
(0 0 0)
(0 0 0)
(0 0 0)
(-1.09052e-11 -2.77939e-10 0)
(5.1282e-11 -3.06828e-09 0)
(-2.9882e-11 -9.39914e-10 0)
(1.16112e-11 -7.78267e-10 0)
(-1.15207e-12 -8.07614e-10 0)
(-7.27617e-12 -8.41457e-10 0)
(-1.60855e-11 -9.10535e-10 0)
(-2.82615e-11 -1.17108e-09 0)
(0 0 0)
(-9.56894e-11 -1.01241e-09 0)
(1.94611e-11 -9.18578e-10 0)
(5.43766e-11 -9.02833e-10 0)
(2.97637e-11 -8.86237e-10 0)
(1.91025e-11 -9.35421e-10 0)
(-2.51646e-11 -9.24685e-10 0)
(-3.53915e-11 -9.11033e-10 0)
(-3.34112e-11 -9.66031e-10 0)
(-1.33542e-11 -9.36624e-10 0)
(-8.91424e-11 -2.14713e-09 0)
(8.7992e-12 -9.04838e-10 0)
(2.25447e-11 -8.32985e-10 0)
(3.05157e-11 -8.02399e-10 0)
(3.05328e-11 -8.14362e-10 0)
(-5.65159e-11 -2.48757e-09 0)
(1.28252e-11 -9.90073e-10 0)
(-6.66553e-12 -9.23406e-10 0)
(-4.28425e-11 -8.65707e-10 0)
(-6.9214e-12 -9.89979e-10 0)
(4.51662e-11 -1.09629e-09 0)
(5.92847e-11 -1.1859e-09 0)
(2.76666e-12 -5.74841e-11 0)
(4.67584e-11 -9.39965e-10 0)
(4.01013e-11 -2.14922e-09 0)
(6.87444e-12 -8.77204e-10 0)
(1.89487e-11 -8.36156e-10 0)
(1.91961e-11 -8.74916e-10 0)
(2.56707e-11 -2.10479e-09 0)
(6.91193e-11 -8.39586e-10 0)
(5.30463e-11 -2.0472e-09 0)
(3.42629e-11 -8.76257e-10 0)
(-2.46388e-11 -2.13862e-09 0)
(-9.42516e-12 -1.57692e-09 0)
(-3.65977e-11 -8.67102e-10 0)
(0 0 0)
(0 0 0)
(0 0 0)
(0 0 0)
(0 0 0)
(0 0 0)
(0 0 0)
(0 0 0)
(0 0 0)
(0 0 0)
(0 0 0)
(0 0 0)
(0 0 0)
(0 0 0)
(0 0 0)
(0 0 0)
(0 0 0)
(0 0 0)
(0 0 0)
(0 0 0)
(0 0 0)
(0 0 0)
(0 0 0)
(0 0 0)
(0 0 0)
(0 0 0)
(0 0 0)
(0 0 0)
(0 0 0)
(0 0 0)
(0 0 0)
(0 0 0)
(0 0 0)
(-2.52161e-11 -9.24717e-10 0)
(1.74747e-11 -9.66135e-10 0)
(8.02363e-12 -2.52322e-09 0)
(-4.36993e-11 -1.46576e-09 0)
(2.73782e-11 -8.37187e-10 0)
(-1.97555e-11 -8.81886e-10 0)
(-2.91592e-11 -1.03744e-09 0)
(-3.80645e-12 -1.08767e-09 0)
(3.00107e-11 -9.80365e-10 0)
(2.02525e-11 -9.42706e-10 0)
(3.12091e-11 -9.27829e-10 0)
(1.71383e-11 -9.24039e-10 0)
(1.69558e-11 -9.62721e-10 0)
(0 0 0)
(-8.42629e-12 -9.20951e-10 0)
(0 0 0)
(-4.26462e-11 -1.00745e-09 0)
(-6.79787e-11 -9.6054e-10 0)
(2.87797e-11 -9.82686e-10 0)
(-1.28684e-11 -9.21691e-10 0)
(-4.03999e-12 -8.62019e-10 0)
(-2.76962e-11 -8.92617e-10 0)
(-8.54032e-11 -2.17224e-09 0)
(3.62287e-11 -2.24115e-09 0)
(1.29929e-11 -8.35565e-10 0)
(6.01211e-12 -8.98662e-10 0)
(-1.2889e-11 -9.26634e-10 0)
(0 0 0)
(2.15203e-11 -1.09761e-09 0)
(7.65262e-11 -1.09312e-09 0)
(5.77335e-11 -1.00302e-09 0)
(1.30273e-11 -9.56113e-10 0)
(9.99512e-12 -9.2172e-10 0)
(3.96356e-11 -2.08822e-09 0)
(1.30187e-12 -8.86876e-10 0)
(-5.43358e-12 -8.26608e-10 0)
(5.90622e-11 -8.80337e-10 0)
(1.92038e-11 -2.08886e-09 0)
(3.00568e-11 -8.36234e-10 0)
(7.43413e-12 -1.93161e-09 0)
(-3.84029e-13 -8.00862e-10 0)
(6.1432e-12 -8.54139e-10 0)
(0 0 0)
(0 0 0)
(0 0 0)
(0 0 0)
(0 0 0)
(0 0 0)
(0 0 0)
(0 0 0)
(0 0 0)
(0 0 0)
(0 0 0)
(0 0 0)
(0 0 0)
(0 0 0)
(0 0 0)
(0 0 0)
(0 0 0)
(0 0 0)
(0 0 0)
(0 0 0)
(0 0 0)
(0 0 0)
(0 0 0)
(0 0 0)
(0 0 0)
(0 0 0)
(0 0 0)
(0 0 0)
(0 0 0)
(0 0 0)
(0 0 0)
(0 0 0)
(8.35933e-12 -9.39748e-10 0)
(-3.40494e-11 -9.73696e-10 0)
(-2.33908e-11 -9.80756e-10 0)
(-2.85894e-11 -9.62031e-10 0)
(0 0 0)
(-2.23695e-11 -9.37764e-10 0)
(-3.35657e-11 -9.92824e-10 0)
(-5.42264e-11 -9.96015e-10 0)
(2.37219e-11 -1.24073e-09 0)
(3.12187e-11 -2.17452e-09 0)
(0 0 0)
(9.58905e-12 -9.44315e-10 0)
(1.5668e-11 -9.43511e-10 0)
(6.21942e-12 -1.00685e-09 0)
(0 0 0)
(7.74346e-12 -9.24202e-10 0)
(-6.18809e-12 -1.00256e-09 0)
(0 0 0)
(-1.08244e-11 -9.55278e-10 0)
(1.60575e-11 -8.49826e-10 0)
(-1.84831e-11 -8.34083e-10 0)
(-1.11954e-11 -8.9503e-10 0)
(-3.02764e-11 -2.12411e-09 0)
(-3.06832e-11 -8.9273e-10 0)
(-7.69662e-12 -9.37053e-10 0)
(1.56306e-11 -8.51471e-10 0)
(1.71069e-11 -9.35025e-10 0)
(2.10134e-11 -9.73185e-10 0)
(4.06834e-11 -1.02651e-09 0)
(8.1001e-11 -1.01641e-09 0)
(5.01819e-11 -1.06675e-09 0)
(1.60301e-11 -1.01302e-09 0)
(-4.2036e-12 -9.70534e-10 0)
(-4.96718e-12 -9.37911e-10 0)
(-3.52752e-11 -9.38275e-10 0)
(-3.08497e-11 -9.20709e-10 0)
(-3.26261e-11 -8.65342e-10 0)
(7.71686e-11 -2.03555e-09 0)
(1.30577e-10 -2.07883e-09 0)
(2.93326e-12 -1.94335e-09 0)
(3.76562e-13 -7.39602e-10 0)
(3.66179e-11 -8.33435e-10 0)
(6.48822e-11 -8.98221e-10 0)
(1.17859e-11 -9.8997e-10 0)
(0 0 0)
(0 0 0)
(0 0 0)
(0 0 0)
(0 0 0)
(0 0 0)
(0 0 0)
(0 0 0)
(0 0 0)
(0 0 0)
(0 0 0)
(0 0 0)
(0 0 0)
(0 0 0)
(0 0 0)
(0 0 0)
(0 0 0)
(0 0 0)
(0 0 0)
(0 0 0)
(0 0 0)
(0 0 0)
(0 0 0)
(0 0 0)
(0 0 0)
(0 0 0)
(0 0 0)
(0 0 0)
(0 0 0)
(0 0 0)
(0 0 0)
(9.46601e-12 -9.42484e-10 0)
(-2.16168e-11 -9.19704e-10 0)
(-2.60622e-11 -9.59975e-10 0)
(-1.54955e-11 -9.53584e-10 0)
(-1.75384e-11 -9.69647e-10 0)
(-3.47199e-11 -1.0041e-09 0)
(0 0 0)
(-3.4014e-11 -1.00023e-09 0)
(-2.80734e-11 -1.00885e-09 0)
(-3.57706e-12 -9.86009e-10 0)
(2.59923e-11 -9.80038e-10 0)
(0 0 0)
(2.48302e-11 -9.59097e-10 0)
(4.72608e-11 -9.66864e-10 0)
(4.82547e-11 -9.63841e-10 0)
(3.08514e-11 -8.5439e-10 0)
(3.60979e-12 -9.32838e-10 0)
(-1.80047e-12 -9.37357e-10 0)
(-3.2617e-11 -9.28823e-10 0)
(-2.91137e-11 -9.43239e-10 0)
(-3.00956e-11 -9.33388e-10 0)
(-4.08617e-11 -9.63323e-10 0)
(-1.56725e-11 -9.781e-10 0)
(0 0 0)
(-2.14179e-12 -9.381e-10 0)
(8.66619e-13 -9.50993e-10 0)
(0 0 0)
(4.92584e-11 -2.0601e-09 0)
(8.08749e-11 -9.86496e-10 0)
(2.98595e-10 -2.4016e-09 0)
(2.28132e-11 -1.04265e-09 0)
(4.64448e-13 -1.36801e-09 0)
(-1.31415e-11 -1.65049e-09 0)
(3.48906e-12 -8.72132e-10 0)
(0 0 0)
(0 0 0)
(-1.43318e-11 -8.93815e-10 0)
(-3.03203e-11 -8.45263e-10 0)
(-7.65897e-11 -2.37585e-09 0)
(-2.56324e-11 -9.50475e-10 0)
(-2.37326e-11 -7.71194e-10 0)
(1.67301e-11 -8.02593e-10 0)
(5.78477e-11 -2.37561e-09 0)
(-7.47971e-12 -9.53812e-10 0)
(0 0 0)
(0 0 0)
(0 0 0)
(0 0 0)
(0 0 0)
(0 0 0)
(0 0 0)
(0 0 0)
(0 0 0)
(0 0 0)
(0 0 0)
(0 0 0)
(0 0 0)
(0 0 0)
(0 0 0)
(0 0 0)
(0 0 0)
(0 0 0)
(0 0 0)
(0 0 0)
(0 0 0)
(0 0 0)
(0 0 0)
(0 0 0)
(0 0 0)
(0 0 0)
(0 0 0)
(0 0 0)
(0 0 0)
(0 0 0)
(0 0 0)
(-6.49086e-12 -9.20037e-10 0)
(-3.25744e-11 -9.17971e-10 0)
(-1.47233e-11 -9.02064e-10 0)
(-1.99889e-11 -9.66559e-10 0)
(-2.62192e-11 -1.07395e-09 0)
(0 0 0)
(-1.47939e-11 -9.93824e-10 0)
(-1.78234e-11 -1.07212e-09 0)
(0 0 0)
(-2.09606e-11 -9.20933e-10 0)
(1.37451e-11 -9.66702e-10 0)
(2.94684e-11 -9.64452e-10 0)
(4.13132e-11 -9.59564e-10 0)
(5.29259e-11 -9.43626e-10 0)
(1.12406e-10 -2.25053e-09 0)
(5.32993e-11 -9.20546e-10 0)
(1.37569e-12 -9.25521e-10 0)
(-7.91307e-12 -9.72978e-10 0)
(0 0 0)
(-9.03265e-12 -9.21857e-10 0)
(-1.94873e-11 -9.6868e-10 0)
(0 0 0)
(-2.7398e-11 -9.35168e-10 0)
(-1.38473e-11 -1.01246e-09 0)
(-1.38741e-12 -3.21601e-10 0)
(-1.87141e-12 -4.38524e-10 0)
(0 0 0)
(0 0 0)
(4.99185e-11 -2.00608e-09 0)
(5.77413e-11 -2.53727e-09 0)
(5.09689e-11 -1.09231e-09 0)
(1.87182e-11 -1.04489e-09 0)
(6.94995e-12 -2.01905e-09 0)
(-1.49286e-11 -8.13833e-10 0)
(-1.47391e-12 -9.7659e-10 0)
(0 0 0)
(-8.14944e-11 -3.20877e-09 0)
(-3.75052e-11 -7.59085e-10 0)
(-4.37051e-11 -9.06514e-10 0)
(3.93965e-12 -1.02247e-09 0)
(-1.32486e-11 -9.06881e-10 0)
(-1.12933e-11 -8.7951e-10 0)
(-3.20799e-11 -9.70726e-10 0)
(1.1888e-11 -1.00292e-09 0)
(0 0 0)
(0 0 0)
(0 0 0)
(0 0 0)
(0 0 0)
(0 0 0)
(0 0 0)
(0 0 0)
(0 0 0)
(0 0 0)
(0 0 0)
(0 0 0)
(0 0 0)
(0 0 0)
(0 0 0)
(0 0 0)
(0 0 0)
(0 0 0)
(0 0 0)
(0 0 0)
(0 0 0)
(0 0 0)
(0 0 0)
(0 0 0)
(0 0 0)
(0 0 0)
(0 0 0)
(0 0 0)
(0 0 0)
(0 0 0)
(0 0 0)
(-2.11373e-11 -9.75822e-10 0)
(-3.85219e-11 -9.1397e-10 0)
(2.24947e-11 -9.23954e-10 0)
(4.78891e-12 -9.75248e-10 0)
(-3.2563e-11 -1.03936e-09 0)
(0 0 0)
(-4.46303e-12 -9.65595e-10 0)
(-1.79065e-12 -1.04157e-09 0)
(-5.67522e-12 -1.47905e-10 0)
(-3.38961e-11 -1.79642e-09 0)
(2.75925e-11 -8.9798e-10 0)
(2.05899e-11 -9.64283e-10 0)
(3.42757e-11 -9.32018e-10 0)
(5.06748e-11 -9.41769e-10 0)
(4.74274e-11 -9.57384e-10 0)
(3.0738e-11 -1.05131e-09 0)
(-5.08726e-11 -9.88091e-10 0)
(0 0 0)
(-1.93014e-11 -9.30405e-10 0)
(4.71072e-11 -9.35991e-10 0)
(0 0 0)
(2.15339e-11 -9.61858e-10 0)
(-4.14153e-11 -9.5286e-10 0)
(-1.8318e-11 -9.73483e-10 0)
(1.07978e-11 -9.92345e-10 0)
(1.47669e-11 -9.977e-10 0)
(0 0 0)
(-4.61424e-11 -2.29309e-09 0)
(-7.54346e-11 -1.61631e-09 0)
(-4.76716e-11 -9.23855e-10 0)
(1.13072e-10 -2.63777e-09 0)
(4.30955e-11 -9.76287e-10 0)
(-2.60098e-11 -8.74836e-10 0)
(-3.61e-11 -8.56979e-10 0)
(1.74826e-11 -2.0352e-09 0)
(1.72648e-11 -1.8909e-09 0)
(-5.51534e-11 -8.69181e-10 0)
(-2.14465e-11 -9.7444e-10 0)
(0 0 0)
(-6.02845e-11 -2.20064e-09 0)
(-2.77881e-11 -8.92752e-10 0)
(-4.86521e-11 -2.164e-09 0)
(1.72335e-11 -9.3225e-10 0)
(0 0 0)
(7.41109e-12 -9.57042e-10 0)
(0 0 0)
(0 0 0)
(0 0 0)
(0 0 0)
(0 0 0)
(0 0 0)
(0 0 0)
(0 0 0)
(0 0 0)
(0 0 0)
(0 0 0)
(0 0 0)
(0 0 0)
(0 0 0)
(0 0 0)
(0 0 0)
(0 0 0)
(0 0 0)
(0 0 0)
(0 0 0)
(0 0 0)
(0 0 0)
(0 0 0)
(0 0 0)
(0 0 0)
(0 0 0)
(0 0 0)
(0 0 0)
(0 0 0)
(0 0 0)
(-2.61749e-11 -8.85502e-10 0)
(-1.14769e-11 -8.52423e-10 0)
(1.42061e-11 -8.68059e-10 0)
(3.56521e-11 -9.36105e-10 0)
(-3.39728e-11 -1.02032e-09 0)
(-9.02481e-12 -9.32102e-10 0)
(2.99803e-11 -9.62928e-10 0)
(-1.3521e-12 -1.11006e-09 0)
(0 0 0)
(-3.36401e-11 -9.52441e-10 0)
(-1.36269e-11 -9.05878e-10 0)
(1.60022e-11 -9.04092e-10 0)
(3.55762e-11 -9.07437e-10 0)
(7.21112e-11 -9.31854e-10 0)
(9.92265e-11 -9.97755e-10 0)
(4.28451e-11 -1.13105e-09 0)
(0 0 0)
(-4.84702e-11 -9.68195e-10 0)
(-8.73575e-12 -9.32139e-10 0)
(1.74629e-11 -9.35831e-10 0)
(2.53982e-11 -9.00463e-10 0)
(2.11413e-11 -9.6769e-10 0)
(4.10702e-12 -1.2418e-10 0)
(2.60343e-11 -7.77704e-10 0)
(-4.02065e-11 -9.74225e-10 0)
(-4.22194e-11 -9.40746e-10 0)
(-1.32822e-10 -2.13732e-09 0)
(-3.84106e-11 -8.25933e-10 0)
(-5.22027e-11 -8.92385e-10 0)
(-9.31327e-11 -2.10412e-09 0)
(9.52439e-12 -9.60827e-10 0)
(7.78939e-11 -1.08342e-09 0)
(1.1208e-11 -1.00406e-09 0)
(-4.26477e-12 -8.83621e-10 0)
(0 0 0)
(4.04436e-11 -8.87592e-10 0)
(-4.71371e-11 -1.00536e-09 0)
(-5.58973e-11 -9.17319e-10 0)
(1.34697e-11 -1.0744e-09 0)
(0 0 0)
(0 0 0)
(0 0 0)
(0 0 0)
(4.29033e-11 -9.49782e-10 0)
(1.88223e-11 -9.46726e-10 0)
(9.17093e-12 -9.03878e-10 0)
(0 0 0)
(0 0 0)
(0 0 0)
(0 0 0)
(0 0 0)
(0 0 0)
(0 0 0)
(0 0 0)
(0 0 0)
(0 0 0)
(0 0 0)
(0 0 0)
(0 0 0)
(0 0 0)
(0 0 0)
(0 0 0)
(0 0 0)
(0 0 0)
(0 0 0)
(0 0 0)
(0 0 0)
(0 0 0)
(0 0 0)
(0 0 0)
(0 0 0)
(0 0 0)
(0 0 0)
(0 0 0)
(0 0 0)
(8.00088e-11 -2.09852e-09 0)
(3.2991e-11 -7.47377e-10 0)
(4.51289e-11 -8.23326e-10 0)
(5.28912e-11 -2.34532e-09 0)
(-8.20326e-12 -8.97287e-10 0)
(4.60191e-11 -7.92669e-10 0)
(4.41458e-11 -9.80519e-10 0)
(-4.60264e-11 -1.10917e-09 0)
(0 0 0)
(-2.45362e-11 -9.21238e-10 0)
(-1.25437e-12 -8.92435e-10 0)
(1.4626e-11 -9.25516e-10 0)
(2.86707e-11 -8.35978e-10 0)
(4.7188e-11 -9.08128e-10 0)
(9.22627e-11 -1.10841e-09 0)
(-1.80607e-11 -1.26563e-09 0)
(0 0 0)
(-1.56393e-11 -9.36111e-10 0)
(1.39884e-11 -8.5716e-10 0)
(5.02131e-11 -8.61246e-10 0)
(7.29654e-11 -1.88651e-09 0)
(6.82961e-12 -8.0742e-10 0)
(2.75484e-11 -9.10363e-10 0)
(4.14361e-11 -1.03082e-09 0)
(-5.28642e-11 -1.0795e-09 0)
(-4.76522e-11 -9.78131e-10 0)
(-4.94963e-11 -9.18707e-10 0)
(-6.39067e-11 -9.30827e-10 0)
(-5.38382e-11 -9.59617e-10 0)
(-6.82543e-11 -9.41715e-10 0)
(-4.73213e-11 -1.0036e-09 0)
(3.45692e-11 -1.17035e-09 0)
(9.02877e-12 -1.15378e-10 0)
(6.46711e-11 -7.92163e-10 0)
(-6.41564e-13 -9.00739e-10 0)
(7.22254e-12 -1.1332e-09 0)
(0 0 0)
(9.7543e-12 -9.43712e-10 0)
(-3.05907e-11 -9.38771e-10 0)
(5.01063e-11 -9.95255e-10 0)
(1.13042e-11 -9.50683e-10 0)
(1.60953e-11 -8.92924e-10 0)
(5.70353e-11 -8.94056e-10 0)
(3.85761e-11 -2.10109e-09 0)
(1.53604e-11 -8.57664e-10 0)
(2.77628e-11 -8.98749e-10 0)
(2.73527e-12 -8.57667e-10 0)
(0 0 0)
(0 0 0)
(0 0 0)
(0 0 0)
(0 0 0)
(0 0 0)
(0 0 0)
(0 0 0)
(0 0 0)
(0 0 0)
(0 0 0)
(0 0 0)
(0 0 0)
(0 0 0)
(0 0 0)
(0 0 0)
(0 0 0)
(0 0 0)
(0 0 0)
(0 0 0)
(0 0 0)
(0 0 0)
(0 0 0)
(0 0 0)
(0 0 0)
(0 0 0)
(0 0 0)
(0 0 0)
(5.67811e-11 -2.17513e-09 0)
(7.55542e-12 -8.27394e-10 0)
(3.48456e-11 -8.80706e-10 0)
(-1.82431e-10 -2.24649e-09 0)
(2.27222e-11 -8.24009e-10 0)
(-3.94712e-11 -9.23183e-10 0)
(-6.34326e-11 -1.04312e-09 0)
(-4.135e-11 -2.4426e-09 0)
(4.12367e-11 -8.25349e-10 0)
(4.26897e-11 -8.16765e-10 0)
(3.98683e-11 -8.84387e-10 0)
(7.32508e-11 -8.6769e-10 0)
(2.50634e-11 -8.27703e-10 0)
(7.6864e-11 -9.2363e-10 0)
(3.04145e-11 -1.30118e-09 0)
(0 0 0)
(4.65656e-12 -1.18995e-09 0)
(1.81222e-11 -1.91312e-09 0)
(-1.31717e-11 -1.69732e-09 0)
(-1.88923e-11 -6.88845e-10 0)
(3.07057e-11 -1.89952e-09 0)
(2.92101e-11 -8.53248e-10 0)
(1.50294e-11 -9.38115e-10 0)
(-3.41593e-11 -1.12153e-09 0)
(0 0 0)
(6.75017e-13 -9.39598e-10 0)
(0 0 0)
(-2.01285e-11 -9.40833e-10 0)
(-3.49196e-11 -9.61635e-10 0)
(-1.92635e-11 -5.03428e-10 0)
(-5.78172e-12 -1.42761e-10 0)
(-5.56882e-11 -1.08699e-09 0)
(0 0 0)
(7.78247e-11 -9.75273e-10 0)
(6.30404e-12 -9.38134e-10 0)
(-5.54215e-11 -1.00383e-09 0)
(3.73299e-11 -9.86561e-10 0)
(1.29432e-11 -1.03815e-09 0)
(0 0 0)
(2.60496e-11 -9.7547e-10 0)
(4.38358e-11 -9.59132e-10 0)
(4.42344e-11 -9.66548e-10 0)
(-4.12455e-12 -1.0369e-09 0)
(-2.68316e-12 -8.87124e-10 0)
(-7.64375e-12 -8.53772e-10 0)
(-6.84736e-13 -8.66388e-10 0)
(-1.47466e-11 -8.51791e-10 0)
(0 0 0)
(0 0 0)
(0 0 0)
(0 0 0)
(0 0 0)
(0 0 0)
(0 0 0)
(0 0 0)
(0 0 0)
(0 0 0)
(0 0 0)
(0 0 0)
(0 0 0)
(0 0 0)
(0 0 0)
(0 0 0)
(0 0 0)
(0 0 0)
(0 0 0)
(0 0 0)
(0 0 0)
(0 0 0)
(0 0 0)
(0 0 0)
(0 0 0)
(0 0 0)
(0 0 0)
(0 0 0)
(0 0 0)
(-5.39978e-11 -9.19471e-10 0)
(-4.05801e-11 -1.19562e-09 0)
(-5.23287e-11 -1.01577e-09 0)
(-2.58348e-11 -7.71389e-10 0)
(-8.7221e-11 -1.14237e-09 0)
(-7.19044e-11 -6.4465e-10 0)
(7.69075e-12 -2.272e-09 0)
(4.91344e-11 -8.67209e-10 0)
(5.7983e-11 -8.29545e-10 0)
(6.29918e-11 -8.4953e-10 0)
(1.21117e-10 -1.9873e-09 0)
(5.01108e-11 -8.06682e-10 0)
(2.54854e-11 -8.43877e-10 0)
(4.45352e-12 -9.75572e-10 0)
(7.3854e-11 -2.758e-09 0)
(-3.8157e-11 -2.17088e-09 0)
(-5.27194e-12 -1.8293e-09 0)
(5.14935e-12 -7.66894e-10 0)
(0 0 0)
(7.62683e-12 -8.88406e-10 0)
(4.97192e-11 -9.3109e-10 0)
(1.85178e-11 -1.01576e-09 0)
(0 0 0)
(2.24644e-11 -1.0706e-09 0)
(0 0 0)
(-1.84973e-12 -8.90311e-10 0)
(0 0 0)
(-1.60493e-11 -9.12963e-10 0)
(-3.61911e-11 -1.02093e-09 0)
(0 0 0)
(-2.00456e-11 -1.00537e-09 0)
(8.0852e-11 -1.02088e-09 0)
(3.64065e-11 -1.16202e-09 0)
(-6.09685e-11 -1.11312e-09 0)
(0 0 0)
(4.83559e-12 -9.54459e-10 0)
(2.50206e-11 -9.35685e-10 0)
(1.17824e-11 -9.5672e-10 0)
(2.78412e-11 -9.36902e-10 0)
(4.03995e-11 -9.24225e-10 0)
(7.20218e-12 -9.34456e-10 0)
(3.3853e-11 -1.03704e-09 0)
(-3.90034e-11 -1.0353e-09 0)
(-2.74521e-11 -9.33754e-10 0)
(-3.002e-11 -9.0749e-10 0)
(-3.01775e-11 -8.75395e-10 0)
(0 0 0)
(0 0 0)
(0 0 0)
(0 0 0)
(0 0 0)
(0 0 0)
(0 0 0)
(0 0 0)
(0 0 0)
(0 0 0)
(0 0 0)
(0 0 0)
(0 0 0)
(0 0 0)
(0 0 0)
(0 0 0)
(0 0 0)
(0 0 0)
(0 0 0)
(0 0 0)
(0 0 0)
(0 0 0)
(0 0 0)
(0 0 0)
(0 0 0)
(0 0 0)
(0 0 0)
(0 0 0)
(-1.02257e-10 -1.8158e-09 0)
(0 0 0)
(-7.55819e-11 -9.65282e-10 0)
(-2.93705e-11 -1.05966e-09 0)
(5.02274e-12 -9.52126e-10 0)
(-5.83114e-11 -9.81569e-10 0)
(-1.21386e-10 -9.67234e-10 0)
(-3.26438e-11 -9.80325e-10 0)
(2.76975e-12 -9.1884e-10 0)
(2.35336e-11 -1.92292e-09 0)
(1.76194e-11 -8.48698e-10 0)
(1.90249e-11 -1.91701e-09 0)
(7.86034e-11 -1.7488e-09 0)
(4.34898e-11 -1.94615e-09 0)
(-1.04973e-11 -9.17955e-10 0)
(-2.44154e-10 -2.59318e-09 0)
(3.75225e-11 -8.5391e-10 0)
(2.97453e-11 -7.96313e-10 0)
(0 0 0)
(1.31562e-11 -8.70238e-10 0)
(0 0 0)
(2.11745e-11 -8.75485e-10 0)
(1.30813e-11 -9.64553e-10 0)
(5.3664e-12 -9.11301e-10 0)
(6.91674e-11 -2.10111e-09 0)
(2.18094e-11 -8.17664e-10 0)
(3.64003e-12 -7.8902e-10 0)
(4.40511e-11 -2.00788e-09 0)
(2.49352e-11 -9.18833e-10 0)
(-1.08152e-10 -8.83069e-10 0)
(-5.01474e-11 -9.52737e-10 0)
(1.16461e-11 -9.54695e-10 0)
(4.83708e-11 -9.61323e-10 0)
(3.1806e-11 -1.19377e-09 0)
(8.27033e-12 -2.11938e-10 0)
(2.66733e-11 -6.33816e-10 0)
(2.95028e-11 -9.48234e-10 0)
(1.46112e-12 -9.14429e-10 0)
(-1.9827e-11 -9.27602e-10 0)
(2.72441e-12 -8.95959e-10 0)
(2.37532e-11 -9.09223e-10 0)
(-2.41441e-11 -9.21503e-10 0)
(-9.93621e-11 -2.54765e-09 0)
(5.17349e-12 -9.64955e-10 0)
(-1.25345e-11 -8.33963e-10 0)
(-2.67436e-11 -8.34109e-10 0)
(0 0 0)
(0 0 0)
(0 0 0)
(0 0 0)
(0 0 0)
(0 0 0)
(0 0 0)
(0 0 0)
(0 0 0)
(0 0 0)
(0 0 0)
(0 0 0)
(0 0 0)
(0 0 0)
(0 0 0)
(0 0 0)
(0 0 0)
(0 0 0)
(0 0 0)
(0 0 0)
(0 0 0)
(0 0 0)
(0 0 0)
(0 0 0)
(0 0 0)
(0 0 0)
(0 0 0)
(0 0 0)
(0 0 0)
(0 0 0)
(-1.09844e-10 -1.92372e-09 0)
(0 0 0)
(-3.81213e-11 -9.34651e-10 0)
(-3.10919e-12 -1.01398e-09 0)
(0 0 0)
(-5.36115e-11 -9.68297e-10 0)
(-4.82712e-11 -2.23407e-09 0)
(-1.14088e-11 -8.42059e-10 0)
(-1.85193e-11 -8.94248e-10 0)
(-1.89027e-11 -8.99809e-10 0)
(-4.10387e-11 -8.59342e-10 0)
(-3.46791e-11 -8.77782e-10 0)
(1.808e-11 -8.8807e-10 0)
(-3.29589e-10 -3.92799e-09 0)
(-5.6487e-11 -9.54675e-10 0)
(7.58456e-12 -8.90684e-10 0)
(7.50928e-11 -8.66306e-10 0)
(7.44132e-12 -8.42986e-10 0)
(0 0 0)
(8.28384e-12 -9.30013e-10 0)
(-1.58748e-11 -8.46389e-10 0)
(-6.45999e-11 -2.10151e-09 0)
(4.04713e-11 -2.17394e-09 0)
(2.32001e-11 -9.33842e-10 0)
(3.62487e-11 -9.04457e-10 0)
(3.79945e-11 -9.17802e-10 0)
(5.39807e-11 -9.59882e-10 0)
(3.47171e-11 -1.06095e-09 0)
(0 0 0)
(2.06117e-12 -9.42238e-10 0)
(2.20531e-11 -9.09732e-10 0)
(4.73603e-11 -9.32919e-10 0)
(3.97703e-11 -1.0874e-09 0)
(5.75357e-11 -1.02322e-09 0)
(1.24689e-10 -2.09797e-09 0)
(2.43993e-11 -8.29759e-10 0)
(4.59494e-12 -8.69137e-10 0)
(1.37284e-12 -8.83627e-10 0)
(7.26397e-11 -2.13255e-09 0)
(5.44051e-12 -1.05393e-09 0)
(0 0 0)
(-7.16147e-11 -1.00247e-09 0)
(1.51441e-11 -1.01475e-09 0)
(1.27488e-11 -9.53541e-10 0)
(0 0 0)
(0 0 0)
(0 0 0)
(0 0 0)
(0 0 0)
(0 0 0)
(0 0 0)
(0 0 0)
(0 0 0)
(0 0 0)
(0 0 0)
(0 0 0)
(0 0 0)
(0 0 0)
(0 0 0)
(0 0 0)
(0 0 0)
(0 0 0)
(0 0 0)
(0 0 0)
(0 0 0)
(0 0 0)
(0 0 0)
(0 0 0)
(0 0 0)
(0 0 0)
(0 0 0)
(0 0 0)
(0 0 0)
(0 0 0)
(6.74279e-11 -2.08971e-09 0)
(-4.01752e-11 -9.27802e-10 0)
(1.74756e-12 -9.4932e-10 0)
(3.20862e-12 -1.00265e-09 0)
(0 0 0)
(-2.9407e-11 -1.00535e-09 0)
(-4.17465e-11 -9.68783e-10 0)
(-2.50831e-11 -9.50874e-10 0)
(2.75539e-12 -9.56865e-10 0)
(-4.618e-12 -9.13645e-10 0)
(-2.21645e-11 -9.02772e-10 0)
(-2.25795e-11 -8.81032e-10 0)
(0 0 0)
(-2.46062e-11 -9.8993e-10 0)
(-8.70091e-11 -1.1705e-09 0)
(0 0 0)
(9.01183e-11 -1.90832e-09 0)
(1.19798e-10 -3.07116e-09 0)
(6.33225e-11 -1.73417e-09 0)
(3.87339e-11 -7.44205e-10 0)
(8.68215e-12 -8.28634e-10 0)
(0 0 0)
(0 0 0)
(2.37367e-11 -9.72339e-10 0)
(5.11581e-11 -9.79727e-10 0)
(1.68298e-11 -9.87203e-10 0)
(0 0 0)
(3.46556e-11 -8.96118e-10 0)
(5.00491e-11 -2.53248e-09 0)
(2.02224e-11 -1.03544e-09 0)
(0 0 0)
(3.30737e-11 -2.04171e-09 0)
(4.64414e-11 -8.76527e-10 0)
(-1.59022e-12 -2.14188e-09 0)
(2.08403e-11 -9.13335e-10 0)
(5.25477e-12 -9.40751e-10 0)
(1.49697e-11 -9.5067e-10 0)
(9.23998e-12 -9.30513e-10 0)
(1.59695e-12 -8.87443e-10 0)
(-1.60602e-11 -9.95824e-10 0)
(4.03201e-13 -1.17745e-09 0)
(0 0 0)
(1.79024e-11 -9.86224e-10 0)
(3.82888e-11 -9.99557e-10 0)
(0 0 0)
(2.49444e-11 -9.32274e-10 0)
(0 0 0)
(0 0 0)
(0 0 0)
(0 0 0)
(0 0 0)
(0 0 0)
(0 0 0)
(0 0 0)
(0 0 0)
(0 0 0)
(0 0 0)
(0 0 0)
(0 0 0)
(0 0 0)
(0 0 0)
(0 0 0)
(0 0 0)
(0 0 0)
(0 0 0)
(0 0 0)
(0 0 0)
(0 0 0)
(0 0 0)
(0 0 0)
(0 0 0)
(0 0 0)
(0 0 0)
(0 0 0)
(0 0 0)
(-3.7931e-11 -1.12066e-09 0)
(0 0 0)
(-6.39888e-11 -9.72685e-10 0)
(-2.49486e-11 -9.66786e-10 0)
(-2.30125e-11 -1.09083e-09 0)
(-7.33494e-11 -1.00139e-09 0)
(-6.73017e-11 -8.98886e-10 0)
(-4.6619e-11 -8.61686e-10 0)
(-1.90143e-11 -8.89095e-10 0)
(-1.89349e-11 -2.08754e-09 0)
(5.04936e-12 -8.50635e-10 0)
(0 0 0)
(-4.60168e-11 -9.43118e-10 0)
(-9.79505e-11 -1.11778e-09 0)
(-8.79735e-12 -1.11449e-09 0)
(3.21886e-11 -9.42979e-10 0)
(4.67789e-12 -9.109e-10 0)
(-2.11136e-11 -8.97648e-10 0)
(-1.03044e-11 -9.08841e-10 0)
(2.09764e-11 -2.06219e-09 0)
(1.45652e-11 -8.15079e-10 0)
(4.2201e-11 -8.75485e-10 0)
(3.89958e-11 -9.49723e-10 0)
(0 0 0)
(4.02754e-11 -9.17072e-10 0)
(1.00634e-11 -9.82218e-10 0)
(0 0 0)
(3.43877e-12 -9.53333e-10 0)
(0 0 0)
(5.19134e-11 -1.04533e-09 0)
(1.783e-10 -2.17086e-09 0)
(3.45643e-11 -8.30822e-10 0)
(4.40843e-11 -2.11368e-09 0)
(2.33735e-11 -8.98805e-10 0)
(0 0 0)
(3.36398e-11 -8.2199e-10 0)
(3.43648e-11 -9.4034e-10 0)
(7.06649e-13 -9.93534e-10 0)
(0 0 0)
(-5.99504e-12 -9.60892e-10 0)
(-4.58984e-11 -1.02714e-09 0)
(2.82657e-11 -1.05549e-09 0)
(2.57972e-11 -1.00252e-09 0)
(5.08775e-12 -9.68749e-10 0)
(3.59538e-11 -9.59947e-10 0)
(3.83909e-11 -9.28143e-10 0)
(0 0 0)
(0 0 0)
(0 0 0)
(0 0 0)
(0 0 0)
(0 0 0)
(0 0 0)
(0 0 0)
(0 0 0)
(0 0 0)
(0 0 0)
(0 0 0)
(0 0 0)
(0 0 0)
(0 0 0)
(0 0 0)
(0 0 0)
(0 0 0)
(0 0 0)
(0 0 0)
(0 0 0)
(0 0 0)
(0 0 0)
(0 0 0)
(0 0 0)
(0 0 0)
(0 0 0)
(0 0 0)
(0 0 0)
(-3.6692e-12 -2.56942e-10 0)
(-8.77312e-12 -5.78022e-10 0)
(-4.90887e-11 -1.0326e-09 0)
(-3.59751e-11 -9.54275e-10 0)
(-3.13924e-11 -9.86512e-10 0)
(-1.65569e-11 -8.98997e-10 0)
(-2.06841e-11 -8.55907e-10 0)
(-3.35975e-11 -1.47519e-09 0)
(-7.46558e-12 -1.2365e-09 0)
(-1.00144e-11 -8.67984e-10 0)
(-5.165e-12 -8.66458e-10 0)
(2.10843e-11 -9.78372e-10 0)
(0 0 0)
(-5.49689e-11 -1.06527e-09 0)
(-2.82804e-12 -1.41982e-09 0)
(4.74042e-11 -1.49977e-09 0)
(7.52811e-12 -9.09159e-10 0)
(0 0 0)
(1.62713e-11 -9.552e-10 0)
(-9.95792e-12 -8.90687e-10 0)
(2.58529e-12 -8.5417e-10 0)
(2.8296e-11 -9.86427e-10 0)
(0 0 0)
(6.90038e-11 -2.09378e-09 0)
(5.30809e-11 -2.19061e-09 0)
(-6.78712e-13 -9.12445e-10 0)
(2.35188e-11 -9.03332e-10 0)
(-1.09708e-11 -8.77739e-10 0)
(-4.87707e-11 -2.05864e-09 0)
(5.38202e-11 -2.2456e-09 0)
(1.08236e-10 -1.99848e-09 0)
(-1.04581e-11 -7.68631e-10 0)
(3.44257e-11 -8.60224e-10 0)
(5.39006e-11 -1.99056e-09 0)
(1.07079e-10 -2.00461e-09 0)
(2.33576e-11 -8.88192e-10 0)
(2.33561e-11 -9.2227e-10 0)
(0 0 0)
(3.11008e-11 -9.13948e-10 0)
(1.75919e-11 -1.10408e-09 0)
(0 0 0)
(6.45778e-12 -1.02986e-09 0)
(1.07839e-11 -1.03235e-09 0)
(0 0 0)
(0 0 0)
(3.09533e-12 -8.51554e-10 0)
(8.35085e-11 -1.59325e-09 0)
(1.05897e-11 -2.40889e-10 0)
(0 0 0)
(0 0 0)
(0 0 0)
(0 0 0)
(0 0 0)
(0 0 0)
(0 0 0)
(0 0 0)
(0 0 0)
(0 0 0)
(0 0 0)
(0 0 0)
(0 0 0)
(0 0 0)
(0 0 0)
(0 0 0)
(0 0 0)
(0 0 0)
(0 0 0)
(0 0 0)
(0 0 0)
(0 0 0)
(0 0 0)
(0 0 0)
(0 0 0)
(0 0 0)
(0 0 0)
(-3.14435e-11 -9.62858e-10 0)
(-4.59952e-11 -9.39572e-10 0)
(-6.46485e-11 -9.4619e-10 0)
(-8.67562e-11 -9.29908e-10 0)
(-1.01405e-10 -2.23709e-09 0)
(3.7411e-12 -9.26194e-10 0)
(-1.59169e-11 -8.52739e-10 0)
(-3.02939e-11 -8.7754e-10 0)
(-3.48203e-11 -8.79627e-10 0)
(-1.78011e-11 -8.89534e-10 0)
(1.58157e-12 -8.86238e-10 0)
(-1.98564e-12 -8.60146e-10 0)
(-2.03414e-11 -2.39063e-09 0)
(1.10065e-11 -1.01101e-09 0)
(-4.59988e-12 -2.17201e-09 0)
(0 0 0)
(4.56187e-12 -8.84802e-10 0)
(0 0 0)
(1.3007e-11 -9.28413e-10 0)
(2.52581e-11 -9.61088e-10 0)
(0 0 0)
(0 0 0)
(5.76623e-11 -2.12422e-09 0)
(3.59276e-11 -9.25473e-10 0)
(4.06833e-11 -2.31302e-09 0)
(1.53651e-11 -9.16698e-10 0)
(-1.4828e-11 -9.62267e-10 0)
(0 0 0)
(1.92546e-12 -1.04358e-09 0)
(1.20677e-12 -3.51785e-10 0)
(1.45877e-11 -1.41194e-09 0)
(-1.4336e-11 -8.42975e-10 0)
(2.8437e-11 -8.66068e-10 0)
(0 0 0)
(0 0 0)
(5.81526e-11 -2.20105e-09 0)
(0 0 0)
(9.7821e-12 -9.1709e-10 0)
(6.7642e-11 -2.04161e-09 0)
(2.34937e-11 -1.0219e-09 0)
(-6.40626e-12 -1.12047e-09 0)
(0 0 0)
(2.22771e-11 -1.00641e-09 0)
(0 0 0)
(-3.08273e-11 -2.17479e-09 0)
(-3.17332e-11 -2.06218e-09 0)
(-3.65462e-11 -7.77441e-10 0)
(0 0 0)
(0 0 0)
(0 0 0)
(0 0 0)
(0 0 0)
(0 0 0)
(0 0 0)
(0 0 0)
(0 0 0)
(0 0 0)
(0 0 0)
(0 0 0)
(0 0 0)
(0 0 0)
(0 0 0)
(0 0 0)
(0 0 0)
(0 0 0)
(0 0 0)
(0 0 0)
(0 0 0)
(0 0 0)
(0 0 0)
(0 0 0)
(0 0 0)
(0 0 0)
(0 0 0)
(0 0 0)
(-5.00698e-11 -9.46118e-10 0)
(0 0 0)
(-4.30195e-11 -9.57973e-10 0)
(-7.09809e-11 -9.75572e-10 0)
(-8.89552e-11 -1.48925e-09 0)
(-3.12507e-11 -1.50362e-09 0)
(-2.36215e-11 -9.00449e-10 0)
(-1.39406e-11 -9.0188e-10 0)
(0 0 0)
(0 0 0)
(-5.41152e-11 -2.11496e-09 0)
(-3.2689e-11 -8.35155e-10 0)
(-7.67287e-11 -1.00525e-09 0)
(1.81117e-11 -1.00823e-09 0)
(3.49469e-11 -9.49643e-10 0)
(2.83714e-11 -9.07561e-10 0)
(0 0 0)
(3.39994e-11 -9.37196e-10 0)
(3.36338e-11 -9.29339e-10 0)
(2.86634e-11 -9.36456e-10 0)
(2.66342e-11 -9.86724e-10 0)
(0 0 0)
(2.39753e-11 -9.25591e-10 0)
(0 0 0)
(-1.6406e-11 -2.28599e-09 0)
(4.00365e-11 -2.09776e-09 0)
(-4.95511e-12 -8.19688e-10 0)
(1.20059e-11 -2.03812e-09 0)
(1.18977e-11 -9.59523e-10 0)
(2.79413e-11 -2.16083e-09 0)
(-7.46504e-12 -8.39875e-10 0)
(6.02098e-12 -8.76536e-10 0)
(2.99522e-11 -9.16734e-10 0)
(3.86093e-11 -9.30803e-10 0)
(3.6143e-11 -9.55517e-10 0)
(2.71416e-11 -9.60145e-10 0)
(2.08653e-11 -9.68227e-10 0)
(0 0 0)
(8.66469e-12 -9.12071e-10 0)
(2.12777e-11 -9.91781e-10 0)
(-7.74197e-12 -1.04991e-09 0)
(3.34787e-11 -9.90158e-10 0)
(-1.15108e-12 -9.67451e-10 0)
(-1.10482e-13 -5.25786e-12 0)
(-2.45787e-11 -9.6829e-10 0)
(-6.50744e-11 -9.71183e-10 0)
(0 0 0)
(0 0 0)
(0 0 0)
(0 0 0)
(0 0 0)
(0 0 0)
(0 0 0)
(0 0 0)
(0 0 0)
(0 0 0)
(0 0 0)
(0 0 0)
(0 0 0)
(0 0 0)
(0 0 0)
(0 0 0)
(0 0 0)
(0 0 0)
(0 0 0)
(0 0 0)
(0 0 0)
(0 0 0)
(0 0 0)
(0 0 0)
(0 0 0)
(0 0 0)
(0 0 0)
(0 0 0)
(0 0 0)
(-5.68977e-11 -9.2666e-10 0)
(-4.12543e-11 -9.37345e-10 0)
(-4.83059e-11 -9.45696e-10 0)
(-1.37504e-10 -2.05847e-09 0)
(-9.34689e-11 -2.12068e-09 0)
(-3.54504e-11 -8.19959e-10 0)
(-4.80671e-11 -8.53876e-10 0)
(0 0 0)
(-7.01734e-12 -9.30442e-10 0)
(-1.87754e-11 -2.16369e-09 0)
(-1.88822e-11 -8.86315e-10 0)
(-1.09048e-11 -9.39883e-10 0)
(4.83466e-12 -9.72611e-10 0)
(3.44971e-11 -9.69093e-10 0)
(3.29891e-11 -1.02588e-09 0)
(0 0 0)
(3.41211e-11 -9.45735e-10 0)
(2.43899e-11 -9.28945e-10 0)
(5.98312e-12 -9.31553e-10 0)
(2.50516e-11 -9.41657e-10 0)
(0 0 0)
(3.53853e-11 -9.068e-10 0)
(5.10082e-11 -9.11262e-10 0)
(7.92087e-11 -2.31595e-09 0)
(-7.14755e-11 -2.29788e-09 0)
(-4.70158e-11 -8.355e-10 0)
(4.69692e-11 -1.39369e-09 0)
(-1.96895e-11 -1.29018e-09 0)
(1.52094e-11 -8.68082e-10 0)
(-2.27252e-12 -9.33443e-10 0)
(-1.81967e-11 -9.18639e-10 0)
(1.90677e-12 -9.51385e-10 0)
(2.3538e-11 -9.58514e-10 0)
(3.962e-11 -9.47362e-10 0)
(4.07978e-11 -9.3651e-10 0)
(4.72752e-11 -9.34226e-10 0)
(3.06564e-11 -9.24792e-10 0)
(2.39272e-11 -8.96502e-10 0)
(2.73602e-11 -8.95754e-10 0)
(3.25201e-11 -1.02634e-09 0)
(4.38042e-11 -8.9817e-10 0)
(7.02065e-11 -2.17073e-09 0)
(-2.22947e-11 -9.5643e-10 0)
(-4.91798e-12 -9.41607e-10 0)
(-1.20616e-11 -3.44515e-10 0)
(-1.27483e-11 -3.61721e-10 0)
(0 0 0)
(0 0 0)
(0 0 0)
(0 0 0)
(0 0 0)
(0 0 0)
(0 0 0)
(0 0 0)
(0 0 0)
(0 0 0)
(0 0 0)
(0 0 0)
(0 0 0)
(0 0 0)
(0 0 0)
(0 0 0)
(0 0 0)
(0 0 0)
(0 0 0)
(0 0 0)
(0 0 0)
(0 0 0)
(0 0 0)
(0 0 0)
(0 0 0)
(0 0 0)
(0 0 0)
(0 0 0)
(0 0 0)
(0 0 0)
(-4.7341e-11 -1.22656e-09 0)
(-6.24021e-11 -1.79341e-09 0)
(-1.35358e-11 -1.52569e-10 0)
(-1.5272e-10 -1.718e-09 0)
(-6.75716e-11 -8.52769e-10 0)
(-2.71228e-11 -9.85225e-10 0)
(0 0 0)
(-2.39445e-11 -9.44511e-10 0)
(-2.71724e-11 -1.02068e-09 0)
(0 0 0)
(1.37129e-11 -9.62225e-10 0)
(-1.53418e-11 -9.90222e-10 0)
(0 0 0)
(2.58871e-11 -9.51772e-10 0)
(1.85344e-11 -9.42853e-10 0)
(8.54916e-12 -9.7076e-10 0)
(1.00632e-11 -9.59232e-10 0)
(0 0 0)
(5.95072e-12 -1.97887e-09 0)
(8.15707e-12 -1.21258e-09 0)
(-5.54308e-11 -1.43694e-09 0)
(-3.11519e-11 -1.86519e-09 0)
(8.30967e-11 -2.47079e-09 0)
(6.06145e-11 -9.89713e-10 0)
(5.86264e-12 -1.1777e-09 0)
(-3.09618e-11 -1.66544e-09 0)
(-9.89593e-13 -8.62746e-10 0)
(1.39553e-11 -9.33449e-10 0)
(3.5138e-11 -9.82723e-10 0)
(-3.3433e-11 -9.95067e-10 0)
(-1.48025e-11 -9.76525e-10 0)
(3.73043e-11 -8.88231e-10 0)
(5.61176e-11 -9.0069e-10 0)
(5.92998e-11 -9.20062e-10 0)
(3.89679e-11 -9.26495e-10 0)
(1.74333e-11 -9.0768e-10 0)
(1.45963e-11 -8.77631e-10 0)
(-1.07114e-11 -9.58657e-10 0)
(-5.31371e-11 -9.64241e-10 0)
(2.14099e-11 -9.28909e-10 0)
(5.54521e-11 -2.44791e-09 0)
(3.28178e-11 -9.98867e-10 0)
(8.64738e-11 -2.29173e-09 0)
(0 0 0)
(0 0 0)
(0 0 0)
(0 0 0)
(0 0 0)
(0 0 0)
(0 0 0)
(0 0 0)
(0 0 0)
(0 0 0)
(0 0 0)
(0 0 0)
(0 0 0)
(0 0 0)
(0 0 0)
(0 0 0)
(0 0 0)
(0 0 0)
(0 0 0)
(0 0 0)
(0 0 0)
(0 0 0)
(0 0 0)
(0 0 0)
(0 0 0)
(0 0 0)
(0 0 0)
(0 0 0)
(0 0 0)
(0 0 0)
(0 0 0)
(-1.24664e-11 -9.42191e-10 0)
(3.42784e-11 -9.52993e-10 0)
(-5.96797e-12 -9.70072e-10 0)
(-1.52619e-10 -3.40627e-09 0)
(0 0 0)
(0 0 0)
(-7.61474e-11 -9.40225e-10 0)
(-3.27659e-11 -9.44706e-10 0)
(-3.58189e-11 -9.37298e-10 0)
(-3.58103e-12 -4.53325e-10 0)
(-9.63457e-13 -1.49481e-10 0)
(5.54334e-12 -9.75532e-10 0)
(0 0 0)
(2.09061e-11 -9.97184e-10 0)
(1.97238e-11 -9.00699e-10 0)
(5.13823e-11 -8.76847e-10 0)
(1.28757e-11 -9.08451e-10 0)
(-2.21162e-11 -9.04439e-10 0)
(-2.25412e-11 -8.97475e-10 0)
(-5.5459e-11 -1.58235e-09 0)
(-5.83438e-12 -2.49863e-10 0)
(0 0 0)
(0 0 0)
(0 0 0)
(0 0 0)
(-1.57664e-12 -1.14787e-09 0)
(-7.64455e-11 -1.06625e-09 0)
(-1.31645e-10 -1.94797e-09 0)
(-1.33662e-11 -8.5014e-10 0)
(-1.65444e-11 -2.47001e-09 0)
(-3.03565e-11 -9.72212e-10 0)
(-3.07217e-12 -8.5006e-10 0)
(2.07278e-11 -8.56987e-10 0)
(4.03633e-11 -9.17845e-10 0)
(4.06757e-11 -9.10698e-10 0)
(1.5344e-11 -9.28757e-10 0)
(-4.74673e-12 -9.16524e-10 0)
(-9.00697e-12 -9.08224e-10 0)
(0 0 0)
(-2.3334e-11 -1.64674e-09 0)
(-1.64278e-13 -1.30499e-09 0)
(-3.21878e-12 -1.00218e-09 0)
(4.60881e-11 -1.01224e-09 0)
(2.68316e-11 -1.00328e-09 0)
(2.25401e-11 -1.00337e-09 0)
(0 0 0)
(0 0 0)
(0 0 0)
(0 0 0)
(0 0 0)
(0 0 0)
(0 0 0)
(0 0 0)
(0 0 0)
(0 0 0)
(0 0 0)
(0 0 0)
(0 0 0)
(0 0 0)
(0 0 0)
(0 0 0)
(0 0 0)
(0 0 0)
(0 0 0)
(0 0 0)
(0 0 0)
(0 0 0)
(0 0 0)
(0 0 0)
(0 0 0)
(0 0 0)
(0 0 0)
(0 0 0)
(0 0 0)
(0 0 0)
(0 0 0)
(5.89719e-11 -1.00501e-09 0)
(-2.61911e-11 -1.0775e-09 0)
(0 0 0)
(-5.84358e-11 -8.55069e-10 0)
(6.19575e-13 -9.06116e-10 0)
(-3.35004e-11 -9.35708e-10 0)
(-1.18829e-11 -8.65726e-10 0)
(-2.88809e-11 -8.79906e-10 0)
(1.73433e-11 -9.32045e-10 0)
(1.86111e-11 -9.72931e-10 0)
(1.65845e-11 -1.0494e-09 0)
(0 0 0)
(6.44023e-11 -2.10946e-09 0)
(2.50979e-11 -8.76592e-10 0)
(8.77093e-12 -8.72429e-10 0)
(5.01519e-11 -2.10362e-09 0)
(0 0 0)
(0 0 0)
(0 0 0)
(-1.5109e-11 -9.69111e-10 0)
(-2.75629e-11 -8.98111e-10 0)
(-1.47179e-11 -8.55995e-10 0)
(3.04972e-12 -8.40309e-10 0)
(5.80032e-11 -4.22226e-09 0)
(-1.20847e-11 -1.10387e-09 0)
(0 0 0)
(-4.12924e-11 -8.28025e-10 0)
(-4.78676e-11 -8.85222e-10 0)
(-6.98444e-11 -9.8645e-10 0)
(2.70284e-11 -2.46995e-09 0)
(1.13934e-11 -8.72507e-10 0)
(3.10814e-12 -8.81531e-10 0)
(1.29749e-11 -9.10707e-10 0)
(-3.82245e-12 -9.2229e-10 0)
(-1.60728e-11 -9.06e-10 0)
(-1.57622e-11 -8.88057e-10 0)
(0 0 0)
(-2.5228e-11 -2.11335e-09 0)
(-2.4172e-11 -8.84375e-10 0)
(1.52079e-11 -8.52211e-10 0)
(6.34529e-11 -9.03197e-10 0)
(3.27381e-11 -1.07368e-09 0)
(2.52015e-11 -2.28645e-09 0)
(-3.85347e-11 -1.00902e-09 0)
(0 0 0)
(0 0 0)
(0 0 0)
(0 0 0)
(0 0 0)
(0 0 0)
(0 0 0)
(0 0 0)
(0 0 0)
(0 0 0)
(0 0 0)
(0 0 0)
(0 0 0)
(0 0 0)
(0 0 0)
(0 0 0)
(0 0 0)
(0 0 0)
(0 0 0)
(0 0 0)
(0 0 0)
(0 0 0)
(0 0 0)
(0 0 0)
(0 0 0)
(0 0 0)
(0 0 0)
(0 0 0)
(0 0 0)
(0 0 0)
(5.25836e-11 -9.05392e-10 0)
(-1.3066e-10 -2.46059e-09 0)
(-2.74993e-11 -1.02615e-09 0)
(0 0 0)
(-1.57421e-11 -1.89616e-09 0)
(-1.61338e-11 -1.82984e-09 0)
(-4.9199e-11 -1.82073e-09 0)
(-1.14838e-10 -1.96211e-09 0)
(-2.47055e-11 -8.94583e-10 0)
(5.81201e-12 -9.50897e-10 0)
(3.78661e-12 -9.69999e-10 0)
(1.32273e-11 -9.67414e-10 0)
(2.58796e-11 -9.37581e-10 0)
(1.78385e-11 -2.12156e-09 0)
(-6.19144e-12 -8.29947e-10 0)
(2.96352e-11 -2.08965e-09 0)
(0 0 0)
(3.25568e-11 -2.07697e-09 0)
(-8.10261e-12 -9.63213e-10 0)
(-4.23686e-12 -3.13519e-10 0)
(-6.54119e-12 -4.28499e-10 0)
(-2.04936e-11 -9.5692e-10 0)
(-5.15822e-11 -8.92645e-10 0)
(-7.34635e-11 -2.03429e-09 0)
(-7.93328e-11 -1.0109e-09 0)
(-1.67054e-10 -2.48185e-09 0)
(3.83591e-11 -9.45125e-10 0)
(7.91583e-12 -9.37748e-10 0)
(2.95448e-12 -9.36013e-10 0)
(-6.79191e-12 -1.04343e-09 0)
(2.8288e-11 -1.02192e-09 0)
(0 0 0)
(-4.99324e-11 -9.02354e-10 0)
(-2.70308e-12 -9.21343e-10 0)
(-7.85486e-11 -2.19008e-09 0)
(-2.02645e-11 -8.76136e-10 0)
(-3.11286e-11 -8.62822e-10 0)
(-2.95061e-11 -1.97006e-09 0)
(-2.93389e-11 -8.44247e-10 0)
(1.57364e-12 -8.5584e-10 0)
(2.63713e-11 -8.62969e-10 0)
(8.14239e-11 -9.10117e-10 0)
(3.05469e-11 -1.17638e-09 0)
(-7.25584e-12 -1.1643e-09 0)
(-4.09804e-11 -1.02947e-09 0)
(0 0 0)
(0 0 0)
(0 0 0)
(0 0 0)
(0 0 0)
(0 0 0)
(0 0 0)
(0 0 0)
(0 0 0)
(0 0 0)
(0 0 0)
(0 0 0)
(0 0 0)
(0 0 0)
(0 0 0)
(0 0 0)
(0 0 0)
(0 0 0)
(0 0 0)
(0 0 0)
(0 0 0)
(0 0 0)
(0 0 0)
(0 0 0)
(0 0 0)
(0 0 0)
(0 0 0)
(0 0 0)
(0 0 0)
(0 0 0)
(-9.55563e-11 -3.37607e-09 0)
(0 0 0)
(-2.51454e-11 -9.47703e-10 0)
(-1.86961e-12 -9.68762e-10 0)
(3.31993e-11 -8.53676e-10 0)
(4.63613e-12 -7.96663e-10 0)
(1.23214e-11 -8.22455e-10 0)
(-5.51927e-11 -8.91022e-10 0)
(-3.20678e-11 -8.76704e-10 0)
(-3.8546e-11 -9.33216e-10 0)
(-3.57563e-11 -2.23563e-09 0)
(1.89864e-11 -8.78558e-10 0)
(1.13598e-11 -9.04873e-10 0)
(-2.83892e-12 -9.30173e-10 0)
(-8.57874e-12 -1.33506e-09 0)
(-3.01406e-12 -1.67232e-09 0)
(1.9233e-11 -8.43318e-10 0)
(2.6291e-11 -8.60386e-10 0)
(1.86089e-11 -8.59507e-10 0)
(8.99888e-12 -9.2813e-10 0)
(-1.27882e-12 -4.43186e-11 0)
(-2.2918e-11 -7.89634e-10 0)
(-5.68716e-11 -2.186e-09 0)
(-1.44988e-11 -5.05222e-10 0)
(-2.52104e-12 -8.18589e-11 0)
(-4.71763e-11 -1.03446e-09 0)
(3.64269e-11 -1.02982e-09 0)
(1.64728e-11 -9.77367e-10 0)
(2.84352e-11 -1.05152e-09 0)
(5.54529e-12 -1.12254e-09 0)
(0 0 0)
(-6.665e-11 -2.07069e-09 0)
(-3.87452e-11 -8.48417e-10 0)
(-1.95345e-11 -8.71205e-10 0)
(1.91881e-11 -9.56647e-10 0)
(-1.38018e-10 -2.2079e-09 0)
(-4.60606e-11 -8.66521e-10 0)
(-4.7903e-11 -8.74578e-10 0)
(-1.72605e-11 -8.67099e-10 0)
(-1.57877e-11 -8.56095e-10 0)
(-1.59319e-11 -8.24373e-10 0)
(-2.16727e-11 -2.4932e-09 0)
(1.93075e-11 -1.27267e-09 0)
(4.64062e-11 -1.19145e-09 0)
(5.36617e-11 -1.02272e-09 0)
(0 0 0)
(0 0 0)
(0 0 0)
(0 0 0)
(0 0 0)
(0 0 0)
(0 0 0)
(0 0 0)
(0 0 0)
(0 0 0)
(0 0 0)
(0 0 0)
(0 0 0)
(0 0 0)
(0 0 0)
(0 0 0)
(0 0 0)
(0 0 0)
(0 0 0)
(0 0 0)
(0 0 0)
(0 0 0)
(0 0 0)
(0 0 0)
(0 0 0)
(0 0 0)
(0 0 0)
(0 0 0)
(0 0 0)
(0 0 0)
(-3.98315e-11 -9.32969e-10 0)
(-3.17528e-12 -9.56259e-10 0)
(2.04679e-11 -9.38439e-10 0)
(2.01045e-11 -9.7402e-10 0)
(2.19224e-11 -9.41944e-10 0)
(-2.1409e-11 -8.95042e-10 0)
(-2.90069e-11 -8.45667e-10 0)
(-3.62163e-11 -8.80118e-10 0)
(-4.71027e-11 -9.16296e-10 0)
(-4.41819e-11 -9.51405e-10 0)
(-5.70893e-11 -9.52812e-10 0)
(-3.19428e-11 -9.35774e-10 0)
(2.71557e-11 -2.16619e-09 0)
(-9.99925e-13 -9.11232e-10 0)
(-2.7803e-11 -9.28123e-10 0)
(-4.44148e-11 -9.17751e-10 0)
(-1.26653e-11 -2.10803e-09 0)
(1.73977e-12 -8.70846e-10 0)
(0 0 0)
(-3.77714e-11 -1.96075e-09 0)
(-2.98879e-11 -2.02537e-09 0)
(7.67888e-12 -1.95476e-09 0)
(-1.93423e-11 -7.92734e-10 0)
(-1.48814e-11 -8.60011e-10 0)
(-2.64375e-11 -9.97025e-10 0)
(0 0 0)
(3.41575e-12 -1.03032e-09 0)
(-3.9915e-12 -9.86827e-10 0)
(0 0 0)
(-3.5514e-11 -2.53427e-09 0)
(1.41375e-11 -9.72612e-10 0)
(-2.06719e-11 -8.01997e-10 0)
(-2.05162e-11 -7.89368e-10 0)
(-2.99523e-12 -8.63707e-10 0)
(-1.23241e-10 -2.3403e-09 0)
(0 0 0)
(-3.1153e-11 -9.27593e-10 0)
(-1.67034e-11 -8.46546e-10 0)
(4.11629e-12 -9.00074e-10 0)
(-1.72244e-11 -8.86928e-10 0)
(-3.9451e-11 -8.91145e-10 0)
(-8.31464e-11 -9.40731e-10 0)
(-2.97492e-11 -1.05254e-09 0)
(4.69835e-11 -1.08929e-09 0)
(9.97054e-11 -1.06537e-09 0)
(0 0 0)
(0 0 0)
(0 0 0)
(0 0 0)
(0 0 0)
(0 0 0)
(0 0 0)
(0 0 0)
(0 0 0)
(0 0 0)
(0 0 0)
(0 0 0)
(0 0 0)
(0 0 0)
(0 0 0)
(0 0 0)
(0 0 0)
(0 0 0)
(0 0 0)
(0 0 0)
(0 0 0)
(0 0 0)
(0 0 0)
(0 0 0)
(0 0 0)
(0 0 0)
(0 0 0)
(0 0 0)
(0 0 0)
(0 0 0)
(-2.29108e-11 -8.93045e-10 0)
(-9.54259e-12 -9.38606e-10 0)
(1.3285e-11 -9.3613e-10 0)
(0 0 0)
(5.62011e-11 -3.42981e-09 0)
(-1.24945e-11 -7.73877e-10 0)
(2.45216e-12 -8.4229e-10 0)
(-1.7672e-11 -8.90383e-10 0)
(-1.99413e-11 -9.11433e-10 0)
(-5.52728e-11 -2.13296e-09 0)
(-3.96612e-12 -8.51314e-10 0)
(-1.68564e-11 -8.41844e-10 0)
(-1.86191e-11 -8.98667e-10 0)
(3.48275e-11 -2.24617e-09 0)
(-3.66872e-11 -9.45288e-10 0)
(-4.29055e-11 -9.22277e-10 0)
(-6.36271e-11 -9.11955e-10 0)
(-2.53346e-11 -8.79409e-10 0)
(-2.26212e-11 -2.06343e-09 0)
(-5.41341e-12 -8.57157e-10 0)
(-3.28446e-11 -8.52003e-10 0)
(-3.11651e-11 -8.71449e-10 0)
(1.19773e-11 -9.27129e-10 0)
(0 0 0)
(0 0 0)
(-2.92223e-11 -1.0166e-09 0)
(-2.10096e-12 -9.44282e-10 0)
(5.30735e-12 -9.59655e-10 0)
(-1.15918e-11 -2.21569e-09 0)
(-2.40891e-11 -1.04515e-09 0)
(1.80281e-11 -9.78647e-10 0)
(-6.29725e-14 -9.28582e-10 0)
(-1.14611e-13 -1.2709e-11 0)
(-6.1418e-11 -1.91899e-09 0)
(-4.38652e-11 -9.22681e-10 0)
(-1.98511e-11 -9.3392e-10 0)
(-2.20882e-12 -2.01068e-09 0)
(-4.45018e-11 -8.31194e-10 0)
(1.98914e-11 -1.92395e-09 0)
(-1.50049e-11 -8.76354e-10 0)
(-2.86596e-11 -2.11669e-09 0)
(-2.4374e-11 -8.47895e-10 0)
(-9.86314e-12 -9.2763e-10 0)
(3.79824e-11 -9.7798e-10 0)
(7.7993e-11 -1.06503e-09 0)
(0 0 0)
(0 0 0)
(0 0 0)
(0 0 0)
(0 0 0)
(0 0 0)
(0 0 0)
(0 0 0)
(0 0 0)
(0 0 0)
(0 0 0)
(0 0 0)
(0 0 0)
(0 0 0)
(0 0 0)
(0 0 0)
(0 0 0)
(0 0 0)
(0 0 0)
(0 0 0)
(0 0 0)
(0 0 0)
(0 0 0)
(0 0 0)
(0 0 0)
(0 0 0)
(0 0 0)
(0 0 0)
(0 0 0)
(0 0 0)
(-1.08659e-11 -9.55612e-10 0)
(1.15672e-11 -9.65129e-10 0)
(4.06166e-12 -9.82283e-10 0)
(0 0 0)
(9.36409e-13 -9.28246e-10 0)
(-5.89361e-12 -9.13026e-10 0)
(-1.07674e-11 -9.3496e-10 0)
(-2.19281e-11 -9.22379e-10 0)
(-5.48798e-12 -2.21032e-09 0)
(0 0 0)
(-1.13522e-11 -2.08573e-09 0)
(1.17804e-12 -7.94933e-10 0)
(4.53683e-12 -8.71255e-10 0)
(1.05549e-11 -1.00045e-09 0)
(-8.47096e-11 -1.02912e-09 0)
(-5.51873e-11 -9.20156e-10 0)
(0 0 0)
(-2.21509e-11 -9.32281e-10 0)
(-4.10004e-11 -9.21146e-10 0)
(5.06264e-11 -2.16848e-09 0)
(8.69674e-12 -8.48151e-10 0)
(0 0 0)
(-1.82003e-12 -8.62822e-10 0)
(-1.80697e-11 -1.13461e-09 0)
(0 0 0)
(1.87304e-11 -9.85914e-10 0)
(-2.05062e-12 -9.44948e-10 0)
(-1.46303e-11 -9.95642e-10 0)
(-4.07779e-11 -1.02047e-09 0)
(-3.72113e-11 -1.03181e-09 0)
(-2.29039e-11 -1.01521e-09 0)
(-3.16201e-11 -9.8244e-10 0)
(-2.2104e-12 -2.00565e-09 0)
(-4.81737e-11 -9.10535e-10 0)
(-1.3826e-10 -2.09169e-09 0)
(3.11595e-11 -2.18361e-09 0)
(0 0 0)
(0 0 0)
(-3.0964e-11 -9.08143e-10 0)
(-3.97438e-11 -1.68378e-09 0)
(-1.62251e-11 -1.18431e-09 0)
(-1.05834e-11 -9.16548e-10 0)
(-1.44821e-13 -9.49129e-10 0)
(-9.70042e-12 -1.10438e-09 0)
(4.10467e-11 -1.20718e-09 0)
(0 0 0)
(2.77065e-11 -1.00535e-09 0)
(0 0 0)
(0 0 0)
(0 0 0)
(0 0 0)
(0 0 0)
(0 0 0)
(0 0 0)
(0 0 0)
(0 0 0)
(0 0 0)
(0 0 0)
(0 0 0)
(0 0 0)
(0 0 0)
(0 0 0)
(0 0 0)
(0 0 0)
(0 0 0)
(0 0 0)
(0 0 0)
(0 0 0)
(0 0 0)
(0 0 0)
(0 0 0)
(0 0 0)
(0 0 0)
(0 0 0)
(0 0 0)
(-1.26688e-11 -9.3165e-10 0)
(-2.03019e-11 -2.14277e-09 0)
(2.21166e-11 -8.74162e-10 0)
(3.84306e-11 -8.99811e-10 0)
(0 0 0)
(-1.94182e-12 -8.28007e-10 0)
(-5.40554e-12 -9.44974e-10 0)
(-2.78183e-11 -9.56213e-10 0)
(-1.03608e-11 -9.22069e-10 0)
(-6.56437e-12 -9.64636e-10 0)
(-1.64313e-11 -8.91389e-10 0)
(-3.22367e-11 -8.20872e-10 0)
(-9.74359e-11 -2.08081e-09 0)
(-1.05755e-10 -2.36635e-09 0)
(-1.51844e-11 -9.95179e-10 0)
(0 0 0)
(-3.26202e-11 -9.16166e-10 0)
(0 0 0)
(-1.0742e-11 -9.53853e-10 0)
(-2.70402e-11 -9.5542e-10 0)
(-1.93242e-11 -9.30305e-10 0)
(4.13042e-11 -2.09629e-09 0)
(-2.87832e-11 -9.25429e-10 0)
(-4.35659e-11 -9.00486e-10 0)
(4.21745e-11 -9.27196e-10 0)
(2.9544e-11 -9.08439e-10 0)
(1.2141e-11 -9.10661e-10 0)
(3.44109e-11 -8.94245e-10 0)
(4.48727e-11 -9.70495e-10 0)
(-3.07767e-11 -1.05234e-09 0)
(-4.49293e-11 -9.92943e-10 0)
(0 0 0)
(-8.56833e-12 -8.93496e-10 0)
(0 0 0)
(-4.60354e-11 -9.8561e-10 0)
(-3.39683e-12 -1.02714e-09 0)
(-1.00465e-11 -1.58722e-09 0)
(-1.78758e-12 -1.26877e-09 0)
(-5.64071e-11 -8.70842e-10 0)
(2.02407e-12 -1.9695e-09 0)
(-2.46373e-11 -8.56871e-10 0)
(-2.17825e-11 -9.03492e-10 0)
(-3.4558e-12 -1.61888e-09 0)
(3.49206e-12 -2.48917e-10 0)
(-4.74424e-11 -1.12588e-09 0)
(6.71389e-11 -1.04938e-09 0)
(4.74461e-11 -9.77739e-10 0)
(0 0 0)
(0 0 0)
(0 0 0)
(0 0 0)
(0 0 0)
(0 0 0)
(0 0 0)
(0 0 0)
(0 0 0)
(0 0 0)
(0 0 0)
(0 0 0)
(0 0 0)
(0 0 0)
(0 0 0)
(0 0 0)
(0 0 0)
(0 0 0)
(0 0 0)
(0 0 0)
(0 0 0)
(0 0 0)
(0 0 0)
(0 0 0)
(0 0 0)
(0 0 0)
(0 0 0)
(0 0 0)
(3.33732e-12 -9.1463e-10 0)
(0 0 0)
(5.11964e-11 -1.97305e-09 0)
(6.70505e-11 -2.01299e-09 0)
(1.10393e-11 -1.99243e-09 0)
(-3.46921e-11 -8.64252e-10 0)
(6.89851e-12 -9.05762e-10 0)
(0 0 0)
(0 0 0)
(3.18352e-11 -8.56631e-10 0)
(1.59557e-11 -8.25578e-10 0)
(-3.53188e-11 -9.38436e-10 0)
(-5.76161e-11 -9.89712e-10 0)
(-9.17903e-11 -9.81044e-10 0)
(6.83703e-11 -2.33194e-09 0)
(6.39519e-12 -8.44722e-10 0)
(-7.09797e-12 -8.20913e-10 0)
(1.84058e-11 -9.91626e-10 0)
(0 0 0)
(-1.48037e-11 -9.61018e-10 0)
(-2.60309e-11 -9.53822e-10 0)
(-4.47361e-11 -9.2636e-10 0)
(-3.75197e-11 -9.43353e-10 0)
(-4.91426e-11 -8.94937e-10 0)
(-2.58851e-11 -9.19456e-10 0)
(1.92502e-12 -9.761e-10 0)
(8.48975e-11 -1.98568e-09 0)
(4.52957e-11 -8.96014e-10 0)
(1.31045e-10 -9.64648e-10 0)
(-8.49227e-12 -1.33019e-09 0)
(-3.7921e-11 -7.8885e-10 0)
(-8.22354e-12 -9.79199e-10 0)
(0 0 0)
(-3.28788e-12 -1.01542e-09 0)
(-4.9375e-11 -9.33057e-10 0)
(-3.64498e-11 -1.00869e-09 0)
(-3.44451e-11 -9.60101e-10 0)
(-1.98809e-11 -2.08836e-09 0)
(-3.6012e-11 -9.15737e-10 0)
(-3.70849e-11 -8.81868e-10 0)
(-2.85186e-11 -9.28091e-10 0)
(-1.96558e-11 -9.44188e-10 0)
(-3.11813e-11 -9.50239e-10 0)
(-1.98484e-11 -9.477e-10 0)
(-4.21632e-11 -1.0101e-09 0)
(3.657e-11 -1.01378e-09 0)
(2.92575e-11 -1.0017e-09 0)
(0 0 0)
(0 0 0)
(0 0 0)
(0 0 0)
(0 0 0)
(0 0 0)
(0 0 0)
(0 0 0)
(0 0 0)
(0 0 0)
(0 0 0)
(0 0 0)
(0 0 0)
(0 0 0)
(0 0 0)
(0 0 0)
(0 0 0)
(0 0 0)
(0 0 0)
(0 0 0)
(0 0 0)
(0 0 0)
(0 0 0)
(0 0 0)
(0 0 0)
(0 0 0)
(0 0 0)
(0 0 0)
(-4.51917e-14 -9.42855e-10 0)
(-5.89555e-12 -9.53774e-10 0)
(0 0 0)
(1.05964e-11 -1.01523e-09 0)
(-4.78814e-11 -1.06114e-09 0)
(-2.27647e-11 -9.45114e-10 0)
(6.7115e-12 -9.54551e-10 0)
(1.87877e-11 -9.29628e-10 0)
(2.30183e-11 -9.44289e-10 0)
(0 0 0)
(0 0 0)
(-2.83062e-11 -1.03497e-09 0)
(-3.69126e-11 -1.06727e-09 0)
(0 0 0)
(-2.31865e-11 -9.93443e-10 0)
(1.94373e-11 -9.73637e-10 0)
(1.92761e-11 -9.21043e-10 0)
(-3.80414e-12 -1.13286e-09 0)
(-2.88045e-11 -1.4458e-09 0)
(-1.38562e-12 -1.62981e-10 0)
(-1.77177e-11 -9.24881e-10 0)
(0 0 0)
(-1.43875e-11 -9.51424e-10 0)
(0 0 0)
(-3.73997e-11 -9.69663e-10 0)
(-3.0529e-11 -9.66817e-10 0)
(-2.79904e-11 -9.48182e-10 0)
(2.26374e-11 -9.12896e-10 0)
(1.25151e-10 -2.72064e-09 0)
(1.07151e-11 -1.05533e-09 0)
(2.51575e-11 -8.30981e-10 0)
(0 0 0)
(6.65959e-12 -9.51245e-10 0)
(-1.93207e-11 -4.03525e-10 0)
(-2.82519e-11 -6.06892e-10 0)
(-2.54769e-11 -5.44465e-10 0)
(-6.26871e-11 -9.48801e-10 0)
(-4.27426e-12 -3.45065e-10 0)
(-3.02798e-11 -1.34718e-09 0)
(-1.88745e-11 -8.87448e-10 0)
(-4.07653e-12 -2.00022e-10 0)
(-1.06521e-11 -5.16948e-10 0)
(-3.11995e-11 -9.40009e-10 0)
(-2.36934e-11 -9.62483e-10 0)
(6.42291e-12 -9.82245e-10 0)
(2.467e-11 -9.83885e-10 0)
(4.73924e-11 -1.00996e-09 0)
(0 0 0)
(0 0 0)
(0 0 0)
(0 0 0)
(0 0 0)
(0 0 0)
(0 0 0)
(0 0 0)
(0 0 0)
(0 0 0)
(0 0 0)
(0 0 0)
(0 0 0)
(0 0 0)
(0 0 0)
(0 0 0)
(0 0 0)
(0 0 0)
(0 0 0)
(0 0 0)
(0 0 0)
(0 0 0)
(0 0 0)
(0 0 0)
(0 0 0)
(0 0 0)
(0 0 0)
(0 0 0)
(-1.19578e-12 -8.53381e-10 0)
(1.01156e-12 -8.82724e-10 0)
(-1.20471e-12 -9.15606e-10 0)
(8.89047e-12 -1.09309e-09 0)
(0 0 0)
(1.47569e-11 -9.43818e-10 0)
(1.65708e-11 -9.00335e-10 0)
(2.22118e-11 -9.41342e-10 0)
(0 0 0)
(5.75079e-11 -9.40217e-10 0)
(6.95534e-11 -9.51122e-10 0)
(-4.78222e-11 -9.8122e-10 0)
(0 0 0)
(-4.61677e-11 -9.677e-10 0)
(-3.71163e-11 -1.00354e-09 0)
(-2.46988e-11 -9.86525e-10 0)
(-3.1778e-11 -2.20989e-09 0)
(-1.16046e-11 -8.71467e-10 0)
(5.91052e-13 -8.92578e-10 0)
(-1.65304e-11 -8.96814e-10 0)
(0 0 0)
(-3.42606e-11 -1.9836e-09 0)
(-2.14674e-11 -8.38795e-10 0)
(-2.42487e-11 -8.94934e-10 0)
(0 0 0)
(-5.32155e-11 -9.46542e-10 0)
(-5.38916e-11 -9.22836e-10 0)
(-2.88664e-11 -8.93257e-10 0)
(-5.56624e-11 -2.72132e-09 0)
(5.92684e-11 -1.00105e-09 0)
(0 0 0)
(1.58107e-10 -2.13821e-09 0)
(-2.70868e-12 -9.44561e-10 0)
(-3.51e-11 -9.24754e-10 0)
(-5.28463e-11 -8.66904e-10 0)
(-6.68103e-11 -9.70329e-10 0)
(0 0 0)
(-4.22339e-11 -2.15572e-09 0)
(-6.28159e-11 -8.28427e-10 0)
(-5.5337e-11 -8.7819e-10 0)
(-3.90264e-11 -8.91708e-10 0)
(-3.4658e-11 -9.5542e-10 0)
(-2.71766e-11 -9.55948e-10 0)
(-1.36887e-11 -9.6597e-10 0)
(-5.14696e-12 -9.2755e-10 0)
(3.37229e-11 -1.04769e-09 0)
(0 0 0)
(0 0 0)
(0 0 0)
(0 0 0)
(0 0 0)
(0 0 0)
(0 0 0)
(0 0 0)
(0 0 0)
(0 0 0)
(0 0 0)
(0 0 0)
(0 0 0)
(0 0 0)
(0 0 0)
(0 0 0)
(0 0 0)
(0 0 0)
(0 0 0)
(0 0 0)
(0 0 0)
(0 0 0)
(0 0 0)
(0 0 0)
(0 0 0)
(0 0 0)
(0 0 0)
(0 0 0)
(0 0 0)
(-2.00601e-12 -8.6221e-10 0)
(2.23103e-12 -8.92406e-10 0)
(0 0 0)
(-3.29319e-11 -1.00826e-09 0)
(2.82818e-11 -1.03e-09 0)
(4.25734e-11 -9.48302e-10 0)
(2.13584e-11 -9.24507e-10 0)
(0 0 0)
(7.42279e-11 -1.92715e-09 0)
(2.83586e-11 -1.68654e-09 0)
(-4.42308e-11 -2.72698e-09 0)
(-1.90581e-11 -8.33233e-10 0)
(-1.60875e-11 -8.74058e-10 0)
(-2.03695e-11 -9.00573e-10 0)
(-3.14384e-11 -9.49826e-10 0)
(-2.42386e-11 -9.76642e-10 0)
(-1.71624e-11 -9.62266e-10 0)
(-2.96796e-11 -9.42437e-10 0)
(-8.91669e-12 -9.74716e-10 0)
(-6.06355e-12 -9.43248e-10 0)
(-1.31441e-11 -9.37589e-10 0)
(0 0 0)
(-1.04209e-11 -1.91602e-09 0)
(-2.93807e-12 -8.44225e-10 0)
(1.3477e-11 -9.3352e-10 0)
(-7.66458e-11 -9.83136e-10 0)
(-4.9861e-11 -1.04666e-09 0)
(-6.59615e-11 -9.97263e-10 0)
(0 0 0)
(0 0 0)
(1.03835e-10 -8.87111e-10 0)
(8.87574e-11 -2.616e-09 0)
(-2.75493e-11 -9.57535e-10 0)
(-1.71417e-10 -1.98427e-09 0)
(-9.7042e-12 -8.57097e-10 0)
(-3.58555e-11 -9.07654e-10 0)
(1.07108e-11 -9.94444e-10 0)
(0 0 0)
(-7.98987e-11 -9.21897e-10 0)
(-8.21559e-11 -9.82081e-10 0)
(-7.29347e-11 -2.1832e-09 0)
(0 0 0)
(-2.16932e-11 -9.32152e-10 0)
(0 0 0)
(-2.32062e-11 -9.20306e-10 0)
(7.7281e-12 -8.84487e-10 0)
(-7.48877e-12 -2.59004e-09 0)
(0 0 0)
(0 0 0)
(0 0 0)
(0 0 0)
(0 0 0)
(0 0 0)
(0 0 0)
(0 0 0)
(0 0 0)
(0 0 0)
(0 0 0)
(0 0 0)
(0 0 0)
(0 0 0)
(0 0 0)
(0 0 0)
(0 0 0)
(0 0 0)
(0 0 0)
(0 0 0)
(0 0 0)
(0 0 0)
(0 0 0)
(0 0 0)
(0 0 0)
(0 0 0)
(0 0 0)
(0 0 0)
(-1.11167e-12 -8.78435e-10 0)
(-2.16661e-12 -8.85314e-10 0)
(-2.74837e-11 -9.64049e-10 0)
(-2.53807e-11 -9.38439e-10 0)
(1.72714e-11 -9.31855e-10 0)
(1.4484e-11 -8.86586e-10 0)
(5.50082e-12 -9.28087e-10 0)
(2.36093e-11 -8.87324e-10 0)
(-2.19184e-12 -8.79393e-10 0)
(-9.443e-13 -1.00765e-09 0)
(0 0 0)
(-2.67595e-11 -1.01993e-09 0)
(1.09966e-11 -9.34242e-10 0)
(3.49205e-11 -8.90165e-10 0)
(-8.95627e-12 -9.72804e-10 0)
(1.36063e-11 -1.00864e-09 0)
(2.12007e-11 -9.60509e-10 0)
(-4.77286e-13 -9.76681e-10 0)
(-1.63401e-11 -9.43578e-10 0)
(-2.2161e-11 -9.12548e-10 0)
(-2.88527e-11 -9.03788e-10 0)
(-1.28028e-11 -8.73385e-10 0)
(-4.24361e-11 -8.674e-10 0)
(1.0528e-11 -8.34381e-10 0)
(-4.49863e-11 -2.37409e-09 0)
(0 0 0)
(-3.57501e-11 -9.40439e-10 0)
(-4.03784e-11 -9.15911e-10 0)
(-5.9665e-11 -9.66848e-10 0)
(6.50915e-12 -1.00601e-09 0)
(1.03249e-12 -9.89214e-10 0)
(8.74254e-12 -1.16223e-09 0)
(-3.87496e-11 -1.07031e-09 0)
(-4.82175e-12 -9.14636e-10 0)
(-1.11687e-11 -9.3707e-10 0)
(-4.33915e-11 -8.06648e-10 0)
(-6.33866e-11 -7.83804e-10 0)
(-1.27174e-10 -1.93027e-09 0)
(-5.82782e-11 -9.7041e-10 0)
(-6.13522e-11 -9.26707e-10 0)
(-7.00081e-11 -9.04703e-10 0)
(-5.6893e-11 -8.96026e-10 0)
(-4.88844e-11 -9.07816e-10 0)
(-4.35235e-11 -2.1122e-09 0)
(2.50371e-11 -8.75621e-10 0)
(0 0 0)
(-7.48996e-11 -9.96058e-10 0)
(-2.02813e-11 -1.09713e-09 0)
(-9.7281e-13 -9.24645e-10 0)
(0 0 0)
(0 0 0)
(0 0 0)
(0 0 0)
(0 0 0)
(0 0 0)
(0 0 0)
(0 0 0)
(0 0 0)
(0 0 0)
(0 0 0)
(0 0 0)
(0 0 0)
(0 0 0)
(0 0 0)
(0 0 0)
(0 0 0)
(0 0 0)
(0 0 0)
(0 0 0)
(0 0 0)
(0 0 0)
(0 0 0)
(0 0 0)
(0 0 0)
(0 0 0)
(-5.07466e-11 -2.07568e-09 0)
(-5.15889e-12 -8.6998e-10 0)
(-2.0616e-11 -8.84342e-10 0)
(-2.51364e-11 -9.12116e-10 0)
(-2.1482e-11 -1.98048e-09 0)
(-7.19529e-12 -8.84074e-10 0)
(1.64096e-11 -8.99969e-10 0)
(1.09181e-11 -3.19869e-10 0)
(1.09214e-11 -3.1113e-10 0)
(6.29433e-11 -1.0126e-09 0)
(-1.00007e-11 -1.09482e-09 0)
(1.48605e-11 -8.15633e-10 0)
(3.92612e-11 -8.71886e-10 0)
(3.04576e-11 -1.04266e-09 0)
(0 0 0)
(3.03677e-11 -8.7525e-10 0)
(2.89503e-11 -9.622e-10 0)
(-2.44685e-12 -1.01271e-09 0)
(-3.33889e-11 -1.00557e-09 0)
(-5.23497e-11 -9.65574e-10 0)
(-4.50624e-11 -9.42559e-10 0)
(-4.13601e-11 -9.19857e-10 0)
(-4.27208e-11 -9.22139e-10 0)
(-8.62795e-11 -1.444e-09 0)
(-2.08792e-11 -3.78794e-10 0)
(-4.31167e-11 -2.18178e-09 0)
(-2.82447e-11 -1.96166e-09 0)
(-1.73778e-11 -1.91626e-09 0)
(-3.70983e-11 -8.5213e-10 0)
(1.28726e-11 -9.54163e-10 0)
(0 0 0)
(1.20931e-11 -1.16668e-09 0)
(0 0 0)
(1.10214e-11 -9.92629e-10 0)
(-1.24818e-11 -9.45502e-10 0)
(0 0 0)
(-4.03429e-11 -9.50164e-10 0)
(-5.56703e-11 -9.45926e-10 0)
(-6.5795e-11 -9.43545e-10 0)
(0 0 0)
(0 0 0)
(0 0 0)
(-2.6972e-11 -9.78843e-10 0)
(-2.16954e-11 -9.6785e-10 0)
(1.96423e-12 -9.48098e-10 0)
(6.78777e-11 -1.43133e-09 0)
(4.39914e-11 -1.53783e-09 0)
(5.6393e-12 -9.08347e-10 0)
(4.1099e-11 -7.9259e-10 0)
(0 0 0)
(0 0 0)
(0 0 0)
(0 0 0)
(0 0 0)
(0 0 0)
(0 0 0)
(0 0 0)
(0 0 0)
(0 0 0)
(0 0 0)
(0 0 0)
(0 0 0)
(0 0 0)
(0 0 0)
(0 0 0)
(0 0 0)
(0 0 0)
(0 0 0)
(0 0 0)
(0 0 0)
(0 0 0)
(0 0 0)
(0 0 0)
(0 0 0)
(0 0 0)
(0 0 0)
(-2.20872e-11 -8.78055e-10 0)
(-2.44062e-11 -9.42199e-10 0)
(-1.70592e-11 -9.58947e-10 0)
(-2.89181e-11 -9.27026e-10 0)
(1.43102e-11 -1.89969e-09 0)
(3.77841e-11 -1.71806e-09 0)
(3.95936e-11 -9.60115e-10 0)
(0 0 0)
(1.58327e-11 -9.77941e-10 0)
(9.35614e-11 -8.9859e-10 0)
(8.79384e-11 -7.92544e-10 0)
(4.25094e-11 -7.02771e-10 0)
(5.56724e-11 -9.88086e-10 0)
(1.9652e-10 -2.16647e-09 0)
(0 0 0)
(0 0 0)
(1.94951e-11 -9.50591e-10 0)
(-6.52247e-11 -1.06515e-09 0)
(-8.34064e-11 -9.40605e-10 0)
(-7.33603e-11 -9.38261e-10 0)
(-4.80166e-11 -9.26235e-10 0)
(-3.6267e-11 -9.37438e-10 0)
(-2.45426e-11 -9.60009e-10 0)
(0 0 0)
(-1.10287e-11 -9.99435e-10 0)
(5.13281e-12 -9.79181e-10 0)
(-1.01768e-11 -8.88772e-10 0)
(5.4108e-12 -7.94325e-10 0)
(0 0 0)
(-3.62994e-11 -1.94812e-09 0)
(1.35414e-11 -1.09134e-09 0)
(1.91696e-10 -2.24195e-09 0)
(1.22461e-10 -9.64695e-10 0)
(4.05792e-11 -9.42833e-10 0)
(5.92409e-12 -9.08204e-10 0)
(-2.41246e-11 -9.10235e-10 0)
(-2.41919e-11 -9.20443e-10 0)
(-9.3808e-12 -8.70998e-10 0)
(0 0 0)
(0 0 0)
(-3.00823e-11 -8.77429e-10 0)
(-3.58129e-11 -9.1917e-10 0)
(9.26392e-13 -8.96143e-10 0)
(0 0 0)
(8.58099e-11 -9.84567e-10 0)
(0 0 0)
(3.73091e-11 -9.36978e-10 0)
(6.63115e-11 -1.3998e-09 0)
(6.49404e-12 -4.12716e-10 0)
(0 0 0)
(4.66356e-11 -9.75642e-10 0)
(0 0 0)
(0 0 0)
(0 0 0)
(0 0 0)
(0 0 0)
(0 0 0)
(0 0 0)
(0 0 0)
(0 0 0)
(0 0 0)
(0 0 0)
(0 0 0)
(0 0 0)
(0 0 0)
(0 0 0)
(0 0 0)
(0 0 0)
(0 0 0)
(0 0 0)
(0 0 0)
(0 0 0)
(0 0 0)
(0 0 0)
(-1.0315e-13 -9.26815e-10 0)
(0 0 0)
(-6.48843e-12 -9.9003e-10 0)
(0 0 0)
(0 0 0)
(-1.66221e-11 -9.08457e-10 0)
(-1.00738e-11 -8.46283e-10 0)
(1.9604e-12 -7.80095e-10 0)
(5.35903e-11 -2.04641e-09 0)
(3.05578e-11 -8.55318e-10 0)
(7.03691e-11 -8.76459e-10 0)
(2.33212e-10 -2.0508e-09 0)
(0 0 0)
(2.57921e-11 -1.07035e-09 0)
(6.4535e-11 -8.72864e-10 0)
(2.44673e-10 -1.94903e-09 0)
(3.01216e-10 -2.27509e-09 0)
(0 0 0)
(-1.28716e-10 -1.06529e-09 0)
(0 0 0)
(0 0 0)
(0 0 0)
(-2.04436e-11 -9.25871e-10 0)
(7.20559e-12 -9.33591e-10 0)
(-8.48754e-12 -9.64749e-10 0)
(-1.58361e-11 -9.70826e-10 0)
(9.51059e-12 -9.55813e-10 0)
(1.51766e-11 -2.06097e-09 0)
(-2.86537e-11 -8.90397e-10 0)
(-4.30308e-11 -9.38481e-10 0)
(0 0 0)
(0 0 0)
(1.61708e-11 -9.23059e-10 0)
(2.49487e-11 -2.7445e-09 0)
(4.49466e-12 -3.70579e-10 0)
(-1.6854e-10 -2.15085e-09 0)
(-1.27441e-11 -7.91793e-10 0)
(0 0 0)
(0 0 0)
(0 0 0)
(-4.2962e-11 -1.98873e-09 0)
(5.54931e-12 -9.19752e-10 0)
(-3.34516e-11 -9.35367e-10 0)
(-1.15381e-11 -2.09143e-09 0)
(6.68086e-11 -8.26637e-10 0)
(3.87786e-11 -1.13859e-09 0)
(1.69395e-11 -2.24068e-09 0)
(5.05007e-11 -2.01967e-09 0)
(0 0 0)
(-2.33804e-11 -9.39467e-10 0)
(1.42819e-11 -9.75244e-10 0)
(2.02188e-12 -1.26078e-10 0)
(1.09207e-11 -6.36905e-10 0)
(-9.31617e-12 -9.77293e-10 0)
(0 0 0)
(0 0 0)
(0 0 0)
(0 0 0)
(0 0 0)
(0 0 0)
(0 0 0)
(0 0 0)
(0 0 0)
(0 0 0)
(0 0 0)
(0 0 0)
(0 0 0)
(0 0 0)
(0 0 0)
(0 0 0)
(0 0 0)
(0 0 0)
(0 0 0)
(0 0 0)
(0 0 0)
(1.46013e-11 -8.51534e-10 0)
(-4.77549e-12 -9.11446e-10 0)
(-1.04731e-11 -9.42561e-10 0)
(5.14692e-12 -9.52881e-10 0)
(1.51999e-11 -9.65721e-10 0)
(8.02736e-12 -9.39624e-10 0)
(1.41196e-10 -1.94128e-09 0)
(-1.53068e-11 -7.9788e-10 0)
(-2.42349e-11 -8.02258e-10 0)
(-1.19251e-11 -8.63828e-10 0)
(1.11646e-12 -1.83536e-09 0)
(-3.45067e-11 -9.0833e-10 0)
(0 0 0)
(-3.66957e-12 -7.95306e-10 0)
(1.88404e-11 -9.80842e-10 0)
(5.87295e-11 -8.44355e-10 0)
(2.38066e-10 -2.61956e-09 0)
(-5.61988e-11 -1.22425e-09 0)
(0 0 0)
(-6.26686e-11 -9.30135e-10 0)
(-1.74265e-11 -8.967e-10 0)
(-1.40228e-11 -9.39126e-10 0)
(-2.5742e-11 -9.21896e-10 0)
(-5.55622e-11 -1.92461e-09 0)
(-2.52137e-11 -8.74162e-10 0)
(0 0 0)
(-4.3891e-12 -9.86925e-10 0)
(-3.82369e-11 -9.38257e-10 0)
(-1.96577e-11 -9.66879e-10 0)
(-1.28835e-11 -9.7693e-10 0)
(-4.33559e-12 -1.04563e-09 0)
(2.07193e-11 -9.38483e-10 0)
(2.35617e-11 -8.6817e-10 0)
(-4.51102e-11 -8.92655e-10 0)
(9.22078e-12 -7.69383e-10 0)
(-1.6229e-11 -8.3263e-10 0)
(0 0 0)
(1.39357e-11 -9.47578e-10 0)
(0 0 0)
(3.86884e-11 -1.93852e-09 0)
(-6.64618e-12 -8.79226e-10 0)
(-1.83442e-12 -8.63345e-10 0)
(-3.13372e-11 -1.83636e-09 0)
(-7.73239e-12 -7.67445e-10 0)
(0 0 0)
(1.3393e-10 -2.31765e-09 0)
(0 0 0)
(-5.79323e-11 -9.75098e-10 0)
(2.05491e-11 -9.13634e-10 0)
(4.08167e-11 -9.07709e-10 0)
(-4.53665e-11 -2.02742e-09 0)
(4.03066e-11 -8.95503e-10 0)
(9.7601e-12 -9.10469e-10 0)
(1.7042e-11 -8.82415e-10 0)
(5.85556e-12 -9.55267e-10 0)
(0 0 0)
(0 0 0)
(0 0 0)
(0 0 0)
(0 0 0)
(0 0 0)
(0 0 0)
(0 0 0)
(0 0 0)
(0 0 0)
(0 0 0)
(0 0 0)
(0 0 0)
(0 0 0)
(0 0 0)
(0 0 0)
(0 0 0)
(0 0 0)
(0 0 0)
(0 0 0)
)
;


// ************************************************************************* //
