/*--------------------------------*- C++ -*----------------------------------*\
  =========                 |
  \\      /  F ield         | OpenFOAM: The Open Source CFD Toolbox
   \\    /   O peration     | Website:  https://openfoam.org
    \\  /    A nd           | Version:  12
     \\/     M anipulation  |
\*---------------------------------------------------------------------------*/
FoamFile
{
    format      ascii;
    class       vectorField;
    location    "0.9/lagrangian/cloud";
    object      U;
}
// * * * * * * * * * * * * * * * * * * * * * * * * * * * * * * * * * * * * * //


1726
(
(0.000132649 -0.02459 0)
(0.000683958 -0.0249191 0)
(0.000601823 -0.0251228 0)
(-0.000458968 -0.0233145 0)
(0.00171522 -0.0221939 0)
(-2.299e-05 -0.0233752 0)
(0.00130481 -0.0258897 0)
(0.00011481 -0.0278177 0)
(-0.000890422 -0.0290232 0)
(0.00150416 -0.0293546 0)
(-0.000694382 -0.0260593 0)
(0.000144338 -0.0256047 0)
(0.000224586 -0.0253867 0)
(0.00010344 -0.0269489 0)
(0.000122115 -0.0278058 0)
(-0.000861991 -0.0267757 0)
(-4.23175e-05 -0.0257147 0)
(-6.7984e-05 -0.0256055 0)
(-7.02569e-05 -0.0270169 0)
(0.000700259 -0.0262864 0)
(0.000310418 -0.0282218 0)
(0.000193073 -0.0287701 0)
(0.000607301 -0.0291078 0)
(3.17161e-05 -0.0242955 0)
(0.000226398 -0.0238573 0)
(-0.00115903 -0.0231785 0)
(0.000422743 -0.0223342 0)
(0.000276052 -0.0258496 0)
(0.000934384 -0.0299157 0)
(0.000267181 -0.0287884 0)
(0.000256701 -0.0320894 0)
(-2.49629e-06 -0.0276468 0)
(-0.000350492 -0.0272487 0)
(-5.90734e-05 -0.0317089 0)
(-0.000952843 -0.0293642 0)
(-0.000403316 -0.0296518 0)
(0.000598459 -0.0298334 0)
(-0.000869041 -0.0318606 0)
(-0.000619992 -0.0292935 0)
(-0.000120459 -0.0294081 0)
(3.85151e-05 -0.0309855 0)
(-0.000313605 -0.0324939 0)
(-0.000564421 -0.0342097 0)
(-0.000274508 -0.0363324 0)
(-1.49032e-05 -0.0372885 0)
(2.29542e-05 -0.037982 0)
(-0.00121542 -0.0400141 0)
(0.00105874 -0.0411566 0)
(0.000559646 -0.0412678 0)
(0.000950483 -0.0223545 0)
(0.00239447 -0.022557 0)
(-2.11834e-05 -0.026123 0)
(-0.00178266 -0.0247098 0)
(0.000921084 -0.0240457 0)
(-0.00016564 -0.0243437 0)
(-0.00219899 -0.0279363 0)
(-3.41524e-05 -0.0232982 0)
(0.000661973 -0.0216004 0)
(-0.000318802 -0.0215102 0)
(5.69758e-06 -0.0209134 0)
(0.000403669 -0.0225054 0)
(0.000545708 -0.023138 0)
(-1.61529e-05 -0.0253318 0)
(-1.6348e-06 -0.0246961 0)
(1.32516e-05 -0.0213346 0)
(-0.000254569 -0.0215214 0)
(-4.95403e-05 -0.0264131 0)
(0.0002225 -0.0266964 0)
(0.0010553 -0.0258699 0)
(-0.000656 -0.0293373 0)
(-0.000213022 -0.029281 0)
(-0.0010211 -0.0245799 0)
(0.000529488 -0.0185555 0)
(-0.000204121 -0.0226595 0)
(-0.000727408 -0.0282194 0)
(-0.000442067 -0.0301397 0)
(0.000545807 -0.0296877 0)
(0.00104022 -0.0246874 0)
(0.00109925 -0.0236251 0)
(0.000251294 -0.0247033 0)
(9.04786e-05 -0.0247962 0)
(-0.00153098 -0.0259266 0)
(0.000369285 -0.0272816 0)
(0.000417897 -0.0288364 0)
(-0.000745899 -0.0297459 0)
(0.000939289 -0.0309051 0)
(0.00348625 -0.0308785 0)
(0.00233574 -0.0351985 0)
(0.00233345 -0.037651 0)
(-0.000306983 -0.0346414 0)
(0.000757835 -0.0380303 0)
(0.00203787 -0.0343693 0)
(0.00374555 -0.0363808 0)
(0.00128801 -0.0322989 0)
(0.00163367 -0.0328003 0)
(0.000452961 -0.0337373 0)
(0.00066309 -0.0271863 0)
(0.00144182 -0.0306788 0)
(0.00026597 -0.0268814 0)
(0.0011634 -0.0258795 0)
(-6.43813e-05 -0.0236956 0)
(-0.000819784 -0.025917 0)
(-0.000904074 -0.0229896 0)
(0.000173023 -0.0250394 0)
(0.000339187 -0.0336417 0)
(-0.00119274 -0.0320323 0)
(-0.000507106 -0.0327603 0)
(-0.000190382 -0.0329749 0)
(0.000463903 -0.0336906 0)
(0.000344391 -0.0336196 0)
(7.38668e-05 -0.0334914 0)
(-9.53402e-05 -0.0338983 0)
(-0.000472362 -0.0371633 0)
(-8.87857e-05 -0.0352438 0)
(0.000360657 -0.0353824 0)
(0.000817036 -0.0399298 0)
(-0.00144745 -0.0366546 0)
(0.000263356 -0.0359591 0)
(-0.000243577 -0.0358694 0)
(-0.000602409 -0.0378851 0)
(0.000277135 -0.0305387 0)
(0.000239199 -0.035036 0)
(-0.000280876 -0.0295363 0)
(0.000174271 -0.0331559 0)
(-0.000399841 -0.0396789 0)
(0.000224921 -0.0354927 0)
(0.00056823 -0.0338155 0)
(0.000227869 -0.0352844 0)
(-0.000278314 -0.0358865 0)
(0.000884871 -0.0321734 0)
(-0.000312932 -0.0335833 0)
(0.000178749 -0.0331262 0)
(0.00113502 -0.0307107 0)
(0.00209201 -0.0301069 0)
(0.000924137 -0.029524 0)
(0.00157568 -0.031877 0)
(0.000768527 -0.031803 0)
(0.000494284 -0.0317704 0)
(-0.000538313 -0.0286597 0)
(-0.000923379 -0.038278 0)
(0.000860045 -0.0395327 0)
(8.96082e-05 -0.0361042 0)
(8.55665e-05 -0.0361879 0)
(0.000191054 -0.0380146 0)
(0.000457783 -0.0379235 0)
(0.000359042 -0.0384232 0)
(-0.00028859 -0.0417124 0)
(-0.000625213 -0.0416788 0)
(-0.0005693 -0.0421186 0)
(-6.25864e-05 -0.0419629 0)
(-1.3949e-05 -0.0406237 0)
(-7.80753e-05 -0.0383618 0)
(0.000155497 -0.0405549 0)
(-0.00132804 -0.0401751 0)
(-0.000258116 -0.0411946 0)
(0.000374435 -0.0395909 0)
(0.00055908 -0.0386342 0)
(-5.78251e-05 -0.03771 0)
(7.04952e-05 -0.039132 0)
(-0.000323566 -0.0403739 0)
(0.000184509 -0.0399484 0)
(-0.000514602 -0.0402921 0)
(-0.000942744 -0.0364424 0)
(-0.00115971 -0.036484 0)
(-0.000172183 -0.0381225 0)
(4.8269e-05 -0.0323112 0)
(0.000235988 -0.0344755 0)
(0.00121916 -0.0361456 0)
(0.00251974 -0.0344722 0)
(0.00101579 -0.0304024 0)
(0.000397575 -0.0318504 0)
(0.000466742 -0.0365289 0)
(0.000865167 -0.0354111 0)
(0.000560265 -0.0371025 0)
(0.000376106 -0.0380789 0)
(0.00018383 -0.0385918 0)
(-0.000664064 -0.0385984 0)
(0.0011211 -0.0402619 0)
(9.66863e-05 -0.0403535 0)
(0.000223183 -0.0420711 0)
(7.17766e-05 -0.0411612 0)
(9.08227e-06 -0.0414674 0)
(0.000369679 -0.0405016 0)
(0.000382862 -0.0391012 0)
(0.000330051 -0.0379806 0)
(-4.09895e-05 -0.0387616 0)
(-8.6277e-06 -0.0391865 0)
(-0.000114816 -0.0409162 0)
(-0.000622519 -0.040508 0)
(-0.000214016 -0.0395376 0)
(0.000130673 -0.039804 0)
(-0.000162883 -0.0404322 0)
(-0.000173997 -0.04034 0)
(-0.000609728 -0.0421543 0)
(0.000665008 -0.0409577 0)
(0.000501542 -0.0385856 0)
(0.00137539 -0.0374214 0)
(0.00097791 -0.0355108 0)
(0.000274513 -0.0371781 0)
(-0.000339869 -0.0384182 0)
(-0.000170471 -0.0360502 0)
(-0.000138042 -0.0351142 0)
(-0.000115622 -0.0418492 0)
(0.00163323 -0.0447991 0)
(0.000997921 -0.0464808 0)
(0.00213703 -0.0438225 0)
(0.00306041 -0.0414205 0)
(0.00437593 -0.0398899 0)
(0.00247026 -0.0430543 0)
(0.00184887 -0.0427569 0)
(0.00149298 -0.0417855 0)
(5.17991e-05 -0.0410815 0)
(-0.000805214 -0.0408136 0)
(0.00063064 -0.0418551 0)
(0.00106137 -0.0403956 0)
(-2.35955e-05 -0.0410885 0)
(0.000205361 -0.0408094 0)
(0.000320601 -0.0405278 0)
(0.000302851 -0.0405533 0)
(0.000631428 -0.0405322 0)
(0.000581937 -0.0396651 0)
(0.000395417 -0.038934 0)
(-0.000124269 -0.0394921 0)
(-0.000275837 -0.0418853 0)
(0.00046046 -0.0417266 0)
(-0.00135174 -0.0406193 0)
(-0.000303557 -0.0419154 0)
(-0.00040406 -0.0412863 0)
(-0.000743196 -0.0417738 0)
(0.000137609 -0.0424043 0)
(-0.000630529 -0.0434425 0)
(-0.00122982 -0.0434838 0)
(-0.000704424 -0.0439098 0)
(0.000711923 -0.0435759 0)
(0.00116879 -0.0388274 0)
(-0.000117843 -0.0395618 0)
(0.000665553 -0.0443633 0)
(0.00157069 -0.0444401 0)
(0.00259643 -0.0467239 0)
(0.00424493 -0.0500303 0)
(0.00314967 -0.0487905 0)
(0.00142943 -0.044997 0)
(5.51924e-05 -0.046522 0)
(0.000244205 -0.046171 0)
(0.00148058 -0.0432412 0)
(0.000138491 -0.0422555 0)
(0.000164184 -0.0423474 0)
(-4.22147e-05 -0.0411407 0)
(0.000260111 -0.0396177 0)
(0.00108884 -0.03864 0)
(0.000181998 -0.0396167 0)
(0.000181467 -0.0394524 0)
(-0.000435846 -0.0399919 0)
(0.000172321 -0.0398414 0)
(-0.00021523 -0.039903 0)
(-0.000594612 -0.0394852 0)
(-0.000655833 -0.0402772 0)
(-0.000173139 -0.0417236 0)
(0.000106054 -0.0404485 0)
(0.00025813 -0.0390726 0)
(0.000353462 -0.0384977 0)
(-0.000784354 -0.0408457 0)
(0.000118746 -0.0406346 0)
(-0.000333173 -0.0402678 0)
(-0.000370193 -0.0443635 0)
(0.000621298 -0.0445513 0)
(-0.00017341 -0.0421083 0)
(0.000332447 -0.0492749 0)
(0.00172078 -0.0473199 0)
(0.0012689 -0.0473841 0)
(7.74411e-05 -0.0482617 0)
(-0.000617741 -0.0465351 0)
(-0.000154718 -0.0443135 0)
(-0.000305408 -0.04315 0)
(-0.000358852 -0.0425449 0)
(0.000196627 -0.0415095 0)
(0.000514573 -0.0407221 0)
(0.00120306 -0.0395047 0)
(0.000486372 -0.0418384 0)
(-9.9797e-05 -0.0413806 0)
(7.92395e-05 -0.0410605 0)
(0.000367026 -0.0406843 0)
(0.000156276 -0.0402453 0)
(0.000215846 -0.0402276 0)
(9.20022e-05 -0.0404304 0)
(5.52395e-05 -0.0394351 0)
(-0.000469899 -0.0395022 0)
(-0.000486542 -0.0391235 0)
(-0.000649326 -0.0392856 0)
(-0.00040164 -0.0388825 0)
(0.00110964 -0.0356704 0)
(0.00116983 -0.0383347 0)
(0.00149706 -0.0401226 0)
(-0.000225832 -0.0441285 0)
(0.000541335 -0.0425613 0)
(0.000536631 -0.0495242 0)
(0.000712932 -0.0479795 0)
(-0.000173782 -0.0477962 0)
(0.000120317 -0.0450467 0)
(-0.000961563 -0.0451343 0)
(-0.000460816 -0.0442789 0)
(-0.000220771 -0.0442817 0)
(-3.12481e-05 -0.0416698 0)
(3.11929e-05 -0.0408643 0)
(-0.000141147 -0.0408821 0)
(0.000314205 -0.0422415 0)
(0.000392381 -0.0420054 0)
(6.06532e-05 -0.0415858 0)
(-1.92221e-05 -0.0409179 0)
(-0.000188994 -0.0400595 0)
(0.000132451 -0.0413238 0)
(-3.92009e-05 -0.0402147 0)
(0.000175862 -0.0403132 0)
(7.39958e-05 -0.0356108 0)
(0.000169779 -0.0378039 0)
(-7.23448e-05 -0.0376854 0)
(0.000381117 -0.0369391 0)
(0.000480156 -0.0351865 0)
(0.00241973 -0.0363746 0)
(-0.000607053 -0.0362681 0)
(-0.000124301 -0.0385873 0)
(-0.000399738 -0.0385615 0)
(0.000669367 -0.0480247 0)
(-0.000900143 -0.0434752 0)
(-0.000204296 -0.0449575 0)
(-0.000561718 -0.0428182 0)
(3.25255e-05 -0.0421996 0)
(-0.00019043 -0.0381463 0)
(-0.000478809 -0.0394035 0)
(-5.59949e-05 -0.0395049 0)
(9.12773e-05 -0.0410705 0)
(-0.000844318 -0.041956 0)
(-0.000219225 -0.0404235 0)
(-0.000379323 -0.0392333 0)
(-0.000267385 -0.040039 0)
(2.48131e-05 -0.0402203 0)
(0.00166695 -0.0405565 0)
(-0.000645349 -0.0399414 0)
(-7.91943e-05 -0.0403069 0)
(-0.000136767 -0.0404539 0)
(0.000644601 -0.0365368 0)
(-0.000287755 -0.0398328 0)
(9.86665e-05 -0.0371451 0)
(0.000997906 -0.0362495 0)
(-8.35442e-05 -0.0355012 0)
(2.51993e-05 -0.0330957 0)
(-0.000522609 -0.0350194 0)
(-0.000127475 -0.0354064 0)
(0.000733524 -0.0365803 0)
(0.000101078 -0.0449123 0)
(-0.00342275 -0.0437067 0)
(-0.000216409 -0.0441787 0)
(-0.000735425 -0.0443707 0)
(-0.000622633 -0.0400377 0)
(0.000908244 -0.040723 0)
(0.000456248 -0.0403642 0)
(-1.18451e-05 -0.0382632 0)
(-0.000110391 -0.0381195 0)
(0.000465762 -0.0332354 0)
(-0.000276734 -0.0354604 0)
(-0.000973719 -0.0356764 0)
(-0.000101936 -0.0372345 0)
(0.000120236 -0.0376713 0)
(0.00105378 -0.0394989 0)
(0.000376509 -0.0397423 0)
(-0.000736081 -0.0394602 0)
(0.000831822 -0.0422525 0)
(-0.000230459 -0.0406021 0)
(0.000147293 -0.0405418 0)
(-0.000456024 -0.0377892 0)
(5.65812e-06 -0.0396153 0)
(0.000508611 -0.0368032 0)
(0.000947988 -0.0360363 0)
(0.000805457 -0.0363695 0)
(0.00029825 -0.0368086 0)
(9.13216e-05 -0.0368821 0)
(0.00218468 -0.0395843 0)
(0.00155822 -0.039229 0)
(-0.00123147 -0.0345184 0)
(-0.00141453 -0.0422889 0)
(-0.000318603 -0.0439529 0)
(-0.00119564 -0.0425215 0)
(-0.000493085 -0.0435835 0)
(-3.98798e-05 -0.0446394 0)
(-0.000902932 -0.0426684 0)
(-0.00101168 -0.0393462 0)
(0.000225232 -0.0405684 0)
(-0.00071542 -0.0357609 0)
(0.000158503 -0.0387236 0)
(-0.000178761 -0.0394313 0)
(-0.000128497 -0.0390457 0)
(0.000485938 -0.0395842 0)
(0.000745782 -0.037681 0)
(0.000391862 -0.0378699 0)
(0.000413319 -0.0395745 0)
(3.61085e-05 -0.0405364 0)
(-0.000450969 -0.0393662 0)
(0.00017859 -0.038298 0)
(0.000150425 -0.0402895 0)
(-0.000492364 -0.0409316 0)
(-0.000355382 -0.0412876 0)
(0.000133021 -0.0391154 0)
(0.000466736 -0.0371682 0)
(-2.1131e-05 -0.0369971 0)
(0.000590908 -0.037155 0)
(0.00102752 -0.0364906 0)
(0.000912117 -0.0348216 0)
(0.000540111 -0.0364236 0)
(0.00239221 -0.0378634 0)
(0.00303729 -0.0379701 0)
(-0.00113897 -0.0313005 0)
(-0.000666569 -0.0312608 0)
(-0.000182797 -0.0325995 0)
(0.000551797 -0.0355919 0)
(8.01139e-05 -0.0349755 0)
(-0.000560718 -0.0319393 0)
(-0.000174039 -0.0323033 0)
(-0.000551984 -0.0352702 0)
(-0.000879981 -0.0339564 0)
(0.000430931 -0.0341062 0)
(-0.00111798 -0.0369867 0)
(-0.000688885 -0.0376077 0)
(-6.52616e-05 -0.0352639 0)
(-0.000217504 -0.0353766 0)
(-0.000114195 -0.0345453 0)
(-0.000104682 -0.0366107 0)
(-0.00027063 -0.0396926 0)
(6.97222e-05 -0.0427588 0)
(-0.000106479 -0.0422463 0)
(-0.00084365 -0.0410193 0)
(0.000358188 -0.0389098 0)
(0.000101291 -0.0395299 0)
(-8.23565e-06 -0.0405687 0)
(-0.000177648 -0.0406102 0)
(-0.000147995 -0.04047 0)
(-0.000160763 -0.0397857 0)
(-0.000429543 -0.0383268 0)
(-0.000553525 -0.0389284 0)
(-0.000478313 -0.0376647 0)
(-0.000336242 -0.0385392 0)
(0.000105515 -0.0382927 0)
(-0.000676186 -0.0372285 0)
(-0.000441334 -0.0372186 0)
(-0.000105545 -0.037338 0)
(0.00191532 -0.0373509 0)
(0.00134868 -0.0392062 0)
(0.00214699 -0.0379521 0)
(0.0026853 -0.0358083 0)
(-0.000506432 -0.0382057 0)
(-0.000273692 -0.0380644 0)
(0.000102337 -0.0364153 0)
(0.000370081 -0.0369734 0)
(-0.0010969 -0.0390286 0)
(-0.000364265 -0.0392014 0)
(-0.0007371 -0.0388335 0)
(-0.000183121 -0.0399036 0)
(-0.000376473 -0.0362332 0)
(-0.000227122 -0.0364968 0)
(-0.000656562 -0.0364888 0)
(-0.000228906 -0.0361278 0)
(-4.0602e-05 -0.0400453 0)
(-0.000227582 -0.0433117 0)
(-0.000398535 -0.0444368 0)
(-0.000175212 -0.0440165 0)
(-0.000773582 -0.0418878 0)
(-0.000415598 -0.041117 0)
(-7.20905e-05 -0.041892 0)
(8.5204e-05 -0.0415919 0)
(6.93282e-05 -0.0421472 0)
(0.00048457 -0.0414307 0)
(-0.000285911 -0.0409548 0)
(-0.00126636 -0.0392236 0)
(-0.000820817 -0.0380476 0)
(-0.000374146 -0.039275 0)
(-0.00135846 -0.0378589 0)
(-0.00083603 -0.039706 0)
(-0.000368825 -0.039987 0)
(0.000248054 -0.0385735 0)
(1.43211e-05 -0.0397348 0)
(0.000394229 -0.0401432 0)
(-0.000513572 -0.0412558 0)
(0.000479807 -0.0405582 0)
(0.00183473 -0.0384876 0)
(0.00370159 -0.038144 0)
(-0.000675637 -0.0413378 0)
(-0.000132201 -0.0413185 0)
(-0.0002498 -0.0397212 0)
(-0.000754539 -0.0393746 0)
(-0.000136009 -0.0417469 0)
(-0.000651054 -0.0410427 0)
(-0.000114539 -0.0398429 0)
(-0.000324481 -0.0400951 0)
(-0.000859595 -0.0427965 0)
(-0.000695941 -0.0427701 0)
(-0.000116591 -0.0424902 0)
(-0.000271476 -0.0402803 0)
(-0.000958043 -0.0409959 0)
(-0.000133262 -0.0416299 0)
(0.000145922 -0.0420768 0)
(-0.000244678 -0.0421022 0)
(0.000398624 -0.0438048 0)
(0.000153298 -0.0420345 0)
(7.28851e-05 -0.0412163 0)
(-0.00041544 -0.0401277 0)
(-0.000486523 -0.0389136 0)
(-0.000465107 -0.0394187 0)
(-0.000994403 -0.0396524 0)
(-0.000696742 -0.0407796 0)
(-3.39973e-05 -0.0374659 0)
(-0.000838489 -0.0374048 0)
(0.000368275 -0.0378955 0)
(-0.00174492 -0.0408343 0)
(-0.00151059 -0.0394922 0)
(-0.000748238 -0.0419455 0)
(-0.00152172 -0.0398969 0)
(0.000235092 -0.038064 0)
(-0.000419029 -0.0411118 0)
(-0.000639236 -0.0392111 0)
(0.000891997 -0.039142 0)
(0.000478354 -0.0382187 0)
(-0.000141573 -0.0397461 0)
(0.000425102 -0.0394868 0)
(1.77665e-05 -0.0366984 0)
(0.000234254 -0.0362801 0)
(0.000143372 -0.0343072 0)
(-0.00038732 -0.0359572 0)
(-0.00017722 -0.0367962 0)
(-0.000461915 -0.0373293 0)
(-0.00097811 -0.0371476 0)
(-0.00017159 -0.0391453 0)
(-0.000623786 -0.0395927 0)
(-0.00111198 -0.0397673 0)
(0.000665777 -0.042358 0)
(0.000455995 -0.0432519 0)
(0.00041412 -0.0431056 0)
(0.000862879 -0.0414359 0)
(-0.000563388 -0.0407157 0)
(-0.00102933 -0.0384262 0)
(0.000428116 -0.039293 0)
(-0.000145143 -0.0411621 0)
(-0.000223051 -0.0416607 0)
(-0.000243608 -0.0407005 0)
(-0.000573993 -0.0393432 0)
(3.64428e-07 -0.0393536 0)
(-0.000337246 -0.0394028 0)
(-0.000793539 -0.0398222 0)
(0.000152574 -0.0410199 0)
(-0.000342683 -0.0398224 0)
(-0.000770224 -0.0405284 0)
(-0.000201708 -0.0425477 0)
(-0.000411807 -0.0362849 0)
(0.00102575 -0.0387051 0)
(0.000581308 -0.0381399 0)
(-0.000115307 -0.0369706 0)
(0.000132254 -0.0368959 0)
(0.000379498 -0.0348105 0)
(-0.000752945 -0.0372969 0)
(-0.000106613 -0.036101 0)
(0.000104372 -0.0374459 0)
(0.000502099 -0.0349869 0)
(0.000992496 -0.0348624 0)
(-0.00122716 -0.0386848 0)
(-7.86367e-05 -0.03882 0)
(-0.000420123 -0.0389652 0)
(0.000613931 -0.0399961 0)
(-0.000494487 -0.0400573 0)
(-0.000832147 -0.038047 0)
(-0.00140651 -0.038684 0)
(-0.000498177 -0.0395567 0)
(-0.000557771 -0.0402826 0)
(-0.000307975 -0.0408772 0)
(2.28948e-05 -0.0410204 0)
(-0.000205032 -0.0419887 0)
(-0.00105363 -0.0404834 0)
(-0.000335594 -0.0429428 0)
(-0.00151206 -0.0410568 0)
(-0.00112836 -0.0410802 0)
(-0.00069133 -0.0412466 0)
(-0.00116007 -0.0394112 0)
(0.0013062 -0.0387243 0)
(0.000581302 -0.0397718 0)
(0.000176358 -0.0412344 0)
(0.000432751 -0.0419871 0)
(-0.00139301 -0.0352244 0)
(-0.000723536 -0.0386879 0)
(-0.000639181 -0.0386754 0)
(-0.000122775 -0.0367506 0)
(0.00025652 -0.0363628 0)
(-0.0001229 -0.0380264 0)
(-0.000677 -0.0392913 0)
(0.00176414 -0.0351905 0)
(0.00104166 -0.0355556 0)
(0.000776927 -0.038133 0)
(0.00217723 -0.0362449 0)
(0.00110729 -0.0357872 0)
(0.00186878 -0.0374949 0)
(-0.000239387 -0.0402408 0)
(-0.000863967 -0.035783 0)
(-0.000163657 -0.0345864 0)
(-6.24373e-05 -0.0333428 0)
(0.000655778 -0.0337841 0)
(-0.000143826 -0.0335449 0)
(-0.000325179 -0.0347635 0)
(-0.000951825 -0.0374589 0)
(0.000427624 -0.0396013 0)
(-0.000490588 -0.0429632 0)
(-0.000711768 -0.0421218 0)
(-7.4443e-05 -0.0426252 0)
(-0.00073876 -0.0414529 0)
(-0.000425204 -0.0408312 0)
(0.00109569 -0.0414545 0)
(0.000829605 -0.0395382 0)
(0.000601042 -0.0414543 0)
(-8.78948e-06 -0.0423055 0)
(0.000200979 -0.0413772 0)
(0.000646401 -0.0423534 0)
(-0.000507541 -0.0413195 0)
(-0.00179055 -0.0400221 0)
(-0.0010466 -0.0397334 0)
(-0.000350244 -0.0379436 0)
(0.000196471 -0.0389671 0)
(-0.000372137 -0.0397869 0)
(0.000451231 -0.040053 0)
(0.000400017 -0.0357822 0)
(0.000911131 -0.0382546 0)
(0.000150773 -0.0379964 0)
(0.000489885 -0.0361505 0)
(0.000774094 -0.0360339 0)
(0.000460556 -0.03276 0)
(-0.000252336 -0.0347262 0)
(-0.000232771 -0.0349202 0)
(-0.000565164 -0.0355084 0)
(-0.00022322 -0.0345529 0)
(-0.000398241 -0.0350507 0)
(-4.6706e-05 -0.0357895 0)
(-0.000195238 -0.0362643 0)
(0.000190631 -0.0380226 0)
(0.000244302 -0.0407223 0)
(-0.000741667 -0.0438826 0)
(-0.00095837 -0.0434443 0)
(-0.00140276 -0.0432652 0)
(-0.00109361 -0.0428933 0)
(-0.000102282 -0.0429051 0)
(0.00110626 -0.0430764 0)
(0.000817924 -0.0428394 0)
(0.00154873 -0.0415143 0)
(0.000164178 -0.0427225 0)
(0.000198602 -0.0425654 0)
(-0.000353415 -0.0427555 0)
(-0.000670244 -0.0420434 0)
(0.000122954 -0.0402718 0)
(0.000670338 -0.040159 0)
(-0.00111145 -0.039388 0)
(-0.000817101 -0.0385091 0)
(0.000202907 -0.0403164 0)
(-5.50112e-05 -0.0386274 0)
(0.000133353 -0.0382974 0)
(-0.000113378 -0.0377209 0)
(-7.64657e-05 -0.037616 0)
(-0.000657086 -0.0365048 0)
(0.00151455 -0.03662 0)
(0.000329026 -0.0376215 0)
(0.000314331 -0.0378782 0)
(-3.41488e-05 -0.0378719 0)
(-2.16046e-05 -0.0384774 0)
(6.43697e-05 -0.0387367 0)
(-0.000248829 -0.0391663 0)
(-0.000138142 -0.0416839 0)
(0.000778442 -0.0415694 0)
(0.00059941 -0.0430734 0)
(-0.000552841 -0.0423285 0)
(-0.00021926 -0.0426303 0)
(-0.000478478 -0.0434264 0)
(0.000704272 -0.0448424 0)
(9.42537e-06 -0.0436887 0)
(0.000717252 -0.0441054 0)
(0.000373347 -0.0428582 0)
(0.000159297 -0.0425131 0)
(8.16703e-05 -0.0421942 0)
(0.000134541 -0.042678 0)
(0.000220083 -0.0415736 0)
(0.000259636 -0.040474 0)
(0.000584521 -0.0393349 0)
(-0.000378262 -0.0376247 0)
(-0.000466771 -0.0395665 0)
(0.000718559 -0.04085 0)
(0.00133011 -0.0406994 0)
(-0.000502982 -0.041557 0)
(0.000473454 -0.0408406 0)
(7.30024e-05 -0.0402607 0)
(0.000645278 -0.0423726 0)
(0.000255001 -0.0401435 0)
(-0.000252397 -0.0405059 0)
(-0.000559457 -0.0399936 0)
(-1.87638e-05 -0.0401077 0)
(-8.18583e-05 -0.0408696 0)
(-0.00017733 -0.0426191 0)
(-0.000285034 -0.0431028 0)
(0.00117375 -0.0422371 0)
(0.00136246 -0.0411477 0)
(0.000107244 -0.0394866 0)
(0.000783791 -0.0392912 0)
(-0.0012213 -0.0412372 0)
(-0.000610377 -0.0400546 0)
(0.000281224 -0.0399188 0)
(0.00101557 -0.0388974 0)
(0.00101657 -0.0404084 0)
(0.00248469 -0.0415147 0)
(0.000953212 -0.0420761 0)
(0.00133751 -0.0417972 0)
(-0.00416017 -0.0381314 0)
(-0.0011196 -0.0400116 0)
(0.000464745 -0.0388773 0)
(-0.00072709 -0.035825 0)
(-0.000455914 -0.0377559 0)
(0.000362287 -0.0428635 0)
(-0.000175745 -0.0443194 0)
(0.00073488 -0.0431839 0)
(0.000735865 -0.0440948 0)
(0.000334351 -0.0456737 0)
(0.000980593 -0.0445701 0)
(0.000550283 -0.0442462 0)
(7.49306e-05 -0.0469933 0)
(0.000146091 -0.0457107 0)
(0.000418583 -0.043102 0)
(0.000516205 -0.043229 0)
(-0.000663985 -0.0438913 0)
(0.000774827 -0.0418954 0)
(1.97132e-05 -0.0395405 0)
(-3.32571e-05 -0.038773 0)
(-6.97249e-06 -0.0373832 0)
(0.00050295 -0.037849 0)
(0.000225991 -0.0371155 0)
(0.000505986 -0.0377271 0)
(-0.000320486 -0.0362061 0)
(-0.000698671 -0.0348901 0)
(-0.000312354 -0.0348872 0)
(0.000366989 -0.0345113 0)
(-0.000388645 -0.0369253 0)
(0.000847138 -0.0344675 0)
(-5.38983e-06 -0.0353635 0)
(-0.0026052 -0.0389203 0)
(-0.00121482 -0.0382165 0)
(-0.00108053 -0.0362031 0)
(0.000398027 -0.0399721 0)
(-0.000966391 -0.0419526 0)
(5.91558e-05 -0.0410201 0)
(9.20476e-05 -0.044104 0)
(0.000738045 -0.0463928 0)
(0.000476655 -0.0457531 0)
(5.65834e-05 -0.0448068 0)
(0.000432719 -0.0454878 0)
(0.000148665 -0.0470869 0)
(0.00088915 -0.0487355 0)
(0.000462765 -0.0477159 0)
(-0.000199633 -0.0445039 0)
(-0.00022806 -0.0435463 0)
(0.000299972 -0.0409473 0)
(0.000345516 -0.040057 0)
(0.000761536 -0.0354309 0)
(-0.000413984 -0.0372725 0)
(-0.000246603 -0.0357864 0)
(0.000427735 -0.0354396 0)
(0.000218469 -0.0349196 0)
(0.000611359 -0.0346303 0)
(0.000687345 -0.035193 0)
(-0.0016448 -0.0355587 0)
(-0.000330584 -0.0352684 0)
(-0.00125917 -0.0358244 0)
(-0.000994011 -0.033557 0)
(-0.000256674 -0.0331095 0)
(0.000619527 -0.033366 0)
(-0.000906794 -0.0403782 0)
(-0.00126984 -0.0413391 0)
(-0.000782286 -0.040399 0)
(-0.00144148 -0.0423031 0)
(-0.00156571 -0.0410606 0)
(-0.000793024 -0.0432501 0)
(-0.000716028 -0.046825 0)
(-0.000304319 -0.0471871 0)
(0.000320137 -0.0483832 0)
(0.000201582 -0.0512024 0)
(0.00283503 -0.0489583 0)
(-0.000536568 -0.0477866 0)
(-0.000892179 -0.0470827 0)
(-0.000786222 -0.0447269 0)
(-0.000610938 -0.0452807 0)
(-0.00121045 -0.0460348 0)
(-0.000193136 -0.0391216 0)
(0.000352897 -0.0367084 0)
(-0.000314058 -0.0385704 0)
(4.74532e-06 -0.035425 0)
(-0.000348219 -0.0347515 0)
(0.000458162 -0.0356507 0)
(0.000468683 -0.0355549 0)
(0.000359663 -0.0352405 0)
(0.000471784 -0.036001 0)
(-0.000749833 -0.0358224 0)
(8.83167e-05 -0.0356935 0)
(-0.000568185 -0.0386158 0)
(0.000122698 -0.0392659 0)
(0.000400648 -0.0387013 0)
(0.000177894 -0.0394941 0)
(5.34448e-06 -0.0445509 0)
(-6.72974e-05 -0.0447056 0)
(-2.84641e-05 -0.0432155 0)
(-3.9059e-05 -0.0431734 0)
(-0.000259501 -0.0430516 0)
(0.000310483 -0.0475471 0)
(0.000817304 -0.0504229 0)
(0.000476074 -0.0460099 0)
(5.07905e-05 -0.0438728 0)
(-0.00011409 -0.0454485 0)
(0.000146396 -0.045574 0)
(0.000862159 -0.0435812 0)
(-0.000516897 -0.0433533 0)
(-0.000750235 -0.0469783 0)
(-0.000298337 -0.0410941 0)
(-0.00104058 -0.0422127 0)
(-0.00160665 -0.0404583 0)
(-0.000616961 -0.0407819 0)
(0.000565806 -0.0369828 0)
(0.000680711 -0.0365879 0)
(0.000318285 -0.0372761 0)
(6.5035e-05 -0.0381658 0)
(0.000315065 -0.0394119 0)
(0.000100064 -0.0419088 0)
(0.000302444 -0.0413651 0)
(-9.99312e-05 -0.0401618 0)
(0.000183389 -0.0397088 0)
(9.95672e-05 -0.0413487 0)
(-0.000384598 -0.0414725 0)
(0.00157171 -0.038783 0)
(0.00220393 -0.0405146 0)
(0.000249282 -0.0414819 0)
(0.000310226 -0.0391186 0)
(-0.000460495 -0.0391474 0)
(0.000560454 -0.0403197 0)
(-0.000430183 -0.0387324 0)
(0.000864061 -0.0392846 0)
(-0.000757441 -0.0412452 0)
(-0.00109708 -0.0429366 0)
(0.000757367 -0.0470886 0)
(0.00062969 -0.0471122 0)
(-0.000229263 -0.0421112 0)
(-0.00062681 -0.0444754 0)
(-0.000186819 -0.045481 0)
(0.000754413 -0.0435951 0)
(0.000680225 -0.0438892 0)
(-0.000341375 -0.0458604 0)
(-0.00130044 -0.0462676 0)
(-0.000359725 -0.0438821 0)
(-0.000133882 -0.0435716 0)
(-0.00209116 -0.0415842 0)
(0.000617789 -0.0418432 0)
(-0.000154524 -0.0429683 0)
(-0.000482662 -0.0411316 0)
(3.26284e-05 -0.041945 0)
(-0.000366614 -0.0443001 0)
(0.000117466 -0.0430658 0)
(0.000961162 -0.0418469 0)
(0.000365212 -0.0428842 0)
(0.000290077 -0.0427627 0)
(0.00011626 -0.042414 0)
(-3.19953e-05 -0.042553 0)
(-0.000569633 -0.0414865 0)
(0.000598951 -0.0400127 0)
(9.1859e-06 -0.039751 0)
(0.00199579 -0.0409931 0)
(0.00102264 -0.0372493 0)
(0.000224492 -0.0434045 0)
(9.06944e-06 -0.0379478 0)
(-6.24442e-05 -0.0450249 0)
(-0.000223224 -0.0414025 0)
(-0.000463593 -0.0419027 0)
(-0.000780929 -0.0407761 0)
(-0.000511045 -0.0412857 0)
(-0.000390643 -0.0410267 0)
(0.000196342 -0.0424224 0)
(5.25186e-05 -0.0415883 0)
(0.000236922 -0.0410095 0)
(0.000408434 -0.041936 0)
(-7.79185e-06 -0.0432957 0)
(-0.000281729 -0.0432887 0)
(0.000200853 -0.0437257 0)
(-0.00126798 -0.0403074 0)
(-0.00112684 -0.0409255 0)
(-0.000794966 -0.0372235 0)
(-0.000748229 -0.0364982 0)
(-0.00178467 -0.0410507 0)
(-0.000690663 -0.0386977 0)
(-0.000440182 -0.0374702 0)
(-0.000276874 -0.0394792 0)
(-2.65934e-06 -0.0389007 0)
(0.000844257 -0.0390631 0)
(2.9269e-05 -0.0411254 0)
(-0.000150354 -0.0416247 0)
(0.000148007 -0.0418654 0)
(0.00037782 -0.0416669 0)
(0.000289401 -0.0407095 0)
(-0.00142364 -0.0414356 0)
(-0.000984558 -0.0407582 0)
(0.00145701 -0.0349225 0)
(-0.000362293 -0.0373193 0)
(-0.000393796 -0.0368471 0)
(-0.000300768 -0.0379015 0)
(0.000294446 -0.035468 0)
(9.88447e-05 -0.0357097 0)
(-0.000235056 -0.0380329 0)
(-0.000226579 -0.0379297 0)
(0.000449402 -0.0392746 0)
(-6.38524e-05 -0.0404084 0)
(-0.00036704 -0.0401345 0)
(5.7427e-05 -0.0411004 0)
(0.000619561 -0.0419245 0)
(-0.00119576 -0.0428261 0)
(-0.0036128 -0.0344162 0)
(-0.00276644 -0.0362185 0)
(0.000445481 -0.0375992 0)
(-5.63984e-05 -0.0370394 0)
(-0.000225055 -0.0375199 0)
(-0.000849526 -0.0351929 0)
(-0.00188517 -0.0347641 0)
(-0.000774577 -0.0375585 0)
(-0.000357701 -0.0370508 0)
(-0.000418236 -0.0351487 0)
(0.0013025 -0.0365542 0)
(-0.000697916 -0.0382188 0)
(1.27389e-05 -0.0384987 0)
(0.000707774 -0.0408976 0)
(-0.000276701 -0.0403328 0)
(0.000147289 -0.0385348 0)
(-0.000524699 -0.038928 0)
(0.00010989 -0.0390868 0)
(-7.03223e-05 -0.0354782 0)
(-0.000712426 -0.0362481 0)
(0.000104883 -0.0372417 0)
(0.000926933 -0.0362516 0)
(0.00162419 -0.0366524 0)
(0.0021016 -0.0372547 0)
(0.000660541 -0.0356525 0)
(0.000837105 -0.0364025 0)
(-0.000617973 -0.0383597 0)
(-7.20643e-05 -0.0370825 0)
(0.00039864 -0.0368489 0)
(4.72949e-05 -0.0366867 0)
(0.00030635 -0.041943 0)
(0.000227879 -0.0383289 0)
(-0.000819753 -0.041875 0)
(-0.00302386 -0.0387721 0)
(-0.00248662 -0.0352399 0)
(-0.000272943 -0.0386588 0)
(-0.000607565 -0.038498 0)
(-0.000499594 -0.039064 0)
(-0.000727034 -0.0391796 0)
(-0.000730713 -0.0374812 0)
(-0.000137632 -0.0363367 0)
(-0.000479968 -0.0371697 0)
(-1.63069e-05 -0.0360988 0)
(0.000222038 -0.0367111 0)
(0.00120836 -0.0390218 0)
(0.000235207 -0.0364503 0)
(-0.000854143 -0.0384541 0)
(0.000945019 -0.0383465 0)
(-0.001361 -0.0369003 0)
(-0.000473861 -0.037371 0)
(-0.000849885 -0.0390148 0)
(2.21097e-05 -0.0370652 0)
(-0.000273725 -0.0369228 0)
(-0.000161304 -0.0340122 0)
(-0.00117807 -0.0349775 0)
(-0.000253105 -0.0362724 0)
(0.00284518 -0.0379753 0)
(0.00157076 -0.0396279 0)
(0.00287246 -0.036256 0)
(0.000198601 -0.0388819 0)
(0.00127626 -0.0379924 0)
(0.000486721 -0.0369569 0)
(-0.002698 -0.0368736 0)
(-0.000585996 -0.0363107 0)
(0.000135379 -0.0365057 0)
(-0.000987282 -0.0364048 0)
(-0.00183813 -0.0337741 0)
(-0.000984485 -0.0372742 0)
(-0.000377316 -0.0374208 0)
(-0.00155163 -0.036042 0)
(-0.000944489 -0.0367363 0)
(0.00020786 -0.0377301 0)
(0.000449536 -0.0390388 0)
(-0.000275598 -0.0394525 0)
(4.83659e-05 -0.0390887 0)
(0.000513381 -0.0392623 0)
(0.000464719 -0.0398085 0)
(0.00214671 -0.0406218 0)
(-0.000232059 -0.0373409 0)
(0.00132439 -0.0394335 0)
(0.000224745 -0.0384424 0)
(0.0010685 -0.0389306 0)
(-0.00148595 -0.0362992 0)
(0.000282661 -0.0379254 0)
(0.00054174 -0.0391665 0)
(-0.00192034 -0.0392933 0)
(-0.000467398 -0.0412437 0)
(0.00118503 -0.0395867 0)
(9.71973e-05 -0.0389632 0)
(0.000579272 -0.0382693 0)
(0.00104117 -0.039919 0)
(0.00188821 -0.037903 0)
(0.00298234 -0.0381767 0)
(0.00263802 -0.0358989 0)
(0.00101853 -0.0378208 0)
(0.000466098 -0.0381169 0)
(0.000195562 -0.0377199 0)
(6.13893e-05 -0.0359733 0)
(-0.000345471 -0.0356981 0)
(-0.00193238 -0.0341053 0)
(-0.000187066 -0.0376686 0)
(0.000236811 -0.0380788 0)
(0.00142354 -0.036242 0)
(0.000305408 -0.0377719 0)
(-0.000779978 -0.0368315 0)
(-0.000328633 -0.0399213 0)
(-0.00111174 -0.0409034 0)
(-0.00104834 -0.0387252 0)
(-6.74074e-05 -0.0383848 0)
(0.000256442 -0.0394506 0)
(0.000363106 -0.0402125 0)
(-4.72734e-05 -0.039626 0)
(0.000133007 -0.0409143 0)
(0.000417235 -0.0410897 0)
(0.000494056 -0.0410341 0)
(-1.77687e-05 -0.0418068 0)
(-0.00120584 -0.0383269 0)
(-0.000525072 -0.0364727 0)
(-0.000336221 -0.0385398 0)
(-0.0012064 -0.0391346 0)
(-9.66775e-05 -0.0421854 0)
(-0.00106602 -0.0394959 0)
(-0.000433435 -0.04122 0)
(-0.000609274 -0.0424877 0)
(0.00103785 -0.0385662 0)
(0.00284357 -0.037609 0)
(0.00324144 -0.0373615 0)
(0.00262828 -0.0384811 0)
(0.000152007 -0.0366521 0)
(0.0007386 -0.0366723 0)
(0.000719681 -0.0380618 0)
(0.000100151 -0.0373276 0)
(-0.000211168 -0.0371809 0)
(-0.000290421 -0.0366101 0)
(-0.000974782 -0.0377201 0)
(-0.000306063 -0.0384622 0)
(0.000355157 -0.038261 0)
(0.000561122 -0.0386091 0)
(-0.000430405 -0.0389657 0)
(-0.000854715 -0.0391873 0)
(-0.00188436 -0.0397009 0)
(0.000773482 -0.0419203 0)
(-0.000928972 -0.0404408 0)
(-0.00114274 -0.040028 0)
(-0.000975703 -0.0401038 0)
(-0.000256496 -0.0409304 0)
(0.000456081 -0.0432671 0)
(0.000525027 -0.0450395 0)
(0.000677702 -0.0453729 0)
(0.000220028 -0.0451787 0)
(-0.000362563 -0.0449599 0)
(0.000226616 -0.043368 0)
(-3.59606e-05 -0.0423482 0)
(-0.000662277 -0.0431531 0)
(0.000191232 -0.0383419 0)
(-0.000983314 -0.0414975 0)
(0.00111444 -0.0415654 0)
(-4.67186e-05 -0.0411446 0)
(-6.03132e-05 -0.0424704 0)
(0.00209856 -0.0347166 0)
(0.00196276 -0.0382529 0)
(0.00144988 -0.03294 0)
(0.000323403 -0.0341593 0)
(0.000160982 -0.0335508 0)
(0.000670208 -0.0352202 0)
(-0.00119033 -0.0354958 0)
(-0.000157716 -0.0346043 0)
(0.00101677 -0.0350108 0)
(0.000154755 -0.0353458 0)
(0.000334933 -0.0351871 0)
(-7.58449e-05 -0.0350972 0)
(7.02604e-05 -0.0360277 0)
(0.000251214 -0.0388171 0)
(0.000820446 -0.0356252 0)
(0.00103751 -0.0350069 0)
(-0.00136393 -0.0386571 0)
(0.000538619 -0.0389041 0)
(-0.000579545 -0.0425282 0)
(-0.000381896 -0.0434545 0)
(0.000350856 -0.0417275 0)
(0.000548065 -0.0437576 0)
(0.000185073 -0.0455264 0)
(5.08969e-05 -0.0450618 0)
(6.3763e-05 -0.0443141 0)
(-4.86736e-05 -0.0442059 0)
(7.74829e-05 -0.0432187 0)
(4.94985e-05 -0.0420432 0)
(-0.000109292 -0.0416625 0)
(-0.000149213 -0.0418753 0)
(0.000654042 -0.0384165 0)
(4.24896e-05 -0.0400347 0)
(4.49442e-05 -0.0389077 0)
(0.000151779 -0.0393431 0)
(-0.000687059 -0.039458 0)
(0.00023056 -0.0364753 0)
(0.000219844 -0.0326906 0)
(0.00101426 -0.0330144 0)
(0.000104739 -0.0349297 0)
(0.00029759 -0.0347972 0)
(0.000647683 -0.0323601 0)
(0.000937443 -0.0313899 0)
(0.000254696 -0.0330295 0)
(-8.89672e-05 -0.0339321 0)
(-0.000262156 -0.0339116 0)
(-0.00022718 -0.0351535 0)
(-0.000192933 -0.0348998 0)
(-6.30867e-05 -0.0323377 0)
(0.00100482 -0.0356763 0)
(0.00106116 -0.03547 0)
(0.00179634 -0.0335775 0)
(0.00156543 -0.0337992 0)
(-0.000233077 -0.0316868 0)
(-0.000196718 -0.0363144 0)
(-0.000465051 -0.0358208 0)
(0.0005658 -0.0381937 0)
(0.000326403 -0.0385212 0)
(-7.85344e-05 -0.0383032 0)
(9.04786e-05 -0.0409311 0)
(0.000429037 -0.0417894 0)
(0.000372312 -0.0423102 0)
(-0.000281024 -0.0406021 0)
(-0.00104706 -0.0398878 0)
(-0.000682906 -0.0388358 0)
(-0.000311728 -0.0398339 0)
(-0.000729259 -0.0413272 0)
(-2.00582e-05 -0.0390598 0)
(0.000240727 -0.0375606 0)
(0.000930117 -0.0381441 0)
(0.000165026 -0.0402404 0)
(-0.000312931 -0.0394367 0)
(-0.000613939 -0.0365259 0)
(-0.000139064 -0.0322892 0)
(-0.000659511 -0.0409181 0)
(-0.000107795 -0.0402525 0)
(0.000956882 -0.0384658 0)
(0.00123905 -0.0387753 0)
(-0.000399566 -0.0385122 0)
(-0.000453731 -0.0423354 0)
(-0.000344574 -0.0396317 0)
(0.00052282 -0.0387529 0)
(0.000370313 -0.0397445 0)
(0.000744016 -0.0411547 0)
(0.000273682 -0.0406648 0)
(-0.000664831 -0.0400215 0)
(0.000818219 -0.0369339 0)
(0.000975891 -0.0409496 0)
(0.00150197 -0.0360141 0)
(0.00268342 -0.0368934 0)
(0.00197385 -0.036404 0)
(0.000932865 -0.0371418 0)
(0.000923743 -0.0390499 0)
(0.000309813 -0.0407225 0)
(-0.00194205 -0.0354571 0)
(-0.00154943 -0.0358566 0)
(-0.000813797 -0.040401 0)
(-0.000347783 -0.0416818 0)
(-0.000502209 -0.0416699 0)
(-0.00146178 -0.0410746 0)
(-0.000588775 -0.0389728 0)
(3.37947e-05 -0.040227 0)
(0.000225707 -0.0391154 0)
(0.00101261 -0.0381298 0)
(-0.000801497 -0.0391219 0)
(5.08115e-05 -0.0412138 0)
(-7.9994e-05 -0.040451 0)
(-0.0003721 -0.0400102 0)
(-0.000536695 -0.0428765 0)
(0.000452706 -0.0430079 0)
(0.000572856 -0.0428558 0)
(-0.000757172 -0.0435981 0)
(-0.00130609 -0.0436193 0)
(-0.00107001 -0.0431305 0)
(0.00010768 -0.0443052 0)
(0.000308948 -0.0447847 0)
(0.000513683 -0.0441912 0)
(0.00113567 -0.0447673 0)
(-0.000279499 -0.0447215 0)
(0.000894867 -0.0443807 0)
(-7.56483e-05 -0.0437928 0)
(0.00284678 -0.0404142 0)
(0.00137406 -0.0391814 0)
(0.00189678 -0.0379919 0)
(0.000750831 -0.0408692 0)
(-0.000628469 -0.0419098 0)
(-0.000149996 -0.0406875 0)
(0.000161982 -0.0353614 0)
(0.000603687 -0.0416094 0)
(-0.000699274 -0.042169 0)
(-0.000846137 -0.0399473 0)
(-0.000797126 -0.0401079 0)
(-0.000705811 -0.0403353 0)
(-0.00124678 -0.0395519 0)
(-0.00141624 -0.04066 0)
(-0.00051449 -0.0406785 0)
(5.12553e-05 -0.0406944 0)
(0.00016931 -0.0423471 0)
(-0.000672255 -0.0427147 0)
(0.000655993 -0.040081 0)
(0.000445474 -0.0417304 0)
(-0.000927644 -0.0445801 0)
(-0.00101038 -0.0454863 0)
(-0.000566438 -0.0437551 0)
(0.000267782 -0.0430412 0)
(-0.000478183 -0.0429068 0)
(-0.000107369 -0.0426712 0)
(0.00160412 -0.0448038 0)
(-0.000294013 -0.0447658 0)
(-0.000487558 -0.0430708 0)
(-0.00136677 -0.045728 0)
(0.000965556 -0.045538 0)
(1.27008e-05 -0.0446976 0)
(0.00266356 -0.0423259 0)
(0.000424371 -0.0458564 0)
(0.000196639 -0.0446044 0)
(0.000358391 -0.0436826 0)
(0.000122553 -0.0407888 0)
(-0.000126291 -0.040618 0)
(-0.000287671 -0.0421123 0)
(-0.000295071 -0.0426992 0)
(-0.000501409 -0.040826 0)
(-0.000350546 -0.0395713 0)
(0.000227805 -0.0410444 0)
(0.00014541 -0.0428565 0)
(-0.0011706 -0.0423702 0)
(0.000261751 -0.0422133 0)
(0.00118931 -0.0421909 0)
(-0.000135006 -0.0440194 0)
(-0.000350336 -0.0448983 0)
(-0.000378907 -0.0450231 0)
(3.80566e-05 -0.044302 0)
(4.77441e-05 -0.0438356 0)
(-0.000150136 -0.0458418 0)
(-0.000318892 -0.0449143 0)
(-0.000403898 -0.044491 0)
(-0.000483239 -0.0438816 0)
(-0.000938846 -0.0413197 0)
(-0.000722309 -0.0447785 0)
(-0.000506614 -0.0458687 0)
(-1.31393e-06 -0.0439825 0)
(0.0013906 -0.0415416 0)
(-0.00046637 -0.0430882 0)
(2.07718e-05 -0.0460588 0)
(-0.00174127 -0.0489542 0)
(-0.000629887 -0.0499539 0)
(-1.66402e-05 -0.0465247 0)
(0.000992508 -0.0412522 0)
(0.00080499 -0.0401675 0)
(0.00169724 -0.0393185 0)
(0.000500919 -0.0404838 0)
(-0.000895346 -0.0429375 0)
(-0.00071989 -0.0420432 0)
(-0.000388029 -0.0409986 0)
(0.000487873 -0.042819 0)
(0.000526867 -0.0442487 0)
(-0.000618545 -0.0432274 0)
(0.00107773 -0.0423424 0)
(6.6378e-05 -0.0433636 0)
(-0.000144332 -0.0445334 0)
(-0.000342811 -0.0449096 0)
(-0.000208268 -0.0439887 0)
(-2.12965e-06 -0.0440292 0)
(0.000259617 -0.0439546 0)
(-4.72641e-05 -0.0435 0)
(0.000342321 -0.0431816 0)
(0.00049012 -0.0428609 0)
(-0.000415275 -0.0432004 0)
(0.000392663 -0.0406501 0)
(1.05674e-05 -0.0416105 0)
(0.000736904 -0.0414901 0)
(-0.000111458 -0.0451847 0)
(-0.000206312 -0.0449804 0)
(-0.000120662 -0.0451113 0)
(-0.000308423 -0.0387702 0)
(-3.82696e-05 -0.0375241 0)
(-0.000774767 -0.0392552 0)
(0.000849766 -0.0404497 0)
(0.000559268 -0.0413977 0)
(0.000591238 -0.0384003 0)
(0.00113513 -0.0401586 0)
(-2.85381e-05 -0.0406168 0)
(0.000130979 -0.0381808 0)
(-0.000579933 -0.0383893 0)
(-0.000670534 -0.0410113 0)
(0.000412263 -0.0413283 0)
(0.000428738 -0.0428352 0)
(-0.000445991 -0.0418687 0)
(-0.000290171 -0.0427625 0)
(0.000127561 -0.04151 0)
(0.000479971 -0.0436355 0)
(-0.000339714 -0.0440038 0)
(-0.000732505 -0.0446373 0)
(-0.000434808 -0.0451204 0)
(-0.000250014 -0.0447773 0)
(0.000235749 -0.0445498 0)
(-0.000254204 -0.0439164 0)
(0.000747842 -0.0394985 0)
(0.000912795 -0.038036 0)
(-0.00142479 -0.0401853 0)
(-0.00130809 -0.0405636 0)
(-0.000181417 -0.0405928 0)
(0.000910823 -0.0380412 0)
(0.000149241 -0.0402572 0)
(-0.000730098 -0.0415911 0)
(0.000201017 -0.0428203 0)
(0.000463244 -0.043452 0)
(-0.000642824 -0.0394441 0)
(-0.000323353 -0.0384538 0)
(-8.96301e-05 -0.0403047 0)
(0.000105272 -0.0393598 0)
(-0.000275878 -0.03984 0)
(0.000704256 -0.0397136 0)
(0.000202184 -0.04028 0)
(0.000154614 -0.0373863 0)
(-0.000558713 -0.0372597 0)
(-0.000234073 -0.0381026 0)
(-0.000526122 -0.040681 0)
(0.000216581 -0.0409775 0)
(-0.000320824 -0.0386839 0)
(-0.000985397 -0.0371177 0)
(-0.000550026 -0.0396773 0)
(-0.000422029 -0.0410993 0)
(-0.000356658 -0.0410535 0)
(-0.000989737 -0.0432696 0)
(-0.00105133 -0.041756 0)
(-0.000365124 -0.0414253 0)
(0.000319931 -0.0426347 0)
(-2.50593e-05 -0.0441739 0)
(0.000167864 -0.044837 0)
(-0.00110321 -0.0450244 0)
(-9.04769e-05 -0.0379654 0)
(0.000304014 -0.0354227 0)
(0.000671376 -0.0351757 0)
(-0.00120493 -0.0367923 0)
(-0.000744618 -0.0390345 0)
(-0.000372526 -0.0408833 0)
(0.00101564 -0.0371179 0)
(0.00131757 -0.0361206 0)
(-0.000150973 -0.0339271 0)
(0.000115278 -0.040991 0)
(6.87524e-06 -0.0404904 0)
(-0.000129317 -0.0381039 0)
(-0.000171686 -0.0363296 0)
(0.000276852 -0.0375292 0)
(0.00017171 -0.0380046 0)
(0.000487384 -0.0384974 0)
(0.000618916 -0.037318 0)
(0.000607396 -0.0364814 0)
(-0.000158464 -0.0385148 0)
(0.000560924 -0.0400028 0)
(-5.2067e-06 -0.0371645 0)
(-0.000937208 -0.0388216 0)
(0.000247001 -0.0350718 0)
(-0.000871599 -0.0362695 0)
(3.00529e-05 -0.038034 0)
(6.55587e-05 -0.0397571 0)
(0.000768451 -0.0387647 0)
(-0.000260996 -0.0392966 0)
(-0.000251038 -0.0378758 0)
(8.99796e-05 -0.0378067 0)
(8.1138e-05 -0.0386257 0)
(-0.000252574 -0.0410193 0)
(-0.000582209 -0.0422725 0)
(-0.00168511 -0.0415299 0)
(-0.00604787 -0.0418641 0)
(-0.00404946 -0.0435677 0)
(-6.07612e-05 -0.0370352 0)
(-0.000561628 -0.0330173 0)
(0.000376301 -0.0349085 0)
(0.000693419 -0.0356877 0)
(0.000398908 -0.0362504 0)
(0.000279532 -0.0376879 0)
(0.000198103 -0.0400406 0)
(0.000227594 -0.0344178 0)
(-0.000198904 -0.0333158 0)
(-0.000324486 -0.0353551 0)
(0.000201127 -0.0354521 0)
(0.000717495 -0.0371905 0)
(0.00133996 -0.0358906 0)
(0.00152341 -0.0360956 0)
(0.000580781 -0.0370205 0)
(0.000595249 -0.0331006 0)
(9.20385e-06 -0.0325001 0)
(0.000155009 -0.0322673 0)
(-6.19292e-05 -0.0324077 0)
(-4.51631e-05 -0.0335003 0)
(-0.00202454 -0.0333005 0)
(2.85172e-05 -0.0356998 0)
(0.000218707 -0.0370468 0)
(0.000841794 -0.0367206 0)
(0.000890665 -0.0371764 0)
(0.00133545 -0.0384053 0)
(0.000351915 -0.0366865 0)
(0.000208893 -0.0352897 0)
(-0.000313945 -0.0375526 0)
(-0.000813846 -0.0366968 0)
(-0.00162666 -0.0367481 0)
(-0.00199658 -0.0381366 0)
(-0.000662648 -0.0374279 0)
(-0.00268054 -0.0393208 0)
(-0.00250323 -0.0401492 0)
(-0.00150666 -0.0409757 0)
(-0.000686596 -0.0341773 0)
(-0.000174807 -0.0345532 0)
(0.000414834 -0.0347296 0)
(0.000158568 -0.036333 0)
(-5.99252e-05 -0.0348242 0)
(-0.000569418 -0.0348224 0)
(-0.000748056 -0.0337354 0)
(5.29172e-06 -0.0341809 0)
(0.00016688 -0.0356703 0)
(0.000382862 -0.0343554 0)
(4.99921e-06 -0.0327375 0)
(-0.000822643 -0.031431 0)
(-2.00259e-05 -0.032483 0)
(0.000479138 -0.0329922 0)
(-0.000332712 -0.0337673 0)
(0.00153165 -0.030608 0)
(0.000633805 -0.0302426 0)
(0.00203549 -0.0305895 0)
(0.000987547 -0.0310474 0)
(-0.000478754 -0.0336503 0)
(-8.34696e-05 -0.0318966 0)
(0.000674652 -0.0313326 0)
(-0.000536956 -0.0361738 0)
(-0.000387662 -0.0350243 0)
(0.000794857 -0.0360117 0)
(-0.000100063 -0.0351434 0)
(-0.000271656 -0.0348866 0)
(5.84662e-05 -0.0343993 0)
(-0.000412701 -0.0347365 0)
(-0.000903212 -0.0362119 0)
(-0.00063823 -0.0359956 0)
(-0.00152711 -0.0346726 0)
(-0.000638615 -0.0361833 0)
(-0.00116948 -0.0392046 0)
(-0.00174202 -0.0391371 0)
(-0.00231151 -0.03905 0)
(0.000226881 -0.0365186 0)
(0.000258579 -0.034441 0)
(0.000673942 -0.034219 0)
(0.000165942 -0.0347181 0)
(0.000405748 -0.0345337 0)
(0.000406529 -0.0329312 0)
(7.34777e-05 -0.0336553 0)
(-0.000113626 -0.0342371 0)
(-4.54583e-05 -0.0386243 0)
(0.000180024 -0.0383341 0)
(0.000299771 -0.0374513 0)
(0.000370172 -0.0377504 0)
(0.000662334 -0.0372641 0)
(-0.000913213 -0.0379757 0)
(-0.000939746 -0.0374594 0)
(0.00065193 -0.0329609 0)
(-0.000406502 -0.0357273 0)
(-0.000498548 -0.0344546 0)
(-0.00119829 -0.0328651 0)
(-0.000693083 -0.0353783 0)
(-0.000597481 -0.0341316 0)
(-0.000142431 -0.0346154 0)
(0.000880881 -0.0339266 0)
(-0.000283581 -0.0351087 0)
(0.00033341 -0.0351592 0)
(0.000305985 -0.0348202 0)
(0.000336945 -0.0348406 0)
(0.000105236 -0.0348252 0)
(0.000100686 -0.0347063 0)
(-0.000394 -0.0354831 0)
(-0.000641489 -0.036374 0)
(-0.000751626 -0.0371912 0)
(-0.000812105 -0.0384321 0)
(-0.00123194 -0.0372377 0)
(-0.0014574 -0.0374629 0)
(-0.00099835 -0.0360773 0)
(-0.000641344 -0.0374201 0)
(0.000659161 -0.0400399 0)
(-0.000981012 -0.0402692 0)
(-0.000151756 -0.0404792 0)
(-0.000200607 -0.0410917 0)
(0.000397534 -0.0407248 0)
(0.00061599 -0.0399339 0)
(-0.000800069 -0.0384199 0)
(3.39307e-05 -0.0393528 0)
(0.0010596 -0.0392213 0)
(0.000849134 -0.0382075 0)
(-0.000245525 -0.0373278 0)
(0.000382245 -0.0399759 0)
(-5.23411e-05 -0.0383221 0)
(-0.000414611 -0.0401232 0)
(-0.000189893 -0.0393578 0)
(-0.00328639 -0.0354555 0)
(-0.000388776 -0.0366651 0)
(8.11059e-05 -0.0392332 0)
(-3.96064e-05 -0.0338212 0)
(0.000206292 -0.0346001 0)
(-7.35896e-05 -0.0340363 0)
(0.000933542 -0.0348877 0)
(-0.000607858 -0.0343801 0)
(0.000650773 -0.0367032 0)
(-5.64827e-06 -0.0360342 0)
(0.00065854 -0.0354153 0)
(0.000925819 -0.0357319 0)
(-0.000511916 -0.0374969 0)
(-0.000656099 -0.038911 0)
(-0.000119576 -0.0394875 0)
(-0.000490505 -0.0398795 0)
(-5.65931e-05 -0.0403764 0)
(0.00052755 -0.0401111 0)
(0.000271636 -0.0368306 0)
(0.000362119 -0.0377504 0)
(1.51642e-05 -0.0360776 0)
(0.000308759 -0.035537 0)
(6.53523e-05 -0.035825 0)
(-0.000196521 -0.0366008 0)
(-7.84239e-05 -0.0351886 0)
(0.000102146 -0.0337557 0)
(-0.00032841 -0.0351288 0)
(0.000147027 -0.0376185 0)
(0.000634583 -0.0391909 0)
(-6.64139e-05 -0.0387578 0)
(0.000206843 -0.0369229 0)
(-0.000198372 -0.038158 0)
(8.25463e-05 -0.039077 0)
(-0.000117271 -0.0396217 0)
(0.000471522 -0.0411478 0)
(0.000761798 -0.038831 0)
(0.000817826 -0.0403348 0)
(0.000864043 -0.0379736 0)
(0.000631713 -0.0368543 0)
(0.00058058 -0.0364445 0)
(0.000169101 -0.0373892 0)
(0.000154152 -0.0380603 0)
(0.000811128 -0.0378377 0)
(-0.000146661 -0.0380673 0)
(-0.000727424 -0.0383779 0)
(-0.000291425 -0.0374801 0)
(0.000143591 -0.0366389 0)
(-5.95723e-05 -0.0379861 0)
(-0.000728203 -0.0403525 0)
(0.000162989 -0.0406397 0)
(-1.83532e-05 -0.0398468 0)
(-0.00265176 -0.0399987 0)
(0.0011118 -0.0328112 0)
(-0.000415215 -0.0312292 0)
(-0.000334361 -0.0329661 0)
(0.000581618 -0.0335015 0)
(0.000220981 -0.031007 0)
(-6.26928e-05 -0.0309237 0)
(-3.27801e-05 -0.0310249 0)
(-0.000278129 -0.0310559 0)
(-0.000303971 -0.032321 0)
(-9.71183e-05 -0.0328525 0)
(0.000710105 -0.0335542 0)
(0.00111229 -0.0282591 0)
(-0.000300327 -0.0341274 0)
(1.4573e-05 -0.0339422 0)
(8.27324e-05 -0.034181 0)
(0.000192901 -0.0348319 0)
(2.40397e-05 -0.0338062 0)
(0.000423754 -0.0334836 0)
(0.000325687 -0.0397942 0)
(0.000708134 -0.0395034 0)
(0.000475004 -0.0372144 0)
(-0.000317075 -0.0341192 0)
(-0.000360661 -0.0364194 0)
(-0.000696207 -0.0338372 0)
(-0.000255807 -0.0364 0)
(-0.000517221 -0.0354821 0)
(-0.000522631 -0.0358987 0)
(-0.000263608 -0.0365051 0)
(-0.000163165 -0.0348599 0)
(-0.000333845 -0.0336549 0)
(-0.000318815 -0.0352903 0)
(-0.000928362 -0.0360064 0)
(-0.000329212 -0.0373186 0)
(-0.00136057 -0.0403916 0)
(-0.0017752 -0.039838 0)
(-0.00295239 -0.0401742 0)
(-0.00123471 -0.0289765 0)
(0.000252943 -0.025588 0)
(-0.000435072 -0.0246492 0)
(0.00132575 -0.0326367 0)
(-0.000889225 -0.0279917 0)
(-0.000336543 -0.0279347 0)
(0.00148289 -0.0327665 0)
(-0.00202115 -0.0286511 0)
(-0.000260158 -0.0287418 0)
(-0.00101061 -0.0284016 0)
(-0.000947885 -0.0292854 0)
(-3.79842e-05 -0.0290694 0)
(0.00102103 -0.023862 0)
(0.00016442 -0.0280355 0)
(7.24714e-06 -0.0286649 0)
(-1.67342e-05 -0.0276211 0)
(-0.000960375 -0.0292489 0)
(-0.000146071 -0.0256123 0)
(-0.000733473 -0.0264292 0)
(-0.000155393 -0.0279761 0)
(-0.000237986 -0.0240584 0)
(-0.000182171 -0.0234234 0)
(-7.26815e-05 -0.028398 0)
(-0.000126887 -0.0281524 0)
(0.000454519 -0.0305787 0)
(-0.000886279 -0.0307858 0)
(-0.00111004 -0.0319773 0)
(-2.74596e-05 -0.0266389 0)
(-0.000582499 -0.0284064 0)
(0.00020319 -0.0295882 0)
(-4.12539e-05 -0.0306863 0)
(-0.00120612 -0.0325153 0)
(-0.000990727 -0.0316501 0)
(-0.000570302 -0.031767 0)
(-0.000445214 -0.0322667 0)
(-0.000460517 -0.0342287 0)
(-0.00220378 -0.0339475 0)
(-0.00303661 -0.0341265 0)
(-0.00320544 -0.0330754 0)
(0.000294508 -0.0391834 0)
(7.61275e-05 -0.02416 0)
(0.000373765 -0.0205154 0)
(0.000671371 -0.0196661 0)
(-0.000969116 -0.0308911 0)
(-0.000785974 -0.0249426 0)
(-0.000545625 -0.0210427 0)
(-8.16286e-05 -0.0239161 0)
(-0.000409435 -0.0255905 0)
(-0.000531088 -0.021015 0)
(0.000191107 -0.0292615 0)
(-0.00115528 -0.0306925 0)
(-0.0017927 -0.0256394 0)
(-0.00233827 -0.0242273 0)
(-0.00110103 -0.0280181 0)
(-0.00026953 -0.0267568 0)
(0.000531987 -0.0240833 0)
(-0.00122247 -0.021918 0)
(-0.000595071 -0.0222872 0)
(-0.000371907 -0.0232591 0)
(0.000752239 -0.0227958 0)
(-0.000476233 -0.0236034 0)
(-0.00043827 -0.0258341 0)
(-0.000677497 -0.0264183 0)
(0.000320419 -0.0236412 0)
(0.000168237 -0.0226949 0)
(0.000840138 -0.0202709 0)
(-0.00147004 -0.0223329 0)
(-0.000139859 -0.0242195 0)
(-0.000487157 -0.0274896 0)
(-0.000818209 -0.0244461 0)
(-0.000282663 -0.0259822 0)
(-0.000923999 -0.0281029 0)
(-0.000688223 -0.0258765 0)
(-0.000962061 -0.0290558 0)
(-0.000669622 -0.0292575 0)
(-0.000761207 -0.0293513 0)
(-0.00113665 -0.027488 0)
(-0.00155256 -0.0316374 0)
(-0.000632054 -0.030968 0)
(-0.00194599 -0.0339207 0)
(-0.0025564 -0.0336798 0)
(-0.00130688 -0.0313738 0)
(-0.00154093 -0.0309742 0)
(-0.0025274 -0.032969 0)
(-0.00300569 -0.0333101 0)
(-0.0020297 -0.033316 0)
(-0.00319124 -0.0306172 0)
(0.000586741 -0.0276802 0)
(0.000205972 -0.0318131 0)
(-5.05425e-05 -0.0310823 0)
(5.30436e-05 -0.0306907 0)
(-2.16579e-05 -0.0268636 0)
(0.000560561 -0.0237797 0)
(-0.000370228 -0.0244901 0)
(-0.000112928 -0.0238097 0)
(0.000701053 -0.026165 0)
(-6.84162e-05 -0.0270845 0)
(0.000326372 -0.0260047 0)
(0.000141788 -0.0250815 0)
(-0.000416637 -0.0244659 0)
(-0.00265766 -0.0200623 0)
(0.000262448 -0.0271461 0)
(-0.000720111 -0.0269752 0)
(-0.00066438 -0.0234419 0)
(-0.00122741 -0.024709 0)
(-0.000569724 -0.0236067 0)
(9.58378e-07 -0.0237689 0)
(-0.000537881 -0.0240602 0)
(-0.00116187 -0.020074 0)
(-0.000443519 -0.0263071 0)
(8.50498e-05 -0.0282697 0)
(-0.000300807 -0.0291317 0)
(-0.00110716 -0.0244744 0)
(0.000494443 -0.0250495 0)
(-0.00053638 -0.0271768 0)
(0.00060743 -0.0308386 0)
(0.000586555 -0.0308494 0)
(0.000286025 -0.0307538 0)
(-0.00027679 -0.028908 0)
(-0.000327083 -0.0293323 0)
(-0.000697707 -0.0296807 0)
(-0.000830295 -0.0279978 0)
(-0.0005079 -0.0307624 0)
(-0.000159536 -0.0306463 0)
(0.000166942 -0.0332802 0)
(0.000103972 -0.0327908 0)
(-0.000129356 -0.0358659 0)
(-0.000509479 -0.0347905 0)
(-0.00195989 -0.0329676 0)
(0.000461444 -0.0327681 0)
(-0.000166895 -0.0334163 0)
(-0.0010611 -0.0344847 0)
(-9.95702e-05 -0.0335588 0)
)


// ************************************************************************* //
